#!ascii label  , from subject 3125 vox2ras=TkReg
1343
51946  -9.598  -33.037  51.562 0.0000000000
66247  -29.540  -21.221  42.776 0.0000000000
74126  -30.261  -15.435  36.333 0.0000000000
59075  -25.694  -27.940  45.784 0.0000000000
86640  -37.187  -6.875  28.829 0.0000000000
74286  -34.528  -16.705  27.515 0.0000000000
67467  -32.957  -20.239  47.737 0.0000000000
67461  -26.932  -21.548  46.642 0.0000000000
89233  -44.787  -4.136  29.671 0.0000000000
90503  -47.714  -3.686  25.212 0.0000000000
91743  -50.086  -1.910  21.781 0.0000000000
76895  -36.182  -13.189  37.876 0.0000000000
75589  -31.619  -14.222  31.256 0.0000000000
74162  -36.908  -15.147  32.570 0.0000000000
77075  -40.070  -14.480  30.799 0.0000000000
60156  -20.437  -27.465  46.078 0.0000000000
49525  -7.140  -34.757  53.218 0.0000000000
70159  -31.488  -18.599  40.439 0.0000000000
75433  -35.678  -14.502  42.373 0.0000000000
56850  -22.526  -29.273  42.482 0.0000000000
58019  -24.520  -28.094  41.307 0.0000000000
92895  -49.028  -1.130  18.079 0.0000000000
98596  -49.306  3.744  23.255 0.0000000000
77069  -35.415  -13.900  28.156 0.0000000000
84286  -40.516  -8.212  32.030 0.0000000000
53300  -12.328  -32.641  49.640 0.0000000000
45997  -5.341  -38.863  48.311 0.0000000000
89259  -46.533  -3.821  27.270 0.0000000000
78252  -36.705  -13.160  35.156 0.0000000000
60188  -17.881  -27.641  44.744 0.0000000000
49528  -8.850  -34.400  52.565 0.0000000000
67596  -28.959  -20.305  38.993 0.0000000000
67564  -30.954  -19.935  41.359 0.0000000000
56831  -24.433  -29.117  43.497 0.0000000000
56870  -23.624  -29.920  41.487 0.0000000000
59092  -25.378  -27.603  44.053 0.0000000000
66193  -29.334  -21.739  45.272 0.0000000000
66206  -25.013  -22.051  43.977 0.0000000000
66244  -26.535  -20.469  42.767 0.0000000000
55696  -25.524  -29.212  46.950 0.0000000000
57954  -23.278  -29.100  45.326 0.0000000000
89304  -43.435  -3.410  22.466 0.0000000000
91761  -46.482  -2.175  19.069 0.0000000000
96221  -50.779  1.137  21.635 0.0000000000
77058  -32.646  -14.700  29.546 0.0000000000
75697  -36.069  -15.986  27.129 0.0000000000
81985  -40.184  -11.431  31.267 0.0000000000
58989  -15.420  -28.016  49.432 0.0000000000
57856  -14.231  -28.947  50.903 0.0000000000
55609  -13.465  -30.624  52.238 0.0000000000
54551  -13.056  -31.742  48.617 0.0000000000
44881  -6.313  -39.643  48.511 0.0000000000
66213  -31.517  -20.684  45.061 0.0000000000
68792  -32.709  -19.449  44.288 0.0000000000
68768  -33.618  -19.089  46.780 0.0000000000
63676  -27.673  -25.030  50.133 0.0000000000
63696  -25.972  -24.622  47.477 0.0000000000
66126  -28.670  -21.477  50.301 0.0000000000
66157  -30.559  -20.342  47.110 0.0000000000
86644  -41.121  -5.821  28.637 0.0000000000
89256  -43.132  -3.939  27.680 0.0000000000
90510  -44.312  -3.213  24.796 0.0000000000
90536  -46.599  -2.840  22.622 0.0000000000
91741  -48.098  -2.413  21.376 0.0000000000
90538  -49.024  -3.088  22.749 0.0000000000
76918  -33.336  -13.670  37.040 0.0000000000
75546  -30.646  -13.924  33.805 0.0000000000
76969  -33.883  -13.285  34.766 0.0000000000
75590  -34.493  -13.950  32.062 0.0000000000
75654  -35.740  -15.415  29.947 0.0000000000
72977  -36.781  -16.685  29.071 0.0000000000
72942  -37.440  -16.422  31.033 0.0000000000
58993  -19.276  -27.605  48.705 0.0000000000
60132  -16.317  -27.578  47.707 0.0000000000
100928  -44.955  5.531  21.085 0.0000000000
49548  -5.813  -34.715  52.545 0.0000000000
70181  -28.624  -19.346  37.483 0.0000000000
72797  -31.002  -17.061  38.609 0.0000000000
70133  -32.495  -18.765  42.862 0.0000000000
74066  -33.468  -16.209  41.757 0.0000000000
76852  -33.532  -14.608  39.617 0.0000000000
75478  -36.156  -13.820  40.287 0.0000000000
63732  -24.958  -25.220  44.320 0.0000000000
56778  -22.876  -28.799  46.970 0.0000000000
57951  -21.380  -28.655  43.653 0.0000000000
92876  -49.214  -1.197  19.763 0.0000000000
95034  -48.970  0.763  20.979 0.0000000000
97423  -47.465  2.908  22.073 0.0000000000
102077  -47.818  6.716  23.246 0.0000000000
50841  -10.366  -34.711  48.373 0.0000000000
50816  -8.859  -35.769  48.976 0.0000000000
81995  -35.881  -10.337  29.357 0.0000000000
78336  -37.921  -13.389  29.346 0.0000000000
83209  -38.602  -10.427  30.273 0.0000000000
85398  -39.238  -7.712  30.491 0.0000000000
87909  -42.431  -5.298  31.222 0.0000000000
51957  -10.821  -32.820  50.998 0.0000000000
48301  -7.275  -35.891  49.451 0.0000000000
47111  -6.098  -36.791  49.376 0.0000000000
49612  -5.263  -36.206  49.235 0.0000000000
50738  -9.369  -34.149  52.536 0.0000000000
66269  -29.318  -21.153  41.792 0.0000000000
66290  -29.313  -20.750  40.935 0.0000000000
67530  -30.592  -20.950  42.168 0.0000000000
56813  -24.974  -28.844  44.930 0.0000000000
56833  -24.707  -28.735  44.175 0.0000000000
59074  -25.540  -27.719  44.993 0.0000000000
66229  -29.494  -21.074  43.779 0.0000000000
66227  -28.016  -21.345  43.601 0.0000000000
66246  -29.015  -20.751  43.029 0.0000000000
66287  -26.512  -20.322  40.816 0.0000000000
60158  -27.015  -27.305  47.942 0.0000000000
57902  -26.891  -28.154  48.278 0.0000000000
56798  -25.475  -28.663  46.127 0.0000000000
55730  -24.728  -29.229  45.147 0.0000000000
91750  -46.092  -2.809  19.702 0.0000000000
74113  -29.511  -16.604  37.163 0.0000000000
74142  -29.299  -16.024  34.888 0.0000000000
74268  -33.688  -16.402  28.065 0.0000000000
74285  -33.378  -16.999  27.246 0.0000000000
74287  -35.478  -16.782  27.626 0.0000000000
56752  -14.026  -29.725  47.848 0.0000000000
57857  -14.807  -28.596  50.251 0.0000000000
56743  -13.605  -29.923  48.946 0.0000000000
55640  -13.137  -30.791  49.338 0.0000000000
55652  -13.450  -30.899  48.220 0.0000000000
66179  -32.271  -20.348  46.451 0.0000000000
67494  -32.531  -19.982  45.913 0.0000000000
67485  -33.437  -19.883  47.308 0.0000000000
64896  -28.729  -23.880  51.291 0.0000000000
64894  -27.629  -22.978  50.136 0.0000000000
66116  -28.906  -21.463  50.912 0.0000000000
66142  -32.980  -20.101  48.791 0.0000000000
67449  -31.777  -20.656  49.123 0.0000000000
66159  -32.238  -20.680  47.641 0.0000000000
66177  -31.173  -20.612  46.364 0.0000000000
87919  -42.895  -4.880  29.752 0.0000000000
89242  -41.672  -4.454  28.195 0.0000000000
87933  -44.230  -4.621  28.639 0.0000000000
87965  -47.314  -4.678  25.949 0.0000000000
89268  -45.244  -4.524  26.101 0.0000000000
90512  -46.262  -3.746  24.810 0.0000000000
90521  -45.307  -2.977  23.963 0.0000000000
90523  -47.533  -3.326  23.832 0.0000000000
90537  -47.925  -3.211  22.800 0.0000000000
90524  -48.784  -3.147  23.873 0.0000000000
76894  -35.381  -13.664  37.905 0.0000000000
76943  -33.911  -13.338  35.791 0.0000000000
76944  -34.880  -13.293  36.086 0.0000000000
78271  -37.409  -13.727  33.888 0.0000000000
76970  -35.576  -13.540  33.616 0.0000000000
75566  -35.866  -14.129  32.570 0.0000000000
75615  -34.932  -13.892  31.064 0.0000000000
74202  -36.298  -15.648  31.625 0.0000000000
74227  -36.556  -16.702  30.877 0.0000000000
72893  -37.074  -15.651  31.908 0.0000000000
59014  -21.047  -27.994  47.721 0.0000000000
57885  -20.320  -28.354  48.892 0.0000000000
59013  -20.165  -27.478  47.682 0.0000000000
60153  -17.354  -27.029  46.621 0.0000000000
103221  -46.174  7.924  22.367 0.0000000000
105449  -45.870  9.043  21.441 0.0000000000
49524  -6.591  -34.798  53.030 0.0000000000
67598  -29.988  -19.459  39.785 0.0000000000
67614  -28.986  -20.009  38.413 0.0000000000
68883  -29.916  -18.667  39.033 0.0000000000
71503  -29.815  -17.991  38.118 0.0000000000
71492  -30.690  -17.828  39.358 0.0000000000
68793  -33.490  -19.149  45.035 0.0000000000
68807  -32.259  -19.348  43.232 0.0000000000
71434  -33.672  -17.648  44.164 0.0000000000
75417  -34.773  -14.876  42.944 0.0000000000
74050  -34.221  -16.295  42.912 0.0000000000
74067  -34.174  -15.259  42.249 0.0000000000
75460  -33.138  -15.566  40.443 0.0000000000
76827  -34.789  -14.186  41.002 0.0000000000
76842  -35.067  -14.127  40.359 0.0000000000
75463  -36.108  -14.044  40.940 0.0000000000
58007  -24.257  -28.994  41.695 0.0000000000
66155  -26.521  -22.307  47.880 0.0000000000
63706  -25.681  -24.683  45.769 0.0000000000
64944  -25.484  -23.259  45.360 0.0000000000
63747  -24.782  -24.146  43.020 0.0000000000
55691  -23.632  -29.397  47.519 0.0000000000
56810  -23.312  -28.681  43.800 0.0000000000
57953  -22.909  -28.662  44.563 0.0000000000
57971  -21.530  -28.623  43.204 0.0000000000
59105  -20.553  -28.724  42.486 0.0000000000
91753  -48.998  -2.288  20.987 0.0000000000
92865  -48.612  -1.568  20.177 0.0000000000
92866  -49.585  -1.335  20.707 0.0000000000
96198  -50.529  1.906  23.097 0.0000000000
96220  -50.087  1.267  21.561 0.0000000000
97425  -49.143  2.313  22.584 0.0000000000
96205  -47.969  2.139  21.682 0.0000000000
98608  -47.978  3.381  23.022 0.0000000000
98594  -47.509  4.453  23.203 0.0000000000
99729  -49.192  4.881  23.469 0.0000000000
77017  -31.124  -13.659  32.444 0.0000000000
75587  -29.857  -14.834  32.395 0.0000000000
80737  -34.817  -11.097  28.301 0.0000000000
79502  -35.686  -12.251  28.924 0.0000000000
74272  -37.516  -16.067  29.737 0.0000000000
75683  -37.399  -15.758  29.269 0.0000000000
77073  -39.029  -14.349  29.772 0.0000000000
83161  -40.036  -9.388  31.856 0.0000000000
82012  -39.177  -11.004  30.533 0.0000000000
83174  -39.460  -9.614  31.007 0.0000000000
83172  -38.853  -9.079  30.414 0.0000000000
85391  -40.102  -7.594  31.134 0.0000000000
86625  -40.879  -6.668  30.569 0.0000000000
86621  -41.334  -6.477  31.847 0.0000000000
54518  -12.897  -31.022  51.811 0.0000000000
53277  -12.573  -31.434  52.342 0.0000000000
53265  -11.657  -32.318  52.599 0.0000000000
54528  -11.969  -32.787  50.166 0.0000000000
51981  -11.689  -33.746  48.924 0.0000000000
53310  -12.152  -33.590  48.773 0.0000000000
49627  -8.082  -36.782  48.282 0.0000000000
49594  -7.783  -36.038  49.352 0.0000000000
48313  -7.296  -36.646  48.613 0.0000000000
44868  -6.071  -39.300  48.369 0.0000000000
47125  -6.410  -37.525  48.619 0.0000000000
45973  -5.682  -38.106  48.528 0.0000000000
48300  -5.549  -36.620  49.318 0.0000000000
47139  -5.081  -37.956  48.667 0.0000000000
67400  -31.050  -20.805  51.648 0.0000000000
90448  -46.087  -3.627  29.607 0.0000000000
90465  -45.583  -3.654  28.906 0.0000000000
90467  -47.486  -3.551  28.794 0.0000000000
76921  -36.582  -13.205  36.397 0.0000000000
60190  -19.844  -27.551  44.085 0.0000000000
60155  -19.452  -26.936  46.167 0.0000000000
49485  -8.491  -34.050  54.535 0.0000000000
48261  -7.670  -34.600  52.537 0.0000000000
67579  -28.440  -20.315  39.477 0.0000000000
67581  -29.464  -20.158  40.182 0.0000000000
67583  -31.102  -19.635  40.794 0.0000000000
76815  -36.815  -13.879  42.259 0.0000000000
56830  -23.891  -28.997  43.601 0.0000000000
56852  -23.838  -29.693  42.462 0.0000000000
56853  -24.274  -29.581  42.752 0.0000000000
56854  -24.553  -29.136  43.106 0.0000000000
58009  -24.631  -27.810  42.849 0.0000000000
66174  -28.492  -21.234  45.816 0.0000000000
66190  -26.075  -21.986  44.900 0.0000000000
66208  -27.034  -21.223  44.318 0.0000000000
66225  -25.534  -21.145  43.343 0.0000000000
66286  -25.524  -20.473  40.861 0.0000000000
55694  -25.067  -29.562  47.095 0.0000000000
55713  -24.094  -29.466  46.440 0.0000000000
55715  -24.914  -29.413  46.151 0.0000000000
55743  -24.020  -29.250  44.846 0.0000000000
90518  -42.466  -2.896  23.715 0.0000000000
92885  -48.275  -1.460  18.382 0.0000000000
92859  -51.496  -0.891  21.915 0.0000000000
93949  -50.973  -0.154  20.774 0.0000000000
77046  -32.558  -14.414  30.270 0.0000000000
75696  -35.607  -15.571  26.394 0.0000000000
77082  -35.767  -14.688  27.868 0.0000000000
79481  -41.722  -13.005  31.113 0.0000000000
79480  -40.886  -12.686  30.639 0.0000000000
80692  -40.578  -11.639  32.488 0.0000000000
58976  -16.296  -27.734  50.028 0.0000000000
58966  -16.315  -27.616  51.079 0.0000000000
57835  -14.418  -29.258  52.709 0.0000000000
56725  -13.698  -29.991  51.438 0.0000000000
55629  -13.195  -30.730  50.469 0.0000000000
53312  -12.726  -32.292  49.058 0.0000000000
53311  -12.567  -33.302  48.532 0.0000000000
53326  -12.982  -32.696  47.923 0.0000000000
66230  -30.439  -20.777  44.056 0.0000000000
66249  -31.102  -20.698  43.510 0.0000000000
67505  -31.805  -20.649  44.561 0.0000000000
68780  -33.130  -19.801  45.147 0.0000000000
61280  -26.616  -26.603  47.764 0.0000000000
61279  -26.211  -26.148  47.350 0.0000000000
63685  -26.786  -24.948  48.706 0.0000000000
64906  -27.225  -23.057  48.339 0.0000000000
67444  -27.863  -21.268  48.341 0.0000000000
67429  -30.325  -20.746  49.851 0.0000000000
67446  -29.431  -20.958  48.601 0.0000000000
67482  -29.211  -20.753  46.826 0.0000000000
66175  -29.470  -21.051  46.029 0.0000000000
66211  -29.936  -21.366  44.628 0.0000000000
62413  -27.670  -26.060  50.259 0.0000000000
86642  -39.402  -6.266  28.884 0.0000000000
86655  -38.277  -6.306  27.268 0.0000000000
87929  -40.591  -5.447  28.061 0.0000000000
90475  -40.833  -3.859  27.057 0.0000000000
90487  -42.111  -3.263  26.465 0.0000000000
87944  -44.762  -4.574  27.227 0.0000000000
90489  -43.778  -3.403  26.338 0.0000000000
90509  -43.460  -2.823  24.772 0.0000000000
90520  -44.400  -3.024  23.958 0.0000000000
90535  -45.252  -2.694  22.832 0.0000000000
90549  -45.255  -2.642  21.564 0.0000000000
90561  -46.381  -2.628  20.491 0.0000000000
91730  -47.395  -2.537  21.957 0.0000000000
91731  -48.375  -2.891  22.096 0.0000000000
90552  -49.744  -2.519  22.035 0.0000000000
90526  -50.589  -3.755  23.503 0.0000000000
91734  -51.236  -2.081  22.656 0.0000000000
75513  -31.869  -14.988  37.055 0.0000000000
75528  -30.444  -14.851  35.905 0.0000000000
76941  -31.722  -13.914  36.087 0.0000000000
76967  -31.655  -13.799  34.730 0.0000000000
76993  -32.567  -13.447  33.640 0.0000000000
78268  -35.170  -13.448  34.469 0.0000000000
78297  -34.238  -13.324  33.519 0.0000000000
77034  -33.542  -13.770  31.619 0.0000000000
77047  -33.496  -14.061  30.649 0.0000000000
75653  -34.767  -15.180  29.566 0.0000000000
74249  -35.291  -16.007  29.278 0.0000000000
72975  -35.266  -17.158  28.433 0.0000000000
72960  -36.547  -16.679  29.555 0.0000000000
72961  -37.133  -17.198  30.030 0.0000000000
72943  -38.762  -15.958  30.648 0.0000000000
71652  -39.627  -16.455  31.695 0.0000000000
75659  -41.446  -14.780  30.960 0.0000000000
58979  -18.985  -27.564  49.287 0.0000000000
60135  -19.352  -26.779  47.150 0.0000000000
59011  -18.388  -27.256  48.139 0.0000000000
58991  -17.268  -27.433  48.792 0.0000000000
59009  -15.740  -28.068  47.962 0.0000000000
72813  -29.574  -17.466  37.477 0.0000000000
74092  -30.842  -16.126  38.484 0.0000000000
67532  -31.752  -20.346  43.169 0.0000000000
68823  -32.304  -20.126  41.785 0.0000000000
70150  -32.577  -18.964  41.106 0.0000000000
71449  -33.321  -17.660  42.596 0.0000000000
71472  -32.678  -18.036  41.232 0.0000000000
72774  -32.477  -16.691  40.214 0.0000000000
74095  -32.422  -15.654  39.569 0.0000000000
75488  -32.040  -15.076  38.882 0.0000000000
76869  -33.405  -14.353  38.950 0.0000000000
76871  -35.475  -13.820  38.948 0.0000000000
76872  -36.222  -13.620  38.821 0.0000000000
75451  -37.425  -13.910  41.813 0.0000000000
75480  -37.757  -13.746  40.278 0.0000000000
62453  -25.760  -26.393  45.727 0.0000000000
61311  -25.394  -26.566  44.351 0.0000000000
61331  -24.823  -26.371  43.186 0.0000000000
64959  -25.343  -23.673  44.441 0.0000000000
62495  -24.861  -25.498  42.542 0.0000000000
57900  -21.840  -28.564  47.771 0.0000000000
59033  -21.539  -27.921  46.483 0.0000000000
57934  -22.888  -29.117  45.705 0.0000000000
59053  -22.480  -28.654  45.678 0.0000000000
59051  -21.470  -27.698  44.562 0.0000000000
59071  -20.410  -27.938  43.467 0.0000000000
91751  -46.909  -2.433  20.032 0.0000000000
92864  -47.841  -1.665  19.658 0.0000000000
92886  -48.890  -0.987  18.949 0.0000000000
95042  -49.967  0.038  20.756 0.0000000000
95041  -49.310  0.182  20.371 0.0000000000
95047  -48.949  0.229  19.483 0.0000000000
95040  -48.448  0.809  20.339 0.0000000000
96223  -48.003  1.959  20.185 0.0000000000
97434  -46.919  3.283  20.870 0.0000000000
98606  -46.074  4.235  21.824 0.0000000000
102089  -46.585  6.585  22.558 0.0000000000
50791  -9.731  -33.408  50.449 0.0000000000
50790  -9.301  -34.180  50.290 0.0000000000
50817  -9.399  -34.806  49.242 0.0000000000
75563  -29.323  -15.402  34.229 0.0000000000
84302  -36.685  -8.365  29.313 0.0000000000
74288  -36.416  -16.401  28.177 0.0000000000
75669  -36.820  -14.886  28.814 0.0000000000
78335  -36.944  -13.319  29.323 0.0000000000
79506  -38.941  -12.935  30.387 0.0000000000
80741  -38.289  -11.738  30.117 0.0000000000
79503  -36.659  -12.174  29.500 0.0000000000
81997  -37.530  -10.348  30.180 0.0000000000
83188  -37.301  -9.242  29.901 0.0000000000
85405  -38.116  -7.467  29.943 0.0000000000
86631  -39.995  -6.833  29.790 0.0000000000
87914  -42.087  -5.434  30.310 0.0000000000
87916  -44.057  -5.019  30.701 0.0000000000
51938  -10.510  -33.107  52.999 0.0000000000
51948  -11.106  -33.022  52.235 0.0000000000
51956  -9.928  -32.917  51.015 0.0000000000
51967  -10.500  -33.399  50.165 0.0000000000
51997  -11.419  -34.396  48.201 0.0000000000
49577  -8.155  -34.754  50.884 0.0000000000
49576  -7.912  -34.812  51.122 0.0000000000
48275  -7.328  -35.018  51.567 0.0000000000
47140  -6.669  -38.071  48.352 0.0000000000
47112  -6.475  -36.465  49.265 0.0000000000
48274  -6.931  -35.325  51.239 0.0000000000
49574  -6.237  -35.566  50.574 0.0000000000
50785  -5.509  -35.344  50.363 0.0000000000
44890  -5.002  -40.098  48.340 0.0000000000
47138  -4.658  -38.094  48.498 0.0000000000
50752  -10.012  -33.392  52.790 0.0000000000
50751  -9.620  -33.630  52.191 0.0000000000
66270  -30.080  -21.334  42.024 0.0000000000
57955  -25.461  -28.270  45.235 0.0000000000
56834  -25.165  -28.590  44.800 0.0000000000
60193  -25.716  -27.313  45.973 0.0000000000
66268  -28.318  -20.736  41.884 0.0000000000
59054  -26.030  -27.845  46.645 0.0000000000
59035  -26.633  -27.791  47.553 0.0000000000
57937  -25.748  -28.239  46.263 0.0000000000
56814  -25.291  -28.645  45.410 0.0000000000
74114  -30.293  -15.860  37.052 0.0000000000
74125  -29.630  -16.021  35.996 0.0000000000
75527  -30.068  -15.433  35.849 0.0000000000
74307  -34.091  -17.075  26.698 0.0000000000
57881  -14.228  -29.426  48.734 0.0000000000
67466  -32.490  -20.494  47.041 0.0000000000
67484  -32.662  -20.176  46.708 0.0000000000
64886  -29.332  -23.233  51.754 0.0000000000
64885  -28.917  -22.813  51.104 0.0000000000
66117  -29.630  -22.110  51.399 0.0000000000
67450  -33.430  -20.159  48.353 0.0000000000
66160  -32.602  -20.418  48.171 0.0000000000
66178  -31.995  -20.580  46.640 0.0000000000
87920  -43.996  -5.023  29.647 0.0000000000
87932  -43.388  -4.775  28.877 0.0000000000
89278  -47.679  -3.980  25.633 0.0000000000
87970  -47.017  -5.168  25.469 0.0000000000
90513  -47.234  -3.817  24.779 0.0000000000
150147  -48.396  -3.475  25.165 0.0000000000
78223  -35.722  -13.441  38.115 0.0000000000
76919  -34.606  -13.694  36.914 0.0000000000
76920  -35.583  -13.649  36.818 0.0000000000
76998  -37.318  -14.449  32.956 0.0000000000
76996  -36.119  -13.771  33.009 0.0000000000
75567  -36.268  -14.661  32.496 0.0000000000
74178  -36.076  -15.093  32.158 0.0000000000
74179  -36.398  -15.346  32.135 0.0000000000
72892  -36.627  -15.653  31.975 0.0000000000
74180  -36.918  -15.465  32.338 0.0000000000
59032  -20.729  -27.488  47.011 0.0000000000
104325  -46.139  8.611  22.437 0.0000000000
104329  -45.773  8.420  21.927 0.0000000000
105445  -46.003  9.038  22.101 0.0000000000
49502  -6.988  -34.470  54.219 0.0000000000
68863  -30.274  -19.086  39.575 0.0000000000
68862  -29.635  -19.431  39.243 0.0000000000
68864  -30.796  -18.653  40.066 0.0000000000
70169  -30.498  -18.475  39.431 0.0000000000
70170  -31.054  -18.157  39.950 0.0000000000
70120  -33.566  -18.579  44.614 0.0000000000
71417  -34.008  -17.742  45.113 0.0000000000
75432  -34.869  -14.985  42.205 0.0000000000
75448  -34.328  -14.711  41.565 0.0000000000
75449  -35.412  -14.233  41.583 0.0000000000
76828  -35.418  -14.074  40.967 0.0000000000
58005  -21.507  -29.462  41.937 0.0000000000
56868  -21.931  -29.925  41.376 0.0000000000
66154  -26.484  -21.880  47.099 0.0000000000
64917  -26.177  -22.793  47.083 0.0000000000
56829  -23.063  -29.246  43.147 0.0000000000
57972  -22.450  -28.850  43.365 0.0000000000
57991  -21.853  -29.223  42.443 0.0000000000
93959  -49.218  -0.434  18.746 0.0000000000
90563  -49.521  -2.366  21.517 0.0000000000
91754  -49.553  -1.827  21.344 0.0000000000
92857  -50.009  -1.414  21.338 0.0000000000
97414  -49.876  2.561  23.265 0.0000000000
96207  -49.760  1.801  22.354 0.0000000000
98609  -48.958  2.938  22.821 0.0000000000
98595  -48.424  4.277  23.382 0.0000000000
75588  -30.782  -14.266  31.783 0.0000000000
77081  -35.452  -14.439  27.065 0.0000000000
78333  -35.315  -12.983  28.366 0.0000000000
75655  -38.967  -15.339  30.328 0.0000000000
75671  -38.219  -15.140  29.849 0.0000000000
77074  -39.612  -14.386  30.447 0.0000000000
83160  -39.596  -8.911  31.161 0.0000000000
84285  -39.906  -8.207  31.492 0.0000000000
85392  -40.578  -7.363  31.503 0.0000000000
85389  -41.006  -7.441  32.446 0.0000000000
53301  -12.654  -31.944  50.146 0.0000000000
53289  -12.591  -31.644  51.251 0.0000000000
53288  -12.068  -32.302  50.567 0.0000000000
54538  -12.142  -32.658  50.041 0.0000000000
53299  -12.032  -33.250  49.519 0.0000000000
48321  -7.756  -37.366  48.264 0.0000000000
45998  -5.719  -39.176  48.333 0.0000000000
47123  -5.625  -37.541  48.838 0.0000000000
76897  -38.818  -12.890  37.058 0.0000000000
49505  -8.757  -34.239  53.653 0.0000000000
50725  -8.947  -34.050  54.350 0.0000000000
49504  -8.033  -34.304  53.857 0.0000000000
49527  -8.090  -34.378  52.746 0.0000000000
66308  -28.004  -20.004  39.838 0.0000000000
68838  -30.289  -20.539  41.078 0.0000000000
66310  -29.246  -20.470  40.390 0.0000000000
67563  -30.253  -20.303  41.078 0.0000000000
67582  -30.201  -19.701  40.488 0.0000000000
57973  -24.701  -28.565  43.662 0.0000000000
57993  -24.906  -27.983  43.560 0.0000000000
57992  -24.608  -28.512  42.942 0.0000000000
59107  -24.874  -27.356  43.415 0.0000000000
66192  -28.388  -21.508  45.026 0.0000000000
66191  -27.171  -21.160  45.035 0.0000000000
66245  -27.727  -20.771  42.817 0.0000000000
66226  -26.816  -20.963  43.574 0.0000000000
67529  -25.285  -21.294  42.681 0.0000000000
66243  -25.601  -20.589  42.522 0.0000000000
66266  -26.127  -20.199  41.819 0.0000000000
56781  -25.896  -28.547  47.261 0.0000000000
56769  -26.215  -28.491  48.017 0.0000000000
56768  -25.691  -28.735  47.621 0.0000000000
55678  -25.415  -28.880  48.032 0.0000000000
55695  -25.323  -29.449  47.013 0.0000000000
55714  -24.634  -29.468  46.287 0.0000000000
55745  -24.519  -28.949  44.318 0.0000000000
55744  -24.364  -29.153  44.564 0.0000000000
89292  -42.852  -3.234  22.934 0.0000000000
75635  -31.641  -15.002  29.849 0.0000000000
75651  -32.255  -15.120  28.774 0.0000000000
74308  -35.121  -16.606  26.582 0.0000000000
75680  -35.784  -15.240  27.290 0.0000000000
80681  -41.479  -12.418  32.461 0.0000000000
80693  -41.090  -12.299  31.927 0.0000000000
84279  -40.500  -9.369  33.443 0.0000000000
58975  -15.573  -28.268  50.222 0.0000000000
58965  -15.289  -28.311  51.075 0.0000000000
58964  -14.785  -28.545  51.616 0.0000000000
54539  -12.797  -31.446  49.702 0.0000000000
66212  -30.718  -20.925  44.831 0.0000000000
66231  -31.302  -20.715  44.306 0.0000000000
68767  -33.182  -19.649  46.078 0.0000000000
68766  -32.840  -19.982  45.436 0.0000000000
68781  -33.476  -19.133  45.818 0.0000000000
62423  -26.636  -26.116  48.775 0.0000000000
62432  -26.431  -25.767  48.001 0.0000000000
63675  -27.372  -24.688  49.486 0.0000000000
66115  -28.536  -21.816  50.457 0.0000000000
64893  -27.552  -22.513  49.208 0.0000000000
66138  -27.248  -21.910  48.457 0.0000000000
67427  -28.512  -21.138  49.162 0.0000000000
67417  -31.961  -20.667  51.011 0.0000000000
67416  -31.039  -20.564  50.674 0.0000000000
66139  -30.876  -21.061  48.014 0.0000000000
67448  -31.048  -20.734  48.927 0.0000000000
67465  -30.199  -20.596  48.012 0.0000000000
67464  -29.561  -20.685  47.529 0.0000000000
66156  -29.899  -20.581  46.651 0.0000000000
66195  -30.928  -20.820  45.528 0.0000000000
63664  -28.326  -24.460  50.599 0.0000000000
62424  -27.044  -26.459  49.418 0.0000000000
86643  -40.378  -6.111  28.801 0.0000000000
87928  -39.678  -5.686  28.275 0.0000000000
89255  -42.151  -3.947  27.740 0.0000000000
89254  -41.339  -3.979  27.622 0.0000000000
90477  -41.729  -3.523  27.178 0.0000000000
90486  -41.357  -3.629  26.575 0.0000000000
90478  -42.447  -3.510  27.172 0.0000000000
89246  -46.041  -3.810  28.090 0.0000000000
89257  -44.898  -4.438  27.621 0.0000000000
89258  -45.412  -4.224  27.165 0.0000000000
90501  -44.992  -4.078  25.550 0.0000000000
89275  -44.522  -4.368  25.942 0.0000000000
90500  -44.165  -3.414  25.697 0.0000000000
90499  -43.211  -2.712  25.789 0.0000000000
91716  -43.286  -2.642  24.250 0.0000000000
90522  -46.385  -3.083  23.879 0.0000000000
90550  -46.348  -2.602  21.353 0.0000000000
90551  -49.321  -2.906  22.105 0.0000000000
90539  -50.012  -2.906  22.784 0.0000000000
90540  -50.792  -2.984  22.754 0.0000000000
75503  -32.810  -14.208  37.390 0.0000000000
76916  -31.860  -14.467  36.668 0.0000000000
76917  -32.435  -13.992  36.673 0.0000000000
76942  -32.653  -13.643  35.887 0.0000000000
76968  -33.010  -13.336  34.810 0.0000000000
76994  -33.619  -13.334  33.955 0.0000000000
78235  -37.171  -12.857  35.802 0.0000000000
76946  -36.145  -13.097  35.646 0.0000000000
78251  -35.765  -13.299  35.120 0.0000000000
76995  -35.354  -13.778  32.900 0.0000000000
78286  -34.886  -13.484  33.630 0.0000000000
78298  -34.602  -13.457  33.040 0.0000000000
77019  -33.735  -13.420  32.772 0.0000000000
75637  -35.379  -14.806  30.429 0.0000000000
72959  -35.665  -16.735  29.156 0.0000000000
74250  -36.402  -16.154  30.065 0.0000000000
72941  -36.997  -16.816  30.928 0.0000000000
74251  -36.678  -16.925  30.328 0.0000000000
71648  -37.335  -16.842  30.585 0.0000000000
71667  -37.558  -16.580  30.515 0.0000000000
71649  -37.697  -16.301  30.874 0.0000000000
72921  -40.406  -16.244  32.212 0.0000000000
74203  -40.934  -15.558  31.870 0.0000000000
74231  -40.791  -15.547  31.421 0.0000000000
78320  -42.395  -13.586  31.542 0.0000000000
58994  -19.976  -27.766  48.434 0.0000000000
57884  -20.003  -27.798  48.901 0.0000000000
57871  -19.955  -27.776  49.571 0.0000000000
60173  -18.577  -27.177  45.358 0.0000000000
60154  -18.415  -26.768  46.358 0.0000000000
60133  -17.335  -27.250  47.618 0.0000000000
59010  -17.682  -27.342  48.296 0.0000000000
60115  -17.030  -27.500  48.137 0.0000000000
60114  -16.437  -27.564  48.274 0.0000000000
49547  -5.562  -34.477  52.400 0.0000000000
68880  -28.527  -19.783  37.761 0.0000000000
70197  -29.004  -18.551  37.160 0.0000000000
71504  -30.400  -17.591  38.693 0.0000000000
71516  -29.752  -17.837  37.687 0.0000000000
72796  -30.016  -17.368  38.029 0.0000000000
74103  -29.802  -17.010  37.773 0.0000000000
74105  -31.245  -16.632  38.786 0.0000000000
67519  -32.118  -20.361  44.135 0.0000000000
68791  -32.204  -19.874  43.464 0.0000000000
70119  -32.986  -18.688  43.738 0.0000000000
68824  -32.336  -19.509  42.185 0.0000000000
68839  -32.300  -19.634  41.299 0.0000000000
70141  -32.358  -18.809  42.073 0.0000000000
72754  -33.597  -16.398  42.147 0.0000000000
72735  -33.737  -17.200  42.723 0.0000000000
72742  -33.435  -17.063  42.280 0.0000000000
72764  -32.472  -16.809  40.991 0.0000000000
71483  -32.230  -17.560  40.388 0.0000000000
74072  -32.698  -16.407  41.031 0.0000000000
75475  -33.157  -15.218  40.013 0.0000000000
74084  -32.730  -15.959  40.092 0.0000000000
75489  -32.898  -14.978  39.311 0.0000000000
76891  -32.778  -14.580  38.502 0.0000000000
76855  -35.836  -13.778  40.203 0.0000000000
76854  -35.469  -13.874  39.881 0.0000000000
75490  -35.812  -13.756  39.893 0.0000000000
75491  -36.238  -13.712  39.676 0.0000000000
75436  -38.304  -13.997  42.603 0.0000000000
76830  -37.131  -13.773  41.892 0.0000000000
76856  -37.417  -13.567  39.735 0.0000000000
56869  -22.961  -30.297  41.225 0.0000000000
55773  -23.154  -30.430  40.876 0.0000000000
62431  -25.990  -25.552  47.317 0.0000000000
62441  -25.841  -26.398  46.156 0.0000000000
62430  -25.661  -25.135  46.897 0.0000000000
63720  -25.494  -25.313  44.883 0.0000000000
62461  -25.093  -25.865  44.201 0.0000000000
61319  -24.941  -26.259  43.507 0.0000000000
62472  -24.939  -25.856  43.624 0.0000000000
64943  -25.371  -22.831  44.765 0.0000000000
64958  -25.051  -22.942  44.267 0.0000000000
56766  -22.786  -29.057  47.774 0.0000000000
57913  -22.385  -28.580  46.918 0.0000000000
56796  -23.647  -29.346  45.669 0.0000000000
56795  -23.450  -29.390  46.204 0.0000000000
57935  -23.159  -29.412  45.818 0.0000000000
57952  -22.007  -28.565  43.976 0.0000000000
57933  -22.428  -28.508  44.917 0.0000000000
59073  -21.942  -28.226  44.184 0.0000000000
59052  -22.042  -28.082  45.322 0.0000000000
60191  -20.812  -27.564  44.079 0.0000000000
59072  -21.310  -28.027  43.689 0.0000000000
91740  -47.107  -2.254  21.002 0.0000000000
91752  -47.780  -1.958  20.455 0.0000000000
92875  -48.375  -1.399  19.274 0.0000000000
95037  -51.123  0.533  21.297 0.0000000000
95043  -50.608  0.126  20.777 0.0000000000
95036  -50.364  0.601  21.165 0.0000000000
96219  -49.245  1.214  21.584 0.0000000000
95035  -49.630  0.620  21.107 0.0000000000
93953  -49.315  -0.528  19.580 0.0000000000
96217  -47.894  2.065  20.878 0.0000000000
97435  -47.369  2.676  21.215 0.0000000000
98617  -46.854  3.268  21.536 0.0000000000
98607  -46.659  3.834  22.377 0.0000000000
99727  -47.478  5.437  23.227 0.0000000000
100920  -46.897  5.937  22.975 0.0000000000
102090  -47.097  6.679  23.121 0.0000000000
103222  -46.813  7.423  22.764 0.0000000000
103211  -48.079  7.558  23.482 0.0000000000
50818  -9.903  -33.814  49.417 0.0000000000
50840  -9.307  -35.241  48.035 0.0000000000
75545  -30.352  -14.561  34.722 0.0000000000
75564  -29.839  -14.564  33.495 0.0000000000
82008  -35.087  -10.357  28.959 0.0000000000
83207  -35.468  -9.423  28.432 0.0000000000
83187  -36.256  -9.492  29.266 0.0000000000
72976  -36.033  -16.925  28.825 0.0000000000
72989  -35.790  -17.064  28.257 0.0000000000
72990  -36.281  -16.888  28.564 0.0000000000
75670  -37.304  -14.998  29.422 0.0000000000
75682  -36.979  -15.649  28.662 0.0000000000
77071  -37.165  -14.191  29.302 0.0000000000
77070  -36.327  -14.240  28.649 0.0000000000
80705  -40.477  -11.759  31.352 0.0000000000
79494  -39.801  -12.751  30.420 0.0000000000
80723  -39.990  -11.776  30.532 0.0000000000
82011  -38.691  -11.036  30.345 0.0000000000
79504  -37.686  -12.453  29.606 0.0000000000
80740  -37.440  -11.411  30.109 0.0000000000
80739  -36.833  -11.399  29.821 0.0000000000
84294  -38.844  -8.572  30.440 0.0000000000
84304  -38.080  -8.487  30.237 0.0000000000
85397  -38.627  -7.854  30.359 0.0000000000
84303  -37.503  -8.211  29.653 0.0000000000
85406  -39.019  -7.180  30.219 0.0000000000
85407  -39.584  -7.273  30.266 0.0000000000
87908  -41.550  -5.760  31.059 0.0000000000
87913  -41.489  -5.967  30.488 0.0000000000
87915  -43.228  -5.242  30.508 0.0000000000
53275  -11.506  -32.465  51.428 0.0000000000
50789  -8.497  -34.884  50.135 0.0000000000
50768  -8.754  -34.366  51.067 0.0000000000
49595  -7.917  -35.283  50.272 0.0000000000
48302  -7.612  -35.297  50.528 0.0000000000
48291  -7.654  -34.904  51.226 0.0000000000
48290  -7.110  -35.518  50.261 0.0000000000
45999  -6.699  -39.041  48.098 0.0000000000
47124  -6.027  -37.526  48.854 0.0000000000
48289  -6.498  -35.623  49.986 0.0000000000
49550  -6.690  -35.404  51.229 0.0000000000
48311  -5.193  -36.822  48.999 0.0000000000
50786  -5.781  -35.589  50.100 0.0000000000
50813  -5.523  -35.690  49.778 0.0000000000
49592  -5.242  -34.955  50.988 0.0000000000
46021  -4.873  -39.064  48.126 0.0000000000
66309  -28.781  -20.422  40.213 0.0000000000
67544  -29.886  -21.179  41.284 0.0000000000
67546  -30.814  -20.422  41.865 0.0000000000
56812  -24.733  -28.970  44.567 0.0000000000
56832  -24.466  -28.978  43.716 0.0000000000
57974  -25.241  -28.278  44.319 0.0000000000
66210  -29.139  -22.124  44.399 0.0000000000
66209  -28.186  -21.700  44.279 0.0000000000
66228  -28.938  -21.843  43.545 0.0000000000
66267  -27.228  -20.329  41.870 0.0000000000
66288  -27.625  -20.413  40.851 0.0000000000
60138  -27.312  -27.581  48.827 0.0000000000
59016  -27.091  -27.771  48.276 0.0000000000
57915  -26.234  -28.248  47.198 0.0000000000
55717  -25.366  -29.043  46.314 0.0000000000
55716  -25.082  -29.257  46.062 0.0000000000
56797  -25.111  -28.993  45.683 0.0000000000
55731  -25.196  -29.107  45.114 0.0000000000
89315  -43.619  -3.515  22.002 0.0000000000
74124  -28.837  -16.811  36.238 0.0000000000
75667  -33.088  -15.709  28.437 0.0000000000
75666  -32.414  -15.870  28.503 0.0000000000
74284  -32.776  -17.261  27.457 0.0000000000
74309  -35.777  -16.403  27.355 0.0000000000
57882  -14.862  -28.643  48.514 0.0000000000
57870  -14.963  -28.543  49.588 0.0000000000
57869  -14.250  -29.115  49.572 0.0000000000
56734  -13.547  -29.890  50.121 0.0000000000
54568  -13.540  -32.068  47.532 0.0000000000
66196  -31.620  -20.635  45.830 0.0000000000
66214  -32.046  -20.474  45.562 0.0000000000
67495  -33.002  -19.771  46.597 0.0000000000
68754  -33.392  -19.542  46.899 0.0000000000
63663  -27.691  -24.068  50.087 0.0000000000
64895  -28.292  -23.463  50.651 0.0000000000
64884  -28.324  -22.387  50.637 0.0000000000
66141  -32.254  -20.550  48.549 0.0000000000
66140  -31.636  -20.974  48.230 0.0000000000
66158  -31.433  -20.563  47.306 0.0000000000
87918  -42.087  -4.998  29.473 0.0000000000
87930  -41.321  -5.121  28.416 0.0000000000
89231  -42.208  -4.577  29.099 0.0000000000
89243  -42.518  -4.426  28.517 0.0000000000
87942  -43.724  -4.470  28.134 0.0000000000
87955  -47.020  -4.100  26.750 0.0000000000
89269  -46.193  -3.955  26.232 0.0000000000
90502  -45.827  -3.897  25.451 0.0000000000
90511  -45.222  -3.365  24.852 0.0000000000
76893  -34.473  -14.024  37.906 0.0000000000
78249  -34.596  -13.285  35.538 0.0000000000
78270  -36.806  -13.398  34.126 0.0000000000
78269  -36.039  -13.426  34.251 0.0000000000
78287  -36.339  -13.510  33.648 0.0000000000
75591  -35.671  -14.461  32.137 0.0000000000
75616  -36.083  -14.908  31.324 0.0000000000
75617  -36.195  -15.602  31.129 0.0000000000
74226  -36.318  -16.235  31.190 0.0000000000
72917  -36.521  -15.935  31.587 0.0000000000
72918  -37.099  -16.098  31.497 0.0000000000
57886  -21.162  -28.680  48.758 0.0000000000
58995  -20.514  -28.137  48.307 0.0000000000
60172  -17.444  -27.363  45.526 0.0000000000
60151  -15.795  -27.756  47.263 0.0000000000
102097  -45.956  6.544  22.005 0.0000000000
102095  -44.670  6.194  21.058 0.0000000000
103231  -45.290  7.490  20.998 0.0000000000
104331  -45.192  8.060  20.605 0.0000000000
104335  -45.332  8.600  20.465 0.0000000000
67597  -29.467  -19.817  39.390 0.0000000000
67615  -29.365  -19.681  38.725 0.0000000000
68882  -29.468  -19.114  38.735 0.0000000000
71502  -29.460  -18.361  37.917 0.0000000000
70183  -29.603  -18.523  38.411 0.0000000000
72782  -30.973  -17.298  39.182 0.0000000000
74051  -34.149  -15.803  43.460 0.0000000000
74059  -34.290  -15.668  42.689 0.0000000000
72766  -33.814  -15.529  42.132 0.0000000000
74073  -32.964  -16.048  40.845 0.0000000000
75462  -33.808  -15.023  41.548 0.0000000000
75461  -33.672  -14.988  40.907 0.0000000000
75476  -33.799  -14.714  40.149 0.0000000000
76853  -34.379  -14.292  39.741 0.0000000000
76843  -35.729  -13.909  40.424 0.0000000000
75452  -38.640  -13.889  41.818 0.0000000000
56871  -24.237  -29.415  42.106 0.0000000000
64918  -26.555  -23.615  47.719 0.0000000000
63695  -25.729  -24.491  46.709 0.0000000000
64932  -25.983  -23.821  47.101 0.0000000000
64931  -25.778  -23.476  46.384 0.0000000000
63719  -25.311  -24.498  44.758 0.0000000000
66224  -24.983  -22.286  43.094 0.0000000000
64974  -24.658  -23.277  43.566 0.0000000000
56767  -23.288  -29.224  47.562 0.0000000000
56811  -23.669  -29.062  44.766 0.0000000000
57970  -21.221  -28.582  43.539 0.0000000000
59106  -21.134  -28.519  42.820 0.0000000000
57990  -21.153  -29.026  42.286 0.0000000000
96218  -48.494  1.431  21.188 0.0000000000
96206  -48.773  1.818  22.033 0.0000000000
97424  -48.352  2.546  22.390 0.0000000000
99728  -48.286  5.135  23.419 0.0000000000
100908  -48.134  5.996  23.291 0.0000000000
50858  -10.156  -35.676  47.433 0.0000000000
75565  -30.446  -13.880  32.809 0.0000000000
79501  -34.992  -12.135  28.130 0.0000000000
80719  -35.954  -10.991  29.217 0.0000000000
74271  -37.262  -16.453  29.087 0.0000000000
74289  -37.195  -16.235  28.739 0.0000000000
77072  -38.076  -14.266  29.524 0.0000000000
81977  -39.772  -10.525  31.747 0.0000000000
81999  -39.717  -11.040  30.919 0.0000000000
83175  -39.559  -10.181  31.256 0.0000000000
83191  -39.342  -10.350  30.786 0.0000000000
83190  -39.131  -9.889  30.425 0.0000000000
83189  -38.508  -9.630  30.256 0.0000000000
83173  -39.224  -9.018  30.651 0.0000000000
84284  -39.539  -8.494  31.007 0.0000000000
84296  -39.706  -7.908  31.052 0.0000000000
85399  -39.997  -7.398  30.552 0.0000000000
85400  -40.421  -7.259  30.920 0.0000000000
86622  -41.901  -5.620  31.829 0.0000000000
53276  -12.082  -31.940  51.863 0.0000000000
53287  -11.668  -32.890  50.359 0.0000000000
51968  -11.340  -33.446  49.908 0.0000000000
51998  -12.210  -34.121  48.162 0.0000000000
49615  -8.258  -36.351  48.703 0.0000000000
50788  -8.199  -35.601  49.530 0.0000000000
49614  -7.791  -36.515  48.703 0.0000000000
45975  -6.302  -38.657  48.286 0.0000000000
45974  -5.902  -38.542  48.387 0.0000000000
48288  -5.985  -36.331  49.628 0.0000000000
48287  -5.689  -36.993  49.251 0.0000000000
48299  -5.315  -37.225  48.974 0.0000000000
66106  -30.321  -21.448  51.663 0.0000000000
66128  -33.157  -20.176  49.748 0.0000000000
90447  -45.108  -3.806  29.558 0.0000000000
90464  -44.932  -3.681  29.053 0.0000000000
90466  -46.591  -3.705  28.859 0.0000000000
89247  -47.085  -3.488  28.009 0.0000000000
87957  -47.829  -4.144  26.636 0.0000000000
76896  -37.528  -13.122  37.475 0.0000000000
76922  -37.820  -12.783  36.297 0.0000000000
78236  -37.761  -12.960  35.338 0.0000000000
78254  -37.847  -13.740  34.431 0.0000000000
74163  -37.891  -15.261  33.021 0.0000000000
60175  -20.649  -27.567  45.033 0.0000000000
60174  -19.621  -27.278  45.152 0.0000000000
60189  -18.676  -27.574  44.303 0.0000000000
49503  -7.458  -34.412  54.099 0.0000000000
48260  -7.384  -34.794  52.434 0.0000000000
67595  -28.388  -20.368  38.846 0.0000000000
67580  -28.893  -20.356  39.679 0.0000000000
68849  -30.517  -19.343  40.268 0.0000000000
68850  -31.128  -19.137  40.485 0.0000000000
75434  -36.492  -14.171  42.628 0.0000000000
56851  -23.135  -29.447  42.275 0.0000000000
56872  -24.458  -28.944  42.377 0.0000000000
58008  -24.673  -28.429  41.986 0.0000000000
67480  -27.610  -21.169  46.412 0.0000000000
67479  -27.029  -21.349  46.219 0.0000000000
66173  -27.451  -21.040  45.753 0.0000000000
66207  -25.784  -21.284  44.303 0.0000000000
67517  -25.364  -21.731  42.911 0.0000000000
55693  -24.639  -29.560  47.240 0.0000000000
55728  -23.802  -29.410  45.710 0.0000000000
55729  -24.533  -29.347  45.445 0.0000000000
90517  -41.653  -3.284  24.197 0.0000000000
92858  -50.820  -1.240  21.511 0.0000000000
93941  -50.781  -0.663  21.030 0.0000000000
93942  -51.389  -0.310  21.389 0.0000000000
99730  -50.195  4.711  23.239 0.0000000000
75614  -31.844  -14.459  30.606 0.0000000000
75613  -30.951  -14.665  30.693 0.0000000000
77048  -40.991  -13.733  30.564 0.0000000000
78327  -40.399  -13.503  30.567 0.0000000000
78317  -40.978  -13.319  30.527 0.0000000000
80706  -41.304  -12.470  31.277 0.0000000000
81976  -39.964  -11.171  32.146 0.0000000000
83150  -40.074  -9.721  33.027 0.0000000000
84280  -40.645  -8.579  33.074 0.0000000000
86617  -41.576  -6.744  32.878 0.0000000000
58957  -16.020  -27.984  51.640 0.0000000000
55618  -13.240  -30.743  51.353 0.0000000000
54529  -12.935  -31.272  50.785 0.0000000000
53325  -12.825  -33.562  47.344 0.0000000000
44879  -5.364  -40.425  48.507 0.0000000000
66248  -30.204  -20.690  42.974 0.0000000000
66232  -31.661  -20.626  44.078 0.0000000000
67506  -32.445  -20.418  45.030 0.0000000000
67507  -32.836  -20.159  44.919 0.0000000000
68755  -33.988  -19.465  47.447 0.0000000000
60177  -26.203  -27.290  47.164 0.0000000000
63684  -26.546  -24.500  48.036 0.0000000000
64907  -27.384  -23.783  49.159 0.0000000000
64919  -27.115  -24.048  48.262 0.0000000000
67462  -27.374  -21.438  47.408 0.0000000000
67399  -30.621  -20.860  51.246 0.0000000000
67415  -30.149  -20.932  50.801 0.0000000000
67428  -29.132  -20.922  49.860 0.0000000000
67447  -30.215  -20.907  48.846 0.0000000000
67445  -28.677  -21.087  48.324 0.0000000000
67463  -28.532  -21.021  47.502 0.0000000000
67481  -28.438  -20.964  46.636 0.0000000000
66176  -30.407  -20.742  46.093 0.0000000000
66194  -30.207  -21.282  45.398 0.0000000000
61247  -27.459  -26.832  49.700 0.0000000000
61264  -26.668  -27.065  48.859 0.0000000000
86629  -37.823  -6.875  29.349 0.0000000000
86654  -37.440  -6.540  27.744 0.0000000000
86641  -38.393  -6.427  28.457 0.0000000000
87939  -38.949  -5.692  27.671 0.0000000000
89241  -40.960  -4.612  27.885 0.0000000000
87941  -40.395  -4.827  27.526 0.0000000000
89252  -39.948  -4.662  26.949 0.0000000000
89245  -44.943  -3.981  28.290 0.0000000000
87943  -44.397  -4.488  27.752 0.0000000000
87952  -43.883  -4.306  27.498 0.0000000000
87954  -44.817  -4.707  26.655 0.0000000000
87953  -44.303  -4.534  26.971 0.0000000000
89266  -43.768  -3.909  26.942 0.0000000000
91701  -43.012  -2.778  26.163 0.0000000000
90498  -42.287  -2.982  25.679 0.0000000000
90508  -42.464  -2.789  24.775 0.0000000000
91715  -42.968  -2.583  24.225 0.0000000000
90519  -43.448  -2.785  23.818 0.0000000000
90533  -43.800  -3.074  23.244 0.0000000000
90534  -44.249  -3.008  22.954 0.0000000000
89305  -43.776  -3.247  22.303 0.0000000000
90548  -43.928  -3.043  21.757 0.0000000000
90560  -45.510  -2.993  20.405 0.0000000000
91742  -48.899  -2.854  21.630 0.0000000000
90562  -49.358  -2.736  21.542 0.0000000000
90525  -49.954  -3.191  23.616 0.0000000000
91733  -50.417  -2.347  22.384 0.0000000000
91744  -50.756  -1.791  22.111 0.0000000000
92850  -51.300  -1.468  22.178 0.0000000000
75512  -30.971  -15.119  36.898 0.0000000000
76940  -31.174  -14.424  36.389 0.0000000000
76966  -30.999  -14.212  35.613 0.0000000000
76992  -31.351  -13.462  33.251 0.0000000000
77018  -32.172  -13.969  32.282 0.0000000000
76945  -35.632  -13.164  35.928 0.0000000000
78250  -35.082  -13.309  35.338 0.0000000000
78267  -34.515  -13.329  35.027 0.0000000000
78285  -34.386  -13.326  34.232 0.0000000000
77033  -32.525  -14.164  31.121 0.0000000000
77059  -33.336  -14.328  29.839 0.0000000000
75636  -34.350  -14.185  29.913 0.0000000000
75652  -33.534  -15.015  29.252 0.0000000000
75668  -34.258  -15.685  28.667 0.0000000000
74269  -34.725  -16.607  28.584 0.0000000000
72978  -37.371  -16.837  29.607 0.0000000000
72979  -37.537  -16.608  29.945 0.0000000000
74252  -38.300  -15.633  30.337 0.0000000000
75639  -39.363  -15.474  30.619 0.0000000000
74181  -37.409  -15.542  32.374 0.0000000000
72894  -38.009  -15.631  32.239 0.0000000000
72920  -38.650  -16.335  31.997 0.0000000000
72896  -39.836  -16.406  32.804 0.0000000000
71606  -39.247  -16.553  32.216 0.0000000000
71628  -38.826  -16.461  31.661 0.0000000000
71651  -39.112  -16.421  31.322 0.0000000000
75641  -39.952  -15.239  31.092 0.0000000000
75674  -40.398  -14.807  30.743 0.0000000000
78319  -41.823  -13.492  31.346 0.0000000000
79482  -42.365  -13.301  31.311 0.0000000000
60136  -20.057  -27.178  46.844 0.0000000000
59012  -19.245  -27.331  47.935 0.0000000000
60134  -18.344  -26.870  47.377 0.0000000000
58992  -18.329  -27.358  48.787 0.0000000000
58978  -18.201  -27.418  49.495 0.0000000000
58977  -17.164  -27.272  49.742 0.0000000000
58990  -15.910  -27.516  48.850 0.0000000000
59008  -15.529  -28.131  47.389 0.0000000000
57899  -15.381  -28.535  48.017 0.0000000000
105450  -46.390  9.615  21.814 0.0000000000
105453  -45.727  9.077  20.679 0.0000000000
72812  -29.235  -17.802  36.859 0.0000000000
74112  -29.139  -17.263  36.802 0.0000000000
75500  -30.786  -15.520  37.917 0.0000000000
67531  -31.092  -20.661  42.610 0.0000000000
67547  -31.685  -20.365  42.022 0.0000000000
68806  -32.261  -20.036  42.600 0.0000000000
67565  -31.811  -20.087  41.217 0.0000000000
67584  -31.761  -19.618  40.871 0.0000000000
68851  -31.988  -19.116  40.849 0.0000000000
71433  -33.412  -18.062  43.132 0.0000000000
71432  -33.664  -17.527  42.936 0.0000000000
71450  -32.766  -18.255  42.434 0.0000000000
71461  -32.497  -18.317  41.806 0.0000000000
71473  -32.593  -18.411  41.463 0.0000000000
70160  -32.242  -18.455  40.682 0.0000000000
71482  -31.688  -18.044  40.300 0.0000000000
71493  -31.437  -17.499  39.794 0.0000000000
72783  -31.635  -16.979  39.218 0.0000000000
72784  -32.235  -16.495  39.623 0.0000000000
72798  -31.413  -16.852  38.921 0.0000000000
74083  -31.503  -16.051  39.151 0.0000000000
75487  -31.332  -15.549  38.580 0.0000000000
75501  -31.550  -15.129  37.860 0.0000000000
75502  -32.334  -14.574  37.821 0.0000000000
76892  -33.358  -14.186  38.045 0.0000000000
78189  -34.160  -13.825  39.318 0.0000000000
76870  -34.368  -13.651  38.974 0.0000000000
78203  -35.670  -13.651  38.497 0.0000000000
75450  -36.479  -13.992  41.776 0.0000000000
75464  -36.909  -14.140  40.920 0.0000000000
75465  -37.853  -14.058  40.945 0.0000000000
75479  -37.035  -13.964  40.177 0.0000000000
75492  -36.817  -13.574  39.512 0.0000000000
76873  -37.226  -13.127  38.844 0.0000000000
60192  -25.584  -27.289  45.171 0.0000000000
60202  -25.557  -27.188  44.548 0.0000000000
63707  -25.778  -25.476  45.469 0.0000000000
62452  -25.587  -26.069  45.134 0.0000000000
60210  -25.299  -26.961  43.768 0.0000000000
59118  -24.660  -27.287  42.895 0.0000000000
59117  -24.764  -27.481  42.125 0.0000000000
66172  -26.176  -21.756  46.132 0.0000000000
63731  -25.029  -24.703  43.856 0.0000000000
64975  -25.249  -23.746  43.827 0.0000000000
61330  -24.840  -26.162  42.911 0.0000000000
60217  -24.673  -26.734  42.328 0.0000000000
56754  -22.163  -28.686  49.009 0.0000000000
55712  -23.731  -29.433  46.868 0.0000000000
56779  -23.245  -29.101  46.856 0.0000000000
57914  -22.685  -28.852  46.367 0.0000000000
59034  -22.230  -28.478  46.144 0.0000000000
60176  -21.391  -27.725  45.421 0.0000000000
60157  -21.046  -27.586  45.757 0.0000000000
59090  -20.967  -28.309  43.127 0.0000000000
91762  -47.185  -1.889  19.605 0.0000000000
92874  -47.349  -1.608  18.851 0.0000000000
92867  -50.305  -1.039  21.056 0.0000000000
93948  -50.261  -0.523  20.781 0.0000000000
93947  -49.675  -0.598  20.296 0.0000000000
95046  -48.227  1.078  19.334 0.0000000000
96224  -48.181  1.492  20.540 0.0000000000
95045  -47.966  1.471  19.837 0.0000000000
98616  -46.099  3.852  21.175 0.0000000000
99747  -45.692  4.737  21.471 0.0000000000
99740  -46.792  5.024  22.767 0.0000000000
100919  -46.349  5.762  22.365 0.0000000000
103228  -46.254  7.185  22.279 0.0000000000
104326  -46.688  8.400  22.849 0.0000000000
104318  -47.206  8.615  23.305 0.0000000000
50770  -9.582  -33.142  50.908 0.0000000000
50769  -9.364  -33.598  51.211 0.0000000000
50839  -8.884  -35.885  47.913 0.0000000000
49628  -8.568  -36.441  48.153 0.0000000000
75544  -29.883  -15.416  35.235 0.0000000000
85403  -36.874  -7.674  29.297 0.0000000000
72988  -35.245  -17.196  27.931 0.0000000000
75681  -36.353  -15.333  28.036 0.0000000000
78334  -35.956  -13.213  28.937 0.0000000000
78338  -39.471  -13.656  30.352 0.0000000000
78337  -38.681  -13.549  29.782 0.0000000000
80742  -39.110  -11.963  30.138 0.0000000000
79505  -38.424  -12.679  29.896 0.0000000000
79493  -36.541  -11.545  29.574 0.0000000000
80720  -36.469  -10.989  29.590 0.0000000000
81996  -36.736  -10.206  29.784 0.0000000000
84293  -37.469  -7.981  29.575 0.0000000000
86628  -37.401  -7.009  29.278 0.0000000000
86630  -38.756  -6.676  29.567 0.0000000000
86632  -41.132  -6.223  29.441 0.0000000000
86624  -40.315  -6.970  30.287 0.0000000000
86626  -41.496  -6.046  30.072 0.0000000000
86633  -41.673  -5.640  29.682 0.0000000000
89225  -44.583  -4.438  30.087 0.0000000000
86618  -42.014  -5.959  32.638 0.0000000000
51939  -11.190  -32.731  53.310 0.0000000000
51947  -10.031  -32.706  52.065 0.0000000000
51980  -10.918  -33.924  49.167 0.0000000000
50750  -9.127  -34.225  51.899 0.0000000000
49552  -8.465  -34.602  51.633 0.0000000000
49551  -8.166  -34.693  51.880 0.0000000000
48276  -7.747  -34.769  52.038 0.0000000000
47141  -7.167  -37.988  48.291 0.0000000000
47126  -6.829  -36.995  48.556 0.0000000000
47113  -6.804  -36.358  49.070 0.0000000000
48259  -7.043  -34.989  52.252 0.0000000000
48258  -6.793  -35.069  51.967 0.0000000000
49549  -6.398  -35.200  51.776 0.0000000000
50767  -6.170  -35.788  50.043 0.0000000000
50766  -5.841  -35.509  50.533 0.0000000000
49573  -5.716  -35.228  51.275 0.0000000000
49591  -5.446  -34.836  51.178 0.0000000000
46022  -4.966  -39.659  48.273 0.0000000000
45996  -4.865  -38.448  48.411 0.0000000000
48310  -4.882  -37.152  48.713 0.0000000000
44869  -6.068  -39.054  48.279 0.0000000000
47110  -5.948  -37.004  49.370 0.0000000000
48273  -6.769  -35.262  51.575 0.0000000000
48312  -7.450  -36.801  48.550 0.0000000000
48320  -7.676  -37.033  48.381 0.0000000000
49526  -7.567  -34.493  53.119 0.0000000000
49572  -5.595  -34.617  51.859 0.0000000000
49575  -6.691  -35.497  50.791 0.0000000000
49593  -5.823  -35.923  49.778 0.0000000000
49596  -8.128  -34.958  50.526 0.0000000000
49613  -7.685  -36.690  48.593 0.0000000000
49616  -8.556  -36.157  48.759 0.0000000000
49625  -7.571  -36.868  48.510 0.0000000000
49626  -7.797  -36.826  48.423 0.0000000000
50749  -5.421  -34.397  52.728 0.0000000000
50787  -8.110  -36.006  49.346 0.0000000000
50814  -8.081  -36.238  49.123 0.0000000000
50815  -8.400  -36.079  49.145 0.0000000000
50857  -9.415  -35.961  47.543 0.0000000000
51955  -9.544  -33.057  51.163 0.0000000000
54527  -11.931  -33.013  49.981 0.0000000000
54537  -12.095  -32.889  49.856 0.0000000000
56780  -25.627  -28.822  46.818 0.0000000000
56799  -25.771  -28.488  46.724 0.0000000000
57883  -15.445  -28.150  48.273 0.0000000000
57936  -25.514  -28.396  45.736 0.0000000000
57956  -25.642  -28.143  45.727 0.0000000000
58969  -19.041  -27.594  49.906 0.0000000000
59091  -21.249  -28.463  43.281 0.0000000000
60131  -15.778  -27.843  47.633 0.0000000000
60139  -27.162  -27.220  49.292 0.0000000000
60218  -24.756  -26.782  43.072 0.0000000000
61265  -26.946  -26.909  49.336 0.0000000000
61295  -25.966  -26.057  46.931 0.0000000000
61296  -25.898  -26.584  46.739 0.0000000000
61304  -25.611  -26.827  45.247 0.0000000000
61305  -25.743  -26.736  45.965 0.0000000000
61318  -24.915  -25.972  43.227 0.0000000000
62412  -27.163  -25.552  49.470 0.0000000000
62439  -25.735  -25.041  46.417 0.0000000000
62440  -25.893  -25.763  46.232 0.0000000000
62460  -24.905  -25.496  43.816 0.0000000000
62471  -25.053  -25.603  43.235 0.0000000000
63697  -26.266  -25.095  47.985 0.0000000000
66124  -27.702  -21.434  49.142 0.0000000000
66125  -28.295  -21.863  49.865 0.0000000000
66189  -25.373  -22.172  44.522 0.0000000000
66197  -32.133  -20.306  46.147 0.0000000000
66250  -31.598  -20.582  43.856 0.0000000000
67414  -29.614  -20.931  50.388 0.0000000000
67426  -28.099  -21.140  48.816 0.0000000000
67483  -32.370  -20.404  46.674 0.0000000000
67516  -25.126  -21.874  42.701 0.0000000000
67518  -31.716  -20.674  44.310 0.0000000000
67520  -32.705  -20.086  44.697 0.0000000000
67545  -30.352  -20.953  41.497 0.0000000000
67561  -25.161  -20.631  40.190 0.0000000000
67562  -29.791  -20.698  40.837 0.0000000000
68718  -30.476  -20.807  50.454 0.0000000000
68719  -30.672  -20.733  50.557 0.0000000000
68728  -30.397  -20.786  50.250 0.0000000000
68729  -30.701  -20.675  50.240 0.0000000000
68779  -32.857  -20.098  45.150 0.0000000000
68821  -30.149  -20.981  41.078 0.0000000000
68822  -30.281  -20.755  41.171 0.0000000000
68837  -30.154  -20.706  40.976 0.0000000000
68840  -32.406  -19.189  41.596 0.0000000000
70151  -32.530  -18.687  41.489 0.0000000000
70182  -29.074  -18.796  37.789 0.0000000000
70184  -30.150  -18.196  38.826 0.0000000000
71460  -32.764  -17.639  42.069 0.0000000000
71494  -32.102  -17.099  39.759 0.0000000000
71607  -39.829  -16.518  32.330 0.0000000000
71608  -40.131  -16.447  32.325 0.0000000000
71627  -38.153  -16.049  31.276 0.0000000000
71629  -39.436  -16.561  31.871 0.0000000000
71630  -39.932  -16.518  31.983 0.0000000000
71650  -38.342  -16.234  31.208 0.0000000000
71666  -37.403  -17.058  30.270 0.0000000000
71668  -37.978  -16.132  30.874 0.0000000000
71669  -38.458  -16.243  31.013 0.0000000000
72743  -33.938  -16.527  42.613 0.0000000000
72744  -34.043  -16.011  42.580 0.0000000000
72752  -32.933  -16.453  41.364 0.0000000000
72753  -32.958  -16.792  41.655 0.0000000000
72755  -33.903  -15.875  42.418 0.0000000000
72763  -32.744  -16.539  41.236 0.0000000000
72765  -33.673  -15.907  42.060 0.0000000000
72795  -29.771  -17.300  37.775 0.0000000000
72814  -29.755  -17.598  37.756 0.0000000000
72897  -40.412  -16.233  32.771 0.0000000000
72919  -37.903  -15.903  31.443 0.0000000000
72922  -40.861  -15.703  32.147 0.0000000000
72940  -36.574  -16.601  31.317 0.0000000000
72944  -39.369  -16.156  30.983 0.0000000000
72945  -40.012  -16.213  31.559 0.0000000000
72946  -40.531  -15.996  31.853 0.0000000000
72962  -37.511  -16.907  30.075 0.0000000000
72963  -37.756  -16.000  30.438 0.0000000000
72964  -38.600  -16.212  30.856 0.0000000000
74058  -34.135  -16.145  42.714 0.0000000000
74064  -32.889  -16.313  41.160 0.0000000000
74065  -33.180  -16.247  41.376 0.0000000000
74074  -33.593  -15.635  41.577 0.0000000000
74075  -33.896  -15.146  41.901 0.0000000000
74082  -31.436  -15.874  39.027 0.0000000000
74093  -31.194  -16.051  38.777 0.0000000000
74094  -31.624  -16.244  39.246 0.0000000000
74104  -30.505  -16.384  38.149 0.0000000000
74106  -31.428  -16.660  39.010 0.0000000000
74161  -36.528  -15.055  32.466 0.0000000000
74201  -36.179  -15.157  31.946 0.0000000000
74204  -41.139  -15.474  31.970 0.0000000000
74228  -38.980  -15.668  30.516 0.0000000000
74229  -39.407  -15.765  30.779 0.0000000000
74230  -39.957  -15.637  31.214 0.0000000000
74253  -40.389  -15.384  31.134 0.0000000000
74254  -40.693  -15.336  30.969 0.0000000000
74270  -36.982  -16.457  28.715 0.0000000000
74290  -37.420  -16.206  29.090 0.0000000000
75447  -34.038  -14.681  41.200 0.0000000000
75473  -31.373  -15.741  38.852 0.0000000000
75474  -31.585  -15.666  39.061 0.0000000000
75477  -35.803  -13.872  40.144 0.0000000000
75486  -30.870  -15.881  38.448 0.0000000000
75514  -32.467  -14.631  36.991 0.0000000000
75515  -32.699  -14.063  37.105 0.0000000000
75568  -36.859  -14.739  32.676 0.0000000000
75592  -36.166  -14.944  32.183 0.0000000000
75638  -36.141  -15.496  30.737 0.0000000000
75640  -39.750  -15.367  30.940 0.0000000000
75656  -39.576  -15.163  30.630 0.0000000000
75657  -40.232  -15.112  30.949 0.0000000000
75658  -41.014  -15.096  30.701 0.0000000000
75672  -39.248  -14.881  30.208 0.0000000000
75673  -39.825  -14.812  30.703 0.0000000000
76816  -37.104  -13.790  42.163 0.0000000000
76826  -34.209  -14.511  41.043 0.0000000000
76829  -36.887  -13.831  41.946 0.0000000000
76841  -34.328  -14.469  40.492 0.0000000000
76868  -32.804  -14.795  38.887 0.0000000000
76915  -31.474  -14.775  36.726 0.0000000000
76971  -35.998  -13.541  33.618 0.0000000000
76997  -36.781  -14.156  32.761 0.0000000000
77020  -34.762  -13.799  32.545 0.0000000000
77049  -41.467  -13.940  30.777 0.0000000000
77050  -41.635  -14.115  31.276 0.0000000000
77060  -40.634  -13.873  30.613 0.0000000000
77061  -40.734  -14.304  30.619 0.0000000000
77062  -41.339  -14.501  30.773 0.0000000000
78188  -33.830  -14.138  39.392 0.0000000000
78201  -33.891  -13.762  39.129 0.0000000000
78202  -34.178  -13.640  39.091 0.0000000000
78204  -35.856  -13.492  38.350 0.0000000000
78222  -35.599  -13.584  38.259 0.0000000000
78237  -38.165  -13.350  34.828 0.0000000000
78253  -37.465  -13.367  34.630 0.0000000000
78288  -36.808  -13.610  33.323 0.0000000000
78289  -37.266  -13.920  33.138 0.0000000000
78318  -41.439  -13.366  30.755 0.0000000000
78328  -40.412  -13.937  30.665 0.0000000000
78339  -40.053  -14.038  30.765 0.0000000000
79471  -41.785  -12.858  31.540 0.0000000000
79472  -41.924  -13.370  31.636 0.0000000000
79483  -42.875  -13.341  31.252 0.0000000000
79492  -36.109  -11.556  29.338 0.0000000000
80694  -41.743  -12.713  32.029 0.0000000000
80704  -40.279  -11.502  31.085 0.0000000000
80721  -36.880  -10.872  30.220 0.0000000000
80722  -40.122  -11.465  30.889 0.0000000000
80738  -35.389  -11.304  28.924 0.0000000000
81967  -39.890  -10.360  32.412 0.0000000000
81986  -39.941  -11.164  31.411 0.0000000000
81987  -39.677  -10.689  31.279 0.0000000000
81994  -35.396  -10.136  29.333 0.0000000000
81998  -40.071  -11.302  31.086 0.0000000000
82000  -39.521  -10.505  31.040 0.0000000000
82009  -35.539  -10.746  29.201 0.0000000000
82010  -38.205  -10.763  30.298 0.0000000000
83159  -39.469  -8.806  30.922 0.0000000000
83186  -35.477  -9.787  29.235 0.0000000000
83192  -39.438  -10.274  31.004 0.0000000000
83208  -36.107  -8.958  28.812 0.0000000000
83210  -38.866  -10.373  30.292 0.0000000000
83211  -39.081  -10.379  30.433 0.0000000000
84292  -37.234  -8.076  29.478 0.0000000000
84295  -39.392  -8.172  30.725 0.0000000000
85395  -37.086  -7.905  29.389 0.0000000000
85396  -37.293  -7.830  29.499 0.0000000000
85404  -37.358  -7.486  29.440 0.0000000000
85410  -36.531  -7.425  28.756 0.0000000000
85411  -36.930  -7.290  29.168 0.0000000000
86639  -36.739  -6.994  28.600 0.0000000000
87917  -41.504  -5.394  29.109 0.0000000000
87927  -39.078  -5.917  28.369 0.0000000000
87931  -42.620  -4.720  29.167 0.0000000000
87934  -47.320  -3.541  27.765 0.0000000000
87945  -47.255  -3.734  27.411 0.0000000000
87962  -44.479  -4.600  26.399 0.0000000000
87963  -44.754  -4.705  26.150 0.0000000000
87964  -46.912  -4.821  26.118 0.0000000000
87971  -47.312  -4.831  25.273 0.0000000000
89230  -41.795  -4.696  28.894 0.0000000000
89232  -44.664  -4.138  29.270 0.0000000000
89244  -43.212  -4.402  28.319 0.0000000000
89253  -40.621  -4.072  27.246 0.0000000000
89267  -44.238  -4.013  26.419 0.0000000000
89276  -44.857  -4.540  25.894 0.0000000000
89277  -46.607  -4.565  25.472 0.0000000000
89284  -46.935  -4.711  24.932 0.0000000000
89285  -47.294  -4.492  25.025 0.0000000000
89293  -43.398  -3.093  23.076 0.0000000000
90446  -44.902  -3.828  29.257 0.0000000000
90449  -47.072  -3.606  29.653 0.0000000000
90476  -41.108  -3.769  27.097 0.0000000000
90488  -43.031  -3.326  26.571 0.0000000000
90490  -45.274  -4.310  25.791 0.0000000000
90491  -45.582  -4.123  25.774 0.0000000000
91700  -42.676  -2.845  26.153 0.0000000000
91708  -42.736  -2.701  25.836 0.0000000000
91709  -42.937  -2.649  25.963 0.0000000000
91721  -42.988  -2.613  23.899 0.0000000000
91722  -43.189  -2.598  24.032 0.0000000000
91732  -48.905  -3.068  22.075 0.0000000000
95039  -47.899  1.229  20.098 0.0000000000
99739  -46.185  4.847  22.104 0.0000000000
100907  -47.458  6.150  23.241 0.0000000000
100927  -44.582  6.033  20.832 0.0000000000
100929  -45.708  5.665  21.731 0.0000000000
102096  -45.107  6.588  21.368 0.0000000000
103223  -47.419  7.256  23.189 0.0000000000
103227  -45.691  7.491  21.751 0.0000000000
104332  -45.616  8.282  21.073 0.0000000000
104334  -44.797  8.374  20.076 0.0000000000
105454  -46.188  9.608  21.041 0.0000000000
