#!ascii label  , from subject 3128 vox2ras=TkReg
691
38931  -21.447  -41.467  46.060 0.0000000000
54257  -40.208  -29.151  36.843 0.0000000000
60335  -42.873  -22.774  35.650 0.0000000000
127269  -41.352  -16.334  30.277 0.0000000000
49712  -38.103  -32.563  37.662 0.0000000000
65299  -42.821  -19.804  33.068 0.0000000000
73417  -44.866  -13.100  25.298 0.0000000000
75496  -49.133  -10.240  23.726 0.0000000000
53134  -42.586  -29.919  33.214 0.0000000000
56763  -45.694  -26.317  32.723 0.0000000000
56744  -42.974  -26.290  35.589 0.0000000000
43890  -22.475  -37.896  50.160 0.0000000000
46215  -24.592  -34.837  47.884 0.0000000000
46229  -28.951  -35.846  47.051 0.0000000000
43965  -32.161  -37.711  44.855 0.0000000000
44002  -37.003  -36.818  42.224 0.0000000000
45249  -39.134  -36.386  39.182 0.0000000000
48586  -40.681  -33.456  35.583 0.0000000000
60388  -43.815  -23.327  32.779 0.0000000000
127397  -50.165  -8.541  22.780 0.0000000000
53094  -41.351  -29.692  35.896 0.0000000000
54288  -43.266  -28.188  36.310 0.0000000000
56726  -41.194  -27.636  36.579 0.0000000000
43918  -21.451  -36.975  47.861 0.0000000000
45069  -23.402  -36.049  48.476 0.0000000000
45215  -36.457  -36.253  40.968 0.0000000000
44046  -38.152  -36.550  41.131 0.0000000000
47449  -38.135  -35.091  39.775 0.0000000000
51919  -38.880  -30.409  37.949 0.0000000000
49695  -39.425  -32.354  38.088 0.0000000000
50836  -40.413  -31.445  36.516 0.0000000000
50871  -41.006  -31.480  34.766 0.0000000000
59141  -44.320  -24.179  35.727 0.0000000000
59187  -46.067  -24.818  32.525 0.0000000000
61617  -44.643  -22.659  34.668 0.0000000000
66477  -41.837  -17.456  31.533 0.0000000000
65322  -43.852  -19.483  31.918 0.0000000000
66498  -43.315  -18.286  30.474 0.0000000000
127257  -41.586  -18.182  29.089 0.0000000000
72258  -47.483  -13.546  25.573 0.0000000000
73377  -44.854  -13.329  27.435 0.0000000000
47482  -37.604  -34.599  38.329 0.0000000000
127260  -39.635  -17.136  28.758 0.0000000000
74501  -46.880  -12.211  24.252 0.0000000000
73421  -48.936  -12.556  24.934 0.0000000000
127382  -49.354  -9.931  20.516 0.0000000000
52021  -45.342  -31.041  32.093 0.0000000000
54317  -44.406  -27.985  33.164 0.0000000000
56746  -44.201  -26.227  35.383 0.0000000000
40232  -22.499  -39.983  48.046 0.0000000000
45096  -25.671  -35.596  46.442 0.0000000000
47349  -26.572  -34.647  47.446 0.0000000000
45114  -28.374  -36.722  45.816 0.0000000000
43948  -29.713  -37.668  45.764 0.0000000000
41555  -31.665  -38.679  44.072 0.0000000000
41558  -33.812  -39.200  43.073 0.0000000000
44000  -34.757  -37.702  43.147 0.0000000000
42849  -36.906  -39.406  39.601 0.0000000000
47468  -38.807  -34.700  38.775 0.0000000000
46399  -39.602  -35.407  37.096 0.0000000000
45284  -41.939  -36.450  35.644 0.0000000000
47533  -43.024  -34.475  34.512 0.0000000000
49798  -43.779  -32.696  33.493 0.0000000000
64092  -44.171  -20.636  34.169 0.0000000000
73352  -42.209  -13.773  28.724 0.0000000000
69829  -41.807  -15.157  28.509 0.0000000000
38922  -21.575  -41.465  47.434 0.0000000000
53066  -40.947  -29.594  37.066 0.0000000000
54270  -41.550  -28.944  36.571 0.0000000000
55473  -40.627  -28.432  36.695 0.0000000000
45233  -36.755  -36.320  39.883 0.0000000000
46324  -37.564  -35.758  41.239 0.0000000000
45234  -37.209  -35.749  39.536 0.0000000000
53064  -39.702  -29.861  37.284 0.0000000000
51902  -39.769  -30.815  38.258 0.0000000000
51921  -40.370  -30.447  37.646 0.0000000000
51938  -40.957  -30.076  36.462 0.0000000000
60365  -44.517  -23.595  34.869 0.0000000000
61588  -43.225  -22.378  35.914 0.0000000000
127270  -42.368  -16.521  31.083 0.0000000000
67600  -43.278  -17.084  31.106 0.0000000000
127265  -42.454  -17.447  30.182 0.0000000000
127263  -42.301  -18.318  29.416 0.0000000000
127266  -41.604  -16.800  30.118 0.0000000000
69893  -47.091  -14.867  25.228 0.0000000000
71045  -47.001  -14.751  26.574 0.0000000000
69891  -45.599  -15.529  25.101 0.0000000000
74510  -46.726  -11.934  23.592 0.0000000000
75487  -48.109  -10.980  24.583 0.0000000000
74497  -48.151  -12.070  25.156 0.0000000000
74504  -49.237  -11.477  24.896 0.0000000000
73430  -49.289  -12.049  24.002 0.0000000000
75497  -49.748  -10.313  23.396 0.0000000000
75515  -50.186  -9.549  21.521 0.0000000000
52002  -44.420  -30.986  32.877 0.0000000000
53136  -44.294  -29.716  32.320 0.0000000000
53135  -42.928  -29.392  32.812 0.0000000000
55486  -43.493  -27.441  36.378 0.0000000000
55499  -43.758  -27.556  35.683 0.0000000000
56736  -43.718  -26.768  36.019 0.0000000000
56745  -43.605  -26.119  35.661 0.0000000000
56753  -42.762  -25.853  35.021 0.0000000000
41514  -22.776  -39.246  47.482 0.0000000000
42705  -22.714  -38.073  49.006 0.0000000000
45070  -23.965  -35.336  48.040 0.0000000000
47369  -27.592  -34.649  46.266 0.0000000000
47351  -27.974  -35.261  47.167 0.0000000000
46239  -27.292  -35.703  47.111 0.0000000000
45099  -28.760  -36.456  46.594 0.0000000000
43947  -29.061  -37.317  45.598 0.0000000000
43934  -29.648  -37.162  46.216 0.0000000000
42756  -32.415  -38.079  44.876 0.0000000000
41556  -32.353  -39.079  43.667 0.0000000000
42757  -33.364  -38.321  44.348 0.0000000000
45172  -35.815  -36.712  42.413 0.0000000000
45171  -34.555  -37.446  42.726 0.0000000000
44001  -36.202  -37.486  42.499 0.0000000000
42792  -34.845  -38.456  42.746 0.0000000000
44022  -36.555  -38.087  42.078 0.0000000000
41603  -36.291  -39.891  40.490 0.0000000000
42810  -37.169  -38.384  40.817 0.0000000000
45236  -38.963  -36.193  39.772 0.0000000000
44066  -38.503  -37.053  39.812 0.0000000000
44087  -38.895  -37.110  38.702 0.0000000000
44098  -39.192  -37.369  37.433 0.0000000000
48559  -38.202  -34.045  38.459 0.0000000000
48560  -38.650  -33.649  38.502 0.0000000000
48585  -40.218  -33.453  36.485 0.0000000000
48572  -39.691  -33.242  37.476 0.0000000000
47502  -39.959  -34.411  36.849 0.0000000000
46400  -40.448  -35.470  36.358 0.0000000000
47504  -41.530  -34.856  35.378 0.0000000000
47519  -42.144  -34.348  34.906 0.0000000000
50890  -42.150  -31.298  33.604 0.0000000000
50873  -42.819  -32.387  34.082 0.0000000000
51985  -43.504  -31.244  33.313 0.0000000000
50907  -44.697  -31.590  32.669 0.0000000000
42693  -21.553  -38.078  50.129 0.0000000000
42682  -22.310  -38.494  50.463 0.0000000000
40215  -22.708  -40.173  50.278 0.0000000000
55530  -45.459  -27.714  32.241 0.0000000000
56774  -46.100  -26.497  31.835 0.0000000000
60389  -44.759  -23.990  33.038 0.0000000000
64082  -41.816  -20.583  34.086 0.0000000000
64084  -43.402  -20.734  34.754 0.0000000000
65300  -43.570  -19.945  33.723 0.0000000000
64133  -43.635  -20.460  30.475 0.0000000000
64116  -43.562  -20.783  31.503 0.0000000000
71017  -44.749  -14.279  27.937 0.0000000000
73362  -43.322  -13.320  28.674 0.0000000000
72204  -43.478  -14.067  29.199 0.0000000000
72193  -42.316  -14.163  29.064 0.0000000000
71015  -42.721  -14.700  28.234 0.0000000000
69840  -41.132  -15.562  27.874 0.0000000000
76503  -47.732  -9.629  22.384 0.0000000000
76496  -49.671  -9.673  23.183 0.0000000000
76504  -48.680  -9.136  22.476 0.0000000000
127390  -48.899  -8.035  21.391 0.0000000000
53108  -41.837  -29.295  35.172 0.0000000000
54302  -42.521  -28.747  34.591 0.0000000000
54287  -42.237  -28.671  35.856 0.0000000000
54271  -42.257  -28.246  36.753 0.0000000000
56734  -42.384  -27.170  36.221 0.0000000000
43898  -22.034  -37.506  49.823 0.0000000000
43899  -22.811  -37.384  49.544 0.0000000000
47339  -23.853  -34.801  47.731 0.0000000000
46293  -36.814  -36.043  42.085 0.0000000000
45196  -37.858  -36.278  41.990 0.0000000000
46325  -38.028  -35.698  41.674 0.0000000000
46344  -38.237  -35.605  40.583 0.0000000000
46345  -38.828  -35.558  39.977 0.0000000000
50803  -38.666  -31.558  38.391 0.0000000000
49694  -38.937  -32.486  38.484 0.0000000000
50804  -39.396  -31.502  38.359 0.0000000000
49713  -39.796  -32.145  37.456 0.0000000000
49735  -40.305  -32.462  36.117 0.0000000000
49759  -40.943  -32.640  35.281 0.0000000000
50852  -40.601  -31.648  35.468 0.0000000000
53106  -40.795  -30.351  35.413 0.0000000000
43917  -21.099  -37.780  48.238 0.0000000000
57978  -45.395  -25.312  33.806 0.0000000000
57987  -45.936  -25.395  32.996 0.0000000000
59157  -45.223  -24.544  34.109 0.0000000000
61632  -45.179  -23.240  34.085 0.0000000000
61631  -44.834  -22.601  33.815 0.0000000000
65309  -42.594  -18.641  32.204 0.0000000000
65310  -43.340  -19.016  32.377 0.0000000000
65321  -43.555  -18.725  31.780 0.0000000000
66499  -44.108  -19.055  31.013 0.0000000000
73408  -46.501  -13.075  25.695 0.0000000000
73406  -44.784  -13.019  26.194 0.0000000000
72237  -45.994  -13.595  26.744 0.0000000000
71018  -45.729  -14.350  27.592 0.0000000000
54255  -39.467  -29.396  36.376 0.0000000000
51918  -38.861  -30.662  36.876 0.0000000000
61603  -41.986  -22.357  35.471 0.0000000000
65320  -41.280  -19.740  31.300 0.0000000000
66484  -40.959  -18.328  30.630 0.0000000000
127254  -41.001  -17.083  31.321 0.0000000000
127255  -40.877  -16.844  30.940 0.0000000000
73418  -45.763  -13.116  25.035 0.0000000000
73409  -47.448  -12.660  25.345 0.0000000000
72259  -48.333  -13.240  25.067 0.0000000000
71098  -47.859  -14.178  23.989 0.0000000000
75498  -50.239  -9.691  23.021 0.0000000000
75513  -49.301  -10.602  22.114 0.0000000000
53153  -45.375  -29.964  31.976 0.0000000000
54328  -44.736  -28.499  32.362 0.0000000000
55521  -44.967  -27.302  32.945 0.0000000000
54303  -43.171  -28.094  35.180 0.0000000000
55510  -43.817  -27.471  34.538 0.0000000000
56754  -44.863  -26.177  34.305 0.0000000000
57969  -44.172  -25.110  35.604 0.0000000000
57961  -43.807  -24.365  36.132 0.0000000000
56741  -40.680  -27.804  35.822 0.0000000000
56742  -41.014  -27.453  35.561 0.0000000000
57975  -42.005  -25.854  34.021 0.0000000000
38923  -22.042  -40.560  47.524 0.0000000000
40242  -22.379  -39.988  47.018 0.0000000000
45112  -26.109  -36.007  45.558 0.0000000000
47345  -23.425  -34.874  46.998 0.0000000000
47340  -24.659  -34.359  47.839 0.0000000000
47348  -25.756  -34.369  47.530 0.0000000000
45097  -26.769  -35.906  46.492 0.0000000000
42771  -29.611  -38.359  43.570 0.0000000000
41568  -30.988  -38.728  43.542 0.0000000000
45154  -32.391  -37.419  43.818 0.0000000000
43998  -33.505  -37.400  43.706 0.0000000000
43985  -34.031  -37.816  44.102 0.0000000000
42775  -34.020  -38.415  43.640 0.0000000000
41572  -34.208  -39.493  42.431 0.0000000000
44045  -37.654  -37.648  40.478 0.0000000000
47466  -37.825  -34.748  39.221 0.0000000000
47450  -38.586  -35.155  39.650 0.0000000000
47451  -38.849  -35.231  39.491 0.0000000000
48561  -39.238  -33.432  38.387 0.0000000000
47483  -39.464  -34.411  37.901 0.0000000000
46378  -39.137  -35.464  38.117 0.0000000000
45273  -40.165  -36.384  36.585 0.0000000000
44111  -40.933  -37.263  36.388 0.0000000000
47534  -43.398  -34.418  33.913 0.0000000000
48609  -42.808  -33.636  34.638 0.0000000000
48610  -43.353  -33.697  34.257 0.0000000000
47550  -43.288  -33.652  33.079 0.0000000000
49814  -43.498  -32.720  32.318 0.0000000000
38915  -22.151  -40.844  48.460 0.0000000000
62838  -43.434  -21.708  35.661 0.0000000000
62873  -44.383  -21.657  34.021 0.0000000000
62892  -44.245  -21.901  33.286 0.0000000000
65311  -44.062  -19.821  33.250 0.0000000000
62891  -43.657  -21.418  32.452 0.0000000000
61657  -43.158  -22.430  32.411 0.0000000000
127264  -39.775  -16.620  28.789 0.0000000000
71000  -40.766  -16.126  29.673 0.0000000000
73394  -43.649  -13.013  27.114 0.0000000000
73392  -42.344  -13.378  27.530 0.0000000000
72191  -41.047  -14.496  28.407 0.0000000000
71005  -41.537  -14.906  28.854 0.0000000000
69828  -41.148  -16.167  29.166 0.0000000000
69839  -40.617  -16.452  28.115 0.0000000000
54258  -41.128  -28.733  36.907 0.0000000000
44063  -35.741  -37.226  39.647 0.0000000000
45248  -37.089  -35.966  39.053 0.0000000000
53065  -40.349  -29.736  37.297 0.0000000000
59125  -43.274  -23.183  35.609 0.0000000000
60337  -43.446  -23.003  35.678 0.0000000000
60336  -43.120  -22.744  35.758 0.0000000000
127271  -41.802  -16.382  30.964 0.0000000000
127268  -41.818  -16.481  30.669 0.0000000000
71081  -47.019  -14.933  24.725 0.0000000000
74518  -47.824  -10.765  23.099 0.0000000000
75495  -48.242  -10.447  24.003 0.0000000000
75488  -48.829  -10.811  24.574 0.0000000000
75489  -49.398  -10.814  24.266 0.0000000000
52001  -43.345  -30.353  32.728 0.0000000000
56735  -43.196  -26.823  36.361 0.0000000000
42694  -22.827  -38.338  50.112 0.0000000000
45080  -24.120  -35.449  47.788 0.0000000000
47370  -28.145  -35.014  46.647 0.0000000000
47358  -27.543  -34.681  47.029 0.0000000000
46228  -28.410  -35.661  47.073 0.0000000000
45082  -28.670  -36.010  47.141 0.0000000000
45083  -28.910  -36.072  47.164 0.0000000000
42742  -32.037  -37.772  45.162 0.0000000000
43966  -33.270  -37.857  44.589 0.0000000000
44023  -37.275  -37.241  41.698 0.0000000000
44067  -38.951  -36.658  39.419 0.0000000000
45260  -39.138  -36.378  38.389 0.0000000000
48571  -37.826  -33.691  37.760 0.0000000000
49693  -38.361  -32.778  38.295 0.0000000000
47503  -40.732  -34.503  35.917 0.0000000000
47518  -41.309  -34.133  35.351 0.0000000000
51984  -42.553  -30.654  33.258 0.0000000000
50891  -42.782  -31.598  33.752 0.0000000000
43889  -22.186  -37.974  50.374 0.0000000000
42681  -21.812  -38.369  50.413 0.0000000000
41496  -22.983  -39.200  49.751 0.0000000000
55522  -45.733  -27.074  32.277 0.0000000000
59185  -44.439  -24.324  32.475 0.0000000000
59184  -43.505  -23.968  32.461 0.0000000000
65298  -42.180  -20.285  33.400 0.0000000000
65293  -42.953  -20.017  34.180 0.0000000000
72270  -43.959  -13.357  24.951 0.0000000000
71030  -44.426  -14.619  27.642 0.0000000000
72205  -43.977  -13.915  28.537 0.0000000000
71007  -43.191  -14.244  29.252 0.0000000000
53095  -41.731  -29.160  35.791 0.0000000000
54259  -41.703  -28.156  37.015 0.0000000000
55475  -41.981  -27.894  36.992 0.0000000000
55484  -41.824  -27.651  36.604 0.0000000000
43906  -21.695  -37.186  48.810 0.0000000000
47338  -23.354  -35.139  47.649 0.0000000000
44043  -35.835  -36.719  40.742 0.0000000000
45214  -35.991  -36.308  41.318 0.0000000000
46292  -36.334  -36.109  42.035 0.0000000000
46310  -36.800  -35.877  41.653 0.0000000000
46311  -37.466  -35.594  41.994 0.0000000000
46343  -37.500  -35.546  40.086 0.0000000000
50819  -38.637  -31.024  38.209 0.0000000000
51901  -39.162  -30.846  38.393 0.0000000000
50821  -40.227  -31.337  37.466 0.0000000000
50805  -40.034  -31.141  38.143 0.0000000000
49714  -40.239  -32.010  36.962 0.0000000000
51954  -40.939  -30.051  36.050 0.0000000000
53093  -40.900  -30.068  35.667 0.0000000000
53107  -41.068  -30.005  34.885 0.0000000000
43905  -21.370  -37.869  49.254 0.0000000000
57977  -44.679  -25.285  34.650 0.0000000000
59156  -44.589  -24.405  34.852 0.0000000000
61618  -44.890  -23.276  34.442 0.0000000000
60377  -45.006  -23.577  33.577 0.0000000000
66478  -42.882  -17.776  31.706 0.0000000000
66485  -43.418  -17.990  31.524 0.0000000000
65338  -43.720  -19.514  30.434 0.0000000000
65352  -43.017  -19.348  29.310 0.0000000000
72257  -47.032  -13.288  25.743 0.0000000000
73397  -46.061  -13.384  26.325 0.0000000000
72238  -46.714  -13.569  26.554 0.0000000000
71031  -45.423  -14.818  27.506 0.0000000000
53062  -39.254  -30.058  36.136 0.0000000000
127259  -39.909  -17.664  29.125 0.0000000000
73428  -46.428  -12.503  23.966 0.0000000000
73427  -45.626  -12.973  23.993 0.0000000000
73419  -46.671  -12.495  24.809 0.0000000000
73420  -47.336  -12.254  25.022 0.0000000000
73411  -49.189  -12.077  25.244 0.0000000000
73410  -48.424  -12.513  25.138 0.0000000000
71083  -48.208  -13.818  24.648 0.0000000000
72272  -48.559  -13.140  24.471 0.0000000000
72286  -48.053  -13.540  23.502 0.0000000000
72287  -48.502  -13.116  23.763 0.0000000000
73441  -49.329  -11.767  23.489 0.0000000000
76505  -49.733  -8.850  22.842 0.0000000000
76497  -50.193  -9.291  23.071 0.0000000000
76498  -50.394  -9.054  22.875 0.0000000000
75514  -49.828  -10.130  22.273 0.0000000000
52020  -44.939  -31.179  31.600 0.0000000000
52038  -45.276  -30.508  31.608 0.0000000000
54327  -43.713  -28.879  32.531 0.0000000000
53152  -44.838  -29.326  31.989 0.0000000000
55487  -43.944  -27.018  35.816 0.0000000000
55500  -44.291  -26.939  35.061 0.0000000000
55511  -44.555  -26.985  34.013 0.0000000000
57968  -43.649  -25.096  35.853 0.0000000000
42717  -22.971  -38.301  47.876 0.0000000000
45061  -23.041  -36.737  49.152 0.0000000000
43900  -23.161  -36.905  49.009 0.0000000000
45111  -24.887  -35.894  45.606 0.0000000000
45128  -25.349  -36.075  44.501 0.0000000000
47357  -23.932  -34.397  46.159 0.0000000000
47346  -24.326  -34.205  47.249 0.0000000000
46225  -25.910  -34.838  47.325 0.0000000000
45098  -27.805  -36.226  46.688 0.0000000000
45113  -27.251  -36.411  45.685 0.0000000000
45130  -27.853  -36.873  44.656 0.0000000000
45150  -27.639  -37.264  44.018 0.0000000000
43963  -29.483  -37.690  45.002 0.0000000000
43962  -28.622  -37.508  44.622 0.0000000000
42752  -29.140  -37.922  44.079 0.0000000000
42753  -29.950  -38.048  44.484 0.0000000000
42755  -31.569  -38.224  44.973 0.0000000000
42754  -30.708  -38.156  44.902 0.0000000000
42773  -31.117  -38.474  44.382 0.0000000000
42772  -30.515  -38.474  43.949 0.0000000000
41569  -31.411  -39.076  43.123 0.0000000000
41557  -33.202  -39.185  43.466 0.0000000000
41570  -32.323  -39.454  42.858 0.0000000000
41571  -33.208  -39.577  42.586 0.0000000000
41584  -33.308  -39.690  41.568 0.0000000000
45170  -33.576  -37.371  43.067 0.0000000000
43999  -33.973  -37.521  43.585 0.0000000000
43986  -34.444  -37.942  43.691 0.0000000000
41573  -35.203  -39.477  42.093 0.0000000000
41585  -34.475  -39.870  41.237 0.0000000000
42829  -36.700  -39.161  40.281 0.0000000000
41615  -36.593  -39.884  39.684 0.0000000000
46361  -37.355  -35.314  39.030 0.0000000000
47467  -38.342  -34.614  39.033 0.0000000000
45272  -39.406  -36.376  37.313 0.0000000000
45274  -41.128  -36.415  36.164 0.0000000000
44112  -41.543  -37.202  35.792 0.0000000000
46428  -42.662  -35.156  34.756 0.0000000000
50853  -41.233  -32.074  34.925 0.0000000000
49760  -41.730  -32.710  34.842 0.0000000000
49782  -42.453  -32.844  34.520 0.0000000000
50874  -43.143  -32.685  33.939 0.0000000000
49784  -43.327  -32.983  33.854 0.0000000000
47535  -43.407  -33.787  33.500 0.0000000000
48620  -43.689  -33.107  33.283 0.0000000000
48633  -43.641  -33.086  32.787 0.0000000000
48621  -44.098  -32.843  33.079 0.0000000000
50928  -45.046  -31.371  32.348 0.0000000000
50927  -44.666  -31.721  32.165 0.0000000000
40224  -22.516  -40.025  49.173 0.0000000000
58002  -46.169  -25.599  32.167 0.0000000000
59203  -46.047  -25.102  31.831 0.0000000000
62836  -41.776  -21.651  35.358 0.0000000000
62837  -42.601  -21.803  35.743 0.0000000000
64085  -43.953  -21.046  34.765 0.0000000000
64103  -43.786  -20.686  32.196 0.0000000000
62908  -43.094  -21.603  31.630 0.0000000000
69817  -40.458  -15.407  28.723 0.0000000000
73395  -44.497  -13.017  27.014 0.0000000000
73361  -42.684  -13.329  28.543 0.0000000000
73375  -43.145  -13.009  27.939 0.0000000000
73373  -42.252  -13.348  27.842 0.0000000000
72214  -41.214  -13.800  27.400 0.0000000000
72203  -41.652  -13.869  28.124 0.0000000000
72202  -40.801  -14.257  28.075 0.0000000000
71006  -42.432  -14.493  28.962 0.0000000000
69818  -41.254  -15.208  28.811 0.0000000000
53080  -41.252  -29.586  36.588 0.0000000000
54286  -41.617  -29.180  36.169 0.0000000000
56725  -40.814  -27.926  36.515 0.0000000000
44044  -36.312  -36.502  40.463 0.0000000000
46323  -37.097  -35.948  40.761 0.0000000000
46342  -37.152  -35.885  40.305 0.0000000000
51920  -39.698  -30.292  37.982 0.0000000000
51937  -40.611  -30.650  36.913 0.0000000000
51922  -40.910  -30.076  37.029 0.0000000000
59127  -44.017  -23.967  36.145 0.0000000000
60338  -43.761  -23.485  35.842 0.0000000000
60349  -44.089  -22.914  35.610 0.0000000000
61606  -44.155  -22.419  35.439 0.0000000000
67592  -43.151  -17.309  31.418 0.0000000000
67591  -42.686  -16.837  31.245 0.0000000000
67609  -43.136  -17.038  30.701 0.0000000000
66497  -42.648  -18.030  30.103 0.0000000000
69827  -41.394  -17.386  29.179 0.0000000000
71062  -47.311  -14.367  25.779 0.0000000000
72239  -47.222  -14.172  26.727 0.0000000000
69875  -46.837  -14.991  25.787 0.0000000000
69874  -46.258  -15.335  25.722 0.0000000000
74511  -47.609  -11.188  23.794 0.0000000000
74502  -47.570  -11.870  24.612 0.0000000000
74496  -47.650  -12.200  25.095 0.0000000000
74503  -48.522  -11.427  25.028 0.0000000000
74498  -48.835  -11.864  25.300 0.0000000000
73422  -49.437  -12.021  24.752 0.0000000000
73429  -48.938  -12.564  24.217 0.0000000000
74512  -49.579  -11.338  24.124 0.0000000000
74520  -49.649  -11.096  23.160 0.0000000000
127392  -50.490  -8.425  22.583 0.0000000000
77530  -50.550  -8.745  22.773 0.0000000000
76507  -50.398  -8.618  22.342 0.0000000000
127380  -50.563  -8.816  21.485 0.0000000000
52003  -45.206  -30.881  32.490 0.0000000000
53137  -45.017  -30.408  32.479 0.0000000000
54272  -43.000  -27.899  36.563 0.0000000000
57967  -43.138  -25.052  35.280 0.0000000000
41506  -22.908  -39.163  48.585 0.0000000000
46237  -25.462  -35.329  47.125 0.0000000000
46226  -26.959  -35.176  47.528 0.0000000000
46227  -27.922  -35.506  47.210 0.0000000000
45081  -28.228  -36.036  47.056 0.0000000000
43933  -29.010  -36.925  46.149 0.0000000000
41542  -32.096  -38.474  44.670 0.0000000000
41543  -32.525  -38.624  44.338 0.0000000000
41544  -33.006  -38.851  44.005 0.0000000000
42774  -33.407  -38.680  43.878 0.0000000000
45193  -35.039  -36.965  42.039 0.0000000000
45192  -34.019  -37.274  42.178 0.0000000000
42793  -35.972  -38.699  42.265 0.0000000000
42809  -36.477  -38.841  41.333 0.0000000000
45235  -38.641  -36.090  40.535 0.0000000000
44086  -38.103  -38.101  38.513 0.0000000000
44110  -40.018  -37.307  36.725 0.0000000000
48570  -37.376  -34.443  37.534 0.0000000000
46401  -41.356  -35.570  35.792 0.0000000000
46417  -42.242  -35.547  35.264 0.0000000000
50872  -41.843  -31.843  34.229 0.0000000000
50892  -43.510  -32.149  33.685 0.0000000000
49799  -44.294  -32.475  33.140 0.0000000000
51986  -44.027  -31.600  33.356 0.0000000000
42680  -21.476  -38.510  50.235 0.0000000000
41485  -21.907  -39.194  50.661 0.0000000000
59186  -45.519  -24.566  32.178 0.0000000000
59202  -45.735  -24.935  31.760 0.0000000000
58000  -44.933  -24.868  31.795 0.0000000000
64073  -41.714  -20.986  34.901 0.0000000000
64074  -42.485  -21.109  35.232 0.0000000000
64083  -42.464  -20.558  34.567 0.0000000000
64091  -43.857  -20.282  34.189 0.0000000000
65301  -43.990  -20.129  33.875 0.0000000000
65339  -44.144  -19.822  31.081 0.0000000000
64134  -43.928  -20.288  31.172 0.0000000000
72206  -45.195  -13.967  27.913 0.0000000000
73376  -44.084  -12.919  27.981 0.0000000000
73363  -43.812  -13.505  28.625 0.0000000000
73354  -43.326  -13.622  29.213 0.0000000000
73353  -42.789  -13.591  29.244 0.0000000000
72194  -43.048  -14.009  29.515 0.0000000000
75503  -48.406  -10.121  22.954 0.0000000000
75504  -49.185  -9.581  23.067 0.0000000000
77537  -49.361  -8.571  22.419 0.0000000000
76514  -48.622  -8.328  21.973 0.0000000000
127398  -49.956  -8.247  22.144 0.0000000000
127406  -49.880  -7.773  21.689 0.0000000000
53121  -42.085  -29.638  33.845 0.0000000000
55485  -42.639  -27.612  36.599 0.0000000000
45060  -22.716  -36.709  49.178 0.0000000000
45068  -22.673  -36.012  48.536 0.0000000000
46213  -23.367  -35.409  48.067 0.0000000000
46214  -24.019  -35.106  47.996 0.0000000000
43983  -31.993  -37.515  44.430 0.0000000000
45173  -36.814  -36.449  42.219 0.0000000000
45174  -37.483  -36.295  42.144 0.0000000000
46295  -37.770  -35.896  42.271 0.0000000000
45197  -38.265  -36.002  41.923 0.0000000000
45216  -38.315  -35.917  41.269 0.0000000000
46362  -39.067  -35.642  39.213 0.0000000000
50802  -38.285  -32.014  38.167 0.0000000000
50820  -39.760  -31.637  37.952 0.0000000000
49734  -39.993  -32.642  36.901 0.0000000000
51953  -40.656  -30.607  35.966 0.0000000000
51967  -40.763  -30.816  35.113 0.0000000000
51968  -41.071  -30.885  34.335 0.0000000000
53120  -41.403  -30.315  34.145 0.0000000000
43897  -21.493  -37.911  49.838 0.0000000000
56755  -45.486  -25.945  33.482 0.0000000000
59171  -45.709  -24.668  33.319 0.0000000000
60366  -44.993  -23.801  34.293 0.0000000000
60378  -45.322  -23.995  33.687 0.0000000000
59170  -45.534  -24.238  33.010 0.0000000000
61643  -44.428  -22.952  33.325 0.0000000000
65308  -41.831  -19.615  32.171 0.0000000000
66486  -43.755  -18.647  31.351 0.0000000000
73407  -45.578  -13.079  25.907 0.0000000000
73396  -45.373  -13.305  26.729 0.0000000000
72217  -45.731  -13.704  27.349 0.0000000000
72219  -46.986  -14.415  27.142 0.0000000000
71019  -46.267  -14.305  27.437 0.0000000000
72207  -45.986  -14.060  27.582 0.0000000000
54256  -39.651  -29.342  36.694 0.0000000000
55472  -39.946  -28.783  36.508 0.0000000000
55482  -39.566  -28.870  36.324 0.0000000000
50818  -38.415  -31.410  37.668 0.0000000000
53063  -39.464  -30.122  36.825 0.0000000000
60346  -41.269  -22.739  34.845 0.0000000000
61586  -42.540  -22.565  35.616 0.0000000000
61602  -41.243  -22.233  35.005 0.0000000000
62835  -41.209  -21.661  34.781 0.0000000000
64089  -41.049  -20.787  33.165 0.0000000000
64102  -41.459  -20.439  32.767 0.0000000000
127258  -41.054  -16.501  31.211 0.0000000000
73426  -45.106  -13.152  24.588 0.0000000000
71063  -48.003  -13.964  25.325 0.0000000000
71082  -47.523  -14.444  24.830 0.0000000000
71097  -46.699  -14.752  23.964 0.0000000000
73440  -48.597  -12.561  23.119 0.0000000000
75505  -50.056  -10.273  22.912 0.0000000000
75506  -50.260  -9.537  22.585 0.0000000000
54341  -44.980  -29.133  31.773 0.0000000000
54342  -45.429  -28.635  31.414 0.0000000000
54329  -45.481  -28.098  31.909 0.0000000000
56762  -45.164  -26.551  33.514 0.0000000000
53122  -42.621  -28.954  33.387 0.0000000000
54316  -43.372  -28.313  33.515 0.0000000000
55520  -44.271  -27.639  33.672 0.0000000000
57962  -44.054  -24.546  36.121 0.0000000000
59138  -42.992  -23.087  35.531 0.0000000000
56724  -40.445  -28.356  36.364 0.0000000000
56732  -40.899  -27.622  36.180 0.0000000000
56733  -41.492  -27.409  36.170 0.0000000000
56743  -42.007  -27.142  35.442 0.0000000000
56752  -42.216  -26.483  34.520 0.0000000000
60347  -42.311  -23.025  35.090 0.0000000000
40241  -21.730  -40.606  46.632 0.0000000000
40252  -22.247  -40.075  46.047 0.0000000000
42706  -23.054  -37.502  48.769 0.0000000000
46216  -25.282  -34.636  47.728 0.0000000000
46238  -26.365  -35.443  47.097 0.0000000000
45131  -28.526  -37.098  45.159 0.0000000000
42728  -30.305  -37.491  46.238 0.0000000000
42727  -30.031  -37.862  46.067 0.0000000000
42739  -30.125  -37.986  45.492 0.0000000000
45155  -33.112  -37.338  43.639 0.0000000000
43984  -33.177  -37.472  44.212 0.0000000000
43967  -33.708  -37.978  44.410 0.0000000000
42758  -33.867  -38.097  44.249 0.0000000000
42791  -34.244  -38.912  43.000 0.0000000000
42830  -37.245  -38.703  39.960 0.0000000000
44065  -37.666  -38.217  39.395 0.0000000000
42850  -37.301  -39.269  39.091 0.0000000000
48600  -41.533  -33.443  35.154 0.0000000000
48601  -42.170  -33.398  34.811 0.0000000000
49831  -43.355  -32.314  31.869 0.0000000000
49816  -44.378  -32.343  32.683 0.0000000000
49832  -44.036  -32.212  31.931 0.0000000000
61587  -42.859  -22.340  35.906 0.0000000000
62822  -43.099  -22.086  36.072 0.0000000000
62839  -44.018  -21.964  35.633 0.0000000000
62855  -43.798  -21.260  35.081 0.0000000000
62856  -44.285  -21.559  35.077 0.0000000000
64104  -44.244  -20.651  32.891 0.0000000000
61642  -43.819  -22.359  32.939 0.0000000000
60387  -43.349  -23.407  32.454 0.0000000000
73416  -44.262  -13.026  25.751 0.0000000000
72256  -43.728  -13.255  25.990 0.0000000000
72235  -43.201  -13.353  26.571 0.0000000000
73393  -42.840  -13.255  27.318 0.0000000000
72234  -42.168  -13.686  26.740 0.0000000000
71013  -40.215  -14.667  27.798 0.0000000000
71014  -40.521  -14.686  28.257 0.0000000000
72192  -41.531  -14.382  28.516 0.0000000000
71004  -40.866  -14.922  28.588 0.0000000000
127267  -41.327  -16.772  29.543 0.0000000000
127261  -40.584  -17.582  27.900 0.0000000000
41554  -31.078  -38.598  43.942 0.0000000000
42776  -34.597  -38.092  43.436 0.0000000000
43907  -23.046  -37.342  49.031 0.0000000000
43951  -31.830  -37.595  45.251 0.0000000000
44021  -35.735  -36.516  41.330 0.0000000000
44024  -37.881  -36.403  41.715 0.0000000000
45175  -38.006  -35.993  42.258 0.0000000000
45194  -35.831  -36.331  41.799 0.0000000000
45195  -36.285  -36.114  41.579 0.0000000000
46240  -27.865  -35.883  47.098 0.0000000000
46241  -28.548  -35.472  46.833 0.0000000000
46294  -37.429  -35.888  42.189 0.0000000000
46309  -36.328  -36.035  41.797 0.0000000000
46312  -37.927  -35.732  42.181 0.0000000000
47359  -28.010  -35.037  47.154 0.0000000000
47566  -43.154  -33.528  32.796 0.0000000000
48468  -26.835  -34.554  47.457 0.0000000000
48611  -43.453  -33.455  33.721 0.0000000000
48634  -44.096  -32.749  32.757 0.0000000000
49783  -43.024  -33.063  34.253 0.0000000000
49815  -44.029  -32.587  32.458 0.0000000000
49833  -44.303  -32.232  32.312 0.0000000000
50893  -44.281  -31.938  33.324 0.0000000000
50908  -45.158  -31.180  32.407 0.0000000000
51900  -38.802  -30.924  38.335 0.0000000000
51983  -41.670  -30.807  33.690 0.0000000000
52000  -42.818  -30.059  32.947 0.0000000000
54315  -42.561  -28.823  33.797 0.0000000000
55471  -39.570  -29.054  36.507 0.0000000000
55474  -41.294  -27.969  36.970 0.0000000000
58001  -45.494  -24.893  31.753 0.0000000000
59124  -42.799  -23.051  35.806 0.0000000000
60350  -44.141  -23.328  35.495 0.0000000000
60401  -43.292  -23.101  32.431 0.0000000000
61604  -42.513  -22.298  35.732 0.0000000000
61605  -43.925  -22.196  35.813 0.0000000000
62821  -42.964  -21.892  35.991 0.0000000000
64090  -41.571  -20.511  33.241 0.0000000000
65291  -42.150  -20.333  33.886 0.0000000000
65292  -42.417  -20.201  33.941 0.0000000000
65307  -41.393  -20.139  31.816 0.0000000000
67599  -42.957  -16.709  31.036 0.0000000000
68675  -43.050  -16.807  30.936 0.0000000000
68683  -42.534  -16.612  30.858 0.0000000000
69860  -46.638  -15.072  26.273 0.0000000000
71033  -47.102  -14.590  27.004 0.0000000000
71099  -48.361  -13.657  24.051 0.0000000000
72195  -43.474  -13.799  29.208 0.0000000000
72201  -40.420  -14.241  27.749 0.0000000000
72215  -41.951  -13.551  27.660 0.0000000000
72216  -44.593  -13.584  27.976 0.0000000000
72218  -46.643  -14.094  27.294 0.0000000000
72236  -43.664  -13.099  26.513 0.0000000000
72271  -44.634  -13.215  24.691 0.0000000000
73355  -43.582  -13.756  28.956 0.0000000000
73360  -42.212  -13.471  28.171 0.0000000000
73374  -42.542  -13.190  27.917 0.0000000000
73405  -44.090  -12.987  26.422 0.0000000000
76506  -50.274  -8.761  23.015 0.0000000000
77529  -50.472  -8.840  22.924 0.0000000000
127383  -50.694  -8.523  22.707 0.0000000000
127391  -50.433  -8.528  22.790 0.0000000000
127399  -49.709  -8.508  22.527 0.0000000000
