#!ascii label  , from subject 3128 vox2ras=TkReg
1258
63013  -34.640  -21.331  24.234 0.0000000000
77559  -44.469  -8.484  18.702 0.0000000000
71127  -39.142  -15.473  21.145 0.0000000000
37700  -16.740  -43.241  45.937 0.0000000000
58048  -33.855  -25.087  28.441 0.0000000000
46289  -27.647  -35.494  42.528 0.0000000000
45246  -36.288  -36.931  38.510 0.0000000000
50889  -37.630  -31.698  33.211 0.0000000000
55540  -39.142  -27.848  31.157 0.0000000000
46334  -20.243  -36.065  39.210 0.0000000000
48490  -23.077  -34.118  43.932 0.0000000000
49683  -22.398  -33.138  38.299 0.0000000000
46421  -29.956  -36.223  34.745 0.0000000000
47530  -34.800  -35.257  33.850 0.0000000000
62921  -37.457  -22.226  29.860 0.0000000000
66528  -38.759  -18.635  26.839 0.0000000000
73475  -42.386  -11.959  19.732 0.0000000000
68740  -35.756  -17.642  23.220 0.0000000000
77609  -41.467  -8.281  14.670 0.0000000000
34354  -14.246  -45.543  47.796 0.0000000000
59180  -37.845  -24.148  32.008 0.0000000000
62978  -33.516  -23.112  27.320 0.0000000000
47496  -26.112  -35.213  36.460 0.0000000000
45212  -31.797  -37.042  40.053 0.0000000000
71042  -39.748  -14.786  26.097 0.0000000000
83132  -47.282  -4.205  10.238 0.0000000000
49811  -35.895  -32.415  31.616 0.0000000000
53148  -36.668  -30.255  30.696 0.0000000000
49663  -21.404  -34.022  39.253 0.0000000000
47558  -31.986  -34.926  32.179 0.0000000000
48628  -33.718  -33.883  31.549 0.0000000000
48618  -37.141  -33.225  33.594 0.0000000000
64180  -35.930  -21.577  26.488 0.0000000000
64168  -38.045  -20.878  28.291 0.0000000000
64207  -37.146  -20.508  25.423 0.0000000000
75530  -43.868  -10.384  19.395 0.0000000000
74526  -45.889  -11.171  21.729 0.0000000000
80986  -45.256  -6.416  18.094 0.0000000000
37722  -14.617  -43.247  43.854 0.0000000000
35497  -15.526  -44.647  46.764 0.0000000000
56819  -36.397  -26.620  29.671 0.0000000000
56770  -38.914  -26.060  31.629 0.0000000000
58011  -35.318  -24.743  30.287 0.0000000000
60413  -35.370  -23.744  30.145 0.0000000000
61683  -32.763  -23.612  28.183 0.0000000000
47399  -25.811  -34.410  43.429 0.0000000000
47367  -26.161  -34.458  45.519 0.0000000000
46277  -27.994  -35.311  44.253 0.0000000000
45152  -30.559  -36.840  44.030 0.0000000000
49748  -23.644  -33.333  35.211 0.0000000000
48597  -25.530  -34.808  34.797 0.0000000000
45268  -33.089  -36.480  36.659 0.0000000000
46373  -31.293  -36.320  37.708 0.0000000000
44062  -34.473  -37.729  39.548 0.0000000000
44019  -34.481  -37.393  41.369 0.0000000000
41565  -18.457  -39.728  42.422 0.0000000000
42736  -20.092  -38.872  45.240 0.0000000000
42704  -20.852  -38.579  48.772 0.0000000000
69908  -37.840  -15.875  22.516 0.0000000000
69888  -37.658  -16.194  24.646 0.0000000000
71079  -39.603  -15.570  24.286 0.0000000000
83171  -49.128  -2.732  9.161 0.0000000000
36548  -17.756  -43.749  49.450 0.0000000000
53079  -38.840  -29.956  35.560 0.0000000000
54300  -39.492  -28.868  34.597 0.0000000000
53133  -38.351  -29.953  32.431 0.0000000000
54367  -36.842  -28.237  30.375 0.0000000000
45160  -20.435  -36.650  42.472 0.0000000000
46259  -22.117  -35.308  44.577 0.0000000000
47423  -21.499  -34.504  41.372 0.0000000000
49632  -22.912  -33.476  41.140 0.0000000000
47431  -24.522  -34.179  40.535 0.0000000000
47539  -27.575  -35.092  33.238 0.0000000000
47542  -30.523  -35.127  33.167 0.0000000000
47528  -32.370  -35.781  33.888 0.0000000000
46415  -35.290  -35.964  35.604 0.0000000000
47516  -36.943  -34.604  35.630 0.0000000000
49758  -38.222  -32.017  35.264 0.0000000000
44030  -18.944  -37.734  39.692 0.0000000000
61630  -38.909  -22.700  32.944 0.0000000000
64073  -41.714  -20.986  34.901 0.0000000000
64113  -39.681  -21.657  31.391 0.0000000000
64151  -40.253  -19.950  30.216 0.0000000000
72309  -40.873  -13.890  20.980 0.0000000000
72280  -41.586  -13.876  23.042 0.0000000000
73437  -44.057  -13.162  22.069 0.0000000000
31016  -11.979  -48.237  52.514 0.0000000000
65413  -34.660  -19.170  23.032 0.0000000000
68786  -35.047  -17.436  20.814 0.0000000000
72338  -38.470  -14.812  19.125 0.0000000000
73485  -39.582  -12.580  18.402 0.0000000000
74560  -40.695  -11.290  18.101 0.0000000000
76546  -42.171  -9.624  17.678 0.0000000000
77592  -43.288  -8.046  16.541 0.0000000000
77601  -40.481  -8.604  15.196 0.0000000000
35464  -15.947  -44.637  49.857 0.0000000000
34317  -14.888  -45.464  51.983 0.0000000000
33214  -14.064  -46.992  52.389 0.0000000000
57967  -43.138  -25.052  35.280 0.0000000000
55529  -41.140  -27.347  33.254 0.0000000000
57984  -41.033  -25.335  33.129 0.0000000000
59152  -40.025  -23.738  33.952 0.0000000000
60384  -36.901  -23.738  31.181 0.0000000000
62939  -35.543  -23.006  28.221 0.0000000000
61751  -33.826  -22.540  25.306 0.0000000000
48471  -24.530  -34.037  46.360 0.0000000000
48557  -24.537  -34.406  38.073 0.0000000000
47448  -26.784  -35.385  39.402 0.0000000000
46391  -28.468  -36.203  36.111 0.0000000000
46357  -29.100  -36.498  38.549 0.0000000000
46322  -29.158  -36.800  41.291 0.0000000000
45169  -32.702  -37.322  43.013 0.0000000000
37733  -15.809  -42.371  43.659 0.0000000000
38961  -16.956  -41.801  43.199 0.0000000000
38929  -18.574  -41.944  45.910 0.0000000000
67646  -36.787  -17.629  25.243 0.0000000000
68701  -38.398  -16.280  26.584 0.0000000000
71003  -40.347  -15.026  28.383 0.0000000000
72254  -42.027  -14.282  25.364 0.0000000000
79829  -45.016  -7.278  16.010 0.0000000000
79831  -46.731  -6.709  15.163 0.0000000000
82131  -47.127  -4.249  13.371 0.0000000000
82145  -45.724  -4.836  11.694 0.0000000000
83114  -48.511  -3.235  11.893 0.0000000000
49826  -34.575  -32.109  30.850 0.0000000000
50921  -34.921  -31.608  30.583 0.0000000000
50941  -33.808  -31.285  29.768 0.0000000000
48643  -32.696  -33.706  31.001 0.0000000000
48644  -33.892  -33.066  30.783 0.0000000000
48629  -34.994  -33.376  31.809 0.0000000000
63001  -35.339  -21.495  24.855 0.0000000000
64194  -36.770  -21.261  25.827 0.0000000000
64205  -35.762  -20.739  24.743 0.0000000000
76526  -43.864  -9.308  18.814 0.0000000000
75522  -44.911  -10.221  20.387 0.0000000000
76527  -45.219  -8.828  19.380 0.0000000000
76528  -46.093  -7.899  19.861 0.0000000000
77567  -44.685  -7.795  18.495 0.0000000000
37710  -15.856  -43.373  45.101 0.0000000000
36580  -15.479  -43.953  45.608 0.0000000000
36567  -16.857  -43.832  46.549 0.0000000000
56797  -35.123  -25.697  29.348 0.0000000000
58028  -35.679  -25.365  29.928 0.0000000000
58027  -34.803  -25.081  29.675 0.0000000000
59214  -34.444  -24.686  29.397 0.0000000000
59230  -33.174  -24.416  28.308 0.0000000000
43930  -21.707  -37.032  46.959 0.0000000000
46287  -26.163  -35.211  42.187 0.0000000000
47400  -26.540  -34.429  43.764 0.0000000000
47416  -27.762  -35.332  43.348 0.0000000000
46279  -29.200  -36.088  44.301 0.0000000000
46290  -28.294  -35.897  42.890 0.0000000000
45257  -34.430  -37.101  37.248 0.0000000000
45256  -33.217  -36.902  37.613 0.0000000000
44082  -34.867  -37.505  38.640 0.0000000000
44043  -35.835  -36.719  40.742 0.0000000000
43975  -20.388  -37.506  43.719 0.0000000000
43945  -20.534  -37.695  45.747 0.0000000000
43929  -21.109  -37.708  47.007 0.0000000000
59126  -43.590  -23.780  35.943 0.0000000000
71109  -38.124  -15.796  21.803 0.0000000000
69899  -38.497  -15.888  23.515 0.0000000000
69910  -39.518  -15.799  22.892 0.0000000000
51966  -38.594  -30.400  34.376 0.0000000000
53104  -38.772  -30.012  34.242 0.0000000000
51999  -38.315  -30.517  32.672 0.0000000000
54351  -36.577  -29.272  30.407 0.0000000000
54380  -35.811  -28.518  29.224 0.0000000000
55574  -35.603  -27.620  28.732 0.0000000000
46301  -20.378  -35.952  40.744 0.0000000000
46285  -21.347  -35.592  42.020 0.0000000000
46302  -21.110  -35.379  41.006 0.0000000000
49682  -21.938  -33.275  38.193 0.0000000000
49647  -22.326  -33.696  40.468 0.0000000000
49648  -22.882  -33.147  40.065 0.0000000000
48525  -24.189  -33.877  41.304 0.0000000000
48547  -23.758  -33.589  39.482 0.0000000000
47555  -28.768  -34.910  32.277 0.0000000000
47545  -33.993  -34.915  32.987 0.0000000000
47544  -32.783  -35.192  33.005 0.0000000000
47529  -33.613  -35.714  33.796 0.0000000000
46425  -34.461  -35.983  34.698 0.0000000000
46426  -35.519  -35.423  34.780 0.0000000000
46416  -36.305  -35.477  35.632 0.0000000000
46427  -36.363  -35.022  34.872 0.0000000000
49797  -37.393  -32.392  33.489 0.0000000000
48608  -37.914  -32.911  34.391 0.0000000000
49781  -37.908  -32.135  34.070 0.0000000000
50851  -38.633  -31.072  35.424 0.0000000000
45223  -19.695  -36.527  39.425 0.0000000000
61640  -37.837  -22.700  31.963 0.0000000000
62888  -39.245  -22.123  32.396 0.0000000000
61669  -38.308  -22.486  30.727 0.0000000000
64183  -38.401  -20.142  27.768 0.0000000000
64150  -39.410  -20.231  29.293 0.0000000000
65359  -39.782  -19.026  28.575 0.0000000000
127253  -40.601  -18.984  29.485 0.0000000000
66517  -39.388  -18.336  27.848 0.0000000000
73460  -41.406  -13.209  20.458 0.0000000000
73447  -42.250  -13.362  21.285 0.0000000000
73448  -43.288  -12.770  21.198 0.0000000000
74518  -47.824  -10.765  23.099 0.0000000000
73471  -38.860  -13.413  18.646 0.0000000000
73484  -38.473  -13.128  18.053 0.0000000000
74573  -39.300  -11.259  17.227 0.0000000000
75556  -39.594  -10.401  16.925 0.0000000000
75558  -41.382  -10.088  17.756 0.0000000000
76545  -40.986  -9.453  17.172 0.0000000000
77589  -41.175  -8.964  16.269 0.0000000000
35506  -13.732  -44.525  45.835 0.0000000000
34344  -13.854  -45.924  48.351 0.0000000000
36529  -17.836  -44.149  50.723 0.0000000000
35465  -16.616  -44.171  49.693 0.0000000000
36528  -17.135  -44.430  50.605 0.0000000000
35430  -15.534  -45.155  52.515 0.0000000000
34305  -15.162  -45.438  53.312 0.0000000000
34316  -14.352  -45.907  52.158 0.0000000000
33215  -14.802  -46.301  52.794 0.0000000000
32108  -14.351  -47.676  52.626 0.0000000000
54326  -39.485  -28.756  32.708 0.0000000000
55518  -40.335  -28.058  34.071 0.0000000000
55528  -40.594  -27.983  32.717 0.0000000000
56768  -37.642  -25.128  31.388 0.0000000000
57996  -39.657  -25.542  32.175 0.0000000000
59182  -39.455  -24.653  32.519 0.0000000000
59166  -40.119  -24.334  33.307 0.0000000000
59165  -39.212  -24.076  33.202 0.0000000000
59164  -38.460  -23.685  32.844 0.0000000000
59179  -37.287  -24.075  31.608 0.0000000000
61705  -34.499  -23.313  27.926 0.0000000000
61687  -35.713  -23.363  29.174 0.0000000000
62961  -34.811  -22.681  27.853 0.0000000000
62980  -35.058  -22.083  27.069 0.0000000000
61737  -33.319  -23.255  25.978 0.0000000000
47379  -22.545  -34.407  44.171 0.0000000000
47365  -22.808  -34.388  45.049 0.0000000000
48479  -24.180  -33.922  45.436 0.0000000000
48581  -24.649  -34.178  36.169 0.0000000000
48580  -24.108  -33.661  36.630 0.0000000000
48558  -25.220  -34.649  37.584 0.0000000000
47463  -25.399  -34.814  38.448 0.0000000000
47464  -26.589  -35.492  38.393 0.0000000000
47525  -29.087  -35.529  33.929 0.0000000000
47513  -27.891  -35.876  34.767 0.0000000000
46410  -29.334  -36.082  35.356 0.0000000000
46359  -31.218  -36.641  38.699 0.0000000000
46372  -30.014  -36.028  37.575 0.0000000000
46340  -30.738  -36.582  39.409 0.0000000000
46339  -29.583  -36.763  39.856 0.0000000000
45228  -30.656  -36.662  40.108 0.0000000000
45189  -31.179  -37.214  41.791 0.0000000000
44016  -31.831  -37.295  41.422 0.0000000000
48571  -37.826  -33.691  37.760 0.0000000000
40279  -18.002  -40.566  42.702 0.0000000000
38951  -18.840  -41.268  43.947 0.0000000000
38950  -17.979  -41.970  44.063 0.0000000000
41484  -21.315  -39.272  50.418 0.0000000000
67659  -35.725  -18.049  23.336 0.0000000000
65392  -35.645  -18.820  24.408 0.0000000000
67660  -36.225  -17.973  23.895 0.0000000000
71059  -38.521  -15.677  25.342 0.0000000000
69867  -37.666  -16.286  25.461 0.0000000000
69852  -38.402  -15.223  26.304 0.0000000000
69825  -39.492  -15.605  27.465 0.0000000000
71013  -40.215  -14.667  27.798 0.0000000000
72282  -43.616  -13.558  23.752 0.0000000000
72268  -42.087  -14.714  23.991 0.0000000000
72256  -43.728  -13.255  25.990 0.0000000000
77611  -42.806  -8.509  15.279 0.0000000000
78686  -43.909  -7.471  16.610 0.0000000000
78712  -43.265  -8.131  14.714 0.0000000000
79850  -44.834  -7.072  14.093 0.0000000000
79851  -45.511  -6.431  13.497 0.0000000000
79842  -46.482  -5.872  13.912 0.0000000000
81032  -46.171  -5.084  13.386 0.0000000000
82185  -45.876  -4.349  9.918 0.0000000000
82165  -45.475  -4.744  10.665 0.0000000000
82166  -46.612  -4.387  10.822 0.0000000000
82147  -47.373  -3.632  12.048 0.0000000000
83133  -47.863  -3.854  10.895 0.0000000000
83134  -49.195  -3.074  10.883 0.0000000000
85064  -50.391  -1.738  9.374 0.0000000000
50905  -36.948  -31.928  31.983 0.0000000000
51997  -36.840  -31.079  31.556 0.0000000000
50904  -36.284  -31.424  31.400 0.0000000000
52032  -35.731  -30.844  30.183 0.0000000000
47443  -21.198  -34.942  39.309 0.0000000000
47573  -32.232  -34.378  31.479 0.0000000000
47559  -33.100  -34.428  32.126 0.0000000000
47546  -35.220  -34.359  33.011 0.0000000000
47547  -36.332  -34.026  33.626 0.0000000000
48616  -35.289  -33.799  32.477 0.0000000000
49795  -36.200  -32.728  32.297 0.0000000000
62963  -36.560  -21.831  28.094 0.0000000000
62942  -37.874  -21.545  29.246 0.0000000000
64167  -37.338  -21.269  27.832 0.0000000000
64182  -37.876  -20.601  27.223 0.0000000000
65378  -38.003  -19.547  26.455 0.0000000000
74549  -42.836  -11.197  19.496 0.0000000000
74524  -43.844  -12.116  20.927 0.0000000000
74539  -44.575  -11.012  20.583 0.0000000000
75511  -45.838  -10.143  21.425 0.0000000000
79803  -47.140  -6.525  18.211 0.0000000000
35507  -14.695  -44.571  45.935 0.0000000000
35484  -15.336  -45.201  48.018 0.0000000000
56800  -37.748  -27.123  30.643 0.0000000000
56784  -39.082  -26.939  31.331 0.0000000000
56799  -37.124  -26.529  30.404 0.0000000000
56782  -37.338  -25.524  31.069 0.0000000000
57992  -36.581  -24.384  31.079 0.0000000000
59199  -35.767  -24.231  30.660 0.0000000000
59198  -35.298  -24.445  30.306 0.0000000000
60428  -34.623  -23.858  29.155 0.0000000000
61703  -32.847  -23.401  27.947 0.0000000000
48505  -24.376  -34.108  43.795 0.0000000000
48492  -24.661  -33.914  44.700 0.0000000000
48507  -25.903  -34.287  44.056 0.0000000000
47383  -27.591  -34.870  45.219 0.0000000000
46267  -30.987  -36.570  45.043 0.0000000000
48596  -24.812  -34.425  35.089 0.0000000000
48582  -25.422  -34.863  35.800 0.0000000000
45281  -32.191  -36.418  35.854 0.0000000000
46393  -30.759  -36.239  36.593 0.0000000000
46374  -32.339  -36.426  37.306 0.0000000000
45255  -32.108  -36.715  37.972 0.0000000000
44060  -32.757  -37.425  39.293 0.0000000000
44018  -33.420  -37.575  41.335 0.0000000000
44041  -33.906  -37.777  40.440 0.0000000000
42799  -18.616  -38.208  40.853 0.0000000000
42765  -19.333  -38.829  42.608 0.0000000000
41532  -19.651  -39.782  45.398 0.0000000000
40230  -20.005  -39.854  47.587 0.0000000000
42715  -20.599  -38.943  46.850 0.0000000000
68776  -36.297  -16.881  22.766 0.0000000000
68742  -36.784  -16.966  24.392 0.0000000000
69898  -37.704  -16.052  23.739 0.0000000000
69889  -38.362  -15.995  24.485 0.0000000000
71060  -39.150  -15.084  25.202 0.0000000000
78710  -41.346  -7.813  13.795 0.0000000000
78711  -42.253  -7.837  14.223 0.0000000000
78719  -41.252  -7.274  12.814 0.0000000000
83152  -46.779  -4.256  9.556 0.0000000000
83154  -48.679  -3.261  9.902 0.0000000000
83169  -47.463  -3.814  8.661 0.0000000000
84133  -48.006  -2.944  8.033 0.0000000000
36562  -18.359  -43.339  47.460 0.0000000000
36561  -17.770  -43.774  47.515 0.0000000000
55496  -39.563  -28.704  35.926 0.0000000000
54285  -39.110  -29.118  35.414 0.0000000000
54313  -39.303  -29.237  33.578 0.0000000000
54339  -38.766  -29.006  31.656 0.0000000000
53150  -37.628  -30.011  31.540 0.0000000000
54338  -37.776  -29.270  31.326 0.0000000000
54353  -37.996  -28.532  30.913 0.0000000000
55562  -36.751  -27.561  30.045 0.0000000000
56818  -35.616  -26.515  29.152 0.0000000000
45143  -21.124  -36.598  43.695 0.0000000000
45124  -21.629  -36.244  44.838 0.0000000000
46274  -21.791  -35.546  43.618 0.0000000000
47395  -22.077  -34.948  42.787 0.0000000000
48502  -22.477  -34.243  42.615 0.0000000000
48533  -21.367  -34.244  40.527 0.0000000000
49631  -22.375  -33.779  41.470 0.0000000000
49608  -23.020  -33.718  42.516 0.0000000000
48514  -23.961  -33.697  42.193 0.0000000000
47424  -24.821  -34.332  41.321 0.0000000000
46304  -26.118  -35.290  41.753 0.0000000000
47540  -28.497  -34.903  33.254 0.0000000000
47526  -30.069  -35.806  33.922 0.0000000000
47557  -30.871  -34.891  32.220 0.0000000000
47527  -31.231  -35.729  33.913 0.0000000000
46423  -31.942  -35.900  34.930 0.0000000000
46413  -33.463  -36.612  35.572 0.0000000000
46396  -34.543  -36.714  36.286 0.0000000000
45259  -36.126  -36.599  37.410 0.0000000000
46360  -36.921  -35.687  38.505 0.0000000000
46376  -36.684  -35.698  37.673 0.0000000000
48583  -37.114  -34.012  37.148 0.0000000000
48584  -37.651  -33.421  36.777 0.0000000000
47548  -36.926  -33.838  34.037 0.0000000000
48599  -37.761  -33.190  35.536 0.0000000000
49733  -38.213  -32.338  36.594 0.0000000000
50835  -38.523  -31.310  36.358 0.0000000000
42800  -19.181  -37.831  41.321 0.0000000000
60345  -40.899  -22.606  34.597 0.0000000000
61600  -40.427  -22.370  33.868 0.0000000000
62853  -40.706  -21.553  33.590 0.0000000000
64101  -41.206  -20.752  32.316 0.0000000000
62943  -38.907  -21.337  29.591 0.0000000000
65336  -40.509  -20.520  31.044 0.0000000000
71128  -39.861  -14.680  21.268 0.0000000000
71112  -40.658  -14.945  22.060 0.0000000000
72294  -41.602  -14.218  22.032 0.0000000000
72296  -43.308  -13.561  22.698 0.0000000000
72283  -44.657  -13.352  23.975 0.0000000000
74515  -44.727  -12.449  22.066 0.0000000000
74509  -45.911  -12.489  23.389 0.0000000000
63044  -33.249  -20.602  22.568 0.0000000000
64216  -34.779  -20.423  23.743 0.0000000000
64242  -33.362  -19.898  22.452 0.0000000000
66562  -34.312  -18.695  22.561 0.0000000000
67691  -34.773  -17.932  22.239 0.0000000000
68774  -35.189  -17.637  21.960 0.0000000000
68787  -35.843  -17.313  21.687 0.0000000000
69921  -37.761  -16.092  21.342 0.0000000000
69934  -37.782  -15.658  20.427 0.0000000000
71142  -39.207  -14.774  20.478 0.0000000000
72324  -39.471  -14.371  19.804 0.0000000000
72341  -40.338  -13.577  19.820 0.0000000000
73474  -41.645  -12.413  19.657 0.0000000000
74558  -38.988  -12.072  17.629 0.0000000000
73486  -40.361  -12.121  18.542 0.0000000000
74548  -41.939  -11.589  19.210 0.0000000000
74562  -42.262  -10.957  18.814 0.0000000000
76533  -42.561  -9.945  18.305 0.0000000000
77558  -43.468  -8.736  18.755 0.0000000000
77566  -44.124  -8.202  18.043 0.0000000000
77575  -42.358  -8.864  17.107 0.0000000000
77590  -41.982  -8.731  16.377 0.0000000000
78699  -40.282  -8.188  14.376 0.0000000000
35486  -16.941  -44.374  47.697 0.0000000000
35476  -16.235  -44.946  48.905 0.0000000000
35475  -15.622  -45.263  49.176 0.0000000000
35441  -16.634  -44.907  51.095 0.0000000000
35451  -15.439  -45.208  50.612 0.0000000000
34345  -14.620  -45.441  49.079 0.0000000000
33226  -14.082  -46.533  50.623 0.0000000000
33225  -13.003  -46.985  50.304 0.0000000000
33219  -12.863  -47.237  51.248 0.0000000000
32107  -13.365  -47.682  52.426 0.0000000000
59139  -43.113  -23.780  35.332 0.0000000000
56751  -41.410  -27.265  34.668 0.0000000000
56771  -39.932  -26.749  32.023 0.0000000000
56772  -41.192  -26.706  32.849 0.0000000000
59169  -42.277  -25.010  33.729 0.0000000000
60364  -42.237  -23.976  34.356 0.0000000000
60362  -41.055  -23.331  34.467 0.0000000000
59150  -38.775  -23.215  33.260 0.0000000000
61629  -38.054  -22.836  32.481 0.0000000000
61652  -37.371  -23.372  30.872 0.0000000000
60398  -36.113  -23.629  30.831 0.0000000000
61666  -36.142  -23.335  30.140 0.0000000000
62940  -36.210  -22.716  28.561 0.0000000000
62962  -35.585  -22.185  27.980 0.0000000000
62990  -35.156  -21.840  25.873 0.0000000000
63000  -34.465  -22.106  24.973 0.0000000000
59229  -32.460  -24.438  27.887 0.0000000000
60441  -32.058  -24.033  27.558 0.0000000000
61721  -31.861  -23.557  27.221 0.0000000000
61736  -32.545  -23.346  26.768 0.0000000000
61749  -32.181  -23.491  25.361 0.0000000000
61750  -33.208  -22.965  25.010 0.0000000000
61765  -33.103  -22.490  24.062 0.0000000000
63027  -32.738  -21.797  22.924 0.0000000000
48480  -24.928  -33.960  45.667 0.0000000000
50812  -22.051  -32.786  37.141 0.0000000000
49702  -23.021  -32.922  37.173 0.0000000000
49667  -23.324  -33.262  38.563 0.0000000000
48548  -24.304  -34.156  38.848 0.0000000000
47433  -26.345  -35.355  40.404 0.0000000000
46320  -27.333  -35.738  40.626 0.0000000000
47522  -26.216  -35.186  34.222 0.0000000000
47512  -27.034  -35.570  35.069 0.0000000000
47497  -26.876  -35.634  36.087 0.0000000000
46392  -29.625  -36.132  36.435 0.0000000000
46371  -28.775  -36.378  37.367 0.0000000000
47465  -27.059  -36.051  37.750 0.0000000000
46356  -27.672  -36.197  38.435 0.0000000000
46321  -28.253  -36.453  40.772 0.0000000000
46307  -28.192  -36.124  41.790 0.0000000000
45188  -29.969  -37.136  42.116 0.0000000000
45167  -30.812  -37.131  43.072 0.0000000000
37723  -15.640  -42.902  44.359 0.0000000000
37711  -16.605  -43.116  45.200 0.0000000000
38979  -16.711  -40.875  41.755 0.0000000000
38972  -16.123  -41.578  42.380 0.0000000000
37734  -16.437  -42.203  43.667 0.0000000000
37725  -17.422  -42.439  44.533 0.0000000000
38928  -17.854  -42.354  45.856 0.0000000000
37694  -19.335  -42.331  47.358 0.0000000000
40223  -20.450  -40.309  48.848 0.0000000000
65404  -35.731  -19.475  24.455 0.0000000000
66541  -36.873  -18.644  24.999 0.0000000000
66527  -37.988  -18.426  26.021 0.0000000000
68721  -37.004  -16.821  25.179 0.0000000000
67634  -37.477  -17.555  25.829 0.0000000000
67635  -38.451  -17.517  26.451 0.0000000000
68703  -39.466  -16.642  27.691 0.0000000000
72267  -41.214  -14.899  23.457 0.0000000000
72253  -41.011  -14.775  24.815 0.0000000000
72233  -40.788  -14.169  26.279 0.0000000000
78678  -44.315  -7.541  17.388 0.0000000000
78688  -45.538  -7.292  16.981 0.0000000000
79820  -46.248  -6.944  16.636 0.0000000000
78713  -44.258  -7.619  14.887 0.0000000000
79830  -45.601  -6.911  15.664 0.0000000000
79821  -47.582  -6.282  16.152 0.0000000000
81010  -48.541  -5.022  15.694 0.0000000000
127457  -48.469  -4.087  14.897 0.0000000000
81044  -45.337  -5.295  12.023 0.0000000000
82130  -46.268  -4.552  12.473 0.0000000000
82132  -48.112  -3.539  12.686 0.0000000000
83155  -49.410  -2.340  9.867 0.0000000000
49825  -33.857  -32.362  30.362 0.0000000000
49844  -34.057  -31.882  30.132 0.0000000000
48662  -33.417  -32.576  30.260 0.0000000000
48645  -34.621  -32.795  31.229 0.0000000000
63014  -35.276  -20.882  24.298 0.0000000000
77560  -45.243  -7.687  19.156 0.0000000000
36581  -16.343  -43.514  45.660 0.0000000000
56796  -34.465  -25.517  29.025 0.0000000000
58026  -34.190  -25.051  29.219 0.0000000000
45092  -21.703  -36.384  46.536 0.0000000000
45107  -21.291  -36.506  45.759 0.0000000000
46288  -26.884  -35.322  42.382 0.0000000000
47415  -27.166  -34.872  43.128 0.0000000000
44095  -35.909  -37.136  37.724 0.0000000000
44094  -35.108  -37.303  37.814 0.0000000000
44083  -35.832  -37.254  38.472 0.0000000000
45232  -36.347  -36.935  38.996 0.0000000000
45091  -20.990  -36.914  46.360 0.0000000000
71110  -38.612  -15.702  21.938 0.0000000000
71111  -39.656  -15.427  22.257 0.0000000000
50870  -38.320  -31.202  34.405 0.0000000000
51981  -38.418  -30.738  33.336 0.0000000000
53195  -35.441  -29.226  29.062 0.0000000000
53179  -35.598  -29.307  29.805 0.0000000000
46317  -20.983  -35.453  40.071 0.0000000000
49665  -22.450  -33.320  39.271 0.0000000000
48546  -23.212  -33.182  39.785 0.0000000000
49666  -23.007  -32.950  39.098 0.0000000000
47531  -35.847  -34.770  34.086 0.0000000000
46316  -20.154  -35.898  39.922 0.0000000000
45203  -19.818  -36.597  40.409 0.0000000000
61668  -37.633  -22.641  30.505 0.0000000000
61654  -38.513  -22.504  31.407 0.0000000000
65379  -38.511  -19.335  27.024 0.0000000000
65369  -38.856  -19.329  27.672 0.0000000000
73461  -42.459  -12.559  20.404 0.0000000000
74511  -47.609  -11.188  23.794 0.0000000000
72351  -38.296  -13.791  18.369 0.0000000000
76544  -40.153  -9.790  16.882 0.0000000000
76559  -40.330  -9.360  16.197 0.0000000000
34362  -13.625  -45.332  47.094 0.0000000000
34353  -13.375  -45.645  47.607 0.0000000000
35442  -17.599  -44.614  50.648 0.0000000000
33213  -15.059  -45.806  53.244 0.0000000000
32109  -15.179  -47.544  52.510 0.0000000000
54340  -39.646  -28.325  31.924 0.0000000000
57994  -38.030  -24.774  31.648 0.0000000000
57995  -38.787  -25.095  31.856 0.0000000000
59181  -38.580  -24.380  32.348 0.0000000000
61704  -33.722  -23.440  27.810 0.0000000000
62960  -34.228  -23.082  27.535 0.0000000000
62979  -34.161  -22.627  27.185 0.0000000000
62988  -33.380  -22.836  26.831 0.0000000000
47380  -23.050  -34.030  44.606 0.0000000000
48491  -23.716  -33.866  44.429 0.0000000000
48569  -25.326  -34.787  36.769 0.0000000000
47478  -25.899  -35.135  37.469 0.0000000000
47515  -29.424  -35.947  34.517 0.0000000000
46411  -30.301  -36.288  35.568 0.0000000000
46341  -31.209  -36.706  39.290 0.0000000000
45229  -31.260  -36.659  39.804 0.0000000000
45211  -31.173  -37.117  40.592 0.0000000000
44039  -31.879  -37.303  40.767 0.0000000000
40239  -19.844  -40.357  46.896 0.0000000000
71041  -38.641  -14.970  25.908 0.0000000000
71026  -39.070  -14.933  26.589 0.0000000000
71027  -39.689  -14.439  27.014 0.0000000000
72270  -43.959  -13.357  24.951 0.0000000000
77610  -42.339  -8.492  14.981 0.0000000000
79860  -45.359  -5.966  12.839 0.0000000000
81023  -45.805  -5.631  13.288 0.0000000000
82167  -47.159  -4.140  11.479 0.0000000000
49812  -36.415  -32.364  32.239 0.0000000000
50943  -35.160  -31.294  30.284 0.0000000000
52031  -35.035  -30.724  29.757 0.0000000000
48642  -31.520  -33.922  30.876 0.0000000000
48627  -33.039  -33.954  31.650 0.0000000000
47560  -34.376  -34.270  32.242 0.0000000000
47561  -34.924  -33.909  32.450 0.0000000000
49810  -35.077  -32.602  31.335 0.0000000000
48630  -35.872  -33.072  32.014 0.0000000000
62964  -37.379  -21.612  28.498 0.0000000000
64181  -36.838  -21.296  27.044 0.0000000000
64195  -37.475  -20.628  26.232 0.0000000000
65395  -37.449  -19.877  25.700 0.0000000000
74550  -43.359  -10.872  19.672 0.0000000000
74538  -43.685  -11.293  20.286 0.0000000000
75521  -44.248  -10.737  20.156 0.0000000000
75512  -46.851  -9.768  21.984 0.0000000000
79794  -46.379  -6.586  18.675 0.0000000000
80988  -46.087  -6.348  18.060 0.0000000000
36566  -16.092  -44.292  46.427 0.0000000000
58029  -36.641  -25.357  30.348 0.0000000000
58012  -36.052  -24.814  30.610 0.0000000000
58013  -36.870  -24.789  30.740 0.0000000000
60427  -34.085  -24.059  28.558 0.0000000000
59232  -34.403  -24.296  29.194 0.0000000000
61684  -33.447  -23.671  28.236 0.0000000000
47398  -24.990  -34.426  43.214 0.0000000000
48506  -25.222  -34.188  44.016 0.0000000000
47401  -27.386  -34.978  44.076 0.0000000000
46263  -27.865  -35.155  44.619 0.0000000000
45151  -29.791  -36.457  44.044 0.0000000000
45132  -29.813  -36.248  44.493 0.0000000000
45133  -30.337  -36.375  44.607 0.0000000000
45267  -32.533  -36.500  36.349 0.0000000000
46395  -32.578  -36.311  36.848 0.0000000000
46375  -32.850  -36.297  37.148 0.0000000000
44081  -33.746  -37.467  38.598 0.0000000000
45245  -33.124  -37.212  38.414 0.0000000000
45244  -32.478  -37.163  38.629 0.0000000000
44061  -33.413  -37.588  39.476 0.0000000000
44021  -35.735  -36.516  41.330 0.0000000000
42783  -19.151  -38.282  41.754 0.0000000000
42724  -20.438  -39.019  46.266 0.0000000000
43917  -21.099  -37.780  48.238 0.0000000000
69907  -37.005  -16.409  23.083 0.0000000000
69900  -39.313  -15.953  23.451 0.0000000000
69890  -38.994  -15.920  24.112 0.0000000000
71078  -39.025  -15.815  24.780 0.0000000000
82198  -45.494  -4.434  9.117 0.0000000000
82199  -46.100  -4.445  9.226 0.0000000000
83168  -46.222  -3.996  8.460 0.0000000000
36555  -18.375  -43.474  48.199 0.0000000000
36530  -18.698  -43.755  51.137 0.0000000000
54254  -39.349  -29.496  36.090 0.0000000000
54269  -39.279  -29.113  36.070 0.0000000000
54284  -38.941  -29.602  35.418 0.0000000000
53119  -38.734  -29.911  33.446 0.0000000000
53105  -39.080  -29.579  34.340 0.0000000000
54325  -38.858  -29.324  32.786 0.0000000000
52016  -36.743  -30.644  31.145 0.0000000000
52017  -37.250  -30.584  31.416 0.0000000000
54366  -36.286  -28.628  30.133 0.0000000000
54352  -37.104  -28.987  30.689 0.0000000000
55549  -37.395  -27.800  30.523 0.0000000000
56837  -35.161  -26.913  28.538 0.0000000000
45161  -21.164  -36.158  42.752 0.0000000000
46286  -21.535  -34.939  41.748 0.0000000000
47394  -21.665  -35.099  42.567 0.0000000000
47410  -21.640  -34.772  42.083 0.0000000000
47396  -22.528  -34.592  43.263 0.0000000000
48513  -22.110  -34.260  42.124 0.0000000000
48544  -21.473  -34.383  39.633 0.0000000000
48545  -21.616  -34.166  39.927 0.0000000000
48523  -22.090  -33.894  41.053 0.0000000000
49619  -22.734  -33.504  42.016 0.0000000000
49620  -23.260  -33.385  42.004 0.0000000000
49609  -23.396  -33.732  42.398 0.0000000000
48537  -23.911  -33.750  40.529 0.0000000000
47425  -25.752  -34.990  41.507 0.0000000000
47432  -25.376  -34.664  40.448 0.0000000000
47541  -29.478  -34.973  33.228 0.0000000000
47572  -31.220  -34.606  31.360 0.0000000000
47543  -31.628  -35.151  33.128 0.0000000000
45293  -32.426  -36.318  35.360 0.0000000000
46424  -33.159  -36.383  34.865 0.0000000000
46414  -34.218  -36.514  35.704 0.0000000000
46397  -35.182  -36.570  36.195 0.0000000000
45271  -35.539  -36.649  36.779 0.0000000000
46398  -36.212  -36.196  36.471 0.0000000000
47500  -36.913  -34.975  36.778 0.0000000000
47501  -37.156  -34.173  36.513 0.0000000000
47517  -37.465  -33.949  35.951 0.0000000000
51936  -38.813  -30.550  35.929 0.0000000000
53062  -39.254  -30.058  36.136 0.0000000000
44008  -18.889  -37.700  40.353 0.0000000000
61616  -40.031  -22.723  33.973 0.0000000000
61601  -40.737  -22.366  34.367 0.0000000000
61615  -39.766  -22.658  33.481 0.0000000000
62905  -39.658  -21.775  31.900 0.0000000000
62871  -40.354  -21.816  32.946 0.0000000000
62890  -40.511  -21.436  32.384 0.0000000000
62872  -40.669  -21.160  33.038 0.0000000000
64149  -38.584  -20.806  28.964 0.0000000000
62944  -39.714  -20.998  29.937 0.0000000000
66496  -40.920  -19.768  30.778 0.0000000000
127252  -40.724  -19.112  30.074 0.0000000000
66484  -40.959  -18.328  30.630 0.0000000000
72308  -40.216  -13.974  20.895 0.0000000000
71129  -40.640  -14.399  21.400 0.0000000000
71130  -41.207  -14.234  21.423 0.0000000000
73436  -42.958  -13.382  21.851 0.0000000000
72295  -42.336  -13.685  22.231 0.0000000000
72297  -44.300  -13.443  23.057 0.0000000000
74525  -44.685  -11.656  21.355 0.0000000000
32105  -11.377  -47.918  52.329 0.0000000000
31020  -11.389  -48.204  52.333 0.0000000000
66578  -33.655  -18.635  22.305 0.0000000000
67673  -34.451  -18.364  22.443 0.0000000000
67690  -33.891  -18.320  22.044 0.0000000000
68773  -34.286  -17.834  21.454 0.0000000000
69932  -36.283  -16.439  20.321 0.0000000000
69933  -37.131  -16.072  20.508 0.0000000000
71141  -38.443  -15.210  20.356 0.0000000000
72323  -38.608  -14.628  19.734 0.0000000000
73472  -39.248  -13.225  18.926 0.0000000000
72340  -39.857  -13.783  19.387 0.0000000000
73473  -40.475  -12.922  19.495 0.0000000000
74574  -40.067  -11.051  17.435 0.0000000000
74559  -39.858  -11.763  17.848 0.0000000000
74547  -41.064  -11.868  18.984 0.0000000000
74561  -41.533  -11.129  18.561 0.0000000000
76534  -42.913  -9.223  18.734 0.0000000000
76547  -42.707  -8.948  17.795 0.0000000000
77602  -41.632  -8.585  15.560 0.0000000000
34352  -12.549  -45.807  47.452 0.0000000000
36554  -17.904  -43.848  48.469 0.0000000000
35487  -17.544  -44.200  47.905 0.0000000000
35478  -17.358  -44.167  48.598 0.0000000000
35439  -15.358  -45.159  52.261 0.0000000000
35440  -15.833  -45.100  51.714 0.0000000000
34326  -15.251  -45.506  51.099 0.0000000000
34335  -15.012  -45.552  50.216 0.0000000000
33235  -14.458  -46.166  49.884 0.0000000000
33227  -14.760  -45.986  50.887 0.0000000000
34308  -14.343  -46.210  52.459 0.0000000000
33220  -13.808  -46.661  51.610 0.0000000000
32115  -13.389  -47.307  51.913 0.0000000000
32114  -12.549  -47.415  51.880 0.0000000000
31023  -15.141  -48.487  52.703 0.0000000000
59140  -43.535  -24.399  35.826 0.0000000000
55507  -39.586  -28.535  35.352 0.0000000000
55483  -40.073  -28.537  36.170 0.0000000000
55497  -40.204  -28.264  35.675 0.0000000000
55519  -41.002  -27.611  33.873 0.0000000000
55509  -40.656  -27.666  34.784 0.0000000000
56760  -41.398  -26.913  33.807 0.0000000000
56783  -38.114  -26.583  31.094 0.0000000000
57997  -40.597  -25.863  32.572 0.0000000000
57998  -41.251  -25.914  32.953 0.0000000000
56761  -41.679  -26.284  33.639 0.0000000000
57985  -41.706  -25.613  33.453 0.0000000000
57986  -42.188  -25.507  33.850 0.0000000000
59168  -41.615  -24.949  33.430 0.0000000000
59153  -40.930  -24.017  33.970 0.0000000000
60363  -41.852  -23.643  34.367 0.0000000000
60361  -40.214  -22.983  34.293 0.0000000000
59151  -39.252  -23.414  33.580 0.0000000000
60374  -37.581  -23.165  32.301 0.0000000000
60375  -38.348  -23.144  32.858 0.0000000000
61628  -37.551  -22.904  32.226 0.0000000000
61638  -37.187  -23.667  31.049 0.0000000000
61688  -36.420  -22.996  29.418 0.0000000000
62989  -34.148  -22.526  26.146 0.0000000000
62999  -33.702  -22.403  24.674 0.0000000000
60440  -31.353  -24.227  27.226 0.0000000000
61735  -31.528  -23.998  26.289 0.0000000000
61764  -32.254  -23.009  24.170 0.0000000000
61778  -33.086  -22.001  23.464 0.0000000000
46248  -21.896  -35.688  45.845 0.0000000000
46249  -22.520  -35.031  45.442 0.0000000000
47357  -23.932  -34.397  46.159 0.0000000000
48493  -25.653  -34.335  44.881 0.0000000000
48481  -25.599  -34.159  46.035 0.0000000000
48567  -24.024  -33.884  37.381 0.0000000000
49703  -23.434  -33.332  36.910 0.0000000000
49685  -23.350  -33.385  37.745 0.0000000000
48556  -23.768  -33.878  38.371 0.0000000000
47447  -25.808  -35.209  39.429 0.0000000000
47434  -26.912  -35.635  39.938 0.0000000000
47538  -26.634  -34.988  33.225 0.0000000000
47499  -28.374  -36.105  35.290 0.0000000000
47498  -27.644  -36.068  35.575 0.0000000000
46390  -27.371  -36.203  36.355 0.0000000000
46370  -27.602  -36.359  37.185 0.0000000000
46338  -28.199  -36.278  39.604 0.0000000000
46308  -29.000  -36.581  42.458 0.0000000000
45168  -31.806  -37.265  43.016 0.0000000000
44017  -32.486  -37.387  41.350 0.0000000000
45192  -34.019  -37.274  42.178 0.0000000000
46377  -37.156  -35.244  38.269 0.0000000000
37724  -16.582  -42.543  44.386 0.0000000000
41564  -17.946  -39.644  41.769 0.0000000000
40291  -18.161  -40.256  42.585 0.0000000000
38962  -18.021  -41.149  43.101 0.0000000000
38974  -17.694  -40.796  42.565 0.0000000000
38973  -17.087  -41.105  42.306 0.0000000000
38978  -16.259  -41.155  41.702 0.0000000000
38938  -18.076  -42.274  45.117 0.0000000000
37712  -17.350  -42.692  45.190 0.0000000000
37702  -18.455  -42.628  46.538 0.0000000000
41504  -20.277  -39.539  47.622 0.0000000000
41505  -20.390  -39.477  48.194 0.0000000000
64075  -43.000  -21.263  35.483 0.0000000000
64225  -34.575  -19.746  23.197 0.0000000000
64217  -35.573  -20.184  24.144 0.0000000000
65403  -35.216  -19.354  23.783 0.0000000000
66540  -36.234  -18.332  24.517 0.0000000000
65393  -36.209  -19.083  24.666 0.0000000000
66542  -37.535  -19.066  25.501 0.0000000000
67647  -37.310  -18.238  25.525 0.0000000000
69866  -37.265  -16.512  25.175 0.0000000000
68712  -37.811  -16.734  26.127 0.0000000000
68713  -38.350  -16.804  26.626 0.0000000000
67625  -39.192  -17.711  27.158 0.0000000000
68702  -38.968  -16.763  27.130 0.0000000000
69826  -39.863  -15.589  28.309 0.0000000000
68694  -39.561  -16.415  28.131 0.0000000000
72279  -40.976  -14.320  22.693 0.0000000000
71095  -40.366  -14.854  22.971 0.0000000000
71043  -40.408  -14.741  25.585 0.0000000000
77577  -43.585  -7.959  17.342 0.0000000000
78701  -44.424  -7.429  15.863 0.0000000000
78687  -44.830  -7.367  16.644 0.0000000000
79818  -45.056  -7.357  16.332 0.0000000000
78689  -45.898  -7.202  17.105 0.0000000000
79819  -45.361  -7.252  16.374 0.0000000000
78722  -43.963  -7.406  13.853 0.0000000000
79841  -45.699  -6.710  14.552 0.0000000000
81009  -48.076  -5.650  15.747 0.0000000000
79832  -47.607  -5.436  14.955 0.0000000000
127464  -48.424  -3.294  14.149 0.0000000000
127465  -48.675  -2.817  14.374 0.0000000000
82144  -45.119  -5.122  11.125 0.0000000000
81043  -44.727  -5.391  11.535 0.0000000000
83105  -48.679  -2.598  12.794 0.0000000000
83106  -49.274  -2.193  12.688 0.0000000000
49827  -35.283  -32.206  31.146 0.0000000000
50922  -35.533  -31.620  30.843 0.0000000000
50942  -34.555  -31.416  30.135 0.0000000000
64193  -35.887  -21.230  25.501 0.0000000000
64206  -36.414  -20.505  25.022 0.0000000000
75543  -43.417  -9.733  18.690 0.0000000000
75531  -44.620  -9.631  19.624 0.0000000000
76520  -45.286  -9.370  20.160 0.0000000000
77561  -46.398  -7.269  19.396 0.0000000000
78665  -45.693  -7.194  18.967 0.0000000000
78672  -45.162  -7.194  18.407 0.0000000000
36593  -15.186  -43.390  44.722 0.0000000000
36592  -14.361  -43.566  44.558 0.0000000000
56798  -35.553  -25.813  29.470 0.0000000000
58050  -36.436  -25.865  29.872 0.0000000000
59231  -33.959  -24.521  28.783 0.0000000000
60426  -33.269  -23.979  28.462 0.0000000000
43918  -21.451  -36.975  47.861 0.0000000000
47413  -25.657  -34.647  42.589 0.0000000000
47414  -26.429  -34.670  42.901 0.0000000000
47402  -27.849  -35.317  43.844 0.0000000000
46278  -28.379  -35.649  43.839 0.0000000000
46291  -29.038  -36.266  43.451 0.0000000000
44093  -34.248  -37.324  37.935 0.0000000000
44063  -35.741  -37.226  39.647 0.0000000000
44064  -36.196  -36.742  40.207 0.0000000000
43944  -20.113  -38.006  44.954 0.0000000000
42737  -20.462  -38.509  45.935 0.0000000000
69909  -38.915  -15.919  22.714 0.0000000000
71094  -39.845  -15.444  23.302 0.0000000000
51952  -38.598  -30.400  35.131 0.0000000000
53091  -38.714  -29.727  34.963 0.0000000000
53118  -38.667  -30.289  33.872 0.0000000000
51982  -38.501  -30.286  32.953 0.0000000000
53163  -36.271  -29.908  30.190 0.0000000000
55561  -36.170  -27.569  29.415 0.0000000000
46284  -20.625  -36.040  41.543 0.0000000000
46303  -21.470  -34.999  41.395 0.0000000000
47422  -21.239  -34.495  40.963 0.0000000000
49681  -21.478  -33.803  38.429 0.0000000000
49664  -21.841  -33.825  39.538 0.0000000000
48524  -23.570  -33.564  41.298 0.0000000000
48536  -23.330  -33.422  40.403 0.0000000000
47445  -24.236  -33.955  40.025 0.0000000000
48619  -37.714  -32.698  33.787 0.0000000000
44031  -19.338  -37.193  40.047 0.0000000000
45181  -20.180  -36.809  41.283 0.0000000000
61641  -38.579  -22.497  32.179 0.0000000000
62904  -39.179  -22.025  31.604 0.0000000000
64130  -39.540  -21.697  31.125 0.0000000000
64169  -38.807  -20.048  28.455 0.0000000000
65351  -40.090  -19.597  29.345 0.0000000000
127256  -39.833  -18.272  28.585 0.0000000000
66518  -39.732  -17.984  28.377 0.0000000000
72327  -41.108  -13.583  20.749 0.0000000000
72310  -41.536  -13.717  21.173 0.0000000000
73446  -41.742  -13.438  20.953 0.0000000000
74516  -45.665  -11.964  22.552 0.0000000000
74517  -46.977  -11.314  22.579 0.0000000000
82111  -49.129  -3.994  15.849 0.0000000000
69918  -35.412  -17.075  20.603 0.0000000000
71166  -38.141  -14.208  18.444 0.0000000000
72339  -38.850  -14.072  18.840 0.0000000000
75557  -40.578  -10.335  17.496 0.0000000000
75540  -41.220  -10.621  18.067 0.0000000000
77574  -41.717  -9.107  16.945 0.0000000000
34343  -13.174  -46.078  48.002 0.0000000000
33247  -13.431  -46.439  48.656 0.0000000000
36539  -17.821  -43.778  50.318 0.0000000000
36538  -17.084  -43.935  50.368 0.0000000000
35453  -16.520  -44.397  50.439 0.0000000000
35431  -16.095  -45.207  51.880 0.0000000000
35429  -15.040  -44.872  52.866 0.0000000000
33221  -14.374  -46.117  51.495 0.0000000000
34309  -14.767  -45.509  52.864 0.0000000000
54314  -39.983  -28.670  33.639 0.0000000000
54301  -39.956  -28.412  34.342 0.0000000000
56769  -38.028  -25.571  31.580 0.0000000000
59183  -40.278  -25.041  32.845 0.0000000000
59167  -40.962  -24.647  33.412 0.0000000000
60386  -37.717  -23.573  32.263 0.0000000000
60385  -37.315  -23.543  31.600 0.0000000000
60429  -35.076  -23.617  29.402 0.0000000000
61686  -34.946  -23.364  28.575 0.0000000000
61738  -33.619  -22.784  25.626 0.0000000000
46260  -22.512  -34.747  44.818 0.0000000000
47366  -23.414  -34.050  45.273 0.0000000000
47368  -26.902  -34.426  45.855 0.0000000000
48482  -26.305  -34.185  46.433 0.0000000000
49724  -24.054  -33.641  35.869 0.0000000000
49723  -23.490  -33.305  36.080 0.0000000000
47495  -24.406  -34.020  36.807 0.0000000000
48568  -24.609  -34.364  37.113 0.0000000000
47524  -28.208  -35.510  33.980 0.0000000000
47514  -28.770  -35.821  34.762 0.0000000000
46409  -28.792  -35.991  35.376 0.0000000000
45254  -31.588  -36.628  38.204 0.0000000000
46358  -30.347  -36.396  38.623 0.0000000000
45210  -30.261  -37.047  40.908 0.0000000000
45190  -32.191  -37.220  42.132 0.0000000000
40269  -19.290  -40.382  43.853 0.0000000000
40280  -18.571  -40.388  43.002 0.0000000000
38963  -18.742  -40.835  43.428 0.0000000000
38939  -18.920  -41.644  44.992 0.0000000000
37703  -19.193  -41.965  46.586 0.0000000000
42692  -21.202  -38.462  49.801 0.0000000000
41495  -20.844  -39.410  49.365 0.0000000000
66563  -34.965  -18.737  23.200 0.0000000000
66553  -35.567  -18.486  23.744 0.0000000000
66554  -35.947  -18.333  24.102 0.0000000000
67645  -36.396  -17.732  24.597 0.0000000000
69868  -38.085  -16.074  25.126 0.0000000000
71040  -38.069  -15.471  25.862 0.0000000000
69851  -38.091  -15.842  26.326 0.0000000000
69837  -38.436  -15.937  26.550 0.0000000000
69838  -39.001  -15.781  26.712 0.0000000000
71012  -39.514  -15.100  27.335 0.0000000000
72281  -42.640  -13.916  23.330 0.0000000000
72269  -42.998  -14.138  24.500 0.0000000000
72255  -43.079  -13.802  25.720 0.0000000000
77604  -43.072  -8.355  15.751 0.0000000000
78700  -43.733  -7.874  15.745 0.0000000000
82184  -44.980  -4.437  9.877 0.0000000000
82146  -46.681  -4.300  11.993 0.0000000000
85079  -49.430  -1.779  8.486 0.0000000000
84135  -49.403  -1.904  9.073 0.0000000000
85080  -49.926  -1.649  8.625 0.0000000000
50906  -37.418  -31.691  32.474 0.0000000000
52015  -36.312  -30.879  30.796 0.0000000000
53162  -35.612  -30.150  29.784 0.0000000000
46335  -20.657  -35.517  39.343 0.0000000000
50796  -22.057  -33.014  37.730 0.0000000000
48641  -30.647  -33.946  30.903 0.0000000000
47574  -32.752  -34.060  31.628 0.0000000000
48617  -36.032  -33.441  32.651 0.0000000000
49796  -36.695  -32.352  32.895 0.0000000000
50888  -37.113  -31.936  32.706 0.0000000000
62941  -37.039  -22.359  29.072 0.0000000000
65368  -38.357  -19.808  27.208 0.0000000000
74537  -42.913  -11.820  20.105 0.0000000000
73462  -43.240  -12.127  20.561 0.0000000000
75510  -45.206  -10.880  21.039 0.0000000000
74527  -46.520  -10.519  22.089 0.0000000000
75502  -47.369  -10.360  22.517 0.0000000000
127410  -48.130  -6.408  19.679 0.0000000000
80989  -47.763  -6.191  18.458 0.0000000000
79804  -47.846  -6.249  17.922 0.0000000000
36579  -14.141  -44.125  45.131 0.0000000000
35496  -14.399  -45.119  46.751 0.0000000000
55550  -38.343  -27.652  30.740 0.0000000000
55539  -38.716  -27.217  30.957 0.0000000000
57993  -37.337  -24.649  31.341 0.0000000000
59216  -35.293  -24.210  30.298 0.0000000000
59215  -34.827  -24.323  29.933 0.0000000000
61685  -34.257  -23.647  28.339 0.0000000000
61723  -33.089  -23.341  27.610 0.0000000000
48504  -23.526  -34.312  43.114 0.0000000000
47381  -26.104  -34.503  45.040 0.0000000000
47382  -26.561  -34.562  44.796 0.0000000000
47369  -27.592  -34.649  46.266 0.0000000000
46265  -29.804  -36.074  44.930 0.0000000000
49749  -24.240  -33.821  35.166 0.0000000000
46412  -31.417  -36.265  35.665 0.0000000000
46394  -31.882  -36.359  36.618 0.0000000000
45243  -31.784  -36.888  38.516 0.0000000000
45231  -32.283  -37.333  39.393 0.0000000000
45213  -32.065  -37.235  39.723 0.0000000000
44040  -32.628  -37.493  40.197 0.0000000000
44042  -35.022  -37.446  40.558 0.0000000000
44020  -35.326  -36.874  41.343 0.0000000000
42782  -18.362  -38.947  41.746 0.0000000000
41551  -19.261  -39.683  43.168 0.0000000000
42749  -19.518  -38.868  43.606 0.0000000000
40250  -19.626  -40.395  45.816 0.0000000000
41522  -20.129  -39.722  46.067 0.0000000000
41512  -20.299  -39.447  47.064 0.0000000000
42716  -20.650  -38.699  47.548 0.0000000000
42725  -20.656  -38.439  46.552 0.0000000000
68759  -35.905  -17.220  23.145 0.0000000000
68741  -36.341  -17.381  23.771 0.0000000000
68760  -36.548  -16.903  23.559 0.0000000000
69897  -37.217  -16.619  24.054 0.0000000000
78720  -42.070  -7.408  13.302 0.0000000000
79849  -42.473  -6.839  13.055 0.0000000000
83153  -47.837  -3.973  9.661 0.0000000000
83170  -48.513  -3.391  8.860 0.0000000000
84132  -47.015  -3.286  7.928 0.0000000000
84134  -48.982  -2.356  8.360 0.0000000000
36568  -17.931  -43.387  46.745 0.0000000000
53092  -39.017  -29.304  34.881 0.0000000000
51998  -37.848  -30.959  32.111 0.0000000000
53132  -37.915  -30.102  32.011 0.0000000000
53149  -37.191  -30.029  30.881 0.0000000000
54337  -37.439  -29.564  31.095 0.0000000000
53151  -38.023  -29.637  31.836 0.0000000000
54354  -38.632  -28.239  30.975 0.0000000000
45144  -21.649  -35.911  44.177 0.0000000000
46273  -21.484  -35.554  42.859 0.0000000000
47378  -22.241  -34.949  43.686 0.0000000000
48503  -22.834  -34.237  43.129 0.0000000000
47444  -21.357  -35.103  39.695 0.0000000000
48521  -20.998  -33.988  41.085 0.0000000000
48534  -21.484  -34.006  40.556 0.0000000000
48522  -21.757  -34.078  41.383 0.0000000000
49618  -22.427  -33.831  42.109 0.0000000000
49607  -22.686  -33.843  42.459 0.0000000000
47411  -24.063  -34.326  42.680 0.0000000000
47412  -24.708  -34.418  42.299 0.0000000000
48515  -24.382  -34.056  41.800 0.0000000000
46305  -26.569  -35.425  41.517 0.0000000000
47554  -27.741  -34.712  32.310 0.0000000000
47556  -29.796  -34.971  32.215 0.0000000000
46422  -30.827  -36.142  34.743 0.0000000000
45292  -31.999  -36.172  35.456 0.0000000000
45282  -32.895  -36.672  35.768 0.0000000000
45283  -33.526  -36.716  36.055 0.0000000000
45269  -33.960  -36.820  36.578 0.0000000000
45270  -34.819  -36.792  36.707 0.0000000000
45258  -35.319  -36.957  37.219 0.0000000000
44096  -36.196  -36.731  37.924 0.0000000000
45247  -36.496  -36.388  38.457 0.0000000000
47481  -37.186  -35.002  37.721 0.0000000000
48570  -37.376  -34.443  37.534 0.0000000000
47532  -36.748  -34.302  34.548 0.0000000000
48598  -37.317  -33.986  35.221 0.0000000000
48607  -37.408  -33.657  34.506 0.0000000000
50802  -38.285  -32.014  38.167 0.0000000000
51918  -38.861  -30.662  36.876 0.0000000000
42766  -19.522  -38.137  42.319 0.0000000000
44009  -19.293  -37.352  40.919 0.0000000000
43991  -19.673  -37.561  41.870 0.0000000000
61602  -41.243  -22.233  35.005 0.0000000000
62870  -39.799  -22.375  32.876 0.0000000000
62833  -40.643  -22.033  33.757 0.0000000000
64072  -41.230  -21.171  34.396 0.0000000000
64081  -41.083  -21.013  33.815 0.0000000000
62922  -38.183  -21.998  30.089 0.0000000000
62923  -39.208  -21.808  30.607 0.0000000000
62924  -39.729  -20.915  30.531 0.0000000000
64131  -39.710  -20.966  31.071 0.0000000000
64115  -40.642  -21.166  31.596 0.0000000000
65319  -41.092  -20.466  31.470 0.0000000000
72293  -41.158  -14.626  22.175 0.0000000000
72311  -41.950  -13.722  21.680 0.0000000000
73449  -44.108  -12.417  21.538 0.0000000000
73438  -45.166  -13.084  22.853 0.0000000000
72284  -45.105  -13.241  23.492 0.0000000000
32120  -11.469  -47.377  50.547 0.0000000000
64215  -33.949  -20.925  23.832 0.0000000000
64224  -34.021  -20.396  22.944 0.0000000000
65412  -33.934  -19.401  22.603 0.0000000000
67674  -35.062  -18.198  22.768 0.0000000000
68758  -35.347  -17.581  22.731 0.0000000000
68775  -35.761  -17.336  22.515 0.0000000000
68788  -36.226  -17.179  22.202 0.0000000000
69920  -36.788  -16.723  21.693 0.0000000000
69919  -35.817  -17.004  20.862 0.0000000000
71126  -38.381  -15.809  21.129 0.0000000000
71143  -39.769  -14.326  20.576 0.0000000000
72325  -40.208  -14.100  20.078 0.0000000000
72326  -40.694  -13.542  20.347 0.0000000000
73459  -40.817  -13.191  20.126 0.0000000000
73496  -38.214  -12.199  17.275 0.0000000000
75542  -42.954  -10.379  18.723 0.0000000000
75541  -41.919  -10.291  18.412 0.0000000000
76535  -43.221  -9.306  18.890 0.0000000000
76525  -43.212  -8.927  18.996 0.0000000000
77565  -43.259  -8.585  18.040 0.0000000000
77576  -42.970  -8.468  17.236 0.0000000000
77591  -42.672  -8.473  16.480 0.0000000000
77603  -42.409  -8.512  15.759 0.0000000000
77608  -40.754  -8.222  14.265 0.0000000000
78709  -40.241  -7.481  13.707 0.0000000000
36560  -17.286  -44.073  47.399 0.0000000000
35498  -16.369  -44.484  47.005 0.0000000000
35477  -16.775  -44.469  48.705 0.0000000000
35485  -16.113  -44.525  47.884 0.0000000000
35452  -15.899  -44.861  50.716 0.0000000000
35463  -15.265  -44.948  49.957 0.0000000000
33248  -14.123  -46.294  49.054 0.0000000000
33218  -12.054  -47.204  51.257 0.0000000000
32106  -12.292  -47.738  52.363 0.0000000000
32102  -13.157  -48.000  52.625 0.0000000000
57961  -43.807  -24.365  36.132 0.0000000000
56731  -40.638  -28.109  36.103 0.0000000000
55498  -40.495  -27.788  35.399 0.0000000000
56785  -39.512  -27.306  31.541 0.0000000000
55541  -39.873  -27.689  31.766 0.0000000000
56752  -42.216  -26.483  34.520 0.0000000000
57976  -42.577  -25.493  34.381 0.0000000000
59155  -42.599  -24.437  34.521 0.0000000000
59154  -41.848  -24.315  33.872 0.0000000000
60348  -42.509  -23.694  34.709 0.0000000000
60360  -39.213  -22.947  33.627 0.0000000000
60359  -38.922  -23.066  33.371 0.0000000000
61653  -37.799  -22.853  31.235 0.0000000000
59178  -36.599  -23.874  31.189 0.0000000000
61651  -36.736  -23.524  30.745 0.0000000000
61667  -36.864  -22.840  30.168 0.0000000000
62981  -35.955  -21.762  27.391 0.0000000000
63012  -33.883  -21.898  23.952 0.0000000000
58047  -33.048  -24.905  27.749 0.0000000000
60425  -32.549  -23.893  28.200 0.0000000000
61702  -32.119  -23.396  27.926 0.0000000000
61722  -32.503  -23.195  27.570 0.0000000000
62987  -32.932  -23.089  27.179 0.0000000000
63028  -33.442  -21.307  23.083 0.0000000000
50797  -22.288  -33.032  37.647 0.0000000000
49684  -22.785  -33.103  37.969 0.0000000000
47446  -24.733  -34.435  39.504 0.0000000000
47462  -24.739  -34.489  38.730 0.0000000000
47426  -26.327  -35.305  41.074 0.0000000000
46306  -27.431  -35.712  41.633 0.0000000000
47523  -27.218  -35.574  34.034 0.0000000000
47511  -26.220  -35.240  35.438 0.0000000000
47479  -26.604  -35.756  37.127 0.0000000000
46369  -26.956  -36.307  36.884 0.0000000000
46355  -27.183  -35.528  38.924 0.0000000000
46337  -27.331  -35.785  39.467 0.0000000000
45186  -27.540  -35.862  41.172 0.0000000000
45166  -29.810  -36.847  43.224 0.0000000000
40290  -17.698  -40.385  42.075 0.0000000000
38960  -15.929  -42.000  43.056 0.0000000000
38949  -17.071  -42.271  43.943 0.0000000000
37701  -17.293  -42.895  46.079 0.0000000000
36569  -18.448  -43.137  46.976 0.0000000000
37693  -18.752  -42.858  47.424 0.0000000000
64218  -36.020  -20.140  24.482 0.0000000000
65405  -36.281  -19.750  24.620 0.0000000000
65394  -36.959  -19.655  24.949 0.0000000000
68720  -36.485  -17.350  24.605 0.0000000000
68722  -37.390  -16.725  25.627 0.0000000000
68711  -37.214  -17.118  25.635 0.0000000000
67633  -37.128  -17.405  25.582 0.0000000000
67626  -39.612  -17.245  28.078 0.0000000000
68693  -39.437  -16.130  27.549 0.0000000000
71080  -40.443  -15.289  23.971 0.0000000000
71061  -39.998  -14.905  24.961 0.0000000000
72232  -40.035  -14.189  26.707 0.0000000000
72213  -40.282  -13.967  27.347 0.0000000000
78671  -44.674  -7.597  17.981 0.0000000000
79809  -44.915  -6.782  18.010 0.0000000000
78679  -45.072  -7.184  17.589 0.0000000000
79810  -45.371  -6.554  17.835 0.0000000000
79811  -46.111  -6.546  17.742 0.0000000000
79812  -47.211  -6.532  17.320 0.0000000000
79840  -44.848  -6.933  15.215 0.0000000000
79813  -48.122  -5.924  17.136 0.0000000000
79822  -48.259  -5.596  16.320 0.0000000000
127463  -48.746  -3.525  15.380 0.0000000000
127472  -48.745  -2.938  15.332 0.0000000000
81030  -44.989  -5.726  12.278 0.0000000000
81031  -45.752  -5.058  12.720 0.0000000000
127462  -48.304  -3.263  13.405 0.0000000000
84119  -49.876  -1.691  9.638 0.0000000000
31012  -12.034  -48.891  52.734 0.0000000000
32098  -12.821  -48.107  52.652 0.0000000000
32100  -11.746  -48.103  52.482 0.0000000000
32101  -12.254  -47.979  52.550 0.0000000000
33212  -14.833  -45.791  53.140 0.0000000000
34304  -14.943  -45.575  53.301 0.0000000000
34318  -15.427  -45.287  51.701 0.0000000000
34327  -15.631  -45.214  51.180 0.0000000000
35425  -14.934  -45.026  53.448 0.0000000000
35426  -15.278  -45.000  53.211 0.0000000000
41513  -20.417  -39.303  47.610 0.0000000000
44038  -31.478  -37.331  41.123 0.0000000000
44080  -33.089  -37.375  38.866 0.0000000000
44084  -36.228  -36.957  38.164 0.0000000000
45187  -27.750  -36.019  41.406 0.0000000000
45208  -27.726  -36.117  41.058 0.0000000000
45209  -27.936  -36.292  41.301 0.0000000000
45230  -31.702  -37.024  39.244 0.0000000000
46318  -21.190  -35.295  39.776 0.0000000000
46319  -26.665  -35.416  40.896 0.0000000000
46336  -21.083  -35.285  39.563 0.0000000000
46389  -26.849  -36.009  36.555 0.0000000000
47397  -24.275  -34.457  43.033 0.0000000000
47409  -21.547  -35.248  42.419 0.0000000000
47429  -21.557  -34.900  40.176 0.0000000000
47430  -21.362  -35.205  39.934 0.0000000000
47476  -24.198  -33.948  37.228 0.0000000000
47477  -24.346  -34.063  37.088 0.0000000000
47480  -26.943  -36.275  37.305 0.0000000000
47494  -24.260  -33.857  37.000 0.0000000000
48494  -26.165  -34.392  44.306 0.0000000000
48535  -21.872  -33.900  40.780 0.0000000000
48640  -30.217  -33.949  30.808 0.0000000000
49630  -22.233  -33.994  41.775 0.0000000000
49646  -21.858  -33.914  40.344 0.0000000000
51996  -36.485  -30.990  31.303 0.0000000000
53164  -36.755  -29.678  30.561 0.0000000000
54268  -39.163  -29.556  35.766 0.0000000000
55508  -39.972  -28.077  34.911 0.0000000000
55551  -38.740  -27.927  30.865 0.0000000000
56773  -41.492  -26.127  33.183 0.0000000000
58049  -35.969  -25.951  29.533 0.0000000000
60376  -38.782  -22.998  33.201 0.0000000000
60412  -34.892  -23.841  29.761 0.0000000000
61639  -37.351  -23.177  31.681 0.0000000000
62834  -40.903  -21.758  34.129 0.0000000000
62852  -40.348  -22.237  33.401 0.0000000000
62854  -40.839  -21.096  33.432 0.0000000000
62889  -39.938  -21.890  32.406 0.0000000000
62906  -40.155  -21.581  31.949 0.0000000000
62977  -32.966  -23.239  27.360 0.0000000000
64071  -41.051  -21.320  34.148 0.0000000000
64074  -42.485  -21.109  35.232 0.0000000000
64080  -40.927  -21.424  33.951 0.0000000000
64114  -40.016  -21.396  31.482 0.0000000000
64132  -40.164  -20.975  31.289 0.0000000000
65337  -41.002  -20.159  31.102 0.0000000000
66511  -39.650  -18.410  28.357 0.0000000000
66539  -35.816  -18.537  24.235 0.0000000000
69887  -37.174  -16.483  24.870 0.0000000000
71058  -38.070  -15.892  25.542 0.0000000000
71113  -41.113  -14.597  21.790 0.0000000000
71154  -38.194  -14.697  18.714 0.0000000000
72298  -44.833  -13.356  23.304 0.0000000000
73435  -42.495  -13.523  21.785 0.0000000000
75529  -43.244  -10.728  19.323 0.0000000000
78673  -45.658  -7.063  18.713 0.0000000000
78680  -45.689  -7.058  17.462 0.0000000000
78681  -46.026  -7.044  17.285 0.0000000000
79793  -46.084  -6.672  18.661 0.0000000000
79800  -45.256  -6.801  18.164 0.0000000000
79801  -45.656  -6.723  18.444 0.0000000000
79802  -46.505  -6.512  18.386 0.0000000000
80974  -45.994  -6.475  18.509 0.0000000000
80975  -46.227  -6.471  18.417 0.0000000000
80987  -45.684  -6.327  18.172 0.0000000000
81000  -45.138  -6.248  17.943 0.0000000000
81001  -45.488  -6.282  17.979 0.0000000000
81002  -46.089  -6.196  17.935 0.0000000000
84081  -48.715  -2.668  13.662 0.0000000000
84089  -49.518  -1.894  12.626 0.0000000000
127466  -48.499  -2.951  13.821 0.0000000000
