#!ascii label  , from subject 3128 vox2ras=TkReg
1372
52036  -43.892  -30.385  30.842 0.0000000000
41601  -34.264  -39.646  40.210 0.0000000000
63046  -36.132  -21.206  22.524 0.0000000000
53270  -34.188  -28.193  23.053 0.0000000000
56857  -40.240  -27.011  28.152 0.0000000000
42940  -41.058  -38.620  34.730 0.0000000000
40441  -34.552  -40.495  27.714 0.0000000000
47643  -31.518  -34.647  25.926 0.0000000000
45148  -25.856  -36.648  43.310 0.0000000000
71097  -46.699  -14.752  23.964 0.0000000000
43007  -26.820  -38.489  30.027 0.0000000000
53224  -38.956  -29.387  26.299 0.0000000000
54448  -40.290  -28.623  23.089 0.0000000000
55595  -44.229  -27.873  27.867 0.0000000000
47565  -42.695  -34.050  32.797 0.0000000000
46455  -36.801  -35.079  30.755 0.0000000000
50977  -36.617  -31.849  28.398 0.0000000000
51023  -32.553  -31.112  24.755 0.0000000000
74541  -46.900  -11.785  20.633 0.0000000000
42807  -30.223  -38.476  41.827 0.0000000000
44108  -25.734  -37.648  36.493 0.0000000000
41657  -29.574  -37.683  35.201 0.0000000000
60458  -37.440  -23.901  27.147 0.0000000000
40343  -37.469  -40.790  37.659 0.0000000000
42951  -33.869  -38.184  33.547 0.0000000000
42976  -36.928  -39.160  31.738 0.0000000000
43054  -33.459  -38.339  26.387 0.0000000000
45125  -22.569  -36.994  44.739 0.0000000000
62946  -42.767  -21.300  29.482 0.0000000000
65381  -39.973  -19.556  26.129 0.0000000000
71029  -43.469  -14.630  27.726 0.0000000000
67693  -40.608  -17.286  22.590 0.0000000000
69959  -41.022  -15.467  18.921 0.0000000000
44089  -22.099  -36.681  37.548 0.0000000000
43012  -31.299  -38.614  29.573 0.0000000000
53182  -41.271  -29.566  29.211 0.0000000000
54396  -41.663  -28.743  26.906 0.0000000000
54369  -44.253  -28.774  29.110 0.0000000000
49830  -42.322  -32.471  31.976 0.0000000000
48666  -39.540  -33.101  30.666 0.0000000000
50963  -40.384  -31.265  30.022 0.0000000000
52083  -37.747  -30.648  27.614 0.0000000000
61849  -35.483  -22.386  19.424 0.0000000000
65463  -36.017  -19.847  19.488 0.0000000000
41583  -32.367  -39.328  41.845 0.0000000000
42862  -29.497  -38.450  38.449 0.0000000000
42864  -31.422  -38.529  38.133 0.0000000000
55673  -34.845  -27.266  20.468 0.0000000000
55630  -41.978  -27.435  24.821 0.0000000000
54467  -40.884  -28.040  22.452 0.0000000000
55628  -40.078  -27.444  24.838 0.0000000000
56898  -37.648  -26.419  24.713 0.0000000000
58084  -38.344  -25.499  28.041 0.0000000000
40369  -39.338  -39.871  35.743 0.0000000000
41673  -37.684  -40.242  34.325 0.0000000000
42954  -38.164  -38.800  33.197 0.0000000000
47611  -34.183  -34.592  28.379 0.0000000000
44237  -34.742  -37.360  28.542 0.0000000000
44254  -31.912  -37.120  26.203 0.0000000000
53245  -33.354  -29.886  24.039 0.0000000000
64185  -41.428  -20.358  27.799 0.0000000000
68724  -42.113  -16.266  25.192 0.0000000000
68779  -43.525  -16.384  22.873 0.0000000000
68789  -41.064  -16.538  21.175 0.0000000000
69925  -43.830  -14.867  21.414 0.0000000000
74563  -43.908  -11.712  17.904 0.0000000000
46262  -23.880  -35.790  43.939 0.0000000000
44033  -22.200  -37.099  40.964 0.0000000000
45205  -23.825  -36.346  40.430 0.0000000000
44147  -26.395  -37.557  33.465 0.0000000000
45300  -23.673  -36.727  33.552 0.0000000000
42987  -24.591  -38.242  30.015 0.0000000000
42996  -34.892  -38.696  30.022 0.0000000000
44191  -32.803  -37.608  31.244 0.0000000000
41745  -33.274  -40.437  28.693 0.0000000000
53249  -37.248  -29.006  24.819 0.0000000000
54446  -38.033  -28.415  23.244 0.0000000000
53251  -39.948  -28.935  24.721 0.0000000000
54412  -43.376  -28.085  25.424 0.0000000000
56859  -42.825  -27.061  27.478 0.0000000000
45305  -42.031  -36.534  33.753 0.0000000000
45314  -38.531  -36.761  32.898 0.0000000000
47577  -39.698  -34.575  31.886 0.0000000000
48680  -36.764  -33.491  29.478 0.0000000000
48720  -34.406  -33.187  27.291 0.0000000000
49904  -31.538  -32.851  25.201 0.0000000000
51000  -35.327  -31.700  26.594 0.0000000000
53221  -36.112  -30.461  25.951 0.0000000000
72313  -46.778  -13.203  21.744 0.0000000000
74520  -49.649  -11.096  23.160 0.0000000000
42769  -28.171  -37.964  42.849 0.0000000000
42841  -26.238  -37.472  39.903 0.0000000000
42860  -27.530  -38.196  38.788 0.0000000000
42913  -27.891  -37.983  35.549 0.0000000000
44167  -28.296  -37.631  32.659 0.0000000000
54479  -37.795  -28.263  21.202 0.0000000000
58108  -35.658  -25.375  24.549 0.0000000000
61767  -36.820  -22.739  24.641 0.0000000000
40332  -35.701  -40.341  38.914 0.0000000000
42881  -33.592  -38.806  36.843 0.0000000000
41647  -35.932  -40.146  36.326 0.0000000000
42964  -35.771  -39.154  32.710 0.0000000000
41719  -36.285  -39.256  29.536 0.0000000000
45322  -36.668  -37.140  31.603 0.0000000000
43027  -35.915  -38.784  28.194 0.0000000000
41775  -34.585  -39.964  26.653 0.0000000000
54342  -45.429  -28.635  31.414 0.0000000000
41574  -35.843  -39.403  41.669 0.0000000000
42882  -38.405  -38.897  37.626 0.0000000000
44110  -40.018  -37.307  36.725 0.0000000000
56806  -45.735  -26.982  30.303 0.0000000000
56787  -44.278  -26.350  31.212 0.0000000000
58032  -41.622  -26.026  31.016 0.0000000000
61656  -42.480  -22.306  31.595 0.0000000000
60431  -40.245  -23.603  29.809 0.0000000000
61706  -39.483  -22.575  28.156 0.0000000000
62992  -39.092  -21.600  26.296 0.0000000000
63018  -38.767  -20.490  24.795 0.0000000000
69853  -40.805  -16.062  27.163 0.0000000000
67661  -38.745  -17.761  24.770 0.0000000000
65435  -38.337  -18.947  22.693 0.0000000000
66597  -38.397  -18.435  20.260 0.0000000000
71158  -44.090  -13.874  20.126 0.0000000000
42801  -21.357  -38.411  41.945 0.0000000000
42909  -20.263  -38.163  35.645 0.0000000000
44106  -23.789  -36.966  36.655 0.0000000000
44128  -21.273  -36.919  33.815 0.0000000000
42935  -31.644  -38.029  34.514 0.0000000000
44169  -30.019  -37.343  32.432 0.0000000000
43010  -29.316  -38.620  29.703 0.0000000000
39077  -31.317  -41.855  30.763 0.0000000000
53183  -42.321  -29.663  29.430 0.0000000000
53200  -42.158  -29.143  28.594 0.0000000000
53184  -43.329  -29.322  29.508 0.0000000000
50947  -42.385  -31.338  31.094 0.0000000000
50945  -40.775  -31.503  30.644 0.0000000000
52034  -41.649  -30.832  30.339 0.0000000000
52052  -40.416  -30.440  29.690 0.0000000000
63045  -35.506  -21.948  22.538 0.0000000000
63082  -35.442  -21.297  20.680 0.0000000000
64289  -35.449  -20.871  19.260 0.0000000000
64260  -36.432  -20.320  21.372 0.0000000000
41599  -32.346  -39.316  40.754 0.0000000000
42847  -31.403  -38.589  39.018 0.0000000000
41621  -32.888  -38.915  38.791 0.0000000000
54476  -33.421  -27.669  21.811 0.0000000000
54478  -34.850  -27.739  22.118 0.0000000000
55606  -41.088  -27.343  26.478 0.0000000000
55629  -41.223  -27.449  24.791 0.0000000000
55605  -40.133  -27.378  26.674 0.0000000000
56873  -38.619  -26.790  26.907 0.0000000000
56838  -39.175  -26.270  28.560 0.0000000000
41676  -40.244  -39.367  34.807 0.0000000000
41675  -39.308  -39.519  34.771 0.0000000000
42956  -39.547  -38.759  34.282 0.0000000000
47620  -33.218  -34.726  27.375 0.0000000000
45358  -32.571  -36.036  27.365 0.0000000000
46494  -31.804  -35.387  26.296 0.0000000000
45376  -30.866  -36.528  25.148 0.0000000000
53258  -34.415  -28.694  23.601 0.0000000000
53256  -32.367  -29.455  23.153 0.0000000000
54458  -32.345  -28.312  22.276 0.0000000000
68747  -44.476  -15.923  24.622 0.0000000000
69912  -44.408  -16.002  23.313 0.0000000000
69911  -43.960  -15.934  22.667 0.0000000000
71116  -45.382  -14.962  23.150 0.0000000000
45128  -25.349  -36.075  44.501 0.0000000000
45163  -23.608  -36.337  42.549 0.0000000000
43994  -25.311  -36.543  41.463 0.0000000000
44206  -26.449  -37.572  31.002 0.0000000000
42972  -25.328  -37.470  30.843 0.0000000000
42988  -26.015  -38.050  30.267 0.0000000000
40412  -25.526  -40.161  30.336 0.0000000000
40413  -26.565  -40.270  30.359 0.0000000000
41736  -35.074  -39.485  28.678 0.0000000000
42995  -33.911  -38.513  29.793 0.0000000000
40440  -33.915  -40.982  28.333 0.0000000000
53236  -38.229  -29.072  25.373 0.0000000000
53250  -37.919  -28.747  24.706 0.0000000000
53225  -40.232  -29.122  26.154 0.0000000000
54398  -43.566  -28.117  26.845 0.0000000000
54411  -42.844  -28.457  25.693 0.0000000000
55609  -43.417  -27.648  26.171 0.0000000000
56860  -43.460  -27.302  27.826 0.0000000000
46435  -42.537  -35.192  33.420 0.0000000000
46440  -40.565  -35.341  32.892 0.0000000000
47563  -40.718  -34.687  32.364 0.0000000000
49859  -37.917  -32.459  29.601 0.0000000000
48664  -37.680  -33.346  30.280 0.0000000000
49875  -36.694  -32.684  28.792 0.0000000000
48707  -35.623  -33.275  28.223 0.0000000000
49885  -35.642  -32.611  27.757 0.0000000000
49895  -34.524  -32.574  26.727 0.0000000000
50991  -36.337  -31.700  27.696 0.0000000000
53212  -38.565  -29.804  27.145 0.0000000000
52091  -36.949  -30.607  26.814 0.0000000000
53223  -37.689  -29.802  26.559 0.0000000000
53235  -36.917  -29.370  25.669 0.0000000000
42788  -29.214  -38.542  42.823 0.0000000000
42805  -28.106  -38.368  41.508 0.0000000000
42825  -28.317  -38.456  40.704 0.0000000000
42877  -29.587  -38.464  37.421 0.0000000000
42876  -28.558  -38.304  37.583 0.0000000000
42914  -29.068  -37.876  35.568 0.0000000000
44134  -27.764  -37.660  34.173 0.0000000000
42946  -28.937  -38.014  34.086 0.0000000000
54447  -39.202  -28.603  23.146 0.0000000000
55643  -37.167  -28.233  21.600 0.0000000000
54465  -39.591  -28.524  22.152 0.0000000000
55662  -40.443  -27.778  21.818 0.0000000000
54496  -40.321  -28.298  20.545 0.0000000000
55695  -40.354  -27.672  19.855 0.0000000000
58094  -36.703  -25.601  26.359 0.0000000000
56897  -36.483  -26.220  24.692 0.0000000000
59277  -36.085  -24.709  25.572 0.0000000000
60484  -35.608  -24.043  24.741 0.0000000000
60486  -37.061  -23.437  25.662 0.0000000000
40342  -36.725  -40.730  37.829 0.0000000000
41633  -35.715  -40.028  37.119 0.0000000000
40365  -36.661  -40.503  36.251 0.0000000000
41694  -37.040  -39.461  32.539 0.0000000000
41684  -36.320  -39.378  33.345 0.0000000000
41703  -36.609  -39.388  31.853 0.0000000000
42997  -35.856  -38.983  30.285 0.0000000000
42998  -36.623  -38.939  30.360 0.0000000000
46446  -37.026  -35.672  31.414 0.0000000000
45313  -37.669  -37.055  32.548 0.0000000000
46445  -36.515  -36.378  31.156 0.0000000000
43036  -33.872  -37.849  27.206 0.0000000000
44238  -35.635  -38.011  28.676 0.0000000000
43037  -34.476  -38.495  27.231 0.0000000000
43038  -35.443  -39.076  27.311 0.0000000000
51008  -32.358  -31.801  24.933 0.0000000000
42883  -39.090  -38.589  37.119 0.0000000000
46418  -42.910  -35.839  34.924 0.0000000000
55542  -45.750  -27.688  30.658 0.0000000000
58001  -45.494  -24.893  31.753 0.0000000000
57999  -43.912  -24.873  32.146 0.0000000000
58033  -42.676  -26.174  31.140 0.0000000000
59201  -42.819  -24.568  32.241 0.0000000000
62926  -42.547  -21.597  30.336 0.0000000000
61671  -41.595  -22.423  30.527 0.0000000000
61690  -41.359  -22.089  29.622 0.0000000000
60444  -39.922  -23.035  29.233 0.0000000000
61708  -41.167  -21.886  29.053 0.0000000000
64184  -40.824  -20.508  27.119 0.0000000000
62983  -40.097  -21.514  27.188 0.0000000000
62993  -40.081  -20.907  26.536 0.0000000000
63004  -38.964  -20.983  25.311 0.0000000000
65380  -39.599  -19.795  25.595 0.0000000000
69841  -42.222  -15.179  27.562 0.0000000000
68762  -41.712  -16.986  23.281 0.0000000000
68723  -40.978  -16.704  24.747 0.0000000000
67675  -39.596  -17.680  23.708 0.0000000000
65416  -38.782  -18.980  23.911 0.0000000000
66581  -39.221  -18.150  22.464 0.0000000000
66579  -37.870  -18.559  21.524 0.0000000000
66591  -39.030  -17.918  21.549 0.0000000000
68810  -41.106  -16.129  20.032 0.0000000000
68799  -39.994  -16.839  20.156 0.0000000000
68816  -40.348  -16.194  18.895 0.0000000000
73465  -46.585  -12.705  21.121 0.0000000000
71146  -45.270  -13.857  21.043 0.0000000000
73464  -45.423  -12.820  20.291 0.0000000000
44056  -22.443  -36.632  39.760 0.0000000000
44032  -21.719  -37.387  40.343 0.0000000000
44075  -21.088  -37.832  38.415 0.0000000000
42891  -20.306  -38.524  36.628 0.0000000000
42892  -20.850  -37.775  36.913 0.0000000000
42873  -25.854  -37.203  38.083 0.0000000000
44079  -25.191  -37.058  38.695 0.0000000000
44107  -24.964  -37.340  36.673 0.0000000000
45299  -22.807  -36.705  33.374 0.0000000000
41700  -22.082  -39.173  30.956 0.0000000000
42902  -33.914  -38.747  36.118 0.0000000000
42901  -32.967  -38.532  36.219 0.0000000000
42936  -32.951  -38.204  34.473 0.0000000000
44224  -31.960  -38.068  29.616 0.0000000000
44170  -31.047  -37.371  32.273 0.0000000000
44211  -30.607  -37.633  30.490 0.0000000000
44210  -29.656  -37.577  30.703 0.0000000000
43011  -30.282  -38.720  29.659 0.0000000000
39076  -30.026  -41.264  30.967 0.0000000000
53198  -40.039  -29.575  27.970 0.0000000000
53214  -40.729  -29.006  27.195 0.0000000000
54381  -41.392  -28.830  27.516 0.0000000000
54383  -43.118  -28.505  28.186 0.0000000000
54384  -44.391  -28.114  28.062 0.0000000000
48631  -42.320  -33.309  32.477 0.0000000000
48648  -40.790  -33.253  31.803 0.0000000000
49829  -41.254  -32.469  31.643 0.0000000000
49861  -39.586  -32.193  30.096 0.0000000000
50961  -38.597  -31.544  29.317 0.0000000000
52067  -37.451  -31.089  28.017 0.0000000000
52050  -38.631  -30.982  28.781 0.0000000000
53180  -39.488  -30.053  28.506 0.0000000000
65474  -36.133  -19.806  18.590 0.0000000000
42808  -30.965  -38.637  41.667 0.0000000000
41596  -29.900  -38.600  40.489 0.0000000000
41610  -30.483  -38.710  40.112 0.0000000000
42863  -30.484  -38.506  38.266 0.0000000000
42899  -30.776  -38.273  36.420 0.0000000000
54450  -42.046  -28.160  23.184 0.0000000000
54466  -40.405  -28.278  22.211 0.0000000000
54469  -42.159  -27.770  23.371 0.0000000000
55636  -41.005  -27.572  23.902 0.0000000000
55635  -39.815  -27.330  23.686 0.0000000000
56906  -38.627  -26.958  23.705 0.0000000000
56899  -38.635  -26.746  24.856 0.0000000000
56872  -37.716  -26.470  26.811 0.0000000000
59258  -37.613  -24.629  27.374 0.0000000000
40356  -38.298  -40.579  36.555 0.0000000000
40366  -37.337  -40.754  36.095 0.0000000000
40379  -38.227  -40.491  35.119 0.0000000000
41686  -38.114  -39.526  33.553 0.0000000000
42966  -37.615  -39.077  32.672 0.0000000000
47601  -34.936  -34.795  29.426 0.0000000000
46453  -35.553  -35.681  30.141 0.0000000000
45351  -34.250  -36.182  28.597 0.0000000000
44245  -33.714  -37.156  27.676 0.0000000000
43053  -32.703  -37.980  25.945 0.0000000000
43071  -32.384  -38.381  25.463 0.0000000000
44288  -31.345  -37.513  24.912 0.0000000000
52113  -32.830  -30.409  24.277 0.0000000000
52125  -32.143  -30.158  23.660 0.0000000000
65353  -43.412  -20.046  29.616 0.0000000000
64171  -42.670  -20.687  28.716 0.0000000000
65361  -42.573  -19.994  28.641 0.0000000000
65360  -41.784  -19.829  28.281 0.0000000000
66519  -40.601  -18.425  27.322 0.0000000000
69844  -44.969  -15.260  27.137 0.0000000000
69856  -43.532  -15.338  26.377 0.0000000000
69871  -43.936  -15.688  25.625 0.0000000000
68745  -42.951  -16.439  24.246 0.0000000000
67678  -41.892  -17.190  22.967 0.0000000000
67701  -40.612  -17.056  21.755 0.0000000000
68777  -42.062  -16.701  22.165 0.0000000000
69922  -42.172  -15.865  21.229 0.0000000000
69950  -42.521  -15.115  20.257 0.0000000000
75533  -46.693  -10.446  19.417 0.0000000000
74551  -45.052  -11.781  19.138 0.0000000000
74565  -45.463  -10.944  18.775 0.0000000000
45126  -23.333  -36.298  44.482 0.0000000000
43993  -22.285  -37.464  43.177 0.0000000000
45162  -22.713  -36.753  42.834 0.0000000000
45204  -22.880  -36.238  40.788 0.0000000000
45225  -23.331  -36.258  39.830 0.0000000000
44131  -25.525  -37.703  34.407 0.0000000000
44129  -24.318  -37.503  35.103 0.0000000000
44163  -24.888  -37.136  33.019 0.0000000000
44183  -24.417  -37.129  31.551 0.0000000000
42986  -23.587  -38.250  30.269 0.0000000000
41702  -23.455  -39.897  30.756 0.0000000000
40411  -24.447  -40.182  30.521 0.0000000000
44193  -34.488  -38.109  31.706 0.0000000000
42961  -32.888  -37.717  32.625 0.0000000000
44214  -33.388  -37.951  30.434 0.0000000000
44225  -32.916  -38.244  29.635 0.0000000000
43013  -32.316  -38.829  29.152 0.0000000000
53259  -35.096  -28.750  23.854 0.0000000000
54461  -34.996  -27.885  22.794 0.0000000000
54434  -37.546  -28.566  24.150 0.0000000000
54435  -38.665  -28.709  24.301 0.0000000000
54437  -41.021  -28.622  24.196 0.0000000000
54409  -41.016  -28.651  25.729 0.0000000000
54421  -41.348  -28.650  25.132 0.0000000000
54438  -42.066  -28.439  23.925 0.0000000000
55632  -42.954  -27.777  24.641 0.0000000000
56875  -42.554  -27.274  26.525 0.0000000000
56841  -41.811  -26.950  28.108 0.0000000000
44137  -41.882  -37.533  34.293 0.0000000000
44156  -39.601  -37.862  34.069 0.0000000000
46433  -40.351  -36.063  33.304 0.0000000000
46439  -39.394  -35.706  32.671 0.0000000000
47575  -37.789  -35.050  31.382 0.0000000000
48646  -39.199  -33.951  31.387 0.0000000000
47591  -38.149  -33.986  30.717 0.0000000000
47589  -36.508  -34.483  30.186 0.0000000000
47613  -35.470  -34.009  29.145 0.0000000000
47621  -33.800  -34.268  27.771 0.0000000000
48718  -32.898  -33.760  26.377 0.0000000000
48729  -31.658  -33.579  25.773 0.0000000000
48731  -33.367  -33.221  26.174 0.0000000000
49906  -33.445  -32.525  25.751 0.0000000000
51010  -34.210  -31.654  25.664 0.0000000000
52081  -36.562  -31.201  27.046 0.0000000000
52089  -35.424  -31.093  26.059 0.0000000000
52101  -33.979  -30.879  25.123 0.0000000000
52115  -34.540  -30.174  24.789 0.0000000000
53247  -35.189  -29.243  24.523 0.0000000000
71117  -46.252  -14.006  22.883 0.0000000000
72301  -48.280  -13.136  23.250 0.0000000000
73451  -47.641  -12.697  22.066 0.0000000000
74528  -48.012  -11.838  21.954 0.0000000000
74554  -47.940  -10.719  20.518 0.0000000000
75534  -48.030  -10.150  19.833 0.0000000000
43980  -27.677  -37.453  43.393 0.0000000000
44014  -26.402  -37.299  41.228 0.0000000000
42804  -27.444  -37.775  41.330 0.0000000000
42842  -26.760  -37.815  39.821 0.0000000000
42874  -26.693  -37.862  37.942 0.0000000000
42861  -28.482  -38.355  38.640 0.0000000000
42875  -27.550  -38.157  37.766 0.0000000000
42912  -26.612  -37.687  35.855 0.0000000000
42930  -26.930  -37.847  34.935 0.0000000000
44148  -27.237  -37.629  33.462 0.0000000000
44186  -27.633  -37.787  31.763 0.0000000000
55641  -35.937  -27.713  22.095 0.0000000000
55659  -36.988  -28.182  21.239 0.0000000000
54481  -39.996  -28.477  21.252 0.0000000000
61780  -35.833  -22.821  23.557 0.0000000000
63030  -36.297  -21.776  23.428 0.0000000000
40323  -34.896  -39.986  39.955 0.0000000000
41622  -33.667  -39.386  38.617 0.0000000000
40340  -35.197  -40.126  38.411 0.0000000000
41646  -35.298  -39.491  36.583 0.0000000000
42938  -34.954  -39.001  34.777 0.0000000000
41672  -36.588  -40.130  34.585 0.0000000000
41671  -35.740  -39.303  34.240 0.0000000000
42952  -35.132  -38.788  33.648 0.0000000000
42974  -34.936  -38.549  31.099 0.0000000000
43016  -35.514  -39.215  29.418 0.0000000000
41748  -35.398  -39.827  28.073 0.0000000000
44155  -38.318  -37.885  33.357 0.0000000000
44175  -37.422  -38.123  32.448 0.0000000000
44194  -36.991  -38.382  31.488 0.0000000000
45330  -35.711  -36.842  30.414 0.0000000000
44228  -36.562  -38.392  29.773 0.0000000000
43017  -36.669  -38.984  29.280 0.0000000000
43028  -36.367  -39.120  28.581 0.0000000000
41759  -35.401  -39.793  27.486 0.0000000000
48747  -30.432  -33.869  24.669 0.0000000000
52019  -44.067  -30.975  31.397 0.0000000000
53167  -44.517  -29.578  30.489 0.0000000000
45110  -23.699  -35.861  45.588 0.0000000000
45149  -27.149  -36.861  43.762 0.0000000000
43961  -27.954  -37.538  44.149 0.0000000000
42752  -29.140  -37.922  44.079 0.0000000000
41569  -31.411  -39.076  43.123 0.0000000000
41584  -33.308  -39.690  41.568 0.0000000000
40304  -34.751  -39.984  41.007 0.0000000000
40317  -35.911  -40.359  40.292 0.0000000000
41615  -36.593  -39.884  39.684 0.0000000000
41624  -37.454  -40.105  38.591 0.0000000000
44085  -37.700  -38.886  38.714 0.0000000000
41625  -37.894  -40.122  38.105 0.0000000000
41635  -38.691  -39.524  36.926 0.0000000000
41649  -40.054  -38.733  35.874 0.0000000000
42921  -41.190  -38.440  35.339 0.0000000000
42941  -41.698  -38.070  34.939 0.0000000000
44138  -42.468  -36.986  34.319 0.0000000000
46429  -42.932  -35.425  34.305 0.0000000000
50926  -44.098  -31.724  31.687 0.0000000000
54356  -45.192  -28.671  30.109 0.0000000000
55552  -45.468  -27.692  29.727 0.0000000000
55564  -45.142  -27.518  29.016 0.0000000000
58018  -46.042  -25.914  31.513 0.0000000000
56805  -45.224  -26.641  30.269 0.0000000000
56844  -44.425  -27.204  28.959 0.0000000000
56823  -43.055  -26.852  29.402 0.0000000000
56822  -42.039  -26.903  29.298 0.0000000000
58052  -40.510  -26.253  29.933 0.0000000000
59200  -41.943  -24.130  31.703 0.0000000000
59218  -40.624  -24.526  30.380 0.0000000000
58051  -39.948  -25.721  29.616 0.0000000000
59246  -39.194  -24.572  28.994 0.0000000000
59245  -38.691  -24.543  28.435 0.0000000000
60459  -38.294  -23.530  27.515 0.0000000000
62965  -40.619  -21.545  28.006 0.0000000000
61725  -39.258  -22.495  27.382 0.0000000000
60476  -37.859  -23.257  26.827 0.0000000000
61753  -37.911  -22.763  25.595 0.0000000000
63016  -37.232  -21.658  24.519 0.0000000000
63031  -36.972  -20.930  23.882 0.0000000000
127261  -40.584  -17.582  27.900 0.0000000000
67636  -40.476  -17.591  26.723 0.0000000000
68715  -41.593  -16.000  25.940 0.0000000000
67650  -39.911  -17.569  25.495 0.0000000000
66545  -39.776  -18.855  25.665 0.0000000000
65407  -38.977  -19.294  24.400 0.0000000000
64228  -38.282  -19.764  23.571 0.0000000000
64244  -37.395  -19.748  22.586 0.0000000000
65449  -37.318  -19.038  21.313 0.0000000000
65456  -37.160  -19.185  20.423 0.0000000000
66604  -37.570  -18.677  19.039 0.0000000000
67704  -39.711  -17.477  20.941 0.0000000000
67709  -38.607  -17.988  19.243 0.0000000000
67722  -37.869  -17.874  18.019 0.0000000000
71133  -45.379  -14.200  21.934 0.0000000000
71144  -43.734  -14.611  20.678 0.0000000000
71156  -42.168  -14.735  19.431 0.0000000000
73476  -43.860  -12.999  19.240 0.0000000000
72353  -42.613  -13.456  18.457 0.0000000000
71168  -41.315  -14.917  18.598 0.0000000000
42802  -21.852  -37.867  41.224 0.0000000000
45207  -25.420  -36.639  40.223 0.0000000000
44078  -24.024  -36.901  38.574 0.0000000000
44090  -23.343  -36.753  37.596 0.0000000000
45279  -23.501  -36.896  35.027 0.0000000000
44117  -23.038  -36.833  35.688 0.0000000000
44104  -21.467  -37.280  36.511 0.0000000000
44127  -20.435  -37.480  34.420 0.0000000000
42880  -32.782  -38.617  37.244 0.0000000000
42900  -31.879  -38.287  36.340 0.0000000000
42916  -30.868  -38.014  35.438 0.0000000000
42950  -32.461  -37.866  33.385 0.0000000000
42949  -31.085  -37.977  33.730 0.0000000000
42933  -29.631  -38.090  34.276 0.0000000000
44168  -29.116  -37.498  32.565 0.0000000000
44209  -28.721  -37.580  30.838 0.0000000000
43009  -28.401  -38.477  29.829 0.0000000000
40427  -33.105  -41.111  28.898 0.0000000000
40426  -32.009  -40.789  29.511 0.0000000000
40425  -31.135  -40.309  29.822 0.0000000000
40424  -30.346  -40.193  29.843 0.0000000000
41717  -28.993  -39.986  29.970 0.0000000000
41716  -28.137  -39.836  30.056 0.0000000000
53165  -42.785  -29.844  30.056 0.0000000000
53166  -43.533  -29.763  30.297 0.0000000000
52035  -42.720  -30.635  30.723 0.0000000000
52054  -42.172  -30.205  30.099 0.0000000000
52053  -41.449  -30.197  29.879 0.0000000000
63061  -35.113  -22.081  21.558 0.0000000000
63062  -35.505  -21.524  21.690 0.0000000000
64259  -35.890  -20.906  21.251 0.0000000000
63063  -36.107  -20.830  21.861 0.0000000000
41600  -33.388  -39.519  40.485 0.0000000000
41612  -32.456  -38.967  39.632 0.0000000000
41613  -33.503  -39.338  39.506 0.0000000000
54460  -33.892  -27.967  22.560 0.0000000000
55592  -40.519  -27.302  27.456 0.0000000000
55591  -39.889  -27.248  27.282 0.0000000000
56874  -39.399  -27.035  27.097 0.0000000000
56856  -39.657  -26.893  27.898 0.0000000000
41677  -40.771  -39.082  35.106 0.0000000000
42939  -40.269  -38.863  34.474 0.0000000000
47630  -32.166  -34.328  26.406 0.0000000000
46495  -32.359  -35.178  26.775 0.0000000000
53269  -33.529  -28.406  23.082 0.0000000000
53268  -32.756  -28.844  22.679 0.0000000000
54459  -32.901  -27.941  22.529 0.0000000000
69892  -46.407  -15.251  24.884 0.0000000000
69902  -45.191  -15.603  24.119 0.0000000000
71096  -45.814  -15.105  23.901 0.0000000000
69913  -44.875  -15.550  23.359 0.0000000000
45164  -24.861  -36.610  42.232 0.0000000000
45165  -25.659  -36.761  42.487 0.0000000000
43006  -26.446  -38.602  29.859 0.0000000000
41714  -26.322  -39.213  29.837 0.0000000000
41727  -26.664  -38.807  29.825 0.0000000000
41747  -34.492  -40.036  28.228 0.0000000000
54399  -43.990  -28.036  27.648 0.0000000000
55594  -43.782  -27.751  27.520 0.0000000000
55577  -43.991  -27.400  28.007 0.0000000000
46442  -42.146  -34.631  32.784 0.0000000000
46441  -41.535  -35.007  32.802 0.0000000000
47564  -41.668  -34.159  32.275 0.0000000000
49876  -37.365  -32.251  29.115 0.0000000000
49874  -36.122  -32.956  28.295 0.0000000000
49886  -36.255  -32.329  28.228 0.0000000000
50990  -35.689  -31.919  27.271 0.0000000000
42806  -29.102  -38.580  41.874 0.0000000000
42898  -29.783  -38.212  36.497 0.0000000000
42897  -28.745  -38.168  36.543 0.0000000000
42932  -28.494  -37.830  34.604 0.0000000000
41656  -29.105  -37.849  34.836 0.0000000000
54464  -38.494  -28.509  22.175 0.0000000000
54497  -40.564  -27.998  20.563 0.0000000000
59270  -36.964  -24.681  26.875 0.0000000000
58103  -36.146  -25.666  25.628 0.0000000000
59269  -36.479  -24.755  26.218 0.0000000000
60474  -36.526  -24.073  25.892 0.0000000000
60475  -37.040  -23.814  26.494 0.0000000000
40354  -37.095  -40.709  36.968 0.0000000000
42965  -37.225  -39.204  32.228 0.0000000000
41704  -36.787  -39.393  32.054 0.0000000000
46454  -36.259  -35.747  30.685 0.0000000000
43055  -34.583  -39.175  26.653 0.0000000000
43072  -33.086  -38.852  25.924 0.0000000000
51022  -31.862  -31.500  24.530 0.0000000000
64153  -43.290  -20.769  29.574 0.0000000000
62947  -43.232  -21.154  30.047 0.0000000000
62925  -42.013  -21.657  29.826 0.0000000000
62945  -41.966  -21.547  29.179 0.0000000000
65370  -40.582  -19.440  27.116 0.0000000000
64197  -40.224  -20.207  26.570 0.0000000000
64196  -39.638  -20.483  25.922 0.0000000000
71016  -43.575  -14.317  28.570 0.0000000000
71028  -42.877  -14.840  27.689 0.0000000000
69842  -43.123  -15.029  27.155 0.0000000000
68761  -41.209  -17.015  23.253 0.0000000000
67676  -40.557  -17.201  23.297 0.0000000000
67692  -39.856  -17.736  22.908 0.0000000000
67700  -39.857  -17.636  22.038 0.0000000000
69949  -41.473  -15.534  19.652 0.0000000000
68809  -40.626  -16.247  19.625 0.0000000000
69948  -40.795  -15.806  19.086 0.0000000000
69958  -40.543  -15.622  18.328 0.0000000000
74540  -45.934  -12.070  20.471 0.0000000000
43977  -22.166  -37.801  44.053 0.0000000000
44076  -21.805  -37.037  38.552 0.0000000000
44088  -21.368  -37.468  37.570 0.0000000000
42894  -25.831  -37.682  37.253 0.0000000000
42893  -25.436  -37.235  37.397 0.0000000000
42937  -34.119  -38.515  34.549 0.0000000000
42918  -33.401  -38.533  35.353 0.0000000000
44223  -31.467  -38.073  29.712 0.0000000000
44212  -31.409  -37.712  30.019 0.0000000000
42993  -30.784  -38.096  29.899 0.0000000000
41732  -30.735  -39.512  29.618 0.0000000000
53199  -41.085  -29.006  28.242 0.0000000000
53201  -42.888  -29.134  28.910 0.0000000000
50944  -40.019  -31.757  30.276 0.0000000000
50962  -39.620  -31.468  29.741 0.0000000000
52051  -39.351  -30.600  29.152 0.0000000000
53181  -40.226  -29.728  28.889 0.0000000000
61826  -35.209  -22.864  19.983 0.0000000000
65462  -35.740  -20.412  19.559 0.0000000000
41598  -31.268  -38.826  41.052 0.0000000000
42828  -30.977  -38.656  41.267 0.0000000000
42848  -32.116  -38.618  38.754 0.0000000000
42878  -30.597  -38.436  37.328 0.0000000000
55656  -34.132  -27.465  21.186 0.0000000000
54452  -42.636  -27.778  24.028 0.0000000000
54451  -42.402  -27.864  23.650 0.0000000000
55648  -42.205  -27.683  23.660 0.0000000000
55627  -39.344  -27.202  24.551 0.0000000000
56900  -39.177  -27.134  25.235 0.0000000000
56888  -38.564  -26.755  25.924 0.0000000000
56854  -38.124  -26.304  27.558 0.0000000000
58083  -37.759  -25.581  27.549 0.0000000000
40357  -38.860  -40.097  36.384 0.0000000000
40368  -38.657  -40.426  35.834 0.0000000000
40380  -38.897  -39.924  35.219 0.0000000000
41687  -38.962  -39.279  34.263 0.0000000000
41674  -38.513  -39.869  34.514 0.0000000000
46475  -34.254  -35.110  28.692 0.0000000000
46463  -34.567  -35.334  29.167 0.0000000000
45366  -32.269  -36.287  26.871 0.0000000000
45359  -33.020  -36.289  27.587 0.0000000000
45367  -32.812  -36.845  26.976 0.0000000000
44256  -33.297  -37.319  26.997 0.0000000000
44255  -32.645  -37.418  26.452 0.0000000000
44289  -31.910  -37.795  25.194 0.0000000000
44270  -31.589  -37.230  25.510 0.0000000000
52126  -32.830  -29.869  23.688 0.0000000000
66506  -43.324  -19.358  29.980 0.0000000000
65362  -43.110  -20.145  28.958 0.0000000000
127257  -41.586  -18.182  29.089 0.0000000000
66512  -42.204  -19.305  28.832 0.0000000000
127262  -41.225  -18.762  28.423 0.0000000000
69859  -46.169  -15.209  26.443 0.0000000000
71032  -46.503  -14.750  27.201 0.0000000000
69845  -45.764  -15.217  27.040 0.0000000000
69858  -45.340  -15.401  26.393 0.0000000000
69857  -44.481  -15.407  26.375 0.0000000000
69872  -44.787  -15.599  25.644 0.0000000000
68764  -43.582  -16.483  23.724 0.0000000000
68746  -43.879  -16.303  24.434 0.0000000000
68763  -42.569  -16.771  23.281 0.0000000000
67695  -42.113  -16.929  22.755 0.0000000000
68778  -42.671  -16.585  22.557 0.0000000000
69924  -43.449  -15.668  21.892 0.0000000000
69923  -42.545  -15.853  21.365 0.0000000000
69936  -42.887  -15.339  20.969 0.0000000000
69935  -42.019  -15.524  20.886 0.0000000000
75532  -46.010  -10.670  19.116 0.0000000000
46275  -23.603  -36.027  43.958 0.0000000000
45146  -23.405  -36.306  43.528 0.0000000000
45183  -23.754  -36.359  41.495 0.0000000000
45224  -23.066  -36.152  40.173 0.0000000000
44034  -23.930  -36.445  39.792 0.0000000000
44146  -25.617  -37.442  33.635 0.0000000000
44145  -24.999  -37.309  33.960 0.0000000000
42971  -24.924  -37.530  30.461 0.0000000000
44205  -24.168  -37.564  30.407 0.0000000000
44204  -23.412  -37.516  30.705 0.0000000000
41712  -23.835  -39.315  30.329 0.0000000000
39072  -25.853  -41.073  30.736 0.0000000000
44192  -33.951  -37.850  31.286 0.0000000000
42973  -34.222  -38.313  30.532 0.0000000000
43025  -33.644  -39.482  28.642 0.0000000000
43014  -33.452  -39.011  28.952 0.0000000000
41735  -33.358  -39.581  28.693 0.0000000000
41734  -32.808  -39.917  28.857 0.0000000000
54432  -35.927  -28.920  24.346 0.0000000000
54444  -35.751  -28.631  23.653 0.0000000000
54433  -36.591  -28.770  24.218 0.0000000000
54419  -38.971  -28.868  24.952 0.0000000000
54420  -39.417  -28.864  24.681 0.0000000000
54436  -39.876  -28.682  24.090 0.0000000000
53252  -40.355  -28.760  24.521 0.0000000000
53226  -41.114  -28.737  26.380 0.0000000000
54422  -42.082  -28.677  24.876 0.0000000000
54423  -42.766  -28.286  24.701 0.0000000000
54424  -43.064  -27.966  24.604 0.0000000000
55620  -43.203  -27.831  25.165 0.0000000000
56876  -42.955  -27.225  26.681 0.0000000000
55608  -42.787  -27.440  26.046 0.0000000000
56858  -42.315  -27.080  27.026 0.0000000000
44158  -41.497  -37.076  33.861 0.0000000000
45304  -41.055  -36.675  33.554 0.0000000000
47562  -40.079  -35.035  32.499 0.0000000000
46448  -39.007  -35.163  31.863 0.0000000000
47576  -38.518  -34.498  31.377 0.0000000000
48647  -39.876  -33.437  31.324 0.0000000000
48681  -37.393  -33.016  29.630 0.0000000000
48663  -37.058  -33.894  30.213 0.0000000000
47603  -36.278  -34.031  29.642 0.0000000000
48679  -36.135  -33.809  29.427 0.0000000000
48706  -34.803  -33.508  27.937 0.0000000000
48705  -34.185  -33.626  27.458 0.0000000000
47632  -33.440  -34.269  27.196 0.0000000000
48719  -33.723  -33.579  26.884 0.0000000000
50999  -34.609  -31.903  26.225 0.0000000000
49907  -34.145  -32.312  26.097 0.0000000000
52082  -37.129  -31.082  27.445 0.0000000000
52090  -36.084  -30.891  26.461 0.0000000000
52103  -35.723  -30.662  25.855 0.0000000000
52102  -35.019  -30.785  25.451 0.0000000000
53233  -35.132  -30.006  25.119 0.0000000000
53248  -36.264  -29.161  24.888 0.0000000000
73440  -48.597  -12.561  23.119 0.0000000000
74519  -49.111  -11.817  22.872 0.0000000000
74529  -48.913  -11.288  22.265 0.0000000000
74543  -48.811  -10.773  21.610 0.0000000000
75524  -48.576  -10.520  20.858 0.0000000000
127382  -49.354  -9.931  20.516 0.0000000000
43997  -27.452  -37.537  42.271 0.0000000000
42786  -27.916  -38.166  42.076 0.0000000000
42843  -27.513  -38.191  39.754 0.0000000000
42824  -27.500  -38.036  40.587 0.0000000000
42859  -26.692  -37.887  38.942 0.0000000000
42845  -29.528  -38.576  39.588 0.0000000000
42896  -27.661  -37.963  36.728 0.0000000000
44149  -28.186  -37.649  33.630 0.0000000000
44166  -27.446  -37.714  32.632 0.0000000000
54462  -36.289  -28.104  22.719 0.0000000000
54510  -40.167  -28.281  19.955 0.0000000000
56896  -35.926  -25.906  24.403 0.0000000000
59282  -35.239  -24.635  23.550 0.0000000000
60494  -35.996  -23.391  24.620 0.0000000000
60501  -35.700  -23.341  23.964 0.0000000000
61766  -36.203  -22.947  24.147 0.0000000000
63015  -36.510  -22.399  24.055 0.0000000000
40324  -35.530  -40.311  39.758 0.0000000000
40331  -34.995  -40.152  39.132 0.0000000000
41659  -34.718  -39.127  35.966 0.0000000000
41660  -35.603  -39.495  35.455 0.0000000000
40378  -37.438  -40.716  35.196 0.0000000000
40377  -36.836  -40.618  35.496 0.0000000000
41683  -35.727  -39.164  33.622 0.0000000000
42953  -35.769  -39.077  33.315 0.0000000000
42963  -34.819  -38.372  32.383 0.0000000000
41737  -35.893  -39.451  28.831 0.0000000000
45302  -39.163  -37.170  33.432 0.0000000000
45312  -37.138  -37.305  32.194 0.0000000000
44174  -37.072  -37.761  31.914 0.0000000000
44216  -36.629  -38.024  30.671 0.0000000000
45340  -34.736  -36.440  29.210 0.0000000000
45341  -35.203  -36.653  29.811 0.0000000000
44226  -35.177  -37.326  29.210 0.0000000000
44227  -35.914  -37.689  29.561 0.0000000000
44239  -36.318  -38.554  28.957 0.0000000000
43056  -35.157  -39.682  26.895 0.0000000000
43039  -35.891  -39.356  27.996 0.0000000000
41776  -35.084  -40.211  26.944 0.0000000000
40473  -34.609  -40.522  26.916 0.0000000000
48748  -31.146  -33.373  25.092 0.0000000000
45109  -23.015  -36.605  45.497 0.0000000000
45130  -27.853  -36.873  44.656 0.0000000000
41586  -35.429  -40.004  41.301 0.0000000000
40316  -35.347  -40.215  40.571 0.0000000000
41602  -35.868  -40.182  40.826 0.0000000000
41616  -37.044  -40.022  39.150 0.0000000000
44086  -38.103  -38.101  38.513 0.0000000000
44065  -37.666  -38.217  39.395 0.0000000000
42867  -38.040  -39.303  38.197 0.0000000000
42866  -37.681  -39.586  38.543 0.0000000000
41634  -38.195  -39.850  37.526 0.0000000000
42903  -39.727  -38.234  36.527 0.0000000000
41663  -40.572  -38.783  35.499 0.0000000000
42904  -40.599  -38.121  36.057 0.0000000000
42922  -41.598  -37.816  35.388 0.0000000000
44122  -42.037  -37.280  35.113 0.0000000000
44123  -42.382  -36.955  34.637 0.0000000000
45285  -42.541  -36.472  35.086 0.0000000000
52020  -44.939  -31.179  31.600 0.0000000000
53168  -45.233  -29.655  31.161 0.0000000000
54370  -45.174  -28.136  28.842 0.0000000000
56826  -45.336  -27.134  29.721 0.0000000000
58016  -44.423  -25.784  31.549 0.0000000000
58035  -45.029  -26.188  31.006 0.0000000000
56804  -44.380  -26.579  30.539 0.0000000000
56825  -44.784  -27.045  29.543 0.0000000000
56824  -43.972  -26.961  29.567 0.0000000000
56803  -43.323  -26.693  30.399 0.0000000000
58014  -42.173  -25.268  31.638 0.0000000000
56802  -42.294  -26.630  30.282 0.0000000000
56801  -41.270  -26.611  30.201 0.0000000000
58031  -40.732  -25.748  30.665 0.0000000000
62908  -43.094  -21.603  31.630 0.0000000000
60400  -42.728  -23.332  32.204 0.0000000000
60414  -40.892  -23.377  30.312 0.0000000000
60415  -41.357  -23.730  30.889 0.0000000000
58030  -40.322  -25.462  30.174 0.0000000000
59234  -40.100  -24.409  30.026 0.0000000000
58068  -39.293  -25.593  29.195 0.0000000000
59233  -39.663  -24.642  29.654 0.0000000000
60443  -39.257  -23.392  28.682 0.0000000000
60442  -38.684  -23.821  28.113 0.0000000000
60460  -39.005  -23.147  27.972 0.0000000000
64170  -41.922  -20.539  28.288 0.0000000000
62966  -41.617  -21.324  28.521 0.0000000000
62984  -41.153  -20.972  27.768 0.0000000000
62982  -39.466  -22.065  26.832 0.0000000000
61724  -38.530  -22.778  27.008 0.0000000000
61740  -39.020  -22.359  26.730 0.0000000000
61739  -38.407  -22.627  26.337 0.0000000000
62991  -38.364  -22.157  25.942 0.0000000000
63003  -38.155  -21.744  25.415 0.0000000000
63017  -38.227  -20.948  24.781 0.0000000000
64219  -37.634  -20.714  24.256 0.0000000000
69839  -40.617  -16.452  28.115 0.0000000000
68704  -40.677  -16.829  27.167 0.0000000000
69870  -42.944  -15.739  25.725 0.0000000000
69869  -42.081  -15.713  25.952 0.0000000000
67663  -40.126  -17.026  24.206 0.0000000000
66544  -39.303  -18.438  25.207 0.0000000000
65396  -39.398  -19.329  25.059 0.0000000000
66556  -38.870  -18.499  24.365 0.0000000000
65415  -38.583  -19.123  23.339 0.0000000000
65414  -38.018  -19.500  22.957 0.0000000000
65433  -36.974  -19.619  21.856 0.0000000000
65434  -37.670  -18.990  22.228 0.0000000000
66590  -38.457  -18.367  21.094 0.0000000000
66589  -37.775  -18.626  20.748 0.0000000000
66596  -37.689  -18.741  19.882 0.0000000000
66605  -38.338  -18.283  19.438 0.0000000000
67702  -41.418  -16.720  21.831 0.0000000000
67705  -40.403  -16.866  20.907 0.0000000000
67717  -39.093  -17.132  18.573 0.0000000000
67710  -39.134  -17.734  19.614 0.0000000000
67716  -38.312  -17.887  18.668 0.0000000000
72299  -46.991  -13.534  22.449 0.0000000000
71134  -46.294  -13.728  22.044 0.0000000000
72328  -44.774  -13.409  20.376 0.0000000000
71145  -44.278  -14.464  20.924 0.0000000000
71157  -43.364  -14.499  20.145 0.0000000000
72342  -42.872  -13.977  19.184 0.0000000000
73489  -44.299  -12.057  18.707 0.0000000000
73477  -44.530  -12.816  19.523 0.0000000000
73488  -43.400  -12.722  18.656 0.0000000000
71169  -42.184  -14.246  18.731 0.0000000000
44011  -22.015  -37.474  42.162 0.0000000000
42840  -20.670  -38.481  39.200 0.0000000000
42820  -21.268  -38.402  40.533 0.0000000000
42870  -20.287  -38.818  37.605 0.0000000000
42908  -19.752  -38.932  35.657 0.0000000000
42926  -19.819  -38.446  34.608 0.0000000000
44037  -26.223  -37.297  40.615 0.0000000000
44013  -25.780  -36.783  40.891 0.0000000000
44036  -25.994  -37.028  40.109 0.0000000000
44091  -24.855  -36.885  37.696 0.0000000000
45290  -24.114  -36.970  34.491 0.0000000000
45280  -23.927  -37.230  35.069 0.0000000000
45288  -22.241  -36.739  34.114 0.0000000000
45278  -22.718  -36.651  34.881 0.0000000000
44116  -21.712  -36.734  35.241 0.0000000000
44105  -22.564  -36.801  36.546 0.0000000000
44115  -20.766  -37.475  35.552 0.0000000000
40405  -23.873  -40.618  30.908 0.0000000000
40404  -23.362  -40.328  31.371 0.0000000000
41631  -33.819  -39.295  37.654 0.0000000000
41630  -33.107  -38.950  38.085 0.0000000000
42917  -32.265  -38.298  35.387 0.0000000000
44171  -32.238  -37.444  32.282 0.0000000000
44153  -31.483  -37.640  32.997 0.0000000000
44152  -30.575  -37.532  33.182 0.0000000000
42948  -30.091  -38.065  33.822 0.0000000000
44151  -29.669  -37.618  33.320 0.0000000000
42991  -29.000  -37.915  30.128 0.0000000000
42990  -28.091  -37.883  30.246 0.0000000000
39086  -33.315  -42.099  29.222 0.0000000000
37858  -33.095  -42.521  29.871 0.0000000000
39078  -32.171  -42.316  30.602 0.0000000000
39084  -31.715  -41.469  29.971 0.0000000000
40418  -31.307  -41.078  30.021 0.0000000000
40417  -30.636  -40.824  30.331 0.0000000000
40416  -29.573  -40.480  30.225 0.0000000000
40415  -28.512  -40.563  30.329 0.0000000000
50925  -43.047  -31.510  31.440 0.0000000000
50924  -41.980  -31.778  31.436 0.0000000000
50946  -41.800  -31.362  30.849 0.0000000000
52033  -40.937  -30.864  30.103 0.0000000000
61791  -34.958  -22.823  22.351 0.0000000000
61800  -34.854  -22.666  21.524 0.0000000000
63081  -34.954  -21.935  21.097 0.0000000000
63096  -34.952  -21.884  20.408 0.0000000000
63097  -35.295  -21.588  19.757 0.0000000000
64271  -36.059  -20.670  20.648 0.0000000000
64272  -36.363  -20.109  20.659 0.0000000000
55657  -35.182  -27.624  21.559 0.0000000000
55617  -41.589  -27.403  25.575 0.0000000000
55616  -40.603  -27.403  25.721 0.0000000000
56889  -39.450  -27.267  26.055 0.0000000000
56855  -38.812  -26.411  27.860 0.0000000000
40381  -39.617  -39.644  35.177 0.0000000000
41688  -39.697  -39.211  34.524 0.0000000000
42955  -38.757  -38.713  33.817 0.0000000000
46485  -33.281  -35.227  27.663 0.0000000000
46474  -33.733  -35.429  28.171 0.0000000000
46484  -32.719  -35.456  27.313 0.0000000000
45365  -31.565  -36.383  25.954 0.0000000000
45375  -30.390  -36.070  24.716 0.0000000000
53257  -33.369  -29.327  23.412 0.0000000000
69874  -46.258  -15.335  25.722 0.0000000000
68727  -44.895  -15.746  25.130 0.0000000000
68748  -45.006  -15.774  24.802 0.0000000000
68765  -44.369  -16.156  24.007 0.0000000000
68780  -43.994  -16.346  23.482 0.0000000000
71131  -44.023  -15.491  22.545 0.0000000000
71132  -44.209  -14.772  22.260 0.0000000000
45147  -24.362  -36.069  43.489 0.0000000000
45184  -24.709  -36.289  41.103 0.0000000000
44165  -26.566  -37.663  32.538 0.0000000000
44164  -25.635  -37.408  32.594 0.0000000000
44184  -25.912  -37.494  31.441 0.0000000000
41713  -25.092  -39.217  29.846 0.0000000000
43015  -34.535  -39.021  29.215 0.0000000000
43026  -34.159  -39.440  28.605 0.0000000000
41746  -33.642  -40.053  28.499 0.0000000000
53237  -39.487  -29.066  25.323 0.0000000000
54397  -42.606  -28.583  26.827 0.0000000000
56877  -43.343  -27.374  27.082 0.0000000000
46434  -41.369  -35.814  33.299 0.0000000000
49846  -39.272  -32.771  30.281 0.0000000000
49845  -38.507  -32.825  30.170 0.0000000000
48696  -36.477  -33.235  29.026 0.0000000000
48695  -35.877  -33.489  28.973 0.0000000000
49884  -34.916  -32.825  27.372 0.0000000000
49896  -35.250  -32.344  27.112 0.0000000000
53196  -38.290  -30.297  27.617 0.0000000000
52092  -37.570  -30.563  27.070 0.0000000000
53211  -38.049  -30.328  27.135 0.0000000000
53222  -36.582  -30.127  26.205 0.0000000000
53234  -35.891  -30.006  25.434 0.0000000000
42787  -28.532  -38.403  42.409 0.0000000000
42844  -28.438  -38.477  39.698 0.0000000000
54463  -37.324  -28.309  22.283 0.0000000000
54480  -39.015  -28.489  21.223 0.0000000000
55646  -40.919  -27.715  22.885 0.0000000000
54482  -40.516  -28.192  21.301 0.0000000000
54483  -40.631  -27.964  21.271 0.0000000000
56886  -36.873  -26.268  25.635 0.0000000000
58102  -35.815  -25.274  25.170 0.0000000000
59280  -35.432  -24.665  24.320 0.0000000000
59276  -35.694  -24.642  24.996 0.0000000000
60485  -36.116  -23.848  25.324 0.0000000000
60495  -36.675  -23.278  25.071 0.0000000000
40333  -36.394  -40.466  38.645 0.0000000000
40341  -35.845  -40.381  37.943 0.0000000000
40353  -36.333  -40.479  37.074 0.0000000000
41685  -37.202  -39.713  33.545 0.0000000000
41693  -36.444  -39.443  32.285 0.0000000000
42975  -36.077  -39.228  31.533 0.0000000000
46438  -38.593  -36.167  32.386 0.0000000000
45323  -37.378  -36.494  32.087 0.0000000000
45331  -36.263  -37.012  30.854 0.0000000000
44246  -34.383  -37.710  27.766 0.0000000000
44247  -35.161  -38.281  27.920 0.0000000000
49905  -32.358  -32.516  25.413 0.0000000000
41587  -36.063  -39.794  41.203 0.0000000000
42809  -36.477  -38.841  41.333 0.0000000000
44097  -38.535  -37.885  37.724 0.0000000000
46417  -42.242  -35.547  35.264 0.0000000000
54329  -45.481  -28.098  31.909 0.0000000000
55531  -45.816  -27.483  31.601 0.0000000000
56789  -46.058  -26.770  31.056 0.0000000000
58000  -44.933  -24.868  31.795 0.0000000000
56786  -43.702  -26.360  31.252 0.0000000000
58015  -43.262  -25.528  31.720 0.0000000000
64134  -43.928  -20.288  31.172 0.0000000000
62927  -43.113  -21.181  30.809 0.0000000000
62907  -42.669  -21.696  31.049 0.0000000000
61655  -42.039  -22.423  31.121 0.0000000000
61672  -42.273  -22.067  30.900 0.0000000000
61670  -40.890  -22.763  29.923 0.0000000000
61689  -40.656  -22.592  29.341 0.0000000000
61707  -40.338  -22.263  28.603 0.0000000000
64208  -39.206  -20.174  25.223 0.0000000000
69829  -41.807  -15.157  28.509 0.0000000000
69854  -41.464  -15.614  26.687 0.0000000000
68744  -41.894  -16.566  24.008 0.0000000000
68743  -41.086  -16.837  23.732 0.0000000000
66565  -39.113  -18.390  23.355 0.0000000000
66564  -38.781  -18.632  22.799 0.0000000000
66580  -38.415  -18.379  22.107 0.0000000000
66598  -38.986  -18.146  20.537 0.0000000000
68800  -40.767  -16.449  20.407 0.0000000000
68808  -39.758  -16.678  19.242 0.0000000000
72312  -45.972  -13.601  21.431 0.0000000000
72329  -45.758  -13.325  20.857 0.0000000000
72344  -44.263  -13.392  19.859 0.0000000000
73498  -43.146  -12.108  17.435 0.0000000000
73497  -42.481  -12.708  18.054 0.0000000000
42784  -21.831  -38.626  42.822 0.0000000000
44055  -21.373  -37.519  39.483 0.0000000000
42857  -20.650  -38.471  38.219 0.0000000000
42871  -20.762  -38.142  37.549 0.0000000000
44103  -20.714  -37.824  36.258 0.0000000000
42858  -26.021  -37.532  39.182 0.0000000000
44059  -25.628  -37.123  39.482 0.0000000000
45310  -23.363  -36.729  32.732 0.0000000000
45298  -21.941  -36.665  33.122 0.0000000000
42969  -20.628  -38.473  31.694 0.0000000000
41699  -21.046  -39.287  31.379 0.0000000000
40403  -22.542  -40.122  31.597 0.0000000000
44213  -32.356  -37.690  30.271 0.0000000000
44190  -31.547  -37.500  31.143 0.0000000000
44189  -30.373  -37.422  31.439 0.0000000000
42992  -29.930  -38.011  30.007 0.0000000000
37842  -31.650  -42.864  31.825 0.0000000000
53213  -39.533  -29.328  27.171 0.0000000000
54382  -42.023  -28.744  27.721 0.0000000000
48649  -41.505  -33.189  32.238 0.0000000000
49828  -40.468  -32.732  31.377 0.0000000000
50923  -41.259  -31.819  31.190 0.0000000000
49848  -40.680  -32.152  31.175 0.0000000000
49847  -39.954  -32.425  30.765 0.0000000000
49860  -38.954  -32.269  29.775 0.0000000000
50960  -37.827  -31.823  29.125 0.0000000000
50978  -37.346  -31.613  28.621 0.0000000000
50979  -38.126  -31.397  28.770 0.0000000000
52068  -38.125  -30.735  28.284 0.0000000000
52069  -38.919  -30.486  28.512 0.0000000000
53197  -38.923  -29.900  27.960 0.0000000000
63108  -35.448  -21.561  18.915 0.0000000000
42827  -30.570  -38.559  41.164 0.0000000000
42846  -30.469  -38.548  39.246 0.0000000000
41611  -31.446  -38.695  39.992 0.0000000000
42915  -30.019  -37.746  35.821 0.0000000000
54449  -41.260  -28.472  23.065 0.0000000000
54468  -41.883  -27.837  23.028 0.0000000000
55637  -41.855  -27.509  24.048 0.0000000000
55647  -41.790  -27.673  23.397 0.0000000000
55645  -39.824  -27.416  22.557 0.0000000000
56913  -39.065  -27.086  22.829 0.0000000000
56907  -39.365  -27.182  23.165 0.0000000000
56887  -37.751  -26.476  25.724 0.0000000000
56871  -37.170  -26.180  26.348 0.0000000000
58095  -37.233  -25.572  26.967 0.0000000000
40344  -38.003  -40.566  37.432 0.0000000000
40355  -37.774  -40.744  36.797 0.0000000000
40367  -38.025  -40.861  35.914 0.0000000000
41695  -37.506  -39.497  33.019 0.0000000000
42977  -37.273  -38.914  32.152 0.0000000000
47588  -35.956  -35.036  30.205 0.0000000000
46464  -35.073  -35.536  29.594 0.0000000000
45350  -33.743  -36.445  28.086 0.0000000000
44236  -34.123  -37.032  28.192 0.0000000000
43083  -31.495  -38.085  24.833 0.0000000000
43082  -30.740  -38.127  24.786 0.0000000000
45390  -30.764  -36.982  24.828 0.0000000000
52100  -33.221  -30.804  24.880 0.0000000000
52112  -31.996  -30.789  24.224 0.0000000000
52124  -31.277  -30.585  23.614 0.0000000000
53254  -30.675  -30.094  23.124 0.0000000000
53255  -31.399  -29.674  23.150 0.0000000000
62967  -42.545  -21.217  28.886 0.0000000000
64172  -43.141  -20.522  29.149 0.0000000000
65371  -41.267  -19.797  27.662 0.0000000000
69843  -44.042  -14.930  27.019 0.0000000000
68725  -43.400  -16.184  25.020 0.0000000000
68726  -44.248  -15.900  25.003 0.0000000000
67677  -41.289  -17.117  22.975 0.0000000000
67694  -41.428  -16.967  22.512 0.0000000000
68792  -43.098  -16.284  22.298 0.0000000000
68790  -41.935  -16.235  21.384 0.0000000000
68801  -41.423  -16.113  20.562 0.0000000000
74552  -45.992  -11.276  19.790 0.0000000000
73478  -45.408  -12.204  19.792 0.0000000000
74564  -44.691  -11.310  18.259 0.0000000000
45145  -22.658  -36.860  43.796 0.0000000000
45182  -22.772  -36.580  41.803 0.0000000000
44077  -22.837  -36.588  38.549 0.0000000000
42911  -25.678  -37.948  35.349 0.0000000000
44119  -25.044  -37.730  35.642 0.0000000000
44130  -24.816  -37.751  34.685 0.0000000000
45291  -24.595  -37.204  34.206 0.0000000000
45301  -24.433  -36.912  33.680 0.0000000000
45311  -24.109  -36.813  32.776 0.0000000000
45320  -23.260  -36.944  32.025 0.0000000000
41711  -22.951  -38.869  30.561 0.0000000000
39071  -24.807  -41.009  30.778 0.0000000000
42962  -33.585  -37.884  32.706 0.0000000000
44172  -33.291  -37.595  32.055 0.0000000000
41733  -31.688  -39.649  29.358 0.0000000000
54443  -35.057  -28.446  23.527 0.0000000000
54445  -36.904  -28.483  23.363 0.0000000000
53238  -40.498  -28.806  25.098 0.0000000000
54410  -41.863  -28.583  25.906 0.0000000000
54439  -42.648  -28.087  23.945 0.0000000000
54440  -42.813  -27.884  24.124 0.0000000000
55631  -42.661  -27.624  24.696 0.0000000000
55619  -42.993  -27.609  25.288 0.0000000000
55618  -42.395  -27.479  25.425 0.0000000000
55607  -42.060  -27.344  26.322 0.0000000000
55593  -41.506  -27.247  27.207 0.0000000000
55576  -41.058  -27.215  27.884 0.0000000000
44136  -40.655  -38.163  34.326 0.0000000000
44157  -40.797  -37.357  33.996 0.0000000000
45303  -40.023  -36.847  33.563 0.0000000000
45315  -39.365  -36.526  33.201 0.0000000000
46432  -39.760  -36.241  33.275 0.0000000000
46447  -38.254  -35.680  31.868 0.0000000000
47578  -40.675  -34.000  31.903 0.0000000000
48665  -38.873  -33.521  30.703 0.0000000000
47590  -37.477  -34.533  30.706 0.0000000000
47602  -35.635  -34.439  29.605 0.0000000000
47612  -34.944  -34.269  28.804 0.0000000000
48694  -35.340  -33.622  28.459 0.0000000000
47622  -34.397  -34.110  28.257 0.0000000000
47631  -32.933  -34.463  26.900 0.0000000000
48717  -32.324  -33.656  26.208 0.0000000000
48730  -32.733  -33.264  25.856 0.0000000000
49894  -33.811  -32.803  26.346 0.0000000000
51009  -33.156  -31.589  25.262 0.0000000000
50992  -36.956  -31.437  28.069 0.0000000000
51001  -36.014  -31.474  27.015 0.0000000000
51011  -34.920  -31.419  25.992 0.0000000000
52114  -33.695  -30.325  24.515 0.0000000000
53246  -34.081  -29.590  24.176 0.0000000000
72285  -47.295  -13.854  23.261 0.0000000000
72300  -47.851  -13.237  22.736 0.0000000000
73439  -48.083  -12.889  22.579 0.0000000000
72314  -47.353  -13.193  22.204 0.0000000000
73466  -47.461  -12.116  21.343 0.0000000000
74530  -49.633  -10.690  22.624 0.0000000000
74542  -47.980  -11.267  21.167 0.0000000000
74553  -47.273  -10.984  20.183 0.0000000000
75545  -47.218  -10.070  18.789 0.0000000000
75546  -48.047  -9.674  18.967 0.0000000000
43979  -26.844  -37.050  42.871 0.0000000000
43978  -26.171  -36.840  42.511 0.0000000000
43996  -26.647  -37.111  42.023 0.0000000000
42803  -26.856  -37.583  41.145 0.0000000000
42823  -26.685  -37.639  40.596 0.0000000000
42826  -29.553  -38.570  40.691 0.0000000000
42895  -26.578  -37.917  36.934 0.0000000000
44109  -26.228  -37.654  36.297 0.0000000000
42929  -26.060  -38.032  34.928 0.0000000000
44132  -26.265  -37.643  34.296 0.0000000000
42931  -27.663  -37.778  34.740 0.0000000000
44133  -27.055  -37.643  34.215 0.0000000000
44207  -26.994  -37.654  30.931 0.0000000000
42989  -27.214  -38.054  30.409 0.0000000000
39115  -34.189  -41.244  27.700 0.0000000000
55642  -36.690  -28.042  21.854 0.0000000000
55658  -36.349  -27.803  21.289 0.0000000000
55674  -35.989  -27.460  20.511 0.0000000000
54495  -39.630  -28.463  20.461 0.0000000000
54493  -37.826  -28.147  20.539 0.0000000000
56905  -37.365  -26.378  23.678 0.0000000000
60493  -35.316  -23.897  24.159 0.0000000000
60500  -35.283  -23.736  23.328 0.0000000000
61779  -35.371  -23.140  22.922 0.0000000000
63029  -35.542  -22.482  22.994 0.0000000000
41614  -34.313  -39.708  39.308 0.0000000000
41623  -34.483  -39.786  38.448 0.0000000000
41632  -35.039  -39.625  37.622 0.0000000000
41645  -34.411  -39.123  36.825 0.0000000000
42919  -34.337  -38.775  35.380 0.0000000000
41661  -36.302  -40.263  35.594 0.0000000000
44176  -37.947  -37.441  32.848 0.0000000000
44154  -37.867  -38.505  32.905 0.0000000000
44195  -37.190  -38.716  31.898 0.0000000000
44215  -36.309  -37.640  30.211 0.0000000000
41720  -36.590  -39.105  29.488 0.0000000000
41738  -36.398  -39.232  28.991 0.0000000000
41749  -36.023  -39.427  28.392 0.0000000000
40442  -35.132  -40.116  27.604 0.0000000000
40458  -34.564  -40.659  27.276 0.0000000000
52111  -31.405  -31.189  24.125 0.0000000000
52037  -44.812  -30.430  31.164 0.0000000000
46261  -23.701  -35.926  44.239 0.0000000000
45127  -24.159  -35.829  44.544 0.0000000000
45129  -26.602  -36.484  44.585 0.0000000000
43981  -28.382  -37.823  43.739 0.0000000000
42770  -28.799  -38.284  43.269 0.0000000000
42789  -30.222  -38.675  42.914 0.0000000000
42772  -30.515  -38.474  43.949 0.0000000000
42790  -30.902  -38.716  42.408 0.0000000000
41582  -31.598  -38.947  42.194 0.0000000000
41585  -34.475  -39.870  41.237 0.0000000000
40315  -34.790  -39.982  40.686 0.0000000000
41603  -36.291  -39.891  40.490 0.0000000000
40325  -36.202  -40.343  39.585 0.0000000000
40326  -36.665  -40.268  39.094 0.0000000000
40334  -37.104  -40.562  38.489 0.0000000000
40335  -37.660  -40.589  38.107 0.0000000000
42850  -37.301  -39.269  39.091 0.0000000000
40345  -38.299  -40.178  36.896 0.0000000000
41648  -39.520  -39.317  36.327 0.0000000000
41662  -40.075  -39.338  35.450 0.0000000000
44111  -40.933  -37.263  36.388 0.0000000000
42905  -41.225  -37.804  35.817 0.0000000000
45294  -42.586  -36.872  34.041 0.0000000000
45295  -42.752  -36.435  34.463 0.0000000000
45306  -42.694  -36.161  33.955 0.0000000000
47549  -43.167  -34.277  33.326 0.0000000000
47534  -43.398  -34.418  33.913 0.0000000000
48632  -43.042  -33.281  32.556 0.0000000000
49813  -42.908  -32.828  32.255 0.0000000000
49831  -43.355  -32.314  31.869 0.0000000000
52018  -43.419  -30.823  31.174 0.0000000000
53185  -44.086  -29.322  29.814 0.0000000000
54355  -44.592  -29.106  29.840 0.0000000000
54385  -44.923  -27.934  28.387 0.0000000000
55578  -44.543  -27.623  28.339 0.0000000000
56788  -45.670  -26.328  30.939 0.0000000000
58017  -45.503  -25.475  31.544 0.0000000000
55563  -44.776  -27.334  28.927 0.0000000000
56843  -43.815  -27.125  28.591 0.0000000000
56842  -42.853  -26.995  28.421 0.0000000000
56821  -41.055  -26.819  29.265 0.0000000000
56820  -40.349  -26.526  29.262 0.0000000000
60399  -41.827  -22.964  31.501 0.0000000000
59219  -41.250  -24.927  31.205 0.0000000000
56839  -39.842  -26.517  28.805 0.0000000000
58067  -38.750  -25.514  28.649 0.0000000000
60430  -39.604  -23.813  29.315 0.0000000000
59259  -38.224  -24.591  27.859 0.0000000000
61726  -39.869  -21.950  27.927 0.0000000000
60487  -37.804  -23.318  26.093 0.0000000000
63002  -37.480  -22.369  25.104 0.0000000000
64226  -36.679  -20.841  23.179 0.0000000000
66529  -40.221  -18.602  26.411 0.0000000000
69855  -42.530  -15.324  26.522 0.0000000000
68714  -40.886  -16.480  26.083 0.0000000000
65397  -39.709  -19.397  25.611 0.0000000000
64221  -38.902  -19.882  24.610 0.0000000000
65406  -38.673  -19.583  23.992 0.0000000000
64220  -38.393  -20.292  24.147 0.0000000000
64227  -37.551  -20.265  23.378 0.0000000000
64243  -36.777  -20.416  22.389 0.0000000000
65448  -36.725  -19.599  20.991 0.0000000000
65455  -36.484  -19.682  20.194 0.0000000000
65464  -36.839  -19.278  19.422 0.0000000000
65475  -36.928  -19.078  18.400 0.0000000000
66606  -38.801  -18.264  19.941 0.0000000000
66615  -37.989  -18.348  18.845 0.0000000000
66614  -37.628  -18.364  18.263 0.0000000000
69937  -43.582  -14.923  20.927 0.0000000000
69951  -43.105  -14.993  20.554 0.0000000000
71155  -41.613  -15.031  19.261 0.0000000000
72343  -43.710  -13.488  19.435 0.0000000000
72354  -43.170  -13.436  18.911 0.0000000000
43976  -21.986  -37.842  43.405 0.0000000000
44010  -21.651  -38.085  42.481 0.0000000000
41643  -19.440  -39.911  36.881 0.0000000000
42890  -19.746  -39.267  36.407 0.0000000000
43995  -25.870  -36.756  41.835 0.0000000000
44012  -25.302  -36.392  41.058 0.0000000000
45206  -24.712  -36.501  40.240 0.0000000000
44058  -24.635  -36.699  39.487 0.0000000000
44035  -24.255  -36.520  39.977 0.0000000000
44057  -23.535  -36.488  39.285 0.0000000000
44118  -24.055  -37.248  35.701 0.0000000000
45289  -23.159  -36.834  34.235 0.0000000000
42927  -20.272  -37.841  35.081 0.0000000000
44142  -20.059  -37.863  33.645 0.0000000000
41701  -23.002  -39.662  30.850 0.0000000000
42865  -32.319  -38.660  38.061 0.0000000000
42879  -31.631  -38.378  37.279 0.0000000000
41658  -30.117  -37.643  35.392 0.0000000000
42934  -30.357  -37.926  34.533 0.0000000000
41670  -30.066  -37.581  35.011 0.0000000000
41669  -29.496  -37.860  34.625 0.0000000000
41681  -29.087  -38.291  34.131 0.0000000000
44150  -28.922  -37.650  33.461 0.0000000000
44188  -29.383  -37.473  31.612 0.0000000000
44187  -28.487  -37.643  31.728 0.0000000000
44208  -27.826  -37.595  30.918 0.0000000000
43008  -27.561  -38.444  29.962 0.0000000000
40439  -33.514  -40.668  28.578 0.0000000000
40428  -33.544  -41.615  28.689 0.0000000000
39085  -32.428  -41.954  29.888 0.0000000000
41731  -29.661  -39.630  29.695 0.0000000000
41718  -29.406  -40.071  29.888 0.0000000000
41730  -28.710  -39.276  29.742 0.0000000000
41729  -27.839  -39.094  29.808 0.0000000000
41728  -27.074  -38.934  29.855 0.0000000000
41715  -27.248  -39.616  30.104 0.0000000000
40414  -27.536  -40.463  30.356 0.0000000000
39073  -26.871  -41.182  30.651 0.0000000000
40305  -34.964  -40.113  41.006 0.0000000000
40410  -23.760  -40.094  30.726 0.0000000000
41597  -30.291  -38.592  40.590 0.0000000000
41609  -29.928  -38.687  40.268 0.0000000000
41668  -29.032  -37.996  34.343 0.0000000000
41682  -29.219  -38.132  34.239 0.0000000000
41760  -35.779  -39.627  27.978 0.0000000000
42821  -21.815  -37.721  40.781 0.0000000000
42822  -26.286  -37.418  40.293 0.0000000000
42872  -25.447  -37.034  37.662 0.0000000000
42910  -25.157  -38.119  35.144 0.0000000000
42920  -34.895  -39.081  35.404 0.0000000000
42928  -25.415  -38.099  34.876 0.0000000000
42947  -29.325  -38.129  33.943 0.0000000000
42994  -31.223  -38.094  29.780 0.0000000000
43084  -31.851  -37.981  24.927 0.0000000000
43992  -21.832  -37.927  42.935 0.0000000000
44015  -26.980  -37.454  41.561 0.0000000000
44092  -25.357  -36.945  38.168 0.0000000000
44120  -25.938  -37.602  35.948 0.0000000000
44121  -26.276  -37.596  36.047 0.0000000000
44126  -19.855  -37.962  34.027 0.0000000000
44135  -40.022  -38.434  34.334 0.0000000000
44173  -34.097  -37.814  32.054 0.0000000000
44185  -26.819  -37.789  31.710 0.0000000000
44271  -32.233  -37.668  25.712 0.0000000000
45185  -25.210  -36.428  40.678 0.0000000000
45226  -25.051  -36.647  39.897 0.0000000000
45227  -25.415  -36.786  39.757 0.0000000000
45321  -23.780  -36.892  32.256 0.0000000000
45324  -38.084  -36.430  32.337 0.0000000000
46276  -23.779  -35.975  43.675 0.0000000000
47579  -41.160  -33.697  32.058 0.0000000000
48728  -31.035  -33.820  25.234 0.0000000000
49858  -37.223  -32.788  29.293 0.0000000000
51037  -30.880  -31.299  23.750 0.0000000000
54368  -43.405  -28.914  28.926 0.0000000000
54477  -34.401  -27.706  22.011 0.0000000000
54511  -40.441  -28.105  20.180 0.0000000000
55575  -40.621  -27.163  28.011 0.0000000000
55579  -45.057  -27.805  28.569 0.0000000000
55634  -39.088  -27.111  24.190 0.0000000000
55638  -42.452  -27.643  24.106 0.0000000000
55639  -42.738  -27.680  24.320 0.0000000000
56840  -40.695  -26.922  28.517 0.0000000000
58034  -44.566  -26.293  31.143 0.0000000000
58109  -35.871  -25.796  24.935 0.0000000000
58112  -35.572  -25.383  23.796 0.0000000000
59217  -39.943  -24.967  30.179 0.0000000000
61752  -37.280  -22.974  25.151 0.0000000000
61801  -35.190  -22.214  21.928 0.0000000000
61848  -34.985  -22.260  19.971 0.0000000000
64152  -42.946  -20.890  29.125 0.0000000000
64281  -35.841  -20.937  19.947 0.0000000000
65454  -36.007  -20.229  20.105 0.0000000000
66543  -38.691  -18.200  24.954 0.0000000000
66555  -38.717  -18.018  24.434 0.0000000000
67648  -38.641  -17.854  25.113 0.0000000000
67649  -38.992  -17.783  25.246 0.0000000000
67662  -39.225  -17.616  24.565 0.0000000000
67715  -37.882  -18.007  18.328 0.0000000000
68728  -45.233  -15.634  25.192 0.0000000000
68766  -44.707  -15.859  24.427 0.0000000000
68791  -42.669  -16.303  21.907 0.0000000000
69891  -45.599  -15.529  25.101 0.0000000000
69901  -44.624  -15.931  23.827 0.0000000000
69903  -46.020  -15.160  24.263 0.0000000000
69938  -43.920  -14.770  21.027 0.0000000000
71044  -46.686  -15.031  26.685 0.0000000000
71114  -44.262  -15.793  22.826 0.0000000000
71115  -44.542  -15.479  22.894 0.0000000000
72330  -46.287  -13.232  21.242 0.0000000000
73450  -46.999  -12.862  21.637 0.0000000000
73452  -48.511  -12.088  22.431 0.0000000000
73463  -44.870  -12.975  20.097 0.0000000000
73487  -42.813  -12.954  18.406 0.0000000000
