#!ascii label  , from subject 3128 vox2ras=TkReg
497
28357  -44.752  -51.650  -26.249 0.0000000000
32017  -41.318  -49.326  -34.203 0.0000000000
28368  -37.424  -51.951  -27.235 0.0000000000
24738  -42.184  -54.044  -31.146 0.0000000000
30853  -36.336  -50.158  -31.142 0.0000000000
33023  -41.254  -47.994  -24.625 0.0000000000
34119  -35.623  -46.855  -24.134 0.0000000000
30662  -32.488  -49.125  -18.787 0.0000000000
28365  -34.089  -51.221  -27.084 0.0000000000
27152  -36.525  -52.549  -29.778 0.0000000000
30842  -33.850  -49.475  -29.654 0.0000000000
33020  -38.320  -47.639  -24.561 0.0000000000
31844  -36.424  -48.305  -22.599 0.0000000000
33989  -33.578  -45.915  -17.694 0.0000000000
35179  -32.209  -45.693  -19.555 0.0000000000
24674  -46.386  -54.759  -27.434 0.0000000000
28459  -41.870  -51.091  -32.498 0.0000000000
27189  -45.729  -52.315  -31.442 0.0000000000
30900  -45.281  -50.081  -33.260 0.0000000000
28372  -41.346  -51.373  -27.345 0.0000000000
24670  -43.876  -54.070  -27.666 0.0000000000
25891  -39.045  -52.407  -31.542 0.0000000000
30866  -38.819  -49.635  -31.987 0.0000000000
30800  -39.588  -49.261  -26.265 0.0000000000
30778  -36.444  -49.364  -25.284 0.0000000000
31873  -33.312  -48.753  -24.651 0.0000000000
29529  -35.675  -50.596  -20.905 0.0000000000
31841  -33.616  -48.171  -21.887 0.0000000000
35230  -32.620  -45.556  -22.473 0.0000000000
36309  -30.812  -45.591  -23.913 0.0000000000
24724  -45.496  -54.361  -30.284 0.0000000000
36450  -38.116  -44.300  -36.201 0.0000000000
34250  -40.189  -46.747  -36.890 0.0000000000
33177  -42.931  -47.557  -38.623 0.0000000000
30816  -32.298  -49.404  -27.243 0.0000000000
29643  -33.398  -50.430  -28.240 0.0000000000
25815  -45.648  -53.263  -26.220 0.0000000000
30882  -41.965  -49.623  -32.655 0.0000000000
29698  -43.633  -50.421  -32.394 0.0000000000
30897  -43.001  -49.698  -33.590 0.0000000000
30924  -44.325  -49.772  -35.023 0.0000000000
30908  -42.916  -49.367  -34.550 0.0000000000
28370  -39.537  -51.692  -27.307 0.0000000000
27112  -38.929  -52.517  -27.844 0.0000000000
28421  -36.473  -51.423  -30.857 0.0000000000
25871  -37.818  -53.076  -30.654 0.0000000000
28436  -37.757  -51.300  -31.448 0.0000000000
28438  -39.426  -51.058  -31.977 0.0000000000
30865  -37.887  -49.785  -31.681 0.0000000000
30802  -41.803  -49.115  -26.461 0.0000000000
31899  -40.797  -48.208  -25.507 0.0000000000
33019  -36.821  -47.342  -24.183 0.0000000000
31896  -37.915  -48.302  -25.161 0.0000000000
31894  -36.166  -48.745  -24.807 0.0000000000
30776  -34.672  -49.515  -24.943 0.0000000000
33017  -34.921  -47.361  -24.265 0.0000000000
29527  -33.947  -50.549  -20.513 0.0000000000
30714  -34.094  -49.485  -21.460 0.0000000000
31805  -32.817  -49.016  -20.780 0.0000000000
36265  -32.181  -44.645  -20.361 0.0000000000
35214  -32.721  -45.712  -21.729 0.0000000000
36295  -32.420  -45.071  -22.037 0.0000000000
35245  -31.732  -45.780  -23.146 0.0000000000
24705  -42.882  -54.643  -29.443 0.0000000000
24687  -44.262  -54.612  -28.433 0.0000000000
24723  -44.680  -54.291  -30.291 0.0000000000
24758  -46.169  -53.896  -32.115 0.0000000000
38798  -38.514  -42.290  -35.730 0.0000000000
35357  -39.563  -45.343  -36.880 0.0000000000
35390  -41.986  -45.820  -38.802 0.0000000000
28367  -36.138  -51.940  -27.550 0.0000000000
27110  -36.936  -52.514  -28.032 0.0000000000
28390  -35.295  -51.710  -28.483 0.0000000000
29661  -34.658  -50.859  -29.742 0.0000000000
30851  -34.791  -49.535  -30.354 0.0000000000
33021  -39.625  -47.623  -24.525 0.0000000000
32984  -37.316  -47.642  -23.335 0.0000000000
33000  -36.083  -47.026  -23.354 0.0000000000
31750  -32.653  -47.611  -17.631 0.0000000000
32928  -32.195  -47.614  -19.334 0.0000000000
34017  -32.551  -46.194  -18.519 0.0000000000
36220  -33.040  -44.420  -18.576 0.0000000000
38531  -32.714  -42.723  -19.838 0.0000000000
27186  -42.598  -52.390  -31.994 0.0000000000
25896  -44.056  -53.371  -31.359 0.0000000000
27207  -44.380  -51.822  -32.043 0.0000000000
28463  -45.945  -51.500  -32.284 0.0000000000
28477  -45.182  -51.304  -33.418 0.0000000000
28492  -44.599  -51.076  -33.834 0.0000000000
29743  -43.857  -50.651  -35.282 0.0000000000
29762  -44.057  -50.288  -36.510 0.0000000000
28374  -43.330  -51.055  -27.006 0.0000000000
27104  -44.589  -52.629  -26.614 0.0000000000
25842  -41.686  -53.751  -28.027 0.0000000000
24703  -40.823  -54.354  -29.555 0.0000000000
25838  -38.319  -53.391  -29.382 0.0000000000
25859  -38.867  -53.665  -30.051 0.0000000000
25893  -40.589  -53.188  -31.600 0.0000000000
27184  -40.573  -52.175  -32.130 0.0000000000
29684  -40.307  -49.988  -31.946 0.0000000000
31991  -40.068  -49.326  -32.729 0.0000000000
29618  -42.252  -49.818  -26.757 0.0000000000
29616  -40.016  -50.313  -26.844 0.0000000000
29615  -38.775  -50.183  -26.675 0.0000000000
31897  -38.740  -48.251  -25.459 0.0000000000
30798  -37.831  -49.529  -25.914 0.0000000000
29613  -37.153  -50.671  -25.952 0.0000000000
28331  -35.428  -50.933  -25.717 0.0000000000
29593  -33.580  -50.313  -25.463 0.0000000000
30795  -31.957  -49.052  -25.750 0.0000000000
30716  -36.045  -49.873  -21.822 0.0000000000
31843  -35.328  -48.514  -22.166 0.0000000000
32981  -34.553  -47.271  -22.319 0.0000000000
32963  -32.505  -47.883  -20.909 0.0000000000
34071  -34.072  -46.441  -22.203 0.0000000000
34085  -34.047  -46.156  -22.948 0.0000000000
32998  -33.239  -47.276  -23.595 0.0000000000
33014  -31.872  -47.800  -24.464 0.0000000000
24671  -44.650  -54.307  -27.612 0.0000000000
24689  -46.004  -54.636  -28.486 0.0000000000
25878  -46.006  -53.819  -30.926 0.0000000000
24741  -46.285  -54.325  -31.156 0.0000000000
31989  -37.606  -49.188  -32.590 0.0000000000
32003  -38.616  -49.178  -33.334 0.0000000000
32015  -39.491  -48.672  -34.322 0.0000000000
33138  -39.215  -47.509  -35.826 0.0000000000
32025  -41.411  -49.033  -35.276 0.0000000000
32038  -42.247  -48.696  -36.744 0.0000000000
32040  -43.529  -48.935  -37.343 0.0000000000
31920  -31.597  -48.536  -26.993 0.0000000000
30817  -32.853  -49.773  -27.965 0.0000000000
27105  -45.178  -52.319  -26.306 0.0000000000
30895  -41.279  -49.425  -33.445 0.0000000000
30883  -43.282  -49.892  -32.805 0.0000000000
30896  -41.891  -49.470  -33.723 0.0000000000
30907  -42.089  -49.327  -34.785 0.0000000000
28369  -38.531  -51.943  -27.170 0.0000000000
29674  -36.008  -50.674  -30.849 0.0000000000
28422  -37.099  -51.747  -31.147 0.0000000000
29680  -36.649  -50.586  -31.244 0.0000000000
29681  -37.412  -50.457  -31.461 0.0000000000
30864  -36.898  -49.727  -31.401 0.0000000000
30763  -41.255  -48.842  -24.482 0.0000000000
33024  -41.487  -48.190  -24.913 0.0000000000
31900  -41.647  -48.488  -25.372 0.0000000000
33035  -41.103  -47.844  -25.035 0.0000000000
34120  -36.174  -46.907  -24.168 0.0000000000
31876  -36.461  -47.999  -24.573 0.0000000000
33018  -35.929  -47.298  -24.404 0.0000000000
31875  -35.466  -48.278  -24.574 0.0000000000
29488  -32.405  -49.741  -18.042 0.0000000000
29489  -32.954  -50.581  -18.331 0.0000000000
29511  -32.587  -50.007  -18.973 0.0000000000
29512  -33.325  -50.569  -19.648 0.0000000000
30677  -33.127  -49.925  -20.057 0.0000000000
30689  -33.356  -49.669  -20.677 0.0000000000
30676  -32.748  -49.516  -19.819 0.0000000000
37362  -31.976  -43.833  -21.014 0.0000000000
36281  -32.155  -44.790  -21.438 0.0000000000
36294  -31.736  -44.705  -22.454 0.0000000000
37361  -31.795  -43.220  -21.610 0.0000000000
24721  -42.516  -54.417  -30.419 0.0000000000
24706  -43.930  -54.577  -29.408 0.0000000000
24722  -43.706  -54.246  -30.484 0.0000000000
35372  -40.176  -44.814  -37.409 0.0000000000
35389  -41.238  -45.348  -38.281 0.0000000000
36481  -40.972  -44.852  -38.170 0.0000000000
28366  -34.991  -51.520  -27.308 0.0000000000
28389  -34.102  -51.325  -28.111 0.0000000000
29659  -33.593  -50.178  -29.069 0.0000000000
28407  -34.432  -51.240  -29.100 0.0000000000
29660  -34.162  -50.421  -29.483 0.0000000000
29672  -34.616  -50.277  -29.971 0.0000000000
30843  -34.366  -49.917  -29.852 0.0000000000
32983  -36.610  -47.556  -23.097 0.0000000000
31751  -32.899  -47.580  -17.030 0.0000000000
32907  -32.359  -47.179  -18.464 0.0000000000
32880  -32.810  -46.640  -17.788 0.0000000000
37331  -32.899  -43.329  -19.296 0.0000000000
23642  -46.419  -55.367  -28.181 0.0000000000
28441  -42.028  -51.780  -32.237 0.0000000000
27187  -43.742  -52.522  -31.862 0.0000000000
28460  -42.898  -51.229  -32.230 0.0000000000
30884  -44.329  -49.913  -32.745 0.0000000000
29699  -44.601  -50.563  -32.481 0.0000000000
30886  -45.391  -50.332  -32.983 0.0000000000
29712  -45.418  -50.720  -33.242 0.0000000000
29744  -44.336  -50.094  -35.716 0.0000000000
30937  -44.146  -49.538  -36.350 0.0000000000
28373  -42.349  -51.198  -27.299 0.0000000000
27116  -42.825  -52.095  -27.262 0.0000000000
24684  -41.299  -54.270  -28.716 0.0000000000
24702  -40.242  -54.296  -29.070 0.0000000000
27131  -36.146  -52.276  -28.739 0.0000000000
27132  -37.345  -53.063  -29.061 0.0000000000
25873  -39.677  -53.600  -30.878 0.0000000000
25892  -39.666  -52.783  -31.580 0.0000000000
29683  -39.378  -50.217  -31.788 0.0000000000
29694  -39.952  -50.494  -32.084 0.0000000000
30867  -39.942  -49.523  -32.123 0.0000000000
31977  -40.280  -49.545  -32.433 0.0000000000
30880  -39.467  -49.393  -32.539 0.0000000000
30801  -40.767  -49.229  -26.478 0.0000000000
33033  -39.191  -47.740  -25.146 0.0000000000
33032  -38.541  -47.881  -25.129 0.0000000000
31895  -36.977  -48.649  -24.892 0.0000000000
30780  -38.210  -48.956  -25.655 0.0000000000
29597  -37.468  -49.797  -25.826 0.0000000000
29614  -37.698  -50.256  -26.200 0.0000000000
29596  -36.920  -50.174  -25.669 0.0000000000
28332  -36.297  -50.871  -25.829 0.0000000000
29595  -35.840  -50.119  -25.558 0.0000000000
30759  -34.131  -49.250  -24.736 0.0000000000
29586  -33.822  -49.903  -24.830 0.0000000000
30775  -33.042  -49.506  -25.182 0.0000000000
30797  -33.009  -50.069  -25.885 0.0000000000
31892  -32.669  -48.911  -25.017 0.0000000000
29543  -35.817  -50.193  -21.438 0.0000000000
31825  -33.823  -48.817  -21.748 0.0000000000
31826  -34.558  -48.921  -21.747 0.0000000000
31842  -34.273  -48.226  -22.087 0.0000000000
32982  -35.623  -47.288  -22.764 0.0000000000
34052  -32.115  -46.928  -20.213 0.0000000000
34070  -33.438  -46.470  -21.780 0.0000000000
35215  -33.504  -45.971  -22.205 0.0000000000
35232  -34.111  -46.129  -22.679 0.0000000000
35231  -33.678  -46.060  -22.771 0.0000000000
34104  -33.795  -46.370  -23.224 0.0000000000
35246  -33.007  -45.993  -23.024 0.0000000000
34102  -31.617  -46.892  -23.880 0.0000000000
34101  -31.321  -46.605  -23.962 0.0000000000
34118  -31.340  -46.926  -24.826 0.0000000000
25825  -43.194  -53.333  -27.358 0.0000000000
25826  -44.300  -53.361  -26.961 0.0000000000
24707  -44.903  -54.555  -29.410 0.0000000000
24688  -45.199  -54.611  -28.487 0.0000000000
24708  -45.774  -54.572  -29.401 0.0000000000
24709  -46.336  -54.826  -29.357 0.0000000000
27188  -44.863  -52.240  -31.601 0.0000000000
25897  -45.132  -53.028  -31.185 0.0000000000
25898  -45.836  -53.072  -31.345 0.0000000000
24757  -45.792  -54.615  -32.237 0.0000000000
31988  -36.610  -49.134  -32.798 0.0000000000
32001  -36.519  -48.545  -33.725 0.0000000000
32014  -38.399  -48.386  -34.609 0.0000000000
32022  -38.833  -47.951  -35.302 0.0000000000
34249  -39.477  -46.569  -36.451 0.0000000000
33145  -39.854  -47.298  -36.305 0.0000000000
33139  -39.887  -47.837  -35.789 0.0000000000
33146  -40.576  -47.762  -36.433 0.0000000000
32031  -41.765  -48.765  -36.335 0.0000000000
33147  -41.278  -48.208  -36.621 0.0000000000
33176  -42.259  -47.614  -38.170 0.0000000000
33159  -42.841  -48.193  -37.739 0.0000000000
33160  -43.373  -48.353  -38.193 0.0000000000
29627  -33.047  -50.250  -27.203 0.0000000000
28388  -33.589  -50.875  -27.522 0.0000000000
30829  -33.159  -49.480  -28.798 0.0000000000
35135  -34.619  -45.213  -17.702 0.0000000000
25829  -46.243  -54.041  -26.863 0.0000000000
29697  -42.542  -50.328  -32.439 0.0000000000
30898  -44.088  -49.666  -33.411 0.0000000000
30910  -44.742  -49.763  -33.951 0.0000000000
30909  -43.845  -49.570  -34.323 0.0000000000
30923  -43.668  -49.362  -35.377 0.0000000000
28371  -40.421  -51.602  -27.348 0.0000000000
27113  -39.906  -52.580  -27.774 0.0000000000
27134  -39.241  -53.116  -28.338 0.0000000000
27164  -36.187  -52.054  -30.299 0.0000000000
27153  -37.215  -53.024  -30.298 0.0000000000
27165  -36.828  -52.242  -30.597 0.0000000000
27166  -37.672  -52.450  -31.134 0.0000000000
27181  -38.265  -51.819  -31.512 0.0000000000
27182  -38.919  -51.761  -31.659 0.0000000000
28437  -38.673  -51.066  -31.646 0.0000000000
29682  -38.329  -50.374  -31.624 0.0000000000
31975  -38.179  -49.472  -31.905 0.0000000000
31910  -41.345  -48.567  -26.037 0.0000000000
31909  -40.475  -48.644  -26.005 0.0000000000
31877  -37.333  -47.946  -24.623 0.0000000000
30777  -35.439  -49.320  -25.037 0.0000000000
30760  -34.838  -48.964  -24.700 0.0000000000
31874  -34.420  -48.388  -24.477 0.0000000000
29513  -34.321  -51.177  -20.089 0.0000000000
29528  -34.763  -50.632  -20.609 0.0000000000
30691  -34.978  -50.310  -21.053 0.0000000000
30690  -34.339  -50.144  -21.061 0.0000000000
30713  -33.540  -49.208  -21.386 0.0000000000
31824  -33.056  -48.668  -21.391 0.0000000000
35199  -32.284  -45.750  -20.782 0.0000000000
35229  -32.009  -45.330  -22.645 0.0000000000
36310  -30.933  -44.660  -23.605 0.0000000000
24686  -43.188  -54.495  -28.219 0.0000000000
27190  -46.312  -52.376  -31.615 0.0000000000
37579  -38.788  -43.338  -36.467 0.0000000000
36451  -39.044  -44.247  -36.800 0.0000000000
35356  -38.552  -45.219  -36.488 0.0000000000
35358  -39.914  -46.083  -36.974 0.0000000000
34263  -40.938  -47.075  -37.425 0.0000000000
34264  -41.592  -47.058  -38.244 0.0000000000
34278  -42.256  -46.960  -38.672 0.0000000000
28391  -35.855  -51.981  -28.249 0.0000000000
27130  -35.565  -51.932  -29.135 0.0000000000
27151  -35.758  -52.133  -29.689 0.0000000000
28420  -35.718  -51.473  -30.335 0.0000000000
29673  -35.207  -50.612  -30.318 0.0000000000
30852  -35.873  -49.749  -30.975 0.0000000000
33022  -40.582  -47.783  -24.548 0.0000000000
33003  -39.118  -47.584  -23.842 0.0000000000
31857  -37.954  -47.970  -23.198 0.0000000000
33002  -37.865  -47.551  -23.767 0.0000000000
33001  -36.688  -47.211  -23.706 0.0000000000
34106  -35.957  -46.738  -23.804 0.0000000000
30647  -32.562  -48.688  -17.741 0.0000000000
31785  -32.353  -48.551  -19.494 0.0000000000
31765  -32.438  -48.158  -18.575 0.0000000000
34038  -32.106  -46.732  -19.190 0.0000000000
34018  -33.030  -45.719  -18.186 0.0000000000
35153  -32.710  -45.237  -18.645 0.0000000000
36244  -32.473  -44.350  -19.268 0.0000000000
37351  -32.311  -43.425  -20.116 0.0000000000
25895  -42.884  -53.334  -31.554 0.0000000000
24739  -43.092  -54.053  -31.156 0.0000000000
27208  -44.875  -51.743  -31.824 0.0000000000
28443  -45.537  -51.766  -31.721 0.0000000000
27227  -45.773  -52.060  -32.884 0.0000000000
29725  -44.675  -50.481  -34.224 0.0000000000
29724  -44.244  -50.732  -34.649 0.0000000000
28506  -43.627  -51.085  -34.893 0.0000000000
28505  -43.033  -51.039  -35.215 0.0000000000
29742  -43.302  -50.734  -35.593 0.0000000000
28375  -44.138  -51.515  -26.678 0.0000000000
27118  -44.582  -51.962  -26.588 0.0000000000
27117  -43.886  -52.191  -26.952 0.0000000000
25824  -42.208  -53.022  -27.540 0.0000000000
25843  -42.414  -53.929  -27.759 0.0000000000
24685  -42.168  -54.410  -28.543 0.0000000000
24704  -41.822  -54.559  -29.520 0.0000000000
24720  -41.461  -54.240  -30.462 0.0000000000
27111  -37.917  -52.633  -27.907 0.0000000000
27133  -38.452  -53.091  -28.587 0.0000000000
25858  -37.966  -53.367  -30.094 0.0000000000
25861  -40.557  -54.198  -30.064 0.0000000000
25874  -40.742  -53.878  -30.681 0.0000000000
24737  -41.621  -53.956  -31.046 0.0000000000
25894  -41.653  -53.468  -31.474 0.0000000000
27185  -41.448  -52.485  -32.004 0.0000000000
28440  -41.295  -51.724  -32.247 0.0000000000
28458  -40.920  -51.191  -32.369 0.0000000000
29696  -41.450  -50.332  -32.375 0.0000000000
30869  -41.255  -49.906  -32.467 0.0000000000
30881  -41.185  -49.484  -33.027 0.0000000000
32005  -40.730  -49.320  -33.419 0.0000000000
29631  -42.714  -50.393  -27.083 0.0000000000
29630  -41.812  -50.551  -27.151 0.0000000000
29617  -41.260  -49.929  -26.872 0.0000000000
29629  -40.816  -50.738  -27.289 0.0000000000
29628  -40.096  -51.046  -27.224 0.0000000000
28354  -39.108  -51.053  -26.956 0.0000000000
28353  -38.114  -51.179  -26.640 0.0000000000
33034  -40.209  -47.772  -25.096 0.0000000000
31898  -39.720  -48.323  -25.626 0.0000000000
30781  -38.954  -48.898  -25.761 0.0000000000
30799  -38.468  -49.473  -26.174 0.0000000000
28352  -36.952  -51.256  -26.352 0.0000000000
28351  -35.738  -51.405  -26.426 0.0000000000
28350  -34.648  -51.196  -26.222 0.0000000000
29594  -34.634  -50.270  -25.335 0.0000000000
29612  -33.997  -50.769  -25.898 0.0000000000
28349  -33.939  -50.931  -26.489 0.0000000000
29610  -32.879  -50.089  -26.476 0.0000000000
30815  -31.874  -49.091  -26.441 0.0000000000
30715  -35.148  -49.750  -21.569 0.0000000000
30740  -35.685  -49.357  -21.978 0.0000000000
34087  -35.455  -46.775  -23.309 0.0000000000
31804  -32.518  -48.706  -20.358 0.0000000000
32964  -33.278  -47.475  -21.632 0.0000000000
34069  -32.627  -46.700  -21.236 0.0000000000
32965  -33.875  -47.054  -21.986 0.0000000000
34086  -34.502  -46.388  -22.825 0.0000000000
34105  -34.971  -46.726  -23.628 0.0000000000
32999  -34.183  -47.064  -23.751 0.0000000000
33016  -33.831  -47.829  -24.075 0.0000000000
33015  -32.803  -47.958  -24.154 0.0000000000
34103  -32.560  -46.664  -23.328 0.0000000000
32997  -32.276  -47.381  -23.832 0.0000000000
31872  -32.408  -48.431  -24.664 0.0000000000
31891  -31.930  -48.616  -25.167 0.0000000000
33031  -31.205  -47.799  -25.438 0.0000000000
25814  -45.002  -53.200  -26.555 0.0000000000
25828  -45.746  -53.780  -27.036 0.0000000000
24673  -46.101  -54.516  -27.597 0.0000000000
24672  -45.479  -54.419  -27.643 0.0000000000
24690  -46.421  -54.887  -28.374 0.0000000000
25876  -44.621  -53.792  -30.924 0.0000000000
25877  -45.347  -53.758  -30.890 0.0000000000
25899  -46.262  -53.294  -31.584 0.0000000000
25879  -46.276  -53.950  -30.990 0.0000000000
24725  -46.106  -54.501  -30.379 0.0000000000
31932  -32.661  -48.377  -29.003 0.0000000000
30850  -34.124  -48.857  -30.331 0.0000000000
31959  -35.499  -49.032  -30.792 0.0000000000
30863  -36.353  -49.411  -31.490 0.0000000000
31973  -36.872  -49.093  -31.836 0.0000000000
31974  -37.659  -49.322  -31.856 0.0000000000
31990  -38.313  -49.327  -32.323 0.0000000000
32002  -37.503  -48.868  -33.596 0.0000000000
30879  -38.915  -49.394  -32.657 0.0000000000
32004  -39.670  -49.148  -33.286 0.0000000000
32016  -40.532  -48.885  -34.262 0.0000000000
34248  -38.818  -46.086  -36.275 0.0000000000
34242  -38.840  -46.855  -35.946 0.0000000000
32023  -39.331  -48.235  -35.257 0.0000000000
32024  -40.286  -48.556  -35.403 0.0000000000
30921  -42.118  -49.244  -35.364 0.0000000000
30922  -42.766  -49.286  -35.643 0.0000000000
30935  -42.973  -49.292  -36.512 0.0000000000
32039  -42.749  -48.874  -37.030 0.0000000000
32033  -43.725  -49.140  -36.948 0.0000000000
32041  -44.112  -49.210  -37.294 0.0000000000
24683  -40.617  -54.167  -28.757 0.0000000000
24719  -40.875  -54.209  -30.199 0.0000000000
25813  -44.599  -53.048  -26.645 0.0000000000
25827  -45.059  -53.840  -27.100 0.0000000000
25860  -39.917  -54.084  -29.746 0.0000000000
25875  -41.338  -53.895  -30.932 0.0000000000
27106  -45.507  -52.276  -26.068 0.0000000000
27167  -38.465  -52.365  -31.415 0.0000000000
27204  -40.391  -51.604  -32.301 0.0000000000
27205  -40.684  -51.660  -32.288 0.0000000000
27206  -43.539  -51.843  -32.198 0.0000000000
28333  -36.843  -50.787  -25.894 0.0000000000
28355  -39.692  -51.019  -27.100 0.0000000000
28364  -33.604  -50.770  -26.934 0.0000000000
28408  -35.111  -51.557  -29.618 0.0000000000
28435  -37.011  -51.127  -31.360 0.0000000000
28439  -40.915  -51.684  -32.262 0.0000000000
28442  -45.113  -51.735  -31.780 0.0000000000
28444  -46.128  -51.872  -31.663 0.0000000000
28457  -40.126  -51.095  -32.338 0.0000000000
28490  -43.350  -51.321  -34.488 0.0000000000
29587  -34.301  -49.788  -24.879 0.0000000000
29611  -33.413  -50.493  -26.334 0.0000000000
29626  -32.614  -49.881  -26.781 0.0000000000
29644  -33.827  -50.829  -28.861 0.0000000000
29685  -40.869  -50.081  -32.308 0.0000000000
29695  -40.599  -50.484  -32.280 0.0000000000
29700  -45.305  -50.733  -32.664 0.0000000000
29763  -44.418  -49.963  -36.684 0.0000000000
30688  -32.834  -49.249  -20.405 0.0000000000
30758  -33.566  -49.368  -24.825 0.0000000000
30773  -32.079  -48.926  -25.462 0.0000000000
30774  -32.340  -49.119  -25.445 0.0000000000
30779  -37.381  -49.233  -25.523 0.0000000000
30796  -32.447  -49.582  -26.143 0.0000000000
30868  -40.745  -49.758  -32.497 0.0000000000
30885  -45.092  -50.095  -32.813 0.0000000000
30893  -39.105  -49.329  -33.049 0.0000000000
30894  -39.277  -49.350  -32.871 0.0000000000
30899  -44.898  -49.729  -33.246 0.0000000000
30911  -45.144  -49.836  -33.547 0.0000000000
30936  -43.526  -49.274  -36.429 0.0000000000
30944  -43.299  -49.195  -36.873 0.0000000000
30945  -43.558  -49.171  -36.894 0.0000000000
30946  -44.362  -49.654  -37.277 0.0000000000
31730  -32.718  -48.072  -17.119 0.0000000000
31823  -32.668  -48.586  -20.889 0.0000000000
31871  -32.018  -48.334  -24.721 0.0000000000
31878  -41.055  -48.420  -24.268 0.0000000000
31879  -41.447  -48.415  -24.767 0.0000000000
31893  -32.992  -49.070  -24.925 0.0000000000
31972  -35.752  -49.096  -31.765 0.0000000000
31976  -40.115  -49.408  -32.496 0.0000000000
31992  -40.486  -49.483  -32.766 0.0000000000
32006  -41.307  -49.411  -33.695 0.0000000000
32026  -42.106  -49.195  -35.812 0.0000000000
32030  -41.053  -48.524  -36.033 0.0000000000
32032  -42.446  -49.107  -36.374 0.0000000000
32034  -43.833  -49.162  -36.852 0.0000000000
32946  -32.171  -47.975  -20.099 0.0000000000
32980  -33.899  -47.621  -22.059 0.0000000000
32996  -31.888  -47.368  -24.044 0.0000000000
33036  -41.479  -47.988  -24.995 0.0000000000
33137  -38.411  -47.511  -35.448 0.0000000000
33157  -41.176  -47.761  -36.928 0.0000000000
33988  -32.948  -46.103  -17.989 0.0000000000
34107  -36.385  -46.919  -24.019 0.0000000000
34117  -31.265  -46.570  -24.246 0.0000000000
34121  -36.386  -47.093  -24.202 0.0000000000
35134  -33.948  -45.300  -17.931 0.0000000000
35154  -33.461  -45.133  -18.219 0.0000000000
35216  -34.009  -46.102  -22.448 0.0000000000
35244  -31.176  -46.302  -23.910 0.0000000000
35247  -33.495  -46.105  -23.040 0.0000000000
35374  -41.240  -46.183  -38.056 0.0000000000
36280  -31.732  -44.032  -21.727 0.0000000000
38812  -38.686  -42.794  -36.146 0.0000000000
