#!ascii label  , from subject 3526 vox2ras=TkReg
504
14858  -40.199  -79.938  -0.923 0.0000000000
20261  -39.821  -74.668  -6.929 0.0000000000
16839  -38.220  -77.002  0.323 0.0000000000
15946  -40.279  -78.713  -4.959 0.0000000000
22580  -40.994  -73.184  -1.337 0.0000000000
16814  -44.011  -77.713  2.437 0.0000000000
20083  -39.776  -73.948  5.840 0.0000000000
21250  -42.737  -73.465  10.584 0.0000000000
21377  -36.631  -73.524  2.056 0.0000000000
21409  -38.592  -74.052  -0.661 0.0000000000
23675  -39.552  -71.576  1.801 0.0000000000
18922  -41.787  -75.710  3.518 0.0000000000
20070  -43.200  -74.704  6.095 0.0000000000
23514  -41.060  -71.254  13.057 0.0000000000
22427  -39.496  -72.209  10.264 0.0000000000
14852  -34.764  -80.411  -0.890 0.0000000000
16962  -40.418  -76.954  -7.011 0.0000000000
14967  -37.016  -79.813  -7.397 0.0000000000
14996  -37.675  -78.975  -9.444 0.0000000000
16854  -41.438  -77.693  -0.737 0.0000000000
14888  -39.962  -79.610  -2.782 0.0000000000
20212  -41.459  -74.796  -3.619 0.0000000000
21473  -43.187  -73.227  -4.038 0.0000000000
16811  -41.736  -77.600  1.918 0.0000000000
18918  -37.614  -75.303  3.402 0.0000000000
21335  -36.474  -73.179  4.826 0.0000000000
21289  -44.734  -73.839  8.120 0.0000000000
21287  -41.466  -74.034  8.235 0.0000000000
22459  -37.601  -72.136  7.456 0.0000000000
24803  -35.886  -70.521  6.534 0.0000000000
13937  -35.665  -80.068  -4.200 0.0000000000
23722  -40.123  -71.087  -2.162 0.0000000000
21489  -38.365  -73.804  -4.685 0.0000000000
16924  -35.338  -76.924  -5.122 0.0000000000
23660  -37.252  -71.705  3.050 0.0000000000
22534  -38.265  -72.382  1.680 0.0000000000
14856  -38.148  -80.120  -0.935 0.0000000000
17975  -40.269  -76.134  -7.544 0.0000000000
16006  -38.940  -77.791  -8.693 0.0000000000
17990  -38.878  -76.269  -8.410 0.0000000000
16986  -36.680  -77.604  -9.223 0.0000000000
17973  -38.068  -75.829  -7.281 0.0000000000
16841  -40.188  -77.618  0.052 0.0000000000
17874  -39.319  -76.631  -0.969 0.0000000000
21411  -40.368  -73.329  -1.206 0.0000000000
20199  -40.046  -74.862  -2.611 0.0000000000
21448  -41.308  -73.974  -3.012 0.0000000000
20213  -42.320  -74.448  -4.174 0.0000000000
22603  -42.402  -73.290  -2.810 0.0000000000
15869  -43.034  -78.253  0.937 0.0000000000
16812  -42.650  -77.510  2.009 0.0000000000
20097  -40.401  -74.769  4.910 0.0000000000
18921  -40.619  -75.885  3.579 0.0000000000
20096  -39.015  -74.655  4.783 0.0000000000
20108  -37.039  -74.832  3.582 0.0000000000
20081  -37.440  -73.783  5.149 0.0000000000
21261  -43.281  -73.668  9.784 0.0000000000
20028  -42.988  -74.163  8.577 0.0000000000
21272  -41.316  -73.670  9.237 0.0000000000
23573  -37.385  -70.775  10.124 0.0000000000
23583  -38.634  -71.997  9.379 0.0000000000
23590  -36.623  -70.877  8.539 0.0000000000
23610  -36.324  -71.351  6.881 0.0000000000
14914  -40.302  -79.504  -3.752 0.0000000000
14912  -38.168  -79.394  -3.697 0.0000000000
14932  -37.524  -79.219  -4.731 0.0000000000
13040  -35.813  -81.674  -5.599 0.0000000000
24893  -39.363  -70.193  -0.693 0.0000000000
22601  -39.345  -72.181  -3.341 0.0000000000
18998  -36.124  -75.140  -3.259 0.0000000000
18950  -36.844  -75.207  0.972 0.0000000000
20166  -38.003  -74.929  -0.697 0.0000000000
21392  -37.861  -73.954  0.262 0.0000000000
21393  -38.746  -73.192  0.353 0.0000000000
22547  -41.017  -71.950  0.482 0.0000000000
17822  -43.432  -76.312  2.908 0.0000000000
20099  -42.769  -75.080  4.679 0.0000000000
20084  -41.122  -74.485  5.637 0.0000000000
22394  -41.643  -72.600  11.931 0.0000000000
21248  -40.862  -73.095  10.746 0.0000000000
23559  -39.909  -71.949  11.526 0.0000000000
24748  -38.445  -70.709  11.617 0.0000000000
24746  -37.062  -69.811  10.831 0.0000000000
15967  -40.279  -77.695  -6.134 0.0000000000
14952  -38.152  -78.834  -5.707 0.0000000000
15983  -39.482  -77.818  -7.289 0.0000000000
14984  -37.960  -79.109  -8.444 0.0000000000
13077  -36.307  -81.056  -9.531 0.0000000000
15008  -35.638  -79.677  -10.444 0.0000000000
16002  -34.983  -78.999  -9.814 0.0000000000
14965  -34.307  -79.011  -7.916 0.0000000000
14859  -41.418  -79.418  -0.810 0.0000000000
14869  -39.543  -79.626  -1.797 0.0000000000
15903  -42.230  -78.252  -2.631 0.0000000000
15926  -42.149  -78.011  -3.862 0.0000000000
20198  -39.409  -75.487  -2.086 0.0000000000
19001  -40.866  -76.093  -3.083 0.0000000000
16925  -41.852  -77.150  -5.016 0.0000000000
17959  -41.538  -76.213  -5.759 0.0000000000
19047  -41.841  -75.073  -5.886 0.0000000000
20247  -41.402  -74.219  -6.464 0.0000000000
14844  -42.320  -79.399  0.039 0.0000000000
16842  -41.305  -77.931  0.176 0.0000000000
16809  -39.683  -77.606  1.604 0.0000000000
17820  -41.325  -76.436  3.066 0.0000000000
17818  -39.134  -76.520  2.849 0.0000000000
17832  -37.641  -76.392  1.847 0.0000000000
18917  -36.747  -74.998  2.898 0.0000000000
21362  -36.307  -73.378  3.208 0.0000000000
23640  -36.083  -71.902  4.334 0.0000000000
20057  -44.125  -74.599  6.902 0.0000000000
20055  -41.484  -74.267  7.419 0.0000000000
21314  -40.372  -73.736  6.881 0.0000000000
22439  -40.021  -72.741  9.622 0.0000000000
22448  -39.234  -72.613  8.295 0.0000000000
21312  -38.748  -72.982  6.665 0.0000000000
22469  -36.893  -72.331  6.396 0.0000000000
23617  -36.104  -71.294  5.930 0.0000000000
14867  -37.434  -79.559  -1.635 0.0000000000
14909  -35.008  -79.818  -2.752 0.0000000000
14950  -36.245  -80.006  -6.047 0.0000000000
13022  -35.439  -81.686  -4.758 0.0000000000
22605  -43.816  -72.071  -2.444 0.0000000000
22644  -43.046  -72.532  -4.596 0.0000000000
21492  -40.746  -72.919  -5.573 0.0000000000
22622  -40.468  -72.243  -4.046 0.0000000000
20245  -39.134  -74.271  -6.169 0.0000000000
17957  -37.088  -75.991  -6.003 0.0000000000
16944  -36.059  -76.964  -6.239 0.0000000000
23642  -37.464  -71.033  3.478 0.0000000000
13893  -37.844  -80.963  -0.565 0.0000000000
14857  -39.145  -80.105  -0.990 0.0000000000
19067  -40.015  -75.312  -7.478 0.0000000000
19086  -39.657  -75.967  -7.964 0.0000000000
19085  -39.320  -75.719  -7.809 0.0000000000
17974  -38.844  -75.730  -7.744 0.0000000000
19066  -39.002  -75.193  -7.093 0.0000000000
16840  -38.907  -77.176  -0.046 0.0000000000
16853  -40.005  -77.056  -0.822 0.0000000000
17862  -38.595  -76.691  -0.429 0.0000000000
22559  -40.731  -72.763  -0.517 0.0000000000
21428  -40.902  -73.552  -2.018 0.0000000000
21429  -41.723  -73.461  -2.598 0.0000000000
22581  -41.944  -72.974  -1.754 0.0000000000
14825  -43.302  -79.223  2.779 0.0000000000
15871  -43.595  -78.657  2.086 0.0000000000
15870  -43.426  -78.501  1.373 0.0000000000
16829  -43.624  -78.054  1.836 0.0000000000
20082  -38.416  -74.001  5.341 0.0000000000
22417  -43.640  -72.999  10.968 0.0000000000
21251  -43.404  -73.405  10.417 0.0000000000
21262  -44.481  -73.365  9.462 0.0000000000
21260  -42.090  -73.747  9.945 0.0000000000
24780  -37.054  -70.525  10.018 0.0000000000
23581  -37.209  -70.955  9.464 0.0000000000
23589  -36.157  -70.649  8.130 0.0000000000
24790  -36.027  -70.212  8.577 0.0000000000
14934  -39.682  -79.277  -4.460 0.0000000000
14933  -38.665  -79.133  -4.656 0.0000000000
22600  -38.004  -72.659  -3.077 0.0000000000
21468  -37.042  -74.026  -3.457 0.0000000000
21445  -36.517  -73.560  -2.769 0.0000000000
20134  -36.799  -74.407  1.245 0.0000000000
20135  -37.314  -74.091  0.714 0.0000000000
21378  -37.582  -73.390  1.149 0.0000000000
23674  -38.896  -71.865  1.870 0.0000000000
21379  -38.343  -72.883  1.034 0.0000000000
22535  -39.259  -72.148  1.349 0.0000000000
22546  -39.764  -72.516  0.487 0.0000000000
22536  -40.128  -71.933  1.177 0.0000000000
20085  -42.367  -74.806  5.393 0.0000000000
22395  -42.773  -72.607  11.984 0.0000000000
23536  -41.895  -72.074  12.648 0.0000000000
22393  -41.029  -72.512  11.708 0.0000000000
23535  -40.700  -71.956  12.132 0.0000000000
24747  -37.624  -69.997  11.428 0.0000000000
13906  -33.855  -81.057  -1.318 0.0000000000
15984  -40.008  -77.412  -7.041 0.0000000000
16005  -38.222  -78.161  -9.150 0.0000000000
14995  -36.945  -79.420  -9.919 0.0000000000
14020  -36.148  -80.295  -10.193 0.0000000000
16974  -36.271  -77.557  -8.555 0.0000000000
16003  -35.944  -78.194  -9.594 0.0000000000
15995  -35.736  -77.917  -8.502 0.0000000000
15994  -34.989  -78.557  -8.500 0.0000000000
15981  -35.279  -78.121  -7.712 0.0000000000
15887  -42.076  -78.450  -0.526 0.0000000000
15892  -42.019  -78.544  -1.623 0.0000000000
15902  -41.689  -78.835  -3.314 0.0000000000
17901  -41.923  -76.713  -2.697 0.0000000000
18983  -38.541  -75.486  -1.247 0.0000000000
20182  -38.756  -75.024  -1.618 0.0000000000
19013  -40.593  -75.530  -3.077 0.0000000000
19014  -41.382  -75.688  -3.615 0.0000000000
17936  -42.200  -76.798  -3.700 0.0000000000
17935  -41.973  -76.423  -4.338 0.0000000000
21472  -42.738  -73.904  -4.069 0.0000000000
19026  -42.269  -74.827  -5.214 0.0000000000
19048  -42.209  -74.446  -5.739 0.0000000000
20248  -42.320  -73.778  -5.672 0.0000000000
16827  -42.504  -77.838  1.306 0.0000000000
15868  -42.516  -78.058  0.676 0.0000000000
16826  -41.639  -77.884  0.992 0.0000000000
16825  -40.412  -77.848  0.923 0.0000000000
16810  -40.683  -77.683  1.795 0.0000000000
18923  -42.929  -75.700  3.492 0.0000000000
17821  -42.416  -76.299  2.988 0.0000000000
18919  -38.713  -75.756  3.417 0.0000000000
18920  -39.646  -76.021  3.416 0.0000000000
17833  -38.602  -77.095  1.851 0.0000000000
18939  -38.104  -76.134  2.632 0.0000000000
18938  -37.208  -75.676  2.339 0.0000000000
20094  -36.844  -73.772  4.699 0.0000000000
20107  -36.571  -74.277  3.653 0.0000000000
21345  -36.334  -73.453  4.149 0.0000000000
22500  -36.107  -72.321  3.938 0.0000000000
22488  -36.160  -72.405  4.656 0.0000000000
20042  -43.768  -74.250  7.858 0.0000000000
20041  -42.450  -74.323  8.142 0.0000000000
21303  -41.144  -74.047  7.694 0.0000000000
20054  -40.868  -74.020  7.146 0.0000000000
21302  -40.603  -73.740  7.411 0.0000000000
22413  -39.794  -72.213  10.978 0.0000000000
21258  -40.554  -73.079  10.130 0.0000000000
23592  -38.004  -71.911  8.593 0.0000000000
22437  -38.555  -72.155  8.855 0.0000000000
22447  -38.298  -72.230  8.125 0.0000000000
21300  -38.989  -72.803  7.195 0.0000000000
22470  -37.966  -72.661  6.878 0.0000000000
21311  -37.597  -72.913  6.228 0.0000000000
22458  -37.049  -71.922  7.101 0.0000000000
22468  -36.337  -71.765  6.189 0.0000000000
24808  -36.167  -70.551  5.519 0.0000000000
14868  -38.484  -79.619  -1.738 0.0000000000
14887  -38.866  -79.537  -2.728 0.0000000000
14911  -36.991  -79.296  -3.647 0.0000000000
14885  -36.635  -79.296  -2.526 0.0000000000
14910  -35.820  -79.600  -3.430 0.0000000000
13003  -34.145  -81.576  -3.030 0.0000000000
13936  -35.030  -80.583  -3.636 0.0000000000
14968  -37.974  -79.009  -7.064 0.0000000000
14951  -37.128  -79.333  -5.957 0.0000000000
12125  -36.019  -82.784  -5.692 0.0000000000
22582  -43.170  -72.346  -1.610 0.0000000000
22624  -42.819  -72.123  -4.441 0.0000000000
22656  -41.915  -72.766  -5.436 0.0000000000
22623  -41.820  -72.033  -4.490 0.0000000000
21470  -38.562  -73.367  -4.367 0.0000000000
22602  -40.013  -71.954  -3.363 0.0000000000
22621  -39.181  -72.837  -4.229 0.0000000000
22640  -39.618  -73.083  -4.942 0.0000000000
20228  -38.532  -74.099  -5.285 0.0000000000
20244  -38.322  -74.558  -5.629 0.0000000000
19045  -37.740  -75.149  -5.678 0.0000000000
17934  -36.515  -75.820  -4.766 0.0000000000
17933  -36.183  -76.404  -5.324 0.0000000000
22519  -36.913  -72.352  2.744 0.0000000000
22533  -37.190  -72.769  2.067 0.0000000000
22520  -37.605  -72.113  2.426 0.0000000000
23661  -38.482  -71.363  2.663 0.0000000000
24733  -40.073  -71.203  12.688 0.0000000000
24710  -40.113  -70.342  13.381 0.0000000000
14854  -36.179  -80.162  -0.750 0.0000000000
16978  -40.008  -76.801  -7.845 0.0000000000
17991  -39.660  -76.457  -8.084 0.0000000000
16988  -38.605  -77.229  -8.948 0.0000000000
16004  -37.172  -78.251  -9.832 0.0000000000
18000  -37.760  -76.875  -8.869 0.0000000000
17989  -37.687  -76.568  -8.284 0.0000000000
17988  -37.085  -76.703  -7.816 0.0000000000
16863  -40.295  -76.867  -1.385 0.0000000000
17884  -40.397  -76.720  -1.759 0.0000000000
21410  -39.621  -73.270  -0.532 0.0000000000
20183  -39.294  -74.551  -1.862 0.0000000000
21427  -39.681  -73.941  -1.682 0.0000000000
21447  -40.481  -74.120  -2.505 0.0000000000
20200  -40.785  -74.428  -2.959 0.0000000000
21471  -42.050  -74.200  -3.620 0.0000000000
21449  -42.183  -73.706  -3.277 0.0000000000
21450  -42.815  -73.433  -3.437 0.0000000000
18908  -41.090  -75.279  4.168 0.0000000000
18907  -39.675  -75.357  4.070 0.0000000000
18906  -38.367  -75.106  3.979 0.0000000000
20095  -37.598  -74.596  4.325 0.0000000000
20080  -37.058  -73.597  5.122 0.0000000000
21274  -43.783  -73.842  8.709 0.0000000000
20029  -43.261  -74.197  8.350 0.0000000000
21273  -42.434  -73.971  8.908 0.0000000000
23574  -37.981  -71.132  10.348 0.0000000000
23575  -38.730  -71.815  9.966 0.0000000000
23582  -38.054  -71.670  9.320 0.0000000000
23591  -37.420  -71.518  8.514 0.0000000000
23602  -37.426  -71.760  7.924 0.0000000000
23601  -36.936  -71.527  7.635 0.0000000000
23600  -36.327  -70.991  7.762 0.0000000000
24797  -35.881  -70.433  7.607 0.0000000000
25911  -35.581  -69.620  7.155 0.0000000000
14913  -39.276  -79.529  -3.698 0.0000000000
14966  -36.367  -80.457  -6.825 0.0000000000
24912  -38.771  -70.750  -1.272 0.0000000000
23721  -39.227  -71.209  -2.019 0.0000000000
23738  -39.819  -71.614  -2.784 0.0000000000
23737  -38.738  -71.803  -2.573 0.0000000000
22620  -38.384  -73.113  -3.888 0.0000000000
21469  -37.833  -73.617  -3.932 0.0000000000
19024  -37.258  -74.938  -4.873 0.0000000000
17913  -36.293  -75.588  -4.019 0.0000000000
17912  -35.684  -76.200  -3.959 0.0000000000
18961  -37.363  -75.680  0.220 0.0000000000
18960  -37.009  -75.113  0.527 0.0000000000
21408  -37.895  -74.393  -0.209 0.0000000000
21394  -39.484  -72.917  0.057 0.0000000000
22558  -39.878  -72.808  -0.129 0.0000000000
17838  -43.694  -76.992  2.515 0.0000000000
18910  -43.486  -75.323  4.268 0.0000000000
18909  -42.302  -75.268  4.117 0.0000000000
20098  -41.684  -74.941  4.811 0.0000000000
22416  -42.299  -73.102  11.338 0.0000000000
21249  -41.719  -73.405  10.738 0.0000000000
22415  -41.317  -72.931  11.351 0.0000000000
22414  -40.503  -72.530  11.331 0.0000000000
23534  -39.597  -71.463  12.011 0.0000000000
24749  -39.031  -71.113  11.821 0.0000000000
23558  -38.989  -71.568  11.104 0.0000000000
24767  -37.933  -70.668  11.024 0.0000000000
24766  -37.377  -70.436  10.597 0.0000000000
24765  -36.769  -70.061  10.254 0.0000000000
15966  -39.443  -78.305  -5.952 0.0000000000
15944  -38.692  -78.821  -5.276 0.0000000000
15982  -38.759  -78.479  -6.644 0.0000000000
13068  -36.451  -81.307  -8.283 0.0000000000
16014  -36.438  -78.803  -10.113 0.0000000000
16012  -35.367  -79.361  -10.273 0.0000000000
14994  -34.222  -79.817  -9.804 0.0000000000
14982  -34.222  -79.289  -8.761 0.0000000000
14870  -40.629  -79.481  -1.836 0.0000000000
14889  -41.060  -79.362  -2.839 0.0000000000
14890  -41.798  -78.876  -2.477 0.0000000000
14915  -41.035  -79.227  -3.694 0.0000000000
15925  -41.249  -78.742  -4.232 0.0000000000
18970  -38.239  -75.874  -0.816 0.0000000000
17898  -39.416  -76.222  -1.636 0.0000000000
19000  -40.121  -75.875  -2.536 0.0000000000
16926  -42.156  -77.235  -4.181 0.0000000000
15947  -41.321  -77.921  -5.093 0.0000000000
15968  -40.871  -77.507  -5.760 0.0000000000
16947  -41.207  -77.145  -5.687 0.0000000000
16963  -40.945  -76.758  -6.311 0.0000000000
20229  -42.253  -74.808  -4.552 0.0000000000
17976  -40.889  -76.271  -6.792 0.0000000000
19068  -41.019  -75.297  -6.834 0.0000000000
20263  -41.022  -74.710  -6.763 0.0000000000
20262  -40.611  -74.691  -6.900 0.0000000000
15879  -42.698  -78.609  0.363 0.0000000000
15878  -42.128  -78.099  0.184 0.0000000000
15886  -41.849  -77.995  -0.255 0.0000000000
16824  -39.148  -77.616  0.867 0.0000000000
17850  -38.362  -77.350  1.076 0.0000000000
17837  -42.961  -76.961  2.547 0.0000000000
17836  -42.008  -77.051  2.582 0.0000000000
17835  -40.947  -77.221  2.587 0.0000000000
17819  -40.224  -76.571  3.024 0.0000000000
17834  -39.827  -77.236  2.384 0.0000000000
17849  -37.749  -76.810  0.882 0.0000000000
18951  -37.120  -75.862  1.345 0.0000000000
18937  -36.655  -75.141  1.866 0.0000000000
20121  -36.466  -74.321  2.470 0.0000000000
22532  -36.571  -72.923  2.611 0.0000000000
22518  -36.398  -72.600  3.207 0.0000000000
22501  -36.352  -72.192  3.580 0.0000000000
20056  -42.824  -74.554  7.146 0.0000000000
20069  -41.898  -74.611  6.375 0.0000000000
20068  -40.657  -73.991  6.626 0.0000000000
20067  -40.114  -73.769  6.390 0.0000000000
21259  -41.160  -73.467  10.095 0.0000000000
21271  -40.656  -73.230  9.539 0.0000000000
21286  -40.271  -73.113  8.545 0.0000000000
22438  -39.192  -72.331  9.344 0.0000000000
22449  -39.695  -72.680  8.954 0.0000000000
21301  -39.515  -72.906  7.538 0.0000000000
21328  -39.335  -73.456  6.290 0.0000000000
21327  -38.856  -73.523  5.980 0.0000000000
21326  -37.983  -73.412  5.826 0.0000000000
21310  -37.130  -72.832  6.054 0.0000000000
22481  -36.439  -72.696  5.306 0.0000000000
23611  -36.794  -71.760  6.981 0.0000000000
22480  -36.208  -72.031  5.580 0.0000000000
23626  -36.114  -71.450  4.919 0.0000000000
23627  -36.318  -71.043  4.599 0.0000000000
14855  -37.158  -80.101  -0.816 0.0000000000
14866  -36.402  -79.551  -1.493 0.0000000000
14886  -37.757  -79.395  -2.661 0.0000000000
14884  -35.627  -79.414  -2.271 0.0000000000
14883  -34.855  -79.673  -1.987 0.0000000000
13921  -34.231  -80.522  -2.180 0.0000000000
14931  -36.384  -79.700  -4.713 0.0000000000
13955  -35.676  -80.686  -4.943 0.0000000000
13954  -35.256  -81.154  -4.331 0.0000000000
24850  -39.165  -70.703  2.866 0.0000000000
23676  -40.837  -71.160  1.431 0.0000000000
22560  -42.211  -72.108  -0.400 0.0000000000
22604  -43.185  -72.834  -2.930 0.0000000000
23742  -43.819  -71.500  -3.173 0.0000000000
22625  -43.458  -72.478  -4.035 0.0000000000
21494  -43.185  -72.890  -4.628 0.0000000000
21506  -42.365  -73.166  -5.464 0.0000000000
21505  -41.652  -73.138  -5.794 0.0000000000
21504  -40.645  -73.434  -6.092 0.0000000000
23751  -40.502  -71.741  -3.329 0.0000000000
23752  -41.365  -71.644  -3.674 0.0000000000
22641  -40.208  -72.791  -4.916 0.0000000000
21503  -39.814  -73.649  -5.943 0.0000000000
19065  -38.228  -75.353  -6.526 0.0000000000
17958  -37.786  -75.598  -6.362 0.0000000000
16960  -36.632  -76.877  -7.271 0.0000000000
17956  -36.511  -76.510  -5.986 0.0000000000
16959  -35.917  -77.558  -7.476 0.0000000000
16958  -35.194  -77.977  -7.096 0.0000000000
12113  -35.664  -82.210  -5.139 0.0000000000
12985  -33.814  -81.333  -2.295 0.0000000000
13907  -34.320  -80.574  -1.093 0.0000000000
13920  -33.747  -81.205  -1.851 0.0000000000
13972  -35.996  -80.895  -6.220 0.0000000000
14011  -36.746  -80.404  -9.243 0.0000000000
14853  -35.291  -80.293  -0.785 0.0000000000
14864  -34.722  -80.066  -1.351 0.0000000000
14865  -35.466  -79.710  -1.384 0.0000000000
14935  -40.240  -79.252  -4.360 0.0000000000
15009  -36.210  -79.406  -10.285 0.0000000000
15924  -40.640  -79.173  -4.217 0.0000000000
15945  -39.255  -78.843  -5.163 0.0000000000
15948  -41.920  -77.614  -4.546 0.0000000000
15965  -38.825  -78.613  -5.723 0.0000000000
16013  -35.768  -79.004  -10.237 0.0000000000
16813  -43.396  -77.542  2.138 0.0000000000
16823  -38.403  -77.280  0.601 0.0000000000
16828  -43.187  -77.916  1.528 0.0000000000
16852  -39.089  -76.797  -0.607 0.0000000000
16881  -42.409  -77.324  -2.775 0.0000000000
16903  -42.341  -77.253  -3.543 0.0000000000
16945  -36.703  -76.578  -6.513 0.0000000000
16946  -40.722  -77.208  -6.178 0.0000000000
16961  -39.926  -77.260  -7.595 0.0000000000
16975  -36.885  -77.044  -8.408 0.0000000000
16976  -37.496  -76.906  -8.774 0.0000000000
16977  -39.416  -77.186  -8.290 0.0000000000
16985  -36.141  -77.750  -9.036 0.0000000000
16987  -37.655  -77.276  -9.227 0.0000000000
17861  -38.070  -76.601  -0.121 0.0000000000
17872  -38.360  -76.401  -0.555 0.0000000000
17873  -38.723  -76.419  -0.830 0.0000000000
17882  -39.089  -76.316  -1.258 0.0000000000
17883  -39.772  -76.600  -1.396 0.0000000000
17914  -41.683  -76.429  -3.277 0.0000000000
17915  -42.230  -76.834  -3.169 0.0000000000
17972  -37.204  -76.422  -7.202 0.0000000000
18001  -38.140  -76.792  -8.894 0.0000000000
18905  -37.816  -74.993  3.889 0.0000000000
18971  -38.677  -76.117  -1.123 0.0000000000
18984  -38.888  -75.813  -1.509 0.0000000000
18999  -39.507  -75.970  -1.990 0.0000000000
19011  -36.040  -75.490  -3.511 0.0000000000
19012  -36.412  -75.126  -3.659 0.0000000000
19046  -38.487  -74.908  -6.222 0.0000000000
20040  -41.781  -74.280  7.958 0.0000000000
20150  -36.910  -74.857  0.752 0.0000000000
20151  -37.316  -74.671  0.318 0.0000000000
20167  -38.524  -74.602  -1.110 0.0000000000
20181  -38.363  -75.312  -1.086 0.0000000000
20197  -36.373  -74.607  -3.153 0.0000000000
20209  -36.831  -74.645  -3.833 0.0000000000
20227  -37.799  -74.387  -4.802 0.0000000000
20230  -42.635  -74.307  -4.970 0.0000000000
20246  -40.237  -74.035  -6.596 0.0000000000
21285  -39.688  -72.855  8.123 0.0000000000
21288  -42.102  -74.151  8.462 0.0000000000
21313  -39.919  -73.485  6.673 0.0000000000
21325  -37.026  -73.214  5.538 0.0000000000
21334  -36.254  -72.971  4.474 0.0000000000
21344  -36.132  -72.951  4.036 0.0000000000
21361  -36.211  -72.778  3.609 0.0000000000
21426  -38.917  -74.422  -1.413 0.0000000000
21490  -39.133  -73.521  -5.144 0.0000000000
21491  -39.994  -73.171  -5.485 0.0000000000
21493  -42.963  -73.463  -4.972 0.0000000000
22428  -40.170  -72.692  10.542 0.0000000000
22429  -43.947  -73.317  10.184 0.0000000000
22446  -37.745  -71.911  8.122 0.0000000000
22460  -38.668  -72.624  7.423 0.0000000000
22461  -39.148  -72.700  7.747 0.0000000000
22471  -38.463  -72.740  6.978 0.0000000000
22489  -36.300  -72.821  4.797 0.0000000000
22517  -36.263  -72.503  3.602 0.0000000000
22545  -38.866  -72.603  0.978 0.0000000000
22626  -43.636  -72.191  -3.290 0.0000000000
22642  -41.323  -72.555  -5.131 0.0000000000
22643  -42.466  -72.654  -5.063 0.0000000000
22657  -42.124  -72.904  -5.489 0.0000000000
23557  -38.310  -71.042  11.049 0.0000000000
23659  -36.696  -72.032  3.267 0.0000000000
23685  -41.554  -71.530  0.709 0.0000000000
23755  -43.606  -71.993  -3.652 0.0000000000
24779  -36.618  -70.367  9.590 0.0000000000
24815  -36.241  -70.864  4.921 0.0000000000
