#!ascii label  , from subject 3108 vox2ras=TkReg
446
7896  -32.726  -73.946  -19.294 0.0000000000
15481  -33.611  -66.769  -25.634 0.0000000000
13200  -31.016  -68.719  -18.408 0.0000000000
11161  -33.467  -70.918  -22.770 0.0000000000
15444  -27.748  -65.899  -22.234 0.0000000000
12116  -36.352  -70.229  -16.872 0.0000000000
17675  -34.370  -64.697  -18.705 0.0000000000
20952  -31.196  -61.894  -14.345 0.0000000000
17673  -31.005  -64.938  -18.687 0.0000000000
14340  -29.134  -67.537  -19.707 0.0000000000
18855  -28.860  -63.853  -19.488 0.0000000000
15371  -35.549  -66.928  -18.055 0.0000000000
16427  -35.854  -65.320  -16.318 0.0000000000
24158  -30.545  -58.535  -16.603 0.0000000000
20987  -31.596  -61.114  -18.231 0.0000000000
6961  -32.727  -74.379  -21.945 0.0000000000
13307  -33.855  -68.428  -23.940 0.0000000000
11165  -36.551  -70.579  -22.947 0.0000000000
14422  -37.501  -67.728  -23.912 0.0000000000
10012  -31.517  -71.698  -18.966 0.0000000000
8951  -32.200  -72.527  -21.672 0.0000000000
13278  -30.169  -68.338  -23.126 0.0000000000
15470  -29.811  -66.770  -24.609 0.0000000000
12133  -33.572  -69.693  -17.564 0.0000000000
15387  -33.153  -66.747  -18.380 0.0000000000
17693  -33.495  -64.552  -19.498 0.0000000000
18787  -34.853  -63.664  -13.546 0.0000000000
18813  -32.747  -63.402  -16.504 0.0000000000
19926  -33.262  -63.122  -19.176 0.0000000000
19966  -34.044  -62.989  -21.694 0.0000000000
8975  -34.162  -72.486  -22.966 0.0000000000
21071  -29.739  -60.932  -26.798 0.0000000000
17778  -32.752  -64.169  -27.721 0.0000000000
17806  -37.017  -63.989  -28.017 0.0000000000
18858  -31.624  -63.899  -19.951 0.0000000000
18844  -29.686  -64.294  -18.822 0.0000000000
6930  -33.448  -74.272  -20.752 0.0000000000
14434  -33.346  -67.438  -25.190 0.0000000000
13309  -35.593  -68.202  -23.743 0.0000000000
14436  -35.617  -67.233  -24.851 0.0000000000
15471  -37.207  -67.053  -24.305 0.0000000000
15493  -35.019  -66.206  -26.140 0.0000000000
11115  -31.058  -70.358  -18.693 0.0000000000
12161  -30.184  -69.618  -19.583 0.0000000000
15415  -28.396  -66.461  -20.719 0.0000000000
14365  -29.052  -67.672  -21.843 0.0000000000
14381  -28.952  -67.335  -22.750 0.0000000000
14393  -30.052  -67.821  -23.637 0.0000000000
15468  -28.480  -66.170  -23.589 0.0000000000
11097  -33.908  -70.660  -17.424 0.0000000000
12134  -34.559  -69.742  -17.395 0.0000000000
17676  -35.250  -65.399  -18.162 0.0000000000
14330  -34.415  -66.945  -18.119 0.0000000000
16495  -34.395  -65.862  -18.776 0.0000000000
16493  -32.847  -65.288  -19.172 0.0000000000
17674  -33.964  -64.411  -19.201 0.0000000000
19860  -33.120  -63.117  -13.848 0.0000000000
18803  -33.628  -63.739  -14.691 0.0000000000
19891  -32.274  -62.860  -15.908 0.0000000000
22012  -32.612  -60.210  -19.575 0.0000000000
20988  -32.142  -61.498  -18.900 0.0000000000
20997  -32.961  -61.604  -19.914 0.0000000000
19939  -33.438  -62.835  -20.090 0.0000000000
10054  -32.178  -71.936  -22.155 0.0000000000
8953  -33.839  -72.659  -22.311 0.0000000000
10056  -34.244  -71.782  -22.553 0.0000000000
12239  -35.390  -70.748  -24.287 0.0000000000
23178  -30.199  -59.580  -26.848 0.0000000000
18951  -31.045  -63.317  -27.368 0.0000000000
18969  -34.174  -62.990  -28.474 0.0000000000
15385  -30.982  -66.723  -18.209 0.0000000000
14325  -29.743  -68.062  -18.960 0.0000000000
16470  -29.543  -65.574  -18.672 0.0000000000
16491  -28.536  -65.493  -19.467 0.0000000000
16508  -27.914  -65.266  -20.628 0.0000000000
13186  -36.305  -68.504  -17.480 0.0000000000
16452  -36.212  -65.659  -17.731 0.0000000000
17658  -35.187  -65.016  -17.627 0.0000000000
20964  -30.210  -61.304  -15.104 0.0000000000
20974  -30.994  -61.791  -16.378 0.0000000000
23013  -30.035  -59.657  -17.094 0.0000000000
23030  -32.032  -59.224  -19.010 0.0000000000
23047  -33.213  -59.268  -19.905 0.0000000000
12222  -33.214  -69.889  -23.275 0.0000000000
11162  -34.616  -71.017  -22.619 0.0000000000
12224  -35.476  -69.850  -23.102 0.0000000000
13284  -36.898  -68.870  -23.198 0.0000000000
13334  -36.569  -68.846  -24.823 0.0000000000
14438  -37.725  -67.636  -24.759 0.0000000000
15486  -38.457  -66.291  -25.447 0.0000000000
16569  -38.579  -65.641  -26.084 0.0000000000
8902  -31.597  -72.660  -19.275 0.0000000000
7908  -32.096  -73.336  -20.303 0.0000000000
10042  -30.666  -71.421  -20.972 0.0000000000
11159  -31.227  -70.504  -22.228 0.0000000000
12172  -29.683  -69.037  -20.437 0.0000000000
13243  -30.153  -69.135  -21.820 0.0000000000
12202  -31.531  -69.846  -22.650 0.0000000000
13305  -31.853  -68.400  -23.803 0.0000000000
14417  -31.972  -67.965  -24.466 0.0000000000
15479  -31.392  -66.510  -25.596 0.0000000000
10000  -32.404  -72.009  -17.931 0.0000000000
11095  -32.335  -70.402  -17.865 0.0000000000
12151  -32.076  -69.325  -17.899 0.0000000000
14311  -34.474  -67.739  -17.719 0.0000000000
14310  -33.488  -68.081  -17.600 0.0000000000
14327  -31.490  -67.735  -18.075 0.0000000000
16472  -31.835  -65.543  -18.583 0.0000000000
16492  -32.243  -65.029  -19.223 0.0000000000
17706  -32.763  -64.211  -20.374 0.0000000000
17616  -35.011  -64.683  -14.942 0.0000000000
18826  -33.991  -64.260  -16.420 0.0000000000
17642  -33.944  -64.186  -17.410 0.0000000000
19915  -31.797  -62.261  -17.438 0.0000000000
18834  -32.975  -63.162  -18.072 0.0000000000
18836  -34.079  -64.195  -18.603 0.0000000000
18846  -33.711  -63.991  -19.167 0.0000000000
18859  -33.429  -63.529  -20.325 0.0000000000
8935  -33.344  -73.269  -21.774 0.0000000000
7962  -33.634  -73.011  -22.657 0.0000000000
8977  -35.569  -71.852  -22.938 0.0000000000
10094  -34.252  -71.893  -24.075 0.0000000000
16563  -28.671  -65.164  -24.767 0.0000000000
16564  -29.411  -65.497  -25.309 0.0000000000
16566  -31.275  -65.779  -26.102 0.0000000000
17760  -31.388  -64.348  -27.113 0.0000000000
16576  -33.027  -65.602  -26.840 0.0000000000
16578  -35.360  -65.598  -26.659 0.0000000000
16592  -37.091  -65.102  -27.049 0.0000000000
18871  -32.032  -63.687  -20.732 0.0000000000
18870  -31.283  -63.391  -20.197 0.0000000000
6929  -33.127  -74.672  -20.407 0.0000000000
7909  -32.804  -73.976  -20.210 0.0000000000
14435  -34.480  -67.348  -25.027 0.0000000000
15482  -34.733  -66.752  -25.557 0.0000000000
12149  -30.683  -69.654  -18.795 0.0000000000
13199  -30.260  -68.778  -18.932 0.0000000000
15431  -28.260  -66.475  -21.562 0.0000000000
14364  -28.509  -67.043  -22.098 0.0000000000
15445  -28.205  -66.365  -22.530 0.0000000000
15460  -28.677  -66.719  -23.257 0.0000000000
15459  -28.332  -66.231  -23.151 0.0000000000
11079  -36.237  -70.723  -16.704 0.0000000000
11099  -35.691  -70.929  -16.825 0.0000000000
11098  -34.895  -70.776  -17.195 0.0000000000
12135  -35.718  -69.839  -17.072 0.0000000000
16475  -34.822  -65.572  -18.537 0.0000000000
17694  -34.225  -65.296  -18.974 0.0000000000
20934  -30.999  -61.527  -13.206 0.0000000000
20916  -31.705  -61.556  -12.418 0.0000000000
20935  -31.956  -62.080  -13.311 0.0000000000
20936  -32.946  -62.403  -13.140 0.0000000000
19859  -32.380  -62.517  -13.792 0.0000000000
19877  -31.940  -62.757  -14.644 0.0000000000
22013  -33.248  -60.020  -20.163 0.0000000000
22025  -33.144  -60.708  -20.175 0.0000000000
21011  -33.448  -61.149  -20.321 0.0000000000
22026  -33.703  -60.467  -20.597 0.0000000000
11160  -32.206  -70.946  -22.494 0.0000000000
10055  -33.213  -71.870  -22.388 0.0000000000
20042  -32.024  -62.467  -28.244 0.0000000000
17803  -33.935  -63.519  -28.287 0.0000000000
20059  -33.562  -62.190  -28.585 0.0000000000
16471  -30.524  -65.706  -18.482 0.0000000000
15384  -29.650  -66.822  -18.577 0.0000000000
17689  -29.238  -64.276  -19.080 0.0000000000
17670  -28.957  -64.922  -18.931 0.0000000000
17688  -28.815  -64.736  -19.206 0.0000000000
16509  -28.227  -65.714  -20.251 0.0000000000
17704  -28.189  -64.635  -20.028 0.0000000000
17644  -35.350  -65.020  -16.595 0.0000000000
21961  -29.510  -60.073  -14.279 0.0000000000
22986  -29.602  -59.558  -15.400 0.0000000000
21984  -29.788  -60.219  -16.356 0.0000000000
23046  -32.704  -58.910  -19.500 0.0000000000
6978  -32.204  -74.141  -22.741 0.0000000000
13281  -33.553  -69.040  -23.519 0.0000000000
12223  -34.338  -69.777  -23.282 0.0000000000
13282  -34.679  -68.974  -23.442 0.0000000000
14395  -36.078  -68.028  -23.663 0.0000000000
13283  -35.915  -68.733  -23.361 0.0000000000
14397  -37.176  -68.374  -23.466 0.0000000000
13311  -37.417  -68.594  -24.201 0.0000000000
13335  -37.316  -68.166  -25.222 0.0000000000
15484  -37.139  -66.483  -25.137 0.0000000000
15473  -38.277  -66.667  -24.812 0.0000000000
15485  -38.100  -66.176  -24.972 0.0000000000
16568  -38.302  -65.757  -25.684 0.0000000000
11148  -30.657  -70.734  -21.590 0.0000000000
13211  -29.617  -68.550  -19.721 0.0000000000
13226  -29.445  -68.381  -20.545 0.0000000000
13242  -29.688  -68.517  -21.523 0.0000000000
13262  -30.317  -68.842  -22.424 0.0000000000
13263  -30.854  -69.324  -22.651 0.0000000000
13279  -31.182  -68.827  -23.223 0.0000000000
14415  -29.833  -67.264  -24.145 0.0000000000
14416  -30.876  -67.865  -24.045 0.0000000000
14431  -30.383  -67.155  -24.608 0.0000000000
14432  -31.154  -67.290  -24.914 0.0000000000
15478  -30.243  -66.526  -25.217 0.0000000000
11096  -33.018  -70.506  -17.687 0.0000000000
12132  -32.663  -69.641  -17.730 0.0000000000
12131  -31.937  -69.974  -17.815 0.0000000000
14331  -36.084  -67.191  -18.058 0.0000000000
13185  -35.121  -68.684  -17.447 0.0000000000
14312  -35.569  -67.620  -17.714 0.0000000000
15388  -34.007  -66.445  -18.576 0.0000000000
14329  -33.693  -67.251  -18.012 0.0000000000
14328  -32.644  -67.730  -17.796 0.0000000000
15386  -32.173  -66.746  -18.289 0.0000000000
16473  -32.904  -66.020  -18.641 0.0000000000
17692  -32.558  -64.680  -19.682 0.0000000000
18804  -34.466  -64.118  -14.339 0.0000000000
18814  -33.352  -63.741  -15.826 0.0000000000
18815  -34.168  -64.242  -15.347 0.0000000000
18825  -33.410  -63.783  -16.966 0.0000000000
20980  -31.284  -61.417  -17.366 0.0000000000
19905  -31.624  -62.303  -16.637 0.0000000000
19925  -32.699  -62.469  -19.137 0.0000000000
19916  -32.421  -62.566  -18.076 0.0000000000
19917  -32.976  -63.032  -18.550 0.0000000000
18835  -33.654  -63.655  -18.148 0.0000000000
19952  -33.852  -62.683  -21.111 0.0000000000
18873  -33.457  -63.312  -21.315 0.0000000000
7923  -32.499  -73.401  -20.802 0.0000000000
7924  -33.481  -73.809  -21.039 0.0000000000
8934  -32.742  -73.165  -21.428 0.0000000000
8974  -33.554  -72.875  -23.166 0.0000000000
9000  -33.301  -72.517  -23.986 0.0000000000
11163  -35.516  -70.783  -22.590 0.0000000000
10058  -35.745  -71.391  -22.719 0.0000000000
10075  -35.878  -71.415  -23.153 0.0000000000
11211  -34.101  -70.924  -25.095 0.0000000000
11212  -34.827  -71.131  -24.440 0.0000000000
17736  -27.844  -64.961  -23.700 0.0000000000
17742  -28.023  -64.521  -24.357 0.0000000000
17748  -29.663  -64.544  -26.139 0.0000000000
16565  -30.454  -65.599  -25.875 0.0000000000
17749  -30.398  -64.982  -26.258 0.0000000000
17777  -31.926  -63.992  -27.495 0.0000000000
16588  -32.323  -64.828  -27.330 0.0000000000
16577  -34.188  -65.628  -26.804 0.0000000000
16589  -33.406  -64.998  -27.478 0.0000000000
17780  -35.148  -64.448  -27.838 0.0000000000
16591  -35.827  -65.089  -27.208 0.0000000000
17781  -36.407  -64.564  -27.694 0.0000000000
17691  -31.636  -64.560  -19.341 0.0000000000
17672  -30.138  -64.782  -18.638 0.0000000000
17690  -30.764  -64.378  -18.938 0.0000000000
18857  -30.747  -63.721  -19.460 0.0000000000
19936  -29.846  -63.164  -19.645 0.0000000000
24183  -32.008  -57.942  -17.141 0.0000000000
6962  -33.299  -74.234  -21.400 0.0000000000
14418  -33.048  -68.082  -24.671 0.0000000000
14419  -34.177  -67.925  -24.507 0.0000000000
14420  -35.370  -67.806  -24.231 0.0000000000
14421  -36.526  -67.488  -23.985 0.0000000000
14437  -36.523  -66.987  -24.686 0.0000000000
15483  -35.880  -66.669  -25.412 0.0000000000
15494  -36.179  -66.123  -25.990 0.0000000000
11128  -30.613  -70.645  -19.393 0.0000000000
12173  -29.900  -69.605  -20.309 0.0000000000
14339  -28.661  -67.126  -20.451 0.0000000000
14350  -29.100  -67.739  -20.898 0.0000000000
14349  -28.597  -67.128  -21.258 0.0000000000
13261  -29.597  -68.119  -22.489 0.0000000000
13277  -29.578  -67.826  -23.163 0.0000000000
14414  -29.430  -67.046  -23.986 0.0000000000
15469  -29.118  -66.587  -24.136 0.0000000000
16476  -35.681  -65.924  -18.255 0.0000000000
15370  -34.984  -67.050  -17.901 0.0000000000
15389  -34.913  -66.332  -18.277 0.0000000000
15404  -34.364  -66.153  -18.658 0.0000000000
16474  -33.475  -66.233  -18.676 0.0000000000
16494  -33.743  -65.736  -18.975 0.0000000000
20937  -33.556  -62.635  -13.142 0.0000000000
18786  -33.983  -63.680  -13.785 0.0000000000
19878  -32.800  -63.349  -15.091 0.0000000000
19892  -32.766  -63.378  -15.816 0.0000000000
22004  -31.816  -60.324  -18.679 0.0000000000
20981  -31.824  -61.780  -18.017 0.0000000000
19938  -33.166  -62.473  -19.699 0.0000000000
20998  -33.395  -62.185  -20.089 0.0000000000
21012  -33.893  -61.716  -20.615 0.0000000000
19953  -34.296  -62.105  -21.302 0.0000000000
8952  -33.014  -72.644  -21.949 0.0000000000
8954  -34.756  -72.219  -22.604 0.0000000000
11198  -35.811  -70.931  -23.654 0.0000000000
22117  -30.502  -60.396  -27.329 0.0000000000
21087  -30.891  -61.100  -27.672 0.0000000000
20040  -30.317  -62.387  -27.340 0.0000000000
20041  -31.189  -62.138  -27.867 0.0000000000
18952  -32.177  -63.231  -27.934 0.0000000000
18953  -32.971  -63.676  -27.976 0.0000000000
17779  -33.797  -64.157  -28.020 0.0000000000
17804  -34.654  -63.724  -28.282 0.0000000000
17805  -35.819  -63.971  -28.331 0.0000000000
14326  -30.398  -67.864  -18.294 0.0000000000
15402  -29.067  -66.737  -19.236 0.0000000000
15383  -28.928  -66.093  -18.984 0.0000000000
15401  -28.579  -66.496  -19.767 0.0000000000
16524  -28.063  -65.863  -21.024 0.0000000000
16523  -27.700  -65.310  -21.246 0.0000000000
16477  -36.566  -66.195  -18.135 0.0000000000
15390  -36.114  -66.635  -18.204 0.0000000000
20951  -30.173  -61.123  -13.937 0.0000000000
20965  -30.902  -61.866  -15.439 0.0000000000
20973  -30.388  -61.240  -16.119 0.0000000000
20979  -30.575  -61.177  -16.870 0.0000000000
21995  -30.600  -60.499  -17.366 0.0000000000
24181  -30.629  -59.020  -17.280 0.0000000000
23029  -31.558  -59.416  -18.170 0.0000000000
22003  -31.268  -60.404  -17.927 0.0000000000
23065  -33.666  -59.391  -20.465 0.0000000000
11179  -34.127  -70.439  -23.020 0.0000000000
11181  -35.433  -70.367  -22.815 0.0000000000
12205  -36.030  -70.265  -22.703 0.0000000000
12226  -36.902  -69.688  -23.227 0.0000000000
12258  -36.488  -69.341  -24.482 0.0000000000
14423  -38.061  -67.135  -24.524 0.0000000000
14439  -38.388  -67.081  -25.105 0.0000000000
14447  -38.392  -66.839  -25.805 0.0000000000
15496  -38.100  -66.956  -26.461 0.0000000000
15497  -38.539  -66.140  -26.347 0.0000000000
7885  -32.172  -73.310  -18.861 0.0000000000
7895  -32.045  -73.393  -19.682 0.0000000000
7922  -31.925  -73.053  -20.592 0.0000000000
8933  -31.832  -72.732  -21.040 0.0000000000
10027  -31.133  -72.069  -20.791 0.0000000000
10043  -31.357  -71.858  -21.539 0.0000000000
11149  -31.453  -71.224  -22.072 0.0000000000
13198  -29.893  -68.585  -19.249 0.0000000000
12160  -29.798  -69.177  -19.876 0.0000000000
12186  -29.681  -68.869  -20.945 0.0000000000
12201  -30.576  -69.736  -22.139 0.0000000000
12203  -32.497  -70.252  -22.922 0.0000000000
12221  -32.155  -69.569  -23.161 0.0000000000
13280  -32.458  -68.982  -23.444 0.0000000000
13306  -32.784  -68.471  -23.953 0.0000000000
14433  -32.223  -67.388  -25.151 0.0000000000
15480  -32.546  -66.709  -25.613 0.0000000000
8891  -32.551  -72.937  -18.150 0.0000000000
8890  -31.977  -72.371  -18.575 0.0000000000
9999  -32.042  -71.552  -18.435 0.0000000000
9983  -33.198  -71.578  -17.533 0.0000000000
11117  -32.455  -71.107  -18.002 0.0000000000
11116  -31.770  -70.700  -18.434 0.0000000000
12150  -31.460  -69.630  -18.287 0.0000000000
13201  -31.888  -68.642  -18.079 0.0000000000
13184  -34.066  -68.778  -17.464 0.0000000000
13183  -33.208  -68.865  -17.577 0.0000000000
13182  -32.557  -68.741  -17.741 0.0000000000
17705  -32.137  -64.282  -20.102 0.0000000000
17630  -34.840  -64.555  -16.007 0.0000000000
17643  -34.567  -64.621  -17.012 0.0000000000
17657  -34.333  -64.302  -17.955 0.0000000000
19890  -31.497  -62.350  -15.665 0.0000000000
19906  -32.036  -63.042  -17.053 0.0000000000
18824  -32.856  -63.306  -17.475 0.0000000000
18847  -34.088  -64.305  -18.846 0.0000000000
17707  -33.201  -63.872  -20.561 0.0000000000
18872  -32.864  -63.705  -21.102 0.0000000000
7910  -33.271  -74.163  -20.613 0.0000000000
7943  -33.380  -73.607  -22.029 0.0000000000
7942  -32.835  -73.871  -22.437 0.0000000000
7961  -32.946  -73.411  -23.159 0.0000000000
10057  -35.104  -71.580  -22.519 0.0000000000
8976  -35.135  -72.220  -23.096 0.0000000000
10096  -35.660  -71.387  -23.476 0.0000000000
9002  -34.980  -72.072  -23.386 0.0000000000
9001  -34.534  -72.167  -23.496 0.0000000000
19937  -30.613  -63.091  -20.094 0.0000000000
18869  -28.292  -63.532  -20.077 0.0000000000
17703  -27.709  -64.732  -20.768 0.0000000000
17715  -27.508  -64.596  -21.424 0.0000000000
16549  -27.657  -65.175  -22.604 0.0000000000
16550  -28.011  -65.619  -23.175 0.0000000000
16557  -28.403  -65.579  -24.094 0.0000000000
16558  -28.998  -65.834  -24.658 0.0000000000
15490  -31.948  -66.097  -26.010 0.0000000000
18950  -30.371  -63.001  -27.231 0.0000000000
18933  -30.194  -63.481  -26.964 0.0000000000
17759  -30.640  -64.481  -26.609 0.0000000000
16575  -31.749  -65.371  -26.621 0.0000000000
15491  -32.760  -66.252  -26.279 0.0000000000
15492  -33.868  -66.302  -26.303 0.0000000000
16579  -36.526  -65.534  -26.468 0.0000000000
16580  -37.736  -65.460  -26.199 0.0000000000
6943  -33.444  -74.418  -20.972 0.0000000000
8955  -35.335  -71.943  -22.724 0.0000000000
10059  -36.250  -71.082  -22.874 0.0000000000
10074  -35.496  -71.873  -23.174 0.0000000000
10076  -36.397  -70.984  -23.073 0.0000000000
10093  -33.747  -71.894  -24.452 0.0000000000
10095  -35.163  -71.664  -23.649 0.0000000000
10114  -34.130  -71.504  -24.582 0.0000000000
10115  -34.598  -71.565  -24.214 0.0000000000
11164  -36.175  -70.748  -22.712 0.0000000000
11180  -34.946  -70.411  -22.941 0.0000000000
11182  -36.215  -70.993  -23.263 0.0000000000
11197  -35.352  -71.187  -24.084 0.0000000000
12115  -35.988  -70.412  -16.807 0.0000000000
12204  -35.669  -70.341  -22.752 0.0000000000
12206  -36.516  -70.208  -22.824 0.0000000000
13212  -29.976  -68.927  -19.479 0.0000000000
13308  -34.948  -68.363  -23.890 0.0000000000
13310  -37.138  -69.090  -24.240 0.0000000000
14309  -32.952  -68.325  -17.585 0.0000000000
14380  -28.530  -66.920  -22.564 0.0000000000
14392  -29.339  -67.269  -23.621 0.0000000000
14396  -36.798  -68.159  -23.444 0.0000000000
15403  -34.157  -66.065  -18.843 0.0000000000
15430  -27.792  -65.959  -21.751 0.0000000000
15446  -28.561  -66.855  -22.804 0.0000000000
15472  -37.845  -66.850  -24.514 0.0000000000
15477  -29.473  -66.288  -24.850 0.0000000000
16469  -28.932  -65.265  -18.922 0.0000000000
16536  -27.604  -65.332  -22.005 0.0000000000
16537  -27.804  -65.700  -22.539 0.0000000000
16567  -37.738  -65.854  -25.434 0.0000000000
16574  -30.891  -65.257  -26.314 0.0000000000
17656  -34.003  -64.040  -17.866 0.0000000000
17671  -29.285  -64.814  -18.827 0.0000000000
17758  -29.933  -64.052  -26.655 0.0000000000
18845  -30.220  -64.079  -18.846 0.0000000000
18856  -29.669  -63.754  -19.165 0.0000000000
18934  -30.808  -63.918  -27.021 0.0000000000
18967  -32.491  -62.762  -28.234 0.0000000000
19876  -31.337  -62.286  -15.004 0.0000000000
20057  -31.847  -61.861  -28.294 0.0000000000
20953  -31.915  -62.249  -14.044 0.0000000000
21086  -30.205  -61.337  -27.232 0.0000000000
21962  -29.674  -60.331  -13.942 0.0000000000
21971  -29.487  -59.943  -14.507 0.0000000000
21972  -29.590  -60.382  -14.753 0.0000000000
21985  -29.869  -60.363  -15.991 0.0000000000
21993  -29.822  -60.280  -16.594 0.0000000000
21994  -30.028  -60.537  -16.783 0.0000000000
22973  -29.482  -59.650  -14.203 0.0000000000
22974  -29.499  -59.951  -13.951 0.0000000000
22985  -29.497  -59.617  -14.743 0.0000000000
22998  -29.741  -60.009  -16.564 0.0000000000
22999  -29.967  -59.389  -16.189 0.0000000000
23012  -29.774  -60.139  -16.835 0.0000000000
23014  -30.923  -59.583  -17.565 0.0000000000
24233  -33.683  -58.688  -20.127 0.0000000000
