#!ascii label  , from subject 3108 vox2ras=TkReg
764
87039  14.400  0.105  -28.893 0.2500000000
87058  15.518  -0.270  -30.103 0.2500000000
89115  13.557  2.571  -29.186 0.2500000000
89114  14.053  2.303  -29.682 0.1250000000
89126  13.881  2.721  -29.695 0.3750000000
88098  14.044  1.754  -29.372 0.2500000000
87040  14.247  1.023  -29.059 0.2500000000
87072  16.028  0.261  -30.696 0.7500000000
87059  14.983  0.721  -29.832 0.3750000000
86044  16.601  -0.696  -30.773 0.8750000000
86057  17.159  -0.664  -31.150 0.8750000000
88097  14.469  1.756  -29.893 0.3750000000
88108  15.098  1.761  -30.584 0.8750000000
87073  15.492  1.010  -30.444 0.7500000000
88119  17.615  0.892  -32.043 1.0000000000
87086  16.226  1.001  -31.316 1.0000000000
88107  15.730  1.182  -30.852 0.8750000000
87071  16.715  -0.186  -31.001 1.0000000000
86056  17.863  -0.676  -31.583 1.0000000000
90209  13.643  3.301  -29.628 0.2500000000
89125  14.318  2.714  -30.200 0.7500000000
88122  15.316  2.244  -31.058 0.8750000000
88121  15.842  1.860  -31.273 0.8750000000
88120  16.812  1.575  -31.937 1.0000000000
87101  19.353  0.433  -32.181 1.0000000000
87102  18.360  0.915  -32.234 1.0000000000
87084  18.223  0.100  -32.041 1.0000000000
90202  13.197  3.251  -28.948 0.1250000000
89135  15.537  2.735  -31.375 1.0000000000
89136  14.993  2.725  -30.853 0.8750000000
89134  16.228  2.558  -31.876 1.0000000000
88136  18.963  1.576  -32.252 1.0000000000
88137  17.872  1.714  -32.142 1.0000000000
89153  16.932  2.534  -32.285 1.0000000000
88134  21.325  1.503  -32.677 1.0000000000
94537  12.595  7.147  -29.137 0.2500000000
91337  13.277  3.851  -29.233 0.2500000000
91336  13.520  4.360  -29.762 0.3750000000
90208  14.152  3.876  -30.197 0.5000000000
91350  14.697  4.489  -30.764 1.0000000000
90219  15.272  3.588  -31.059 1.0000000000
90233  16.599  3.202  -32.191 1.0000000000
90218  16.017  3.601  -31.669 1.0000000000
89150  19.646  2.464  -32.307 1.0000000000
89151  18.577  2.481  -31.997 1.0000000000
90232  17.291  3.320  -32.174 1.0000000000
88135  20.117  1.478  -32.487 1.0000000000
89149  20.831  2.444  -32.407 1.0000000000
94536  13.054  7.048  -29.575 0.5000000000
93471  13.058  6.364  -29.354 0.3750000000
92404  13.324  5.489  -29.787 0.3750000000
92403  13.857  5.958  -30.311 0.5000000000
92417  14.894  5.503  -31.177 0.8750000000
91349  15.455  4.563  -31.391 1.0000000000
92416  15.717  5.556  -31.538 1.0000000000
91363  17.650  4.246  -31.874 1.0000000000
91348  16.266  4.659  -31.739 1.0000000000
91361  19.806  4.255  -31.640 1.0000000000
91362  18.707  4.228  -31.733 1.0000000000
91360  20.914  4.385  -31.898 1.0000000000
90229  20.355  3.365  -31.987 1.0000000000
90246  22.268  3.211  -32.903 0.8750000000
94547  12.847  7.571  -29.546 0.5000000000
93481  13.452  6.544  -29.867 0.5000000000
93480  13.696  6.795  -30.365 0.6250000000
93497  15.169  6.489  -31.164 0.6250000000
92415  16.721  5.573  -31.663 1.0000000000
93511  19.618  6.064  -31.510 1.0000000000
92429  18.211  5.084  -31.730 1.0000000000
92430  17.440  5.090  -31.775 1.0000000000
92427  20.313  5.241  -31.529 1.0000000000
92426  21.300  5.452  -32.033 0.8750000000
90227  22.242  4.016  -33.020 0.8750000000
94545  13.821  7.507  -30.496 0.5000000000
94561  14.613  7.440  -30.828 0.8750000000
94558  17.261  7.615  -31.347 1.0000000000
93495  16.990  6.628  -31.410 1.0000000000
93494  17.957  6.761  -31.437 1.0000000000
92414  17.655  5.848  -31.648 1.0000000000
94555  20.379  7.873  -31.610 1.0000000000
93492  19.963  6.993  -31.516 1.0000000000
93509  21.477  6.614  -32.435 1.0000000000
95669  14.108  8.374  -30.484 0.5000000000
95685  14.863  8.335  -30.785 1.0000000000
95682  17.554  8.532  -31.100 1.0000000000
94559  16.308  7.536  -31.327 1.0000000000
96767  20.132  9.517  -31.659 1.0000000000
95680  19.740  8.701  -31.503 1.0000000000
95679  20.889  8.739  -31.936 1.0000000000
94556  19.314  7.796  -31.431 1.0000000000
94554  21.227  7.729  -32.172 1.0000000000
99848  15.200  12.159  -30.429 1.0000000000
99850  13.807  12.229  -29.529 0.3750000000
97832  17.125  10.432  -30.472 1.0000000000
96768  19.047  9.524  -31.181 1.0000000000
101754  15.736  13.870  -29.990 0.8750000000
100845  16.433  13.429  -30.494 1.0000000000
99847  16.119  12.338  -30.723 1.0000000000
99858  16.003  11.762  -30.919 1.0000000000
99846  16.994  12.805  -30.565 1.0000000000
97830  19.655  10.490  -31.109 1.0000000000
97829  20.397  10.248  -32.279 1.0000000000
102702  15.302  14.180  -29.770 0.7500000000
98872  17.679  12.295  -30.318 1.0000000000
98883  20.075  11.529  -31.808 1.0000000000
98884  18.704  11.787  -30.807 1.0000000000
100844  17.313  13.517  -30.688 1.0000000000
99845  17.805  12.978  -30.516 1.0000000000
99856  19.287  12.681  -31.527 1.0000000000
105579  15.692  19.059  -29.797 0.1250000000
106599  16.008  19.312  -29.648 0.1250000000
105601  16.435  18.857  -31.197 0.2500000000
106616  16.244  19.466  -30.771 0.1250000000
107623  16.359  20.211  -31.198 0.2500000000
105615  16.589  19.004  -32.138 0.5000000000
106630  16.357  19.613  -31.654 0.2500000000
106642  16.399  19.709  -32.592 0.3750000000
108543  16.450  20.666  -31.082 0.2500000000
107634  16.326  20.420  -32.122 0.2500000000
108557  16.430  21.101  -31.646 0.2500000000
108571  16.656  21.182  -33.031 0.2500000000
107645  16.632  20.558  -32.965 0.3750000000
107654  16.614  20.509  -33.989 0.3750000000
108587  16.387  21.268  -33.755 0.2500000000
87060  14.376  1.295  -29.597 0.2500000000
88081  13.744  1.618  -28.639 0.1250000000
87100  20.732  0.476  -32.354 1.0000000000
94560  15.435  7.463  -31.141 0.8750000000
94557  18.270  7.692  -31.272 1.0000000000
86016  14.319  -0.811  -28.647 0.1250000000
86045  16.016  -0.789  -30.448 0.6250000000
84980  17.244  -1.846  -30.857 0.7500000000
84994  17.660  -1.534  -31.251 1.0000000000
87016  13.772  0.502  -28.211 0.1250000000
86055  18.832  -0.684  -31.688 1.0000000000
86074  20.249  -0.575  -32.101 1.0000000000
92396  12.847  5.584  -29.195 0.2500000000
89148  21.882  2.487  -32.725 0.8750000000
91358  22.279  4.804  -33.121 0.8750000000
92425  22.061  5.609  -32.941 0.8750000000
99838  13.436  12.309  -29.103 0.1250000000
98864  13.554  11.450  -29.526 0.1250000000
95670  13.344  8.437  -30.001 0.3750000000
96772  14.905  9.276  -30.773 0.6250000000
95678  21.477  8.306  -32.694 1.0000000000
93508  22.261  6.612  -33.282 0.8750000000
100847  14.855  12.822  -29.634 0.5000000000
100846  15.590  13.044  -30.130 0.8750000000
98876  14.013  11.611  -29.964 0.3750000000
97821  15.154  10.752  -30.299 0.8750000000
97841  20.911  10.270  -33.278 1.0000000000
97842  20.533  10.973  -32.692 1.0000000000
101774  16.791  14.667  -30.371 0.8750000000
101772  18.534  14.556  -30.999 1.0000000000
100856  18.882  13.518  -31.112 1.0000000000
105589  15.811  18.221  -29.669 0.1250000000
104619  17.259  17.715  -31.440 0.6250000000
105600  16.894  18.499  -31.665 0.6250000000
105630  16.592  18.967  -33.336 0.5000000000
107606  16.301  19.937  -30.545 0.2500000000
108542  16.715  21.041  -30.850 0.2500000000
106652  16.516  19.840  -33.445 0.5000000000
106659  16.448  19.587  -34.379 0.5000000000
109410  16.628  22.083  -31.561 0.1250000000
108572  16.072  21.467  -32.813 0.2500000000
108588  15.557  22.062  -33.942 0.2500000000
108592  16.141  20.934  -34.481 0.3750000000
108593  15.699  21.613  -35.052 0.2500000000
109422  16.337  21.833  -32.228 0.1250000000
86033  14.954  -0.651  -29.495 0.1250000000
86032  15.620  -0.943  -29.976 0.5000000000
84995  17.067  -1.258  -30.883 0.7500000000
87085  17.063  0.291  -31.473 1.0000000000
87083  18.916  -0.146  -32.029 1.0000000000
90220  14.684  3.465  -30.615 0.8750000000
89152  17.670  2.572  -32.094 1.0000000000
92405  12.849  4.707  -29.336 0.3750000000
91335  13.883  4.927  -30.375 0.5000000000
90217  16.803  3.952  -31.940 1.0000000000
90231  18.164  3.342  -31.831 1.0000000000
90230  19.212  3.330  -31.824 1.0000000000
90228  21.550  3.483  -32.374 1.0000000000
92418  14.356  5.474  -30.668 0.6250000000
93498  14.335  6.458  -30.749 0.6250000000
93496  16.048  6.534  -31.386 1.0000000000
91347  16.971  4.708  -31.855 1.0000000000
91359  21.734  4.625  -32.581 0.8750000000
93510  20.608  6.242  -31.760 1.0000000000
92428  19.213  5.129  -31.555 1.0000000000
92413  18.605  5.961  -31.604 1.0000000000
93493  18.959  6.863  -31.335 1.0000000000
93491  20.797  7.102  -31.794 1.0000000000
95684  15.627  8.425  -31.095 1.0000000000
95683  16.537  8.491  -31.160 1.0000000000
96770  16.773  9.394  -30.603 1.0000000000
96769  17.923  9.441  -30.739 1.0000000000
96766  20.731  9.384  -32.542 1.0000000000
95681  18.621  8.617  -31.261 1.0000000000
99849  14.433  12.167  -29.860 0.7500000000
98874  15.460  11.260  -30.450 1.0000000000
98875  14.735  11.409  -30.107 0.7500000000
96771  15.777  9.368  -30.860 1.0000000000
97831  18.356  10.487  -30.657 1.0000000000
97833  15.889  10.568  -30.722 1.0000000000
101752  16.972  14.120  -30.625 0.8750000000
98886  16.429  11.442  -30.627 1.0000000000
98873  16.898  12.086  -30.394 1.0000000000
98885  17.518  11.415  -30.345 1.0000000000
100843  18.173  13.607  -30.741 1.0000000000
99857  18.503  12.840  -30.890 1.0000000000
101751  17.695  14.100  -30.712 1.0000000000
105578  15.802  18.549  -29.238 0.1250000000
105590  15.819  18.725  -30.251 0.1250000000
104604  16.354  18.251  -30.912 0.5000000000
84953  14.084  -1.653  -28.334 0.1250000000
84968  14.606  -1.650  -29.075 0.1250000000
84982  16.006  -1.390  -30.153 0.6250000000
84981  16.595  -1.630  -30.544 0.7500000000
84993  18.495  -1.498  -31.487 1.0000000000
97813  13.343  10.447  -29.479 0.5000000000
96759  13.780  9.450  -30.154 0.6250000000
96773  14.287  9.687  -30.567 0.7500000000
97822  14.142  10.577  -30.292 0.7500000000
97834  15.037  10.077  -30.627 1.0000000000
97820  15.514  10.849  -30.467 1.0000000000
101773  17.434  14.683  -30.569 1.0000000000
100855  19.274  13.742  -32.043 1.0000000000
104603  16.338  17.789  -30.152 0.3750000000
104620  16.639  18.299  -31.331 0.5000000000
105614  17.256  18.351  -32.471 0.7500000000
107656  16.046  20.434  -35.141 0.3750000000
80639  20.084  -5.569  -31.259 0.7500000000
79600  21.663  -6.151  -31.568 0.7500000000
80624  18.422  -5.433  -30.487 0.7500000000
80641  18.519  -4.588  -30.867 0.7500000000
80638  21.238  -5.327  -31.695 0.7500000000
81802  19.742  -4.509  -31.582 0.7500000000
80655  21.296  -4.584  -32.078 0.7500000000
81801  20.586  -4.647  -31.838 0.7500000000
83967  17.184  -2.463  -30.613 0.7500000000
81818  19.572  -3.778  -31.711 0.7500000000
82942  19.113  -3.067  -31.537 0.8750000000
82943  18.257  -3.202  -31.113 0.8750000000
81815  21.870  -4.085  -32.233 0.7500000000
81816  20.926  -3.996  -32.284 0.7500000000
82957  20.444  -3.269  -32.193 0.7500000000
83978  19.047  -2.202  -31.473 0.8750000000
82955  22.169  -3.172  -31.914 0.7500000000
83997  20.801  -2.437  -31.905 0.7500000000
84992  19.355  -1.564  -31.590 0.8750000000
85008  22.040  -1.438  -32.210 0.7500000000
85009  21.089  -1.495  -32.036 0.8750000000
86072  22.372  -0.500  -32.615 0.8750000000
86073  21.403  -0.514  -32.357 0.8750000000
87099  21.878  0.516  -32.620 0.8750000000
88131  23.963  1.361  -32.924 0.3750000000
88132  23.311  1.348  -32.897 0.6250000000
88133  22.540  1.705  -32.778 0.7500000000
89146  24.298  2.233  -32.673 0.5000000000
88146  23.637  2.002  -32.774 0.5000000000
89164  23.642  2.619  -33.215 0.7500000000
88148  22.933  2.377  -32.900 0.7500000000
90216  24.758  2.914  -32.188 0.1250000000
90226  24.498  3.114  -33.030 0.3750000000
90243  24.010  3.113  -33.349 0.6250000000
89165  23.093  2.685  -33.423 0.6250000000
90245  22.818  3.488  -33.439 0.6250000000
91346  24.852  4.024  -31.611 0.1250000000
91357  24.626  3.976  -32.576 0.1250000000
92424  24.322  4.972  -32.968 0.1250000000
92439  23.230  5.241  -33.748 0.6250000000
92440  22.573  5.219  -33.447 0.7500000000
92412  24.732  5.041  -32.053 0.1250000000
93506  24.939  5.881  -33.022 0.1250000000
94578  23.897  6.417  -33.446 0.1250000000
93520  23.391  6.089  -33.630 0.5000000000
93521  22.709  5.901  -33.539 0.6250000000
92411  25.256  5.232  -31.371 0.1250000000
94568  23.278  7.131  -33.699 0.5000000000
94569  22.463  7.396  -33.632 0.6250000000
102701  15.608  14.539  -29.831 0.6250000000
102700  16.218  15.174  -30.026 0.5000000000
102720  16.982  15.044  -30.360 0.7500000000
95693  22.455  8.256  -33.776 0.6250000000
95694  21.738  8.398  -33.680 0.6250000000
95695  21.187  8.844  -32.900 0.8750000000
95701  22.465  8.971  -34.492 0.5000000000
95702  21.805  8.715  -34.618 0.6250000000
96779  21.335  8.982  -34.374 0.7500000000
102719  17.359  15.580  -30.545 0.7500000000
96780  21.166  9.322  -33.447 0.8750000000
98895  20.611  11.711  -32.694 0.8750000000
96788  21.038  9.661  -34.254 0.7500000000
97848  20.745  10.499  -34.161 0.8750000000
98894  20.579  11.213  -33.513 0.8750000000
99876  20.443  11.905  -34.034 0.8750000000
99867  20.772  12.125  -33.291 0.8750000000
96786  22.686  9.406  -34.234 0.3750000000
95709  22.166  9.422  -35.025 0.5000000000
96797  21.151  10.067  -34.730 0.6250000000
97853  23.067  10.368  -33.924 0.2500000000
96795  22.477  9.879  -34.619 0.3750000000
96796  21.673  9.997  -35.164 0.5000000000
102699  16.316  16.132  -29.806 0.6250000000
103665  17.703  16.490  -31.338 0.7500000000
102718  18.189  15.543  -31.666 0.8750000000
100863  19.954  13.735  -33.201 0.7500000000
99877  20.215  12.713  -33.730 0.8750000000
97856  20.860  10.784  -34.680 0.6250000000
98901  20.511  11.258  -34.298 0.7500000000
97855  22.163  10.895  -35.151 0.3750000000
98908  20.484  12.185  -35.034 0.7500000000
97854  22.652  10.752  -34.340 0.2500000000
103666  16.891  16.796  -30.429 0.6250000000
101788  18.885  15.015  -31.891 0.8750000000
101787  19.425  14.720  -32.651 0.8750000000
103678  18.944  16.131  -33.090 0.7500000000
100877  19.603  13.362  -34.397 0.7500000000
98907  20.657  11.600  -34.761 0.5000000000
99875  21.556  12.753  -34.256 0.2500000000
99885  21.686  12.295  -35.004 0.5000000000
98914  21.619  11.622  -35.229 0.5000000000
98900  22.510  11.599  -33.931 0.2500000000
104618  17.854  16.958  -31.918 0.6250000000
103679  18.191  16.287  -32.438 0.7500000000
103691  18.321  16.398  -33.784 0.7500000000
102746  18.800  15.389  -33.924 0.7500000000
103690  18.924  15.907  -33.554 0.7500000000
101806  19.100  14.958  -34.427 0.7500000000
101819  19.402  14.217  -34.997 0.7500000000
100901  19.705  13.492  -35.680 0.5000000000
100888  21.176  13.159  -34.930 0.2500000000
100900  20.500  13.451  -35.511 0.3750000000
104637  17.630  17.828  -32.323 0.6250000000
104636  17.812  17.196  -32.638 0.7500000000
103692  17.759  16.893  -34.121 0.7500000000
103709  17.893  16.893  -34.784 0.7500000000
102747  18.765  15.606  -34.547 0.7500000000
101820  19.222  15.167  -34.855 0.6250000000
101831  19.800  14.535  -35.372 0.3750000000
102762  19.422  15.237  -35.282 0.3750000000
100875  21.250  13.697  -34.087 0.1250000000
101818  20.673  14.748  -34.495 0.1250000000
101830  20.363  14.626  -35.144 0.2500000000
105613  17.691  17.794  -32.896 0.6250000000
104651  17.547  17.328  -34.426 0.7500000000
103708  18.400  16.297  -35.081 0.7500000000
102763  18.838  15.610  -35.308 0.3750000000
102774  19.951  15.458  -35.349 0.2500000000
103677  20.354  16.440  -32.966 0.1250000000
102745  20.592  15.496  -33.687 0.1250000000
101804  21.061  14.596  -33.885 0.1250000000
105629  17.385  18.017  -33.729 0.6250000000
104664  17.259  17.163  -35.278 0.3750000000
103723  17.533  16.659  -35.929 0.3750000000
104686  18.983  16.853  -36.327 0.2500000000
102776  18.917  15.650  -35.900 0.3750000000
103722  18.407  16.133  -35.954 0.3750000000
103706  19.776  16.539  -34.731 0.1250000000
103721  19.620  16.261  -35.451 0.3750000000
102775  19.253  15.643  -35.657 0.3750000000
103676  21.035  16.528  -32.412 0.1250000000
103720  20.101  16.035  -35.219 0.1250000000
106667  16.383  19.289  -35.696 0.3750000000
105637  17.280  17.840  -35.069 0.3750000000
104677  16.432  16.978  -36.633 0.3750000000
105647  16.884  17.427  -35.574 0.3750000000
103757  17.647  16.823  -38.002 0.3750000000
103738  16.896  16.472  -36.963 0.3750000000
103724  16.819  16.727  -36.367 0.3750000000
104687  18.422  17.232  -36.919 0.3750000000
103736  18.642  16.262  -36.407 0.3750000000
103737  17.824  16.370  -36.782 0.3750000000
105635  19.629  18.346  -34.308 0.1250000000
103707  19.516  16.808  -35.170 0.1250000000
104674  19.402  17.172  -35.694 0.2500000000
104648  20.202  17.376  -33.223 0.1250000000
106672  16.323  18.849  -37.234 0.2500000000
105664  16.446  17.641  -37.913 0.2500000000
105656  16.539  17.750  -37.244 0.3750000000
105648  16.521  17.912  -35.997 0.3750000000
105654  17.974  18.200  -37.500 0.1250000000
103758  17.144  16.858  -38.116 0.3750000000
104688  16.467  17.023  -37.458 0.3750000000
104696  17.928  17.335  -37.972 0.2500000000
106665  18.785  19.053  -35.269 0.1250000000
104675  18.847  17.460  -36.192 0.1250000000
105655  17.380  18.461  -38.107 0.1250000000
106671  16.738  18.810  -38.279 0.1250000000
106670  17.492  19.025  -37.740 0.1250000000
107668  17.094  19.659  -38.185 0.1250000000
107659  19.171  19.923  -35.372 0.1250000000
107667  17.791  20.063  -37.072 0.1250000000
107676  16.052  20.488  -38.966 0.1250000000
108602  17.987  20.488  -37.617 0.1250000000
107675  16.762  20.323  -38.526 0.1250000000
108600  19.358  21.216  -36.767 0.1250000000
107665  20.178  20.533  -35.943 0.1250000000
85010  20.185  -1.591  -31.819 0.8750000000
87098  22.802  0.471  -32.892 0.6250000000
97863  21.051  10.988  -35.050 0.5000000000
98905  22.340  11.509  -34.712 0.3750000000
102732  19.315  15.495  -33.313 0.7500000000
101805  19.297  14.510  -33.896 0.7500000000
99896  20.692  12.543  -35.259 0.5000000000
99897  20.107  12.685  -35.500 0.5000000000
100899  21.042  12.727  -35.175 0.5000000000
105663  17.072  18.185  -38.330 0.2500000000
107674  17.536  20.320  -38.078 0.1250000000
107666  18.764  20.575  -36.203 0.1250000000
91374  23.376  4.270  -33.504 0.5000000000
95692  23.408  8.464  -33.225 0.3750000000
96785  23.128  9.670  -33.858 0.2500000000
99887  20.155  12.411  -34.732 0.7500000000
105646  18.481  18.176  -36.337 0.1250000000
97846  23.275  10.329  -33.297 0.1250000000
79583  20.183  -6.585  -30.769 0.7500000000
79584  19.392  -6.665  -30.500 0.7500000000
78588  21.800  -6.954  -31.514 0.7500000000
79599  22.445  -6.251  -31.572 0.7500000000
82930  17.243  -3.396  -30.348 0.6250000000
81804  18.294  -3.963  -30.880 0.7500000000
81800  22.152  -4.658  -32.175 0.6250000000
81814  22.439  -3.688  -32.059 0.7500000000
82954  22.907  -3.174  -32.209 0.6250000000
83995  22.475  -2.338  -32.329 0.6250000000
86071  23.133  -0.545  -32.945 0.5000000000
87096  24.021  0.364  -32.582 0.3750000000
87097  23.531  0.385  -32.904 0.5000000000
88130  24.289  1.259  -32.378 0.1250000000
91334  24.752  3.854  -30.664 0.1250000000
92402  25.368  5.191  -30.685 0.1250000000
93488  25.480  5.650  -31.154 0.1250000000
93490  25.198  6.891  -31.266 0.1250000000
94552  24.705  7.233  -31.618 0.1250000000
94567  24.152  6.848  -32.766 0.1250000000
95700  22.798  9.143  -33.895 0.2500000000
98893  22.771  11.711  -32.988 0.1250000000
97847  22.868  10.921  -33.569 0.2500000000
100861  21.962  12.966  -32.675 0.1250000000
101803  21.372  14.277  -33.359 0.1250000000
102744  21.098  14.986  -33.084 0.1250000000
102730  21.404  15.478  -32.248 0.1250000000
104634  20.719  17.340  -32.715 0.1250000000
105626  20.412  18.511  -33.456 0.1250000000
106651  21.073  19.563  -33.795 0.1250000000
107605  16.725  20.187  -30.015 0.1250000000
107661  16.274  20.379  -36.719 0.2500000000
108603  15.676  20.631  -37.889 0.1250000000
108604  15.480  21.577  -37.533 0.1250000000
107681  17.380  20.815  -38.415 0.1250000000
107683  16.210  21.025  -39.244 0.1250000000
108601  18.494  20.811  -37.232 0.1250000000
108608  18.972  21.541  -37.709 0.1250000000
94570  21.917  7.550  -32.948 0.7500000000
101755  14.970  13.743  -29.656 0.3750000000
99868  20.290  12.706  -32.509 0.8750000000
83980  17.750  -2.373  -30.940 0.7500000000
83979  18.371  -2.318  -31.303 0.8750000000
86054  19.603  -0.947  -31.825 0.8750000000
91375  22.762  4.512  -33.423 0.6250000000
97828  20.959  9.804  -32.806 0.8750000000
101771  19.094  14.515  -31.852 0.8750000000
107657  16.049  21.137  -35.931 0.1250000000
80640  19.090  -5.059  -31.171 0.7500000000
80623  19.184  -5.931  -30.787 0.7500000000
80622  19.742  -6.153  -30.754 0.7500000000
79601  20.899  -6.322  -31.372 0.7500000000
80637  22.147  -5.303  -31.922 0.7500000000
81785  17.850  -4.392  -30.433 0.7500000000
81803  18.960  -4.026  -31.257 0.7500000000
81817  20.124  -3.959  -32.126 0.7500000000
82944  17.657  -2.999  -30.754 0.7500000000
83968  16.595  -2.598  -30.252 0.6250000000
82958  19.790  -3.339  -31.991 0.8750000000
82956  21.329  -3.245  -32.143 0.7500000000
83998  19.846  -2.515  -31.738 0.8750000000
83996  21.730  -2.363  -31.789 0.7500000000
85007  22.775  -1.461  -32.752 0.6250000000
88147  23.239  2.200  -32.822 0.7500000000
89163  24.110  2.674  -33.101 0.5000000000
89133  24.592  1.951  -32.139 0.1250000000
91373  24.004  3.970  -33.173 0.3750000000
90244  23.499  3.318  -33.567 0.6250000000
91345  24.934  4.745  -31.473 0.1250000000
91333  25.036  4.592  -30.975 0.1250000000
92438  23.853  5.046  -33.624 0.5000000000
93519  24.113  5.731  -33.486 0.1250000000
93532  23.675  5.568  -33.701 0.5000000000
93489  25.200  6.195  -31.718 0.1250000000
94577  24.362  6.229  -33.260 0.1250000000
93507  22.838  6.621  -33.734 0.6250000000
96787  21.276  9.231  -35.023 0.6250000000
99886  20.484  11.808  -34.451 0.7500000000
96804  21.338  10.561  -35.160 0.5000000000
99884  22.152  11.943  -34.917 0.3750000000
100890  19.458  13.040  -35.330 0.6250000000
98915  20.952  11.783  -35.181 0.5000000000
99866  21.511  13.066  -33.658 0.1250000000
99865  22.062  12.526  -33.422 0.1250000000
99874  22.112  12.127  -34.432 0.2500000000
104649  17.739  17.289  -33.084 0.7500000000
100889  21.000  14.046  -35.006 0.3750000000
100876  20.970  14.251  -34.404 0.1250000000
102761  20.391  15.685  -34.778 0.1250000000
102785  19.049  15.863  -36.208 0.3750000000
103689  20.056  16.453  -33.840 0.1250000000
105638  16.806  18.656  -34.722 0.3750000000
103735  19.219  16.302  -36.054 0.2500000000
104662  19.841  17.444  -33.995 0.1250000000
104663  19.447  17.375  -34.769 0.1250000000
105662  17.557  17.988  -38.093 0.3750000000
103747  18.051  16.620  -37.411 0.3750000000
105636  19.186  18.122  -34.997 0.1250000000
106658  19.311  18.821  -34.666 0.1250000000
106657  19.953  19.561  -34.572 0.1250000000
105645  18.836  17.970  -35.610 0.1250000000
105610  20.954  18.066  -32.874 0.1250000000
106666  18.001  19.106  -36.541 0.1250000000
107660  18.416  19.798  -35.984 0.1250000000
107669  16.229  19.892  -38.173 0.1250000000
108611  15.663  21.069  -38.616 0.1250000000
108610  15.740  20.396  -38.547 0.1250000000
78576  19.700  -7.609  -30.251 0.7500000000
78575  20.936  -7.437  -31.135 0.7500000000
79585  18.544  -6.598  -30.243 0.7500000000
78577  19.065  -7.128  -30.248 0.7500000000
82929  17.849  -3.594  -30.732 0.6250000000
83994  23.120  -2.291  -32.684 0.6250000000
85006  23.462  -1.468  -32.855 0.5000000000
95691  24.178  7.746  -32.368 0.1250000000
100862  21.564  13.513  -32.973 0.1250000000
80625  17.648  -5.391  -29.819 0.5000000000
77525  21.510  -8.491  -30.668 0.6250000000
78574  21.980  -7.709  -31.122 0.6250000000
78573  22.831  -7.497  -30.853 0.3750000000
78587  22.443  -7.079  -31.375 0.6250000000
79581  23.450  -6.405  -30.719 0.2500000000
79598  23.067  -6.039  -31.370 0.3750000000
86070  23.751  -0.568  -32.728 0.3750000000
103650  16.311  16.971  -29.455 0.2500000000
81784  23.157  -4.788  -31.527 0.5000000000
82941  23.180  -3.609  -32.037 0.5000000000
78572  23.558  -7.547  -30.267 0.5000000000
76429  21.078  -9.392  -30.446 0.6250000000
80606  17.229  -5.867  -29.315 0.3750000000
79566  17.690  -6.602  -29.632 0.3750000000
77526  20.582  -8.474  -30.400 0.6250000000
78556  18.790  -7.579  -29.838 0.6250000000
77509  23.768  -8.554  -29.882 0.3750000000
77523  23.086  -8.474  -30.511 0.5000000000
76428  22.086  -9.547  -30.577 0.6250000000
81770  16.940  -5.194  -29.472 0.2500000000
78554  24.275  -7.549  -29.676 0.3750000000
80620  23.840  -5.247  -30.579 0.2500000000
79564  24.035  -6.801  -30.126 0.2500000000
84966  16.205  -1.962  -30.030 0.3750000000
81798  23.359  -3.823  -31.898 0.3750000000
82940  23.662  -3.201  -32.119 0.2500000000
83993  23.682  -2.280  -32.523 0.2500000000
85005  23.994  -1.469  -32.460 0.2500000000
92397  12.577  5.161  -28.513 0.1250000000
95671  12.852  8.053  -29.723 0.2500000000
87095  24.349  0.373  -31.937 0.2500000000
93472  12.675  6.231  -28.777 0.1250000000
84967  15.559  -1.666  -29.618 0.2500000000
81799  22.783  -4.272  -31.931 0.5000000000
79586  18.124  -5.999  -29.980 0.5000000000
79582  22.934  -6.713  -31.304 0.5000000000
80636  22.815  -5.335  -31.583 0.5000000000
86069  24.164  -0.557  -32.220 0.2500000000
81786  16.988  -4.349  -29.811 0.3750000000
83952  16.033  -2.620  -29.677 0.2500000000
81787  16.357  -4.028  -29.618 0.3750000000
82953  23.357  -2.728  -32.385 0.2500000000
77524  22.353  -8.469  -30.740 0.6250000000
79580  24.055  -6.024  -30.159 0.2500000000
80621  23.296  -5.326  -31.156 0.3750000000
76413  23.098  -9.588  -30.265 0.3750000000
76427  22.688  -9.059  -30.647 0.5000000000
81783  23.763  -4.205  -31.436 0.2500000000
83977  24.129  -2.341  -32.059 0.2500000000
91320  12.514  4.393  -27.738 0.1250000000
76415  20.080  -9.789  -29.740 0.5000000000
75275  22.090  -10.513  -30.323 0.3750000000
76431  19.883  -9.245  -29.855 0.5000000000
75264  18.819  -9.871  -29.092 0.3750000000
77512  18.041  -8.681  -28.997 0.5000000000
77527  19.813  -8.691  -30.028 0.5000000000
76416  19.280  -9.256  -29.556 0.5000000000
77510  19.234  -8.217  -29.786 0.5000000000
74107  17.904  -11.267  -27.749 0.1250000000
75247  18.761  -10.571  -28.604 0.3750000000
78557  17.865  -7.754  -29.272 0.2500000000
71816  18.827  -13.274  -28.152 0.1250000000
74106  18.427  -11.334  -28.081 0.2500000000
74121  19.875  -11.242  -28.887 0.3750000000
75260  22.636  -10.526  -29.903 0.2500000000
74119  21.273  -11.201  -29.619 0.3750000000
75261  21.137  -10.714  -29.777 0.5000000000
74088  18.082  -11.920  -27.584 0.1250000000
75246  19.264  -10.775  -28.696 0.3750000000
74120  20.391  -11.279  -29.199 0.3750000000
75249  17.177  -9.815  -27.986 0.1250000000
77495  17.236  -8.601  -28.469 0.1250000000
96778  23.633  9.599  -32.872 0.1250000000
79565  18.180  -7.153  -29.789 0.3750000000
76430  20.357  -9.256  -30.105 0.5000000000
75277  20.695  -9.913  -30.096 0.5000000000
78558  17.378  -7.194  -29.160 0.2500000000
79567  17.000  -6.582  -28.863 0.2500000000
75258  24.218  -10.201  -29.230 0.2500000000
75262  20.675  -10.538  -29.650 0.5000000000
76417  18.477  -9.192  -29.130 0.5000000000
75276  21.383  -10.438  -30.172 0.3750000000
74118  22.085  -11.349  -30.066 0.3750000000
75263  19.581  -10.538  -29.155 0.3750000000
76401  18.217  -9.752  -28.729 0.2500000000
76418  18.086  -9.187  -28.830 0.1250000000
77511  18.575  -8.456  -29.458 0.1250000000
74089  17.374  -11.391  -27.427 0.1250000000
75248  17.693  -10.545  -28.062 0.1250000000
75229  17.344  -10.832  -27.565 0.1250000000
78537  17.607  -7.919  -28.837 0.1250000000
72948  18.162  -12.609  -27.613 0.1250000000
72967  18.761  -12.452  -28.091 0.1250000000
74105  19.367  -11.359  -28.486 0.3750000000
72982  22.461  -12.311  -29.407 0.2500000000
76402  17.581  -9.266  -28.587 0.1250000000
72966  19.727  -12.419  -28.478 0.2500000000
72984  20.753  -12.353  -29.198 0.2500000000
82931  16.511  -3.428  -29.855 0.2500000000
74117  22.857  -11.325  -29.438 0.2500000000
74104  20.093  -11.843  -28.789 0.2500000000
71834  20.783  -13.154  -29.167 0.1250000000
82916  15.822  -3.593  -29.354 0.1250000000
102683  14.910  14.492  -29.530 0.1250000000
102682  15.182  15.101  -29.456 0.1250000000
102669  14.846  15.314  -28.842 0.1250000000
102681  15.593  15.676  -29.250 0.1250000000
102680  16.037  16.271  -28.884 0.1250000000
102668  15.442  15.647  -28.527 0.1250000000
101738  14.201  14.228  -29.314 0.1250000000
103626  15.799  16.929  -27.653 0.1250000000
101756  14.194  13.421  -29.397 0.1250000000
101739  13.644  13.787  -29.079 0.1250000000
95660  12.979  8.621  -29.307 0.1250000000
81772  15.506  -4.275  -28.697 0.1250000000
100830  13.501  13.184  -28.866 0.1250000000
101727  13.854  14.474  -28.733 0.1250000000
102661  14.327  14.862  -28.544 0.1250000000
102659  15.630  15.347  -28.019 0.1250000000
102658  16.561  15.955  -27.647 0.1250000000
103636  16.106  16.973  -28.547 0.1250000000
100848  14.160  12.738  -29.502 0.1250000000
81771  16.231  -4.687  -29.317 0.1250000000
96751  13.270  9.438  -29.375 0.1250000000
83953  15.282  -2.552  -29.042 0.1250000000
82917  15.351  -3.336  -28.681 0.1250000000
102670  14.413  14.883  -29.103 0.1250000000
102660  14.856  15.001  -28.271 0.1250000000
102667  15.838  16.237  -28.140 0.1250000000
101713  16.076  14.757  -27.694 0.1250000000
77508  24.727  -8.623  -29.207 0.1250000000
77507  25.584  -8.082  -28.793 0.1250000000
79563  24.619  -6.383  -29.601 0.1250000000
80605  24.405  -5.253  -29.862 0.1250000000
81769  24.291  -4.266  -30.339 0.1250000000
82914  24.753  -3.292  -29.973 0.1250000000
82915  24.363  -3.273  -30.869 0.1250000000
82928  24.205  -3.127  -31.662 0.1250000000
83951  24.642  -2.308  -30.426 0.1250000000
84965  24.679  -1.277  -29.930 0.1250000000
84979  24.498  -1.381  -30.894 0.1250000000
86053  24.387  -0.495  -31.419 0.1250000000
72981  23.142  -12.045  -29.153 0.1250000000
72983  21.659  -12.253  -29.576 0.1250000000
74103  23.595  -11.407  -29.077 0.1250000000
75245  24.077  -10.797  -29.058 0.1250000000
76400  24.698  -9.656  -29.121 0.1250000000
77492  25.565  -8.967  -28.883 0.1250000000
78553  25.112  -7.375  -29.208 0.1250000000
79562  25.470  -6.330  -29.043 0.1250000000
80604  25.117  -5.323  -29.283 0.1250000000
82897  25.270  -3.309  -29.181 0.1250000000
83950  25.116  -2.265  -29.599 0.1250000000
87082  24.596  0.441  -31.117 0.1250000000
86043  24.535  -0.381  -30.503 0.1250000000
76412  24.039  -9.542  -29.605 0.1250000000
84991  24.271  -1.443  -31.761 0.1250000000
83966  24.393  -2.331  -31.310 0.1250000000
75259  23.485  -10.475  -29.486 0.1250000000
75244  24.800  -10.515  -28.866 0.1250000000
76399  25.345  -9.752  -28.865 0.1250000000
72963  23.651  -12.337  -28.545 0.1250000000
74102  24.309  -11.380  -28.662 0.1250000000
78552  25.856  -7.223  -28.711 0.1250000000
86028  24.789  -0.143  -29.556 0.1250000000
72964  23.014  -12.692  -29.029 0.1250000000
72965  20.242  -12.462  -28.770 0.2500000000
74134  21.836  -10.836  -30.195 0.3750000000
74135  21.670  -10.966  -30.027 0.3750000000
75230  16.890  -10.654  -27.342 0.1250000000
76414  22.486  -10.073  -30.330 0.3750000000
77493  25.076  -9.253  -28.989 0.1250000000
77494  17.630  -8.318  -28.760 0.1250000000
78551  26.338  -7.599  -28.555 0.1250000000
78555  19.232  -7.792  -29.919 0.5000000000
78589  21.312  -6.757  -31.498 0.7500000000
80654  21.758  -4.836  -32.165 0.7500000000
86075  19.388  -0.356  -31.911 1.0000000000
88138  17.288  2.074  -32.227 1.0000000000
89147  23.939  2.219  -32.867 0.5000000000
89166  22.636  2.657  -33.023 0.7500000000
90201  13.366  3.098  -29.283 0.1250000000
90210  13.348  3.348  -29.281 0.1250000000
92450  23.797  5.359  -33.761 0.5000000000
92451  23.614  5.305  -33.785 0.5000000000
93531  23.939  5.481  -33.657 0.5000000000
94546  13.289  7.454  -29.957 0.5000000000
95710  21.870  9.163  -35.068 0.6250000000
96758  14.381  9.033  -30.548 0.6250000000
96794  22.888  10.155  -34.235 0.2500000000
96805  21.204  10.449  -34.981 0.5000000000
97835  14.517  9.917  -30.628 0.7500000000
97862  21.472  10.944  -35.223 0.5000000000
98871  18.209  12.508  -30.503 1.0000000000
98887  15.896  11.405  -30.777 1.0000000000
98906  22.077  11.675  -35.122 0.3750000000
98916  20.555  12.346  -35.199 0.5000000000
99859  15.711  11.803  -30.814 1.0000000000
99895  21.200  12.187  -35.184 0.5000000000
100837  13.719  12.976  -29.206 0.1250000000
101753  16.311  14.301  -30.229 0.8750000000
102731  20.777  15.731  -32.792 0.1250000000
102733  18.928  15.597  -32.485 0.7500000000
102786  18.949  15.694  -36.127 0.3750000000
103748  17.390  16.582  -37.565 0.3750000000
103749  16.823  16.753  -37.760 0.3750000000
103759  16.897  16.745  -38.089 0.3750000000
104635  17.842  17.236  -32.841 0.7500000000
104650  17.717  17.218  -33.583 0.7500000000
104676  16.702  17.003  -35.884 0.3750000000
104697  16.616  17.213  -37.977 0.3750000000
104705  17.333  17.281  -38.251 0.3750000000
104706  16.929  17.291  -38.311 0.3750000000
104707  16.722  17.294  -38.170 0.3750000000
105611  20.571  17.865  -33.020 0.1250000000
105612  17.814  17.444  -32.991 0.6250000000
105627  17.663  17.334  -33.191 0.7500000000
105628  17.695  17.560  -33.263 0.6250000000
105669  17.358  17.719  -38.243 0.3750000000
105670  16.912  17.778  -38.361 0.2500000000
105671  16.639  17.630  -38.221 0.2500000000
106600  15.896  19.498  -30.144 0.1250000000
106664  19.329  19.529  -35.046 0.1250000000
106676  16.650  18.208  -38.329 0.2500000000
106677  16.427  18.194  -37.981 0.2500000000
106682  16.573  18.239  -38.462 0.2500000000
106683  16.350  18.261  -38.250 0.2500000000
107622  16.456  20.404  -30.712 0.2500000000
107644  16.942  20.913  -33.039 0.3750000000
107653  16.802  20.859  -33.434 0.2500000000
108586  16.810  21.135  -33.297 0.2500000000
