#!ascii label  , from subject 3704 vox2ras=TkReg
1705
112205  -38.243  0.306  14.138 0.0000000000
106610  -49.835  -4.288  -9.259 0.0000000000
118830  -50.073  5.998  10.640 0.0000000000
104083  -50.200  -6.252  3.173 0.0000000000
109977  -50.107  -1.110  13.256 0.0000000000
112326  -49.312  1.113  3.834 0.0000000000
120977  -52.970  8.785  -1.293 0.0000000000
124870  -48.451  12.625  4.201 0.0000000000
103922  -47.726  -7.039  20.514 0.0000000000
108862  -43.217  -2.520  8.317 0.0000000000
107669  -47.343  -3.404  3.011 0.0000000000
115567  -44.777  3.157  7.703 0.0000000000
119862  -55.846  7.710  10.115 0.0000000000
122918  -52.979  10.487  5.107 0.0000000000
123936  -55.961  11.174  4.614 0.0000000000
122964  -51.034  10.817  0.441 0.0000000000
125781  -53.172  14.101  6.762 0.0000000000
110255  -47.581  -1.291  -8.830 0.0000000000
114261  -40.306  1.977  20.881 0.0000000000
115554  -43.935  4.165  12.203 0.0000000000
107681  -56.203  -3.584  2.370 0.0000000000
108850  -49.145  -2.890  8.620 0.0000000000
108765  -44.096  -2.282  14.652 0.0000000000
106287  -49.493  -3.631  22.046 0.0000000000
108998  -48.038  -2.591  -3.930 0.0000000000
113366  -50.472  1.692  -2.124 0.0000000000
120874  -47.909  8.109  5.947 0.0000000000
117886  -52.259  5.055  2.597 0.0000000000
116760  -47.625  4.925  -0.370 0.0000000000
122015  -46.959  9.837  -2.995 0.0000000000
122997  -44.466  10.608  -0.859 0.0000000000
110015  -40.119  -1.046  10.587 0.0000000000
112258  -43.132  0.485  8.119 0.0000000000
113244  -41.153  1.687  10.313 0.0000000000
121839  -57.279  9.367  9.881 0.0000000000
121884  -56.269  9.776  6.685 0.0000000000
123911  -55.823  11.710  7.618 0.0000000000
124864  -54.346  12.652  5.657 0.0000000000
107821  -48.740  -3.067  -8.924 0.0000000000
115407  -41.781  2.948  23.181 0.0000000000
116604  -40.869  4.239  19.513 0.0000000000
111180  -48.591  -0.507  11.422 0.0000000000
110007  -45.650  -1.133  11.491 0.0000000000
109956  -46.499  -1.647  14.044 0.0000000000
103880  -50.104  -6.157  22.794 0.0000000000
108592  -48.085  -2.779  26.952 0.0000000000
109859  -46.408  -1.161  26.019 0.0000000000
108574  -46.054  -2.741  28.157 0.0000000000
105320  -51.190  -5.613  -0.465 0.0000000000
110114  -48.081  -1.651  3.427 0.0000000000
107703  -47.522  -3.193  -0.846 0.0000000000
110152  -48.563  -0.872  0.087 0.0000000000
111349  -49.159  -0.572  -3.628 0.0000000000
112363  -50.550  0.524  0.087 0.0000000000
116673  -47.082  5.263  11.979 0.0000000000
119852  -45.994  7.290  9.282 0.0000000000
119871  -49.494  8.273  8.944 0.0000000000
121974  -54.294  9.301  0.892 0.0000000000
120908  -51.854  8.233  2.618 0.0000000000
119938  -51.836  6.961  1.223 0.0000000000
117894  -50.175  5.154  1.724 0.0000000000
119935  -49.107  7.444  0.822 0.0000000000
118952  -45.826  7.329  -0.776 0.0000000000
120974  -50.018  9.359  -2.043 0.0000000000
123951  -49.584  11.460  2.359 0.0000000000
122980  -48.665  10.349  -0.244 0.0000000000
122959  -47.125  10.205  1.539 0.0000000000
121988  -43.823  9.869  0.739 0.0000000000
121941  -46.083  9.736  3.311 0.0000000000
106419  -46.254  -5.165  6.306 0.0000000000
105272  -48.352  -5.798  2.386 0.0000000000
107644  -45.558  -3.434  5.701 0.0000000000
111251  -46.399  -0.333  6.215 0.0000000000
113301  -47.746  1.449  5.874 0.0000000000
119843  -53.053  7.416  10.413 0.0000000000
121858  -52.191  9.164  8.056 0.0000000000
121860  -54.435  9.321  7.715 0.0000000000
122921  -55.514  10.291  4.594 0.0000000000
123977  -55.487  10.683  0.530 0.0000000000
123005  -52.652  10.130  -1.360 0.0000000000
123955  -53.329  11.729  2.560 0.0000000000
124871  -51.857  12.795  3.873 0.0000000000
125790  -50.931  14.178  5.171 0.0000000000
111365  -47.570  0.319  -6.729 0.0000000000
113204  -38.391  1.220  17.620 0.0000000000
114337  -40.314  2.738  12.856 0.0000000000
114306  -40.934  3.224  16.083 0.0000000000
115507  -44.408  3.566  15.640 0.0000000000
116643  -47.780  4.432  14.232 0.0000000000
115478  -47.984  3.245  17.357 0.0000000000
116660  -51.029  5.199  13.713 0.0000000000
105264  -53.571  -5.106  2.885 0.0000000000
106423  -52.770  -3.732  6.372 0.0000000000
105226  -50.168  -4.983  6.239 0.0000000000
106385  -45.663  -3.831  9.129 0.0000000000
108804  -42.860  -2.125  11.642 0.0000000000
108752  -52.154  -2.325  15.859 0.0000000000
105123  -50.758  -5.283  18.601 0.0000000000
107499  -51.630  -3.555  19.709 0.0000000000
108707  -48.946  -2.926  17.497 0.0000000000
108689  -45.987  -3.203  18.190 0.0000000000
108684  -40.953  -1.879  18.764 0.0000000000
106582  -50.950  -3.774  -7.056 0.0000000000
105317  -48.328  -5.065  -1.129 0.0000000000
105363  -48.929  -4.624  -4.631 0.0000000000
106579  -49.552  -3.099  -7.427 0.0000000000
110238  -49.125  -1.137  -6.994 0.0000000000
112403  -49.468  0.814  -6.454 0.0000000000
114489  -49.142  2.548  -4.333 0.0000000000
117806  -42.983  5.042  9.415 0.0000000000
117839  -45.927  5.132  6.939 0.0000000000
116708  -48.858  4.384  5.395 0.0000000000
121897  -50.580  10.075  6.266 0.0000000000
118899  -50.710  6.362  3.890 0.0000000000
114422  -51.076  2.838  3.529 0.0000000000
114454  -51.992  2.860  0.781 0.0000000000
115663  -49.498  3.767  -1.903 0.0000000000
116801  -48.249  4.360  -4.135 0.0000000000
123021  -48.663  10.294  -2.812 0.0000000000
124013  -45.962  11.443  -4.107 0.0000000000
122028  -42.845  9.997  -2.496 0.0000000000
122002  -41.864  10.461  -1.061 0.0000000000
121985  -41.170  10.256  0.468 0.0000000000
111163  -38.488  -0.318  12.553 0.0000000000
112235  -40.731  0.674  10.297 0.0000000000
112220  -39.379  0.827  12.011 0.0000000000
123905  -56.495  10.889  9.018 0.0000000000
124843  -55.546  12.482  8.334 0.0000000000
106609  -48.891  -4.152  -9.117 0.0000000000
109976  -49.233  -0.936  12.937 0.0000000000
109974  -47.652  -1.218  13.230 0.0000000000
109958  -48.374  -1.659  13.937 0.0000000000
106218  -47.534  -3.974  27.701 0.0000000000
107382  -47.681  -2.658  28.183 0.0000000000
105275  -51.604  -5.650  2.394 0.0000000000
105289  -50.328  -5.823  1.584 0.0000000000
111291  -48.850  -0.046  4.042 0.0000000000
111312  -48.214  -0.865  1.760 0.0000000000
111313  -48.844  -0.554  1.493 0.0000000000
111320  -49.181  -0.423  0.396 0.0000000000
112347  -50.581  0.623  1.608 0.0000000000
117800  -48.157  5.578  11.257 0.0000000000
118843  -48.553  6.633  10.236 0.0000000000
118858  -50.343  6.808  9.895 0.0000000000
120956  -54.380  8.775  -0.381 0.0000000000
120920  -53.630  8.383  1.036 0.0000000000
119974  -52.558  7.913  -0.321 0.0000000000
119956  -50.918  7.573  0.397 0.0000000000
120933  -50.970  8.102  -0.210 0.0000000000
120951  -49.964  8.779  -1.018 0.0000000000
120975  -50.940  9.235  -1.770 0.0000000000
124880  -49.085  12.399  3.261 0.0000000000
122950  -48.212  10.865  1.901 0.0000000000
123939  -47.938  11.183  3.044 0.0000000000
122948  -47.017  10.204  2.360 0.0000000000
123932  -47.756  11.590  4.043 0.0000000000
106417  -44.648  -4.052  7.737 0.0000000000
106428  -45.371  -4.018  6.038 0.0000000000
108873  -44.480  -2.509  6.925 0.0000000000
113271  -44.207  1.387  7.705 0.0000000000
111249  -45.076  -0.515  6.679 0.0000000000
113273  -45.801  1.248  7.389 0.0000000000
112286  -47.099  0.869  6.490 0.0000000000
114394  -46.698  2.177  7.163 0.0000000000
119844  -54.189  7.381  10.626 0.0000000000
119860  -53.848  7.825  9.889 0.0000000000
120836  -55.326  8.696  8.202 0.0000000000
122910  -56.280  10.383  6.189 0.0000000000
121901  -55.946  9.867  5.872 0.0000000000
122935  -55.916  10.653  3.896 0.0000000000
122954  -55.592  10.626  1.849 0.0000000000
123958  -55.916  11.061  2.013 0.0000000000
123968  -55.032  11.439  1.115 0.0000000000
123945  -55.087  11.587  3.215 0.0000000000
125792  -53.634  13.279  6.164 0.0000000000
124873  -53.300  12.526  4.335 0.0000000000
124862  -52.742  12.922  4.839 0.0000000000
125801  -51.339  13.436  4.401 0.0000000000
126784  -51.835  14.427  6.271 0.0000000000
111373  -47.914  0.391  -7.830 0.0000000000
113194  -39.426  1.622  19.595 0.0000000000
114304  -39.358  2.795  17.004 0.0000000000
115469  -39.485  3.193  18.518 0.0000000000
115458  -43.358  4.090  18.710 0.0000000000
115472  -42.301  3.740  17.749 0.0000000000
115491  -44.392  3.410  16.632 0.0000000000
115525  -46.240  3.989  14.449 0.0000000000
115493  -46.305  3.482  16.562 0.0000000000
114284  -48.243  2.615  18.526 0.0000000000
115512  -49.580  3.681  15.506 0.0000000000
116634  -51.196  3.872  15.202 0.0000000000
117778  -52.480  5.487  13.321 0.0000000000
116647  -52.236  4.795  14.790 0.0000000000
106482  -54.734  -4.581  1.480 0.0000000000
106473  -54.820  -4.437  2.442 0.0000000000
107628  -52.908  -2.785  7.298 0.0000000000
107626  -51.182  -3.486  7.465 0.0000000000
106421  -51.149  -4.481  6.508 0.0000000000
107624  -49.393  -4.062  7.647 0.0000000000
106397  -47.203  -4.301  8.125 0.0000000000
107595  -47.240  -3.211  9.054 0.0000000000
108784  -44.326  -1.877  13.544 0.0000000000
108805  -43.956  -1.578  11.546 0.0000000000
108783  -43.247  -2.288  13.693 0.0000000000
105114  -49.190  -6.051  19.897 0.0000000000
106281  -52.101  -4.398  22.172 0.0000000000
107487  -50.844  -3.338  20.774 0.0000000000
107528  -49.883  -3.187  18.308 0.0000000000
107510  -49.035  -3.403  19.264 0.0000000000
108705  -47.009  -3.296  17.834 0.0000000000
107495  -48.165  -3.505  19.954 0.0000000000
109906  -41.370  -1.227  20.875 0.0000000000
108656  -43.347  -1.714  22.466 0.0000000000
107795  -51.740  -3.479  -7.155 0.0000000000
106460  -47.162  -4.453  3.351 0.0000000000
105287  -48.365  -5.517  1.274 0.0000000000
105286  -47.569  -5.001  1.038 0.0000000000
107725  -47.793  -3.080  -2.850 0.0000000000
106514  -47.791  -3.923  -2.566 0.0000000000
106539  -48.232  -3.654  -4.620 0.0000000000
106552  -48.726  -3.979  -5.457 0.0000000000
107775  -48.562  -2.641  -5.674 0.0000000000
109040  -49.078  -1.965  -7.244 0.0000000000
109013  -48.566  -1.892  -5.106 0.0000000000
112383  -50.108  0.661  -2.930 0.0000000000
111358  -49.623  -0.044  -4.577 0.0000000000
112390  -49.798  0.763  -3.980 0.0000000000
113384  -49.248  1.201  -5.655 0.0000000000
113372  -50.254  2.259  -2.962 0.0000000000
115545  -41.643  3.678  13.077 0.0000000000
115552  -41.525  3.733  11.812 0.0000000000
116669  -43.185  4.546  11.443 0.0000000000
120849  -47.133  8.406  7.667 0.0000000000
119883  -45.958  7.246  7.657 0.0000000000
119891  -46.868  7.352  6.606 0.0000000000
116698  -47.850  4.316  5.869 0.0000000000
118890  -47.914  6.371  5.500 0.0000000000
122894  -52.773  10.100  6.787 0.0000000000
121879  -51.528  9.882  7.225 0.0000000000
122917  -52.025  10.542  5.373 0.0000000000
118920  -51.739  6.689  2.748 0.0000000000
119913  -51.119  7.382  3.296 0.0000000000
117876  -51.916  5.627  3.323 0.0000000000
116720  -51.588  4.540  4.032 0.0000000000
115609  -52.519  3.876  3.128 0.0000000000
114444  -51.935  2.668  1.680 0.0000000000
115633  -52.267  3.717  1.884 0.0000000000
116746  -47.923  4.929  0.869 0.0000000000
115642  -49.459  3.531  0.274 0.0000000000
115662  -48.866  4.199  -1.564 0.0000000000
116784  -49.213  4.159  -2.669 0.0000000000
116783  -48.525  4.763  -2.396 0.0000000000
117933  -47.814  5.026  -3.286 0.0000000000
117923  -47.049  5.597  -2.193 0.0000000000
120947  -46.465  9.046  -1.713 0.0000000000
118951  -45.427  7.830  -1.336 0.0000000000
122983  -51.384  10.529  -0.594 0.0000000000
123003  -50.763  10.476  -1.729 0.0000000000
122982  -50.468  10.530  -0.603 0.0000000000
122999  -46.862  10.579  -1.017 0.0000000000
123019  -47.144  11.190  -2.093 0.0000000000
123994  -45.433  11.254  -2.541 0.0000000000
123044  -44.274  10.949  -3.671 0.0000000000
123016  -43.646  10.965  -1.831 0.0000000000
122013  -41.990  10.047  -1.566 0.0000000000
122996  -43.290  10.500  -0.787 0.0000000000
121969  -43.609  9.600  1.522 0.0000000000
121986  -41.992  10.165  0.749 0.0000000000
121967  -41.584  9.911  1.409 0.0000000000
121966  -40.472  10.187  1.333 0.0000000000
110032  -41.196  -1.278  9.677 0.0000000000
111235  -42.785  -0.960  8.029 0.0000000000
111219  -41.878  -0.417  8.861 0.0000000000
113262  -42.889  1.271  8.746 0.0000000000
114368  -43.180  2.304  8.589 0.0000000000
120837  -56.501  8.623  8.054 0.0000000000
121863  -57.336  9.035  8.537 0.0000000000
122898  -56.591  10.144  7.291 0.0000000000
123927  -56.092  11.101  5.784 0.0000000000
124865  -54.969  12.118  5.347 0.0000000000
124856  -55.082  12.650  6.329 0.0000000000
125783  -55.133  13.192  7.094 0.0000000000
109059  -48.005  -2.168  -9.051 0.0000000000
114240  -40.932  2.655  21.990 0.0000000000
115442  -40.020  3.898  19.868 0.0000000000
116578  -40.803  4.126  21.241 0.0000000000
110021  -48.612  -1.212  10.261 0.0000000000
108819  -47.334  -2.124  10.053 0.0000000000
110008  -46.737  -0.761  11.372 0.0000000000
109972  -45.766  -1.324  13.292 0.0000000000
108766  -45.219  -2.160  14.538 0.0000000000
103914  -48.847  -6.661  21.293 0.0000000000
105044  -50.093  -5.160  25.188 0.0000000000
108642  -46.791  -2.777  24.389 0.0000000000
108626  -45.738  -1.605  24.607 0.0000000000
108591  -47.252  -1.976  26.816 0.0000000000
109829  -47.428  -1.626  28.062 0.0000000000
108914  -47.621  -2.369  2.722 0.0000000000
107680  -47.235  -3.197  1.757 0.0000000000
108927  -47.469  -2.121  1.474 0.0000000000
108954  -47.516  -2.247  -0.454 0.0000000000
110172  -47.942  -1.871  -1.735 0.0000000000
110198  -48.757  -1.215  -3.822 0.0000000000
111334  -49.171  -0.562  -1.628 0.0000000000
111335  -49.910  -0.064  -1.268 0.0000000000
112376  -50.628  1.136  -1.262 0.0000000000
116662  -45.261  4.377  12.569 0.0000000000
117797  -45.064  5.541  11.445 0.0000000000
118841  -46.615  6.332  10.734 0.0000000000
120812  -47.462  7.848  9.061 0.0000000000
120851  -48.923  8.878  7.806 0.0000000000
122941  -53.230  10.372  2.920 0.0000000000
122940  -52.483  10.179  3.383 0.0000000000
121958  -52.922  9.436  1.886 0.0000000000
119939  -52.363  7.213  1.620 0.0000000000
118934  -52.099  5.672  2.100 0.0000000000
117896  -51.729  5.049  1.796 0.0000000000
118932  -50.992  6.095  1.570 0.0000000000
117893  -48.997  5.576  1.406 0.0000000000
117892  -48.022  6.169  1.063 0.0000000000
117903  -46.619  6.554  -0.235 0.0000000000
119953  -47.994  7.688  0.200 0.0000000000
120949  -48.053  8.952  -1.381 0.0000000000
120972  -48.103  9.522  -2.199 0.0000000000
123963  -49.939  10.984  1.649 0.0000000000
122962  -49.393  10.526  0.774 0.0000000000
123962  -49.281  10.905  1.706 0.0000000000
122979  -47.729  10.240  0.003 0.0000000000
122978  -46.593  10.118  0.367 0.0000000000
122976  -44.096  10.174  -0.037 0.0000000000
121990  -45.750  9.850  0.803 0.0000000000
121955  -45.392  9.463  2.420 0.0000000000
121940  -45.223  9.493  3.340 0.0000000000
104054  -48.496  -6.355  4.840 0.0000000000
104081  -48.283  -6.276  3.425 0.0000000000
105244  -47.339  -5.896  4.507 0.0000000000
105258  -46.951  -5.095  4.035 0.0000000000
107658  -46.952  -3.570  4.530 0.0000000000
110076  -44.811  -1.507  6.794 0.0000000000
110077  -45.799  -1.452  6.162 0.0000000000
108888  -47.377  -1.934  5.035 0.0000000000
110091  -47.973  -1.311  5.181 0.0000000000
111280  -48.654  -0.133  5.017 0.0000000000
112314  -48.890  0.839  4.682 0.0000000000
118846  -51.261  6.605  10.518 0.0000000000
119857  -50.962  7.305  9.581 0.0000000000
119859  -52.746  7.808  9.866 0.0000000000
121859  -53.310  9.287  7.977 0.0000000000
121899  -54.010  10.101  6.587 0.0000000000
120852  -55.933  8.924  7.438 0.0000000000
122897  -55.593  10.019  6.029 0.0000000000
122920  -54.883  10.299  4.738 0.0000000000
122943  -55.003  10.558  2.873 0.0000000000
121976  -55.290  10.029  0.888 0.0000000000
123007  -54.353  9.618  -0.996 0.0000000000
123025  -52.696  9.749  -1.714 0.0000000000
122985  -53.595  10.357  -0.483 0.0000000000
123974  -53.514  10.866  0.341 0.0000000000
123954  -52.212  11.597  2.144 0.0000000000
123944  -54.210  11.870  3.392 0.0000000000
124895  -52.813  12.131  3.060 0.0000000000
123953  -51.330  11.578  2.372 0.0000000000
124882  -50.588  12.282  3.368 0.0000000000
125807  -50.527  13.172  3.662 0.0000000000
125799  -49.512  13.709  4.498 0.0000000000
112197  -37.945  0.385  16.255 0.0000000000
113221  -39.222  1.657  13.449 0.0000000000
114319  -38.639  2.188  15.497 0.0000000000
114321  -40.351  3.005  14.660 0.0000000000
114323  -41.831  3.405  14.687 0.0000000000
115471  -41.226  3.703  17.883 0.0000000000
115505  -42.337  3.426  15.783 0.0000000000
115537  -43.656  3.312  13.700 0.0000000000
115539  -45.556  3.988  13.623 0.0000000000
116656  -46.818  4.617  13.511 0.0000000000
116666  -49.048  5.383  12.808 0.0000000000
115476  -46.364  3.102  17.547 0.0000000000
115510  -47.493  3.742  15.708 0.0000000000
116644  -48.786  4.372  14.139 0.0000000000
117788  -50.195  5.768  12.248 0.0000000000
118821  -52.110  6.298  11.820 0.0000000000
118834  -53.547  6.565  11.620 0.0000000000
118835  -54.619  6.657  11.811 0.0000000000
105292  -53.233  -5.370  1.474 0.0000000000
105262  -51.792  -5.619  3.334 0.0000000000
107648  -54.798  -3.039  5.549 0.0000000000
106448  -54.856  -3.695  4.472 0.0000000000
106446  -52.897  -4.871  4.567 0.0000000000
105236  -51.810  -5.119  5.047 0.0000000000
105234  -49.893  -5.894  5.248 0.0000000000
105224  -48.085  -5.830  6.319 0.0000000000
106407  -46.614  -4.942  7.337 0.0000000000
107608  -44.575  -3.532  8.984 0.0000000000
108817  -45.499  -2.198  10.317 0.0000000000
108830  -43.822  -2.275  10.124 0.0000000000
108828  -41.956  -2.206  9.770 0.0000000000
110004  -41.081  -2.081  11.083 0.0000000000
106307  -52.739  -4.364  17.606 0.0000000000
103916  -50.366  -6.093  20.965 0.0000000000
105112  -52.325  -4.689  19.661 0.0000000000
107531  -52.611  -3.647  17.959 0.0000000000
108710  -51.964  -2.928  17.518 0.0000000000
108729  -51.111  -2.687  16.631 0.0000000000
108749  -49.104  -2.526  15.592 0.0000000000
108748  -48.053  -2.632  15.597 0.0000000000
108746  -46.012  -2.524  15.638 0.0000000000
108723  -44.846  -2.878  16.689 0.0000000000
109940  -38.581  -1.382  16.344 0.0000000000
111122  -39.054  -0.553  18.116 0.0000000000
111112  -40.247  -0.026  19.835 0.0000000000
112175  -41.051  0.512  21.287 0.0000000000
113181  -41.697  1.231  22.639 0.0000000000
107811  -52.090  -3.673  -8.131 0.0000000000
107810  -51.034  -3.584  -8.139 0.0000000000
106596  -50.385  -3.411  -7.883 0.0000000000
105288  -49.287  -5.781  1.562 0.0000000000
105318  -49.275  -5.591  -0.825 0.0000000000
105316  -47.814  -4.537  -0.718 0.0000000000
105333  -48.584  -5.174  -2.336 0.0000000000
105364  -49.469  -5.096  -4.237 0.0000000000
105376  -49.597  -4.672  -5.297 0.0000000000
106580  -49.839  -3.323  -7.483 0.0000000000
107808  -49.658  -3.029  -8.410 0.0000000000
107807  -49.351  -2.472  -8.696 0.0000000000
109060  -48.831  -1.997  -8.948 0.0000000000
111393  -48.844  -0.610  -8.702 0.0000000000
111366  -49.358  -0.581  -5.370 0.0000000000
111374  -49.454  -0.441  -6.583 0.0000000000
112407  -49.247  0.560  -8.379 0.0000000000
112402  -49.125  1.203  -7.141 0.0000000000
112389  -48.699  1.337  -5.874 0.0000000000
114488  -48.597  2.636  -4.365 0.0000000000
114342  -40.184  2.399  11.947 0.0000000000
115561  -42.301  3.421  9.568 0.0000000000
116683  -43.797  4.027  8.284 0.0000000000
117817  -44.083  5.988  9.761 0.0000000000
118863  -44.493  6.190  8.009 0.0000000000
116687  -45.556  4.024  7.313 0.0000000000
115578  -46.789  3.213  6.708 0.0000000000
115580  -48.306  3.373  5.927 0.0000000000
114412  -49.049  2.478  4.781 0.0000000000
120832  -50.612  8.516  8.672 0.0000000000
121878  -50.348  9.561  7.314 0.0000000000
120876  -49.095  8.625  5.423 0.0000000000
121928  -51.402  9.634  3.974 0.0000000000
120888  -50.293  8.362  4.126 0.0000000000
119904  -49.108  7.491  4.707 0.0000000000
117851  -50.006  4.927  4.575 0.0000000000
115599  -50.346  3.693  4.580 0.0000000000
113332  -50.498  1.867  3.013 0.0000000000
112348  -51.165  1.117  2.040 0.0000000000
113361  -50.795  1.728  -0.867 0.0000000000
115630  -50.765  3.690  1.260 0.0000000000
114459  -50.819  2.960  0.030 0.0000000000
114475  -50.289  2.773  -2.506 0.0000000000
114474  -50.101  2.963  -3.138 0.0000000000
115684  -48.721  3.179  -4.177 0.0000000000
117922  -46.162  6.045  -1.786 0.0000000000
123039  -51.095  10.077  -2.810 0.0000000000
123022  -50.089  10.356  -2.714 0.0000000000
122034  -48.509  10.165  -3.563 0.0000000000
123001  -48.770  10.393  -1.610 0.0000000000
123035  -48.294  11.124  -3.377 0.0000000000
123057  -47.227  10.820  -4.794 0.0000000000
122044  -44.738  10.341  -4.079 0.0000000000
120986  -43.621  8.891  -2.799 0.0000000000
119981  -43.133  7.742  -1.800 0.0000000000
122975  -43.033  10.205  0.026 0.0000000000
122994  -41.638  10.428  -0.044 0.0000000000
126780  -48.988  14.227  5.715 0.0000000000
124869  -47.873  12.386  4.736 0.0000000000
123924  -46.751  11.582  5.087 0.0000000000
122926  -45.874  10.208  4.588 0.0000000000
121923  -44.130  9.493  4.384 0.0000000000
111151  -38.338  -0.558  13.460 0.0000000000
112225  -39.089  0.333  11.697 0.0000000000
112212  -38.424  0.356  13.177 0.0000000000
107822  -49.674  -3.557  -9.069 0.0000000000
111153  -50.501  -0.642  12.862 0.0000000000
109975  -48.502  -1.154  13.182 0.0000000000
109959  -49.417  -1.519  13.820 0.0000000000
106231  -46.692  -4.572  27.032 0.0000000000
105274  -50.698  -5.875  2.393 0.0000000000
105290  -51.385  -5.580  1.515 0.0000000000
111292  -49.113  0.490  3.827 0.0000000000
111305  -48.664  -0.501  2.795 0.0000000000
111306  -49.265  0.391  3.214 0.0000000000
111314  -49.596  0.161  2.114 0.0000000000
112339  -50.074  1.191  2.654 0.0000000000
117813  -49.493  5.842  10.789 0.0000000000
118844  -49.634  6.279  10.292 0.0000000000
120978  -53.774  8.631  -1.228 0.0000000000
120955  -53.906  8.394  -0.586 0.0000000000
120954  -53.127  8.273  -0.642 0.0000000000
120953  -52.049  8.274  -0.609 0.0000000000
120976  -51.975  9.042  -1.458 0.0000000000
120952  -51.044  8.658  -0.929 0.0000000000
123933  -48.432  12.099  3.653 0.0000000000
123940  -48.408  11.653  3.157 0.0000000000
107623  -43.959  -3.327  8.254 0.0000000000
107632  -44.376  -3.474  7.221 0.0000000000
108863  -43.794  -2.530  7.666 0.0000000000
114379  -44.563  2.273  7.832 0.0000000000
113272  -45.004  1.368  7.549 0.0000000000
114380  -45.378  2.253  7.607 0.0000000000
113274  -46.389  1.471  7.305 0.0000000000
114393  -45.922  2.553  7.378 0.0000000000
119845  -55.295  7.443  10.670 0.0000000000
119861  -55.009  7.763  9.941 0.0000000000
120818  -56.043  8.063  9.259 0.0000000000
122922  -56.162  10.555  5.105 0.0000000000
122945  -55.860  10.855  2.558 0.0000000000
123946  -55.768  11.196  3.227 0.0000000000
123957  -55.454  11.313  2.129 0.0000000000
125780  -52.639  14.189  6.396 0.0000000000
125791  -52.341  13.826  5.675 0.0000000000
109058  -47.066  -2.278  -8.529 0.0000000000
110246  -46.503  -1.219  -8.347 0.0000000000
111381  -47.565  -0.413  -8.453 0.0000000000
113190  -39.907  1.667  20.295 0.0000000000
114281  -38.992  2.389  18.998 0.0000000000
114270  -39.178  2.561  20.026 0.0000000000
115473  -43.384  3.625  17.675 0.0000000000
115474  -44.403  3.460  17.576 0.0000000000
115492  -45.373  3.438  16.607 0.0000000000
115475  -45.383  3.346  17.536 0.0000000000
115514  -51.727  3.477  15.800 0.0000000000
116635  -51.885  4.156  15.398 0.0000000000
107691  -56.129  -3.721  1.441 0.0000000000
106474  -55.635  -4.013  2.375 0.0000000000
107625  -50.010  -3.809  7.639 0.0000000000
107612  -48.983  -3.442  8.240 0.0000000000
107596  -48.050  -3.023  8.815 0.0000000000
108794  -43.508  -2.004  12.613 0.0000000000
108782  -42.114  -2.502  13.868 0.0000000000
108764  -43.020  -2.443  14.802 0.0000000000
103923  -48.769  -6.686  20.480 0.0000000000
107474  -50.835  -3.409  21.690 0.0000000000
107486  -49.900  -3.414  20.849 0.0000000000
107497  -49.861  -3.404  20.034 0.0000000000
107496  -49.025  -3.158  20.031 0.0000000000
107485  -49.044  -3.555  20.779 0.0000000000
108673  -43.202  -2.544  20.781 0.0000000000
108664  -43.058  -2.042  21.865 0.0000000000
108657  -44.044  -2.041  22.799 0.0000000000
105378  -51.035  -5.061  -4.824 0.0000000000
106471  -47.281  -4.246  2.031 0.0000000000
108985  -48.019  -2.416  -3.291 0.0000000000
107749  -47.996  -3.105  -4.240 0.0000000000
107761  -48.306  -3.068  -5.175 0.0000000000
109012  -48.246  -2.518  -4.622 0.0000000000
109024  -48.465  -2.451  -5.314 0.0000000000
113365  -50.390  1.118  -2.605 0.0000000000
113371  -50.141  1.531  -3.281 0.0000000000
115546  -42.697  3.658  12.900 0.0000000000
115553  -42.869  4.056  12.086 0.0000000000
120862  -47.447  8.208  6.719 0.0000000000
120861  -46.817  7.936  7.138 0.0000000000
119896  -47.613  7.308  6.046 0.0000000000
119897  -48.353  7.361  5.341 0.0000000000
122906  -52.815  10.350  6.041 0.0000000000
118921  -51.998  6.100  2.626 0.0000000000
118911  -51.991  5.806  3.141 0.0000000000
117877  -52.207  5.245  3.198 0.0000000000
117866  -52.164  4.904  3.484 0.0000000000
116728  -52.517  4.423  3.059 0.0000000000
115619  -52.400  3.658  2.568 0.0000000000
116737  -52.443  4.299  2.336 0.0000000000
116761  -48.420  4.126  0.060 0.0000000000
116771  -48.339  4.467  -1.103 0.0000000000
116770  -47.657  5.090  -1.549 0.0000000000
116782  -47.714  5.154  -2.245 0.0000000000
120971  -47.091  9.425  -2.244 0.0000000000
119984  -45.231  8.270  -1.670 0.0000000000
120970  -45.743  9.267  -2.114 0.0000000000
122014  -45.956  9.961  -3.013 0.0000000000
122998  -45.701  10.551  -0.873 0.0000000000
123018  -46.117  11.051  -1.832 0.0000000000
123017  -44.953  10.951  -1.745 0.0000000000
123993  -44.429  11.210  -2.495 0.0000000000
121953  -43.404  9.381  2.402 0.0000000000
121968  -42.602  9.676  1.477 0.0000000000
110050  -41.630  -0.888  9.137 0.0000000000
111204  -40.794  -0.250  9.776 0.0000000000
112236  -41.425  0.915  10.007 0.0000000000
113252  -41.759  1.591  9.868 0.0000000000
114367  -42.555  2.378  9.109 0.0000000000
121840  -57.377  8.883  9.403 0.0000000000
122874  -57.286  9.521  9.273 0.0000000000
123912  -56.417  10.877  7.977 0.0000000000
123919  -56.284  11.020  6.877 0.0000000000
123918  -55.690  11.787  6.573 0.0000000000
124849  -55.491  12.647  7.295 0.0000000000
125782  -54.363  13.443  6.945 0.0000000000
106608  -47.829  -4.128  -8.815 0.0000000000
115406  -41.168  3.245  22.247 0.0000000000
116550  -41.555  3.695  22.675 0.0000000000
111195  -49.077  -0.616  10.691 0.0000000000
111194  -48.124  -0.797  10.825 0.0000000000
111193  -47.598  -0.869  10.900 0.0000000000
111179  -47.651  -0.650  11.423 0.0000000000
109973  -46.748  -1.244  13.231 0.0000000000
108785  -45.195  -1.718  13.690 0.0000000000
109955  -45.743  -1.630  14.128 0.0000000000
108629  -48.476  -3.115  25.550 0.0000000000
108628  -47.710  -2.886  25.179 0.0000000000
108610  -47.367  -2.538  26.086 0.0000000000
108627  -46.432  -2.129  25.144 0.0000000000
107381  -47.445  -2.721  28.321 0.0000000000
108564  -47.131  -2.137  28.537 0.0000000000
110141  -48.080  -1.198  1.035 0.0000000000
110151  -47.930  -1.450  -0.155 0.0000000000
110161  -47.902  -1.665  -1.126 0.0000000000
110162  -48.493  -1.022  -0.911 0.0000000000
110173  -48.458  -1.327  -1.995 0.0000000000
111328  -49.925  -0.042  -0.231 0.0000000000
112369  -50.344  0.582  -0.843 0.0000000000
116672  -46.414  5.189  12.074 0.0000000000
117798  -45.916  5.675  11.591 0.0000000000
117799  -47.063  5.700  11.393 0.0000000000
118856  -48.857  7.195  9.829 0.0000000000
119854  -48.098  7.360  9.676 0.0000000000
120813  -48.279  8.039  9.079 0.0000000000
120829  -47.764  8.342  8.439 0.0000000000
120830  -48.872  8.540  8.568 0.0000000000
122951  -53.683  10.192  2.122 0.0000000000
121959  -53.783  9.659  1.560 0.0000000000
119958  -52.938  7.538  0.581 0.0000000000
119940  -53.188  7.854  1.296 0.0000000000
118933  -51.705  6.010  1.739 0.0000000000
119936  -50.022  7.318  1.116 0.0000000000
118930  -49.022  6.730  1.327 0.0000000000
118929  -48.225  7.198  1.010 0.0000000000
118942  -47.354  6.831  0.556 0.0000000000
119934  -48.551  7.528  0.597 0.0000000000
120950  -49.016  8.832  -1.333 0.0000000000
120973  -49.117  9.480  -2.173 0.0000000000
122960  -47.696  10.335  1.233 0.0000000000
121972  -46.458  9.807  1.476 0.0000000000
122938  -46.813  10.223  3.250 0.0000000000
121956  -46.294  9.701  2.395 0.0000000000
121925  -45.821  9.849  4.000 0.0000000000
105232  -47.718  -6.142  5.371 0.0000000000
104065  -47.992  -6.369  4.363 0.0000000000
105231  -46.756  -5.565  5.428 0.0000000000
106429  -46.114  -4.519  5.526 0.0000000000
107645  -46.379  -3.536  5.129 0.0000000000
106443  -46.845  -4.465  4.394 0.0000000000
111236  -43.252  -0.526  7.815 0.0000000000
110065  -43.936  -1.541  7.415 0.0000000000
111237  -44.248  -0.518  7.224 0.0000000000
111250  -45.789  -0.425  6.446 0.0000000000
110078  -46.227  -0.877  6.170 0.0000000000
108887  -46.883  -2.576  5.054 0.0000000000
110090  -46.784  -1.215  5.598 0.0000000000
111266  -47.444  -0.459  5.753 0.0000000000
113288  -47.230  1.423  6.494 0.0000000000
111267  -48.125  -0.295  5.502 0.0000000000
112303  -48.208  0.623  5.391 0.0000000000
113302  -48.257  1.589  5.263 0.0000000000
118847  -52.207  6.875  10.670 0.0000000000
119842  -52.234  7.351  10.206 0.0000000000
120835  -54.020  8.767  8.531 0.0000000000
121881  -53.636  9.806  7.147 0.0000000000
121882  -54.783  9.961  6.857 0.0000000000
120838  -57.060  8.767  8.235 0.0000000000
120853  -56.395  9.121  7.250 0.0000000000
121915  -55.906  9.998  5.075 0.0000000000
122909  -55.530  10.114  5.344 0.0000000000
122908  -54.855  10.282  5.836 0.0000000000
122933  -54.943  10.418  3.824 0.0000000000
122969  -55.940  10.914  1.252 0.0000000000
122967  -55.267  10.151  1.197 0.0000000000
122968  -55.576  10.514  0.960 0.0000000000
122004  -54.939  9.678  -0.273 0.0000000000
122987  -55.134  10.179  -0.117 0.0000000000
122986  -54.458  10.330  -0.445 0.0000000000
123976  -55.057  10.938  0.281 0.0000000000
123967  -54.002  11.425  1.211 0.0000000000
123966  -52.750  11.164  1.091 0.0000000000
124875  -54.712  12.137  4.773 0.0000000000
123934  -54.720  11.902  4.041 0.0000000000
124874  -54.105  12.347  4.454 0.0000000000
124872  -52.601  12.658  4.098 0.0000000000
124885  -53.134  12.266  3.502 0.0000000000
124884  -52.388  12.415  3.379 0.0000000000
124894  -52.352  12.055  2.790 0.0000000000
124883  -51.480  12.165  3.134 0.0000000000
123942  -51.026  11.681  2.927 0.0000000000
125800  -50.331  13.756  4.372 0.0000000000
125806  -49.723  13.287  3.723 0.0000000000
111372  -46.978  -0.374  -7.559 0.0000000000
112193  -38.189  0.404  17.225 0.0000000000
113211  -38.238  1.330  15.799 0.0000000000
113207  -38.202  1.311  16.762 0.0000000000
114313  -39.200  2.959  15.914 0.0000000000
114314  -40.179  3.142  15.528 0.0000000000
114322  -41.275  3.358  14.515 0.0000000000
114315  -41.239  3.267  15.384 0.0000000000
115455  -40.078  3.862  18.981 0.0000000000
115456  -41.050  4.003  18.696 0.0000000000
115490  -43.388  3.466  16.699 0.0000000000
115489  -42.402  3.527  16.829 0.0000000000
115506  -43.399  3.435  15.689 0.0000000000
115522  -43.501  3.338  14.687 0.0000000000
115538  -44.631  3.694  13.655 0.0000000000
115523  -44.490  3.642  14.618 0.0000000000
116642  -46.892  4.348  14.368 0.0000000000
115540  -46.276  4.213  13.821 0.0000000000
116665  -48.352  5.253  12.594 0.0000000000
116657  -47.976  4.798  13.423 0.0000000000
114297  -48.638  2.773  17.944 0.0000000000
115461  -46.234  3.099  18.329 0.0000000000
114295  -46.995  2.801  17.837 0.0000000000
115494  -47.247  3.519  16.548 0.0000000000
115495  -48.263  3.490  16.537 0.0000000000
116645  -49.872  4.346  14.332 0.0000000000
116633  -49.384  4.036  14.752 0.0000000000
116659  -50.196  5.068  13.734 0.0000000000
117775  -49.694  5.456  12.937 0.0000000000
117776  -50.610  5.477  13.032 0.0000000000
117789  -51.109  5.797  12.401 0.0000000000
117777  -51.519  5.489  13.144 0.0000000000
117779  -53.438  5.413  13.470 0.0000000000
117791  -53.159  5.723  12.737 0.0000000000
118823  -53.869  6.166  12.336 0.0000000000
118824  -54.849  6.054  12.550 0.0000000000
106507  -54.976  -4.013  -0.087 0.0000000000
106472  -54.030  -4.806  2.342 0.0000000000
106481  -53.968  -4.912  1.466 0.0000000000
105277  -53.414  -5.261  2.334 0.0000000000
105276  -52.557  -5.510  2.406 0.0000000000
105263  -52.909  -5.342  3.360 0.0000000000
107636  -53.134  -3.133  6.754 0.0000000000
107637  -54.189  -2.855  6.404 0.0000000000
107647  -53.865  -3.509  6.066 0.0000000000
106434  -54.850  -3.394  4.965 0.0000000000
106433  -54.357  -3.781  5.280 0.0000000000
106447  -54.167  -4.437  4.582 0.0000000000
106432  -53.190  -4.158  5.661 0.0000000000
105227  -50.908  -4.896  5.991 0.0000000000
106430  -51.265  -4.846  5.848 0.0000000000
105235  -51.098  -5.241  5.335 0.0000000000
105225  -49.095  -5.576  6.228 0.0000000000
106408  -47.776  -4.873  7.591 0.0000000000
106396  -46.194  -4.364  8.686 0.0000000000
106405  -44.736  -3.901  8.445 0.0000000000
107609  -45.008  -3.627  9.078 0.0000000000
110019  -46.125  -1.427  10.588 0.0000000000
108818  -46.618  -2.418  10.031 0.0000000000
110018  -45.172  -1.520  10.816 0.0000000000
108816  -44.465  -1.942  10.416 0.0000000000
108815  -43.417  -2.009  10.665 0.0000000000
108829  -43.223  -2.420  9.790 0.0000000000
108814  -42.389  -2.251  10.677 0.0000000000
108813  -41.515  -2.145  10.634 0.0000000000
108803  -41.550  -2.282  11.636 0.0000000000
105132  -51.718  -4.961  17.315 0.0000000000
106313  -52.812  -4.594  16.623 0.0000000000
105124  -51.675  -4.955  18.281 0.0000000000
103904  -49.027  -6.394  22.217 0.0000000000
103915  -49.670  -6.348  21.137 0.0000000000
103881  -50.733  -6.171  22.423 0.0000000000
107476  -52.209  -3.809  20.863 0.0000000000
105105  -51.986  -5.166  20.842 0.0000000000
106293  -52.514  -4.272  19.918 0.0000000000
106297  -52.572  -4.310  19.223 0.0000000000
107514  -52.389  -3.806  18.755 0.0000000000
107530  -51.812  -3.381  18.175 0.0000000000
107513  -51.674  -3.595  18.921 0.0000000000
108708  -49.952  -2.940  17.451 0.0000000000
108728  -50.060  -2.760  16.537 0.0000000000
108727  -48.997  -2.758  16.547 0.0000000000
108726  -47.972  -2.856  16.573 0.0000000000
108725  -46.954  -2.853  16.654 0.0000000000
108724  -45.899  -2.890  16.659 0.0000000000
108699  -40.903  -2.045  18.337 0.0000000000
108719  -40.816  -2.298  17.394 0.0000000000
109924  -40.178  -1.771  17.730 0.0000000000
109931  -39.405  -1.579  17.031 0.0000000000
109930  -38.784  -0.981  17.263 0.0000000000
109923  -39.324  -1.040  18.043 0.0000000000
109898  -41.749  -1.022  21.626 0.0000000000
109905  -40.748  -0.911  20.417 0.0000000000
109868  -45.887  -1.257  25.183 0.0000000000
109881  -44.241  -1.153  23.599 0.0000000000
109882  -45.153  -1.071  24.431 0.0000000000
112166  -43.885  0.344  24.279 0.0000000000
112171  -42.185  0.337  23.068 0.0000000000
113182  -42.245  0.946  23.428 0.0000000000
114242  -42.027  1.774  23.330 0.0000000000
107796  -52.736  -2.903  -6.964 0.0000000000
107777  -52.150  -3.363  -6.441 0.0000000000
106597  -50.690  -3.586  -7.584 0.0000000000
104094  -48.402  -6.078  2.851 0.0000000000
104108  -49.199  -5.929  2.110 0.0000000000
105302  -48.389  -5.294  0.116 0.0000000000
105303  -49.293  -5.622  0.349 0.0000000000
107690  -47.258  -2.969  0.408 0.0000000000
106491  -47.503  -3.991  -0.303 0.0000000000
106527  -48.091  -4.352  -3.230 0.0000000000
106515  -48.129  -4.627  -2.462 0.0000000000
105349  -48.635  -4.888  -3.452 0.0000000000
105350  -49.383  -5.377  -3.146 0.0000000000
105375  -49.087  -4.448  -5.223 0.0000000000
106563  -49.346  -3.340  -6.725 0.0000000000
107794  -49.645  -3.010  -7.783 0.0000000000
107793  -49.399  -2.689  -7.646 0.0000000000
109052  -49.252  -1.882  -8.323 0.0000000000
110247  -49.152  -1.169  -7.986 0.0000000000
110257  -48.885  -1.268  -8.583 0.0000000000
111394  -49.059  -0.758  -8.359 0.0000000000
110212  -48.833  -1.225  -4.767 0.0000000000
111357  -49.147  -0.699  -4.433 0.0000000000
111367  -49.681  0.141  -5.927 0.0000000000
111375  -49.652  0.279  -7.062 0.0000000000
111384  -49.678  0.446  -7.680 0.0000000000
112409  -49.545  0.753  -7.311 0.0000000000
112401  -48.755  0.975  -8.017 0.0000000000
113379  -49.554  1.603  -4.483 0.0000000000
113383  -48.949  1.316  -6.064 0.0000000000
113378  -48.831  1.621  -5.059 0.0000000000
114336  -39.787  2.232  13.183 0.0000000000
114341  -39.829  2.076  12.483 0.0000000000
116676  -42.562  4.551  10.228 0.0000000000
115557  -41.615  3.517  10.602 0.0000000000
116680  -42.673  4.277  9.146 0.0000000000
117815  -43.202  4.855  8.708 0.0000000000
118840  -45.496  6.356  10.500 0.0000000000
117808  -44.510  5.756  10.674 0.0000000000
118853  -45.294  6.814  9.635 0.0000000000
118872  -45.692  6.817  7.388 0.0000000000
118864  -44.968  6.594  7.901 0.0000000000
118882  -45.361  5.850  7.054 0.0000000000
117828  -45.028  4.991  7.394 0.0000000000
117829  -45.673  4.571  7.185 0.0000000000
116696  -46.179  4.079  7.030 0.0000000000
116697  -46.811  4.209  6.416 0.0000000000
116707  -48.200  4.860  5.533 0.0000000000
115589  -48.899  3.439  5.561 0.0000000000
114404  -48.548  2.593  5.432 0.0000000000
114405  -49.262  2.935  5.197 0.0000000000
120814  -51.797  7.898  9.317 0.0000000000
119873  -50.849  7.810  9.081 0.0000000000
120833  -51.659  8.363  8.837 0.0000000000
121898  -51.296  10.184  6.575 0.0000000000
121896  -49.476  9.412  6.382 0.0000000000
121913  -49.782  9.418  5.345 0.0000000000
121943  -51.810  9.359  3.199 0.0000000000
118909  -50.983  6.829  3.492 0.0000000000
120900  -50.831  8.296  3.616 0.0000000000
119905  -50.034  7.434  4.242 0.0000000000
120887  -49.648  8.473  4.656 0.0000000000
118898  -49.821  6.514  4.393 0.0000000000
118897  -49.165  6.398  4.612 0.0000000000
117863  -50.209  5.555  4.400 0.0000000000
115600  -51.265  3.705  3.963 0.0000000000
116719  -50.671  4.577  4.417 0.0000000000
114414  -50.578  3.168  4.081 0.0000000000
114421  -50.371  2.679  3.790 0.0000000000
113321  -50.567  2.332  3.362 0.0000000000
112340  -50.894  1.647  2.534 0.0000000000
112341  -51.181  1.918  2.517 0.0000000000
113348  -52.176  1.802  0.978 0.0000000000
113355  -51.877  2.230  0.302 0.0000000000
114461  -51.737  2.501  0.277 0.0000000000
116735  -50.614  4.758  1.615 0.0000000000
116749  -51.093  4.460  1.595 0.0000000000
116748  -50.271  4.285  1.472 0.0000000000
115652  -49.016  3.719  -0.821 0.0000000000
115653  -50.143  3.114  -0.598 0.0000000000
115654  -50.527  2.717  -0.970 0.0000000000
115664  -50.285  3.070  -1.640 0.0000000000
115671  -49.996  3.334  -2.314 0.0000000000
116802  -48.894  4.093  -3.764 0.0000000000
115677  -48.557  3.784  -4.175 0.0000000000
115683  -48.322  3.403  -4.278 0.0000000000
116807  -48.055  3.971  -4.452 0.0000000000
117912  -46.080  6.383  -0.984 0.0000000000
118963  -44.939  7.363  -1.905 0.0000000000
118973  -45.650  6.166  -2.205 0.0000000000
123024  -51.585  10.066  -2.280 0.0000000000
122017  -49.052  9.914  -2.897 0.0000000000
122981  -49.569  10.425  -0.470 0.0000000000
123000  -47.842  10.513  -1.362 0.0000000000
123995  -46.478  11.452  -2.704 0.0000000000
123996  -47.325  11.551  -2.973 0.0000000000
124004  -46.782  11.606  -3.529 0.0000000000
124006  -48.050  11.296  -4.344 0.0000000000
124014  -46.825  11.559  -4.262 0.0000000000
123046  -45.576  10.512  -4.689 0.0000000000
124021  -45.394  11.399  -4.534 0.0000000000
123032  -43.473  10.813  -2.828 0.0000000000
120985  -43.130  9.472  -2.697 0.0000000000
120968  -43.254  8.331  -2.271 0.0000000000
120967  -42.455  8.923  -1.809 0.0000000000
120966  -41.740  9.467  -1.313 0.0000000000
122012  -41.489  9.714  -1.052 0.0000000000
122001  -41.173  10.085  -0.530 0.0000000000
121989  -44.839  9.885  0.767 0.0000000000
122973  -41.711  10.399  0.321 0.0000000000
121984  -40.019  9.774  0.350 0.0000000000
124860  -47.442  12.628  5.458 0.0000000000
123925  -47.476  12.035  4.855 0.0000000000
123923  -46.075  11.082  5.375 0.0000000000
121924  -45.173  9.654  4.361 0.0000000000
110002  -39.315  -1.062  11.665 0.0000000000
111192  -40.258  -0.193  10.268 0.0000000000
111177  -39.253  -0.199  11.290 0.0000000000
112226  -39.725  0.634  11.329 0.0000000000
113243  -40.606  1.658  10.807 0.0000000000
122873  -56.839  10.088  9.697 0.0000000000
123904  -55.911  11.574  8.650 0.0000000000
125765  -55.213  13.081  9.033 0.0000000000
115391  -42.226  3.180  24.120 0.0000000000
111167  -50.041  -0.373  12.187 0.0000000000
111166  -49.111  -0.506  12.199 0.0000000000
111165  -48.211  -0.605  12.055 0.0000000000
109995  -48.569  -0.776  12.596 0.0000000000
109957  -47.418  -1.718  13.976 0.0000000000
107395  -48.374  -3.270  27.317 0.0000000000
108576  -48.180  -2.892  27.598 0.0000000000
107394  -47.994  -3.170  28.013 0.0000000000
105291  -52.335  -5.524  1.501 0.0000000000
105306  -52.166  -5.461  0.611 0.0000000000
105305  -51.255  -5.582  0.559 0.0000000000
105304  -50.271  -5.655  0.510 0.0000000000
110115  -48.368  -0.924  3.764 0.0000000000
110128  -47.910  -1.227  2.346 0.0000000000
110142  -48.645  -0.747  0.755 0.0000000000
111321  -50.020  -0.007  0.903 0.0000000000
117785  -47.710  5.296  11.899 0.0000000000
117811  -47.900  5.985  10.746 0.0000000000
117812  -48.797  5.889  10.699 0.0000000000
118857  -49.496  6.993  9.871 0.0000000000
121991  -54.389  8.919  0.282 0.0000000000
120936  -53.900  8.416  0.277 0.0000000000
120935  -53.428  8.022  -0.124 0.0000000000
119975  -52.874  7.788  -0.087 0.0000000000
119957  -52.004  7.518  0.231 0.0000000000
120934  -51.495  7.819  -0.078 0.0000000000
119955  -49.980  7.835  0.262 0.0000000000
119973  -49.615  8.182  -0.294 0.0000000000
120932  -50.305  8.330  -0.425 0.0000000000
124890  -49.319  11.837  2.739 0.0000000000
123950  -48.845  11.377  2.350 0.0000000000
123949  -48.224  11.196  2.537 0.0000000000
122949  -47.682  10.704  2.257 0.0000000000
122939  -47.490  10.714  3.179 0.0000000000
122928  -47.222  10.737  3.874 0.0000000000
106418  -45.300  -4.440  6.786 0.0000000000
107633  -44.923  -3.436  6.392 0.0000000000
112269  -43.801  0.462  7.634 0.0000000000
112270  -44.668  0.476  7.138 0.0000000000
112271  -45.332  0.733  7.091 0.0000000000
112284  -45.943  0.408  6.710 0.0000000000
111265  -46.911  -0.315  6.001 0.0000000000
113286  -46.361  0.901  7.018 0.0000000000
113287  -46.812  1.182  6.900 0.0000000000
120817  -54.645  8.246  9.191 0.0000000000
121902  -56.186  10.042  5.564 0.0000000000
121916  -56.010  10.254  4.741 0.0000000000
121930  -55.805  10.405  4.324 0.0000000000
122944  -55.540  10.663  2.832 0.0000000000
123969  -55.739  11.047  1.142 0.0000000000
123956  -54.606  11.579  2.252 0.0000000000
125793  -54.238  13.068  6.330 0.0000000000
124863  -53.392  12.832  5.250 0.0000000000
125802  -52.174  13.125  4.588 0.0000000000
113198  -39.050  1.395  18.925 0.0000000000
114303  -38.577  2.049  17.296 0.0000000000
114280  -38.823  1.871  18.435 0.0000000000
114293  -39.109  2.431  17.982 0.0000000000
115486  -39.672  3.120  17.776 0.0000000000
115457  -42.088  4.069  18.539 0.0000000000
115508  -45.389  3.739  15.598 0.0000000000
115509  -46.418  3.785  15.495 0.0000000000
115479  -49.019  3.223  17.325 0.0000000000
115496  -49.330  3.468  16.468 0.0000000000
115527  -50.577  3.974  14.890 0.0000000000
116646  -51.075  4.562  14.529 0.0000000000
117763  -51.832  5.234  14.003 0.0000000000
117764  -52.806  5.210  14.112 0.0000000000
106494  -55.267  -4.159  0.564 0.0000000000
106483  -55.520  -4.234  1.465 0.0000000000
106462  -53.836  -4.796  3.452 0.0000000000
107627  -52.381  -3.043  7.416 0.0000000000
107635  -52.224  -3.608  6.886 0.0000000000
106422  -52.159  -4.138  6.316 0.0000000000
107634  -51.690  -3.978  6.842 0.0000000000
106411  -50.502  -4.176  7.122 0.0000000000
106410  -49.787  -4.455  7.132 0.0000000000
105218  -49.275  -5.036  6.889 0.0000000000
106409  -48.833  -4.538  7.568 0.0000000000
107611  -47.726  -3.639  8.467 0.0000000000
107594  -46.323  -3.458  9.398 0.0000000000
109990  -44.757  -1.524  12.284 0.0000000000
110006  -44.803  -1.476  11.579 0.0000000000
108795  -44.294  -1.632  12.504 0.0000000000
108793  -42.383  -2.332  12.714 0.0000000000
106265  -51.139  -4.618  23.556 0.0000000000
105084  -51.165  -5.536  23.143 0.0000000000
106266  -51.637  -4.590  22.882 0.0000000000
107475  -51.799  -3.606  21.468 0.0000000000
107488  -51.669  -3.445  20.517 0.0000000000
107512  -50.782  -3.460  19.053 0.0000000000
107498  -50.788  -3.394  19.904 0.0000000000
107511  -49.866  -3.335  19.174 0.0000000000
107527  -48.987  -3.214  18.387 0.0000000000
108706  -48.012  -3.178  17.546 0.0000000000
107526  -48.208  -3.485  18.466 0.0000000000
107508  -47.260  -3.623  18.936 0.0000000000
108690  -46.410  -3.312  18.264 0.0000000000
108686  -42.473  -2.468  18.911 0.0000000000
108677  -42.329  -2.379  19.946 0.0000000000
108685  -41.398  -2.001  19.104 0.0000000000
109912  -41.020  -1.607  19.697 0.0000000000
108676  -41.627  -1.903  20.215 0.0000000000
109907  -42.045  -1.605  21.368 0.0000000000
109899  -42.312  -1.243  22.022 0.0000000000
106566  -51.387  -4.081  -5.828 0.0000000000
106565  -50.451  -4.215  -6.335 0.0000000000
105271  -47.591  -5.165  2.241 0.0000000000
105301  -47.766  -4.711  -0.028 0.0000000000
107713  -47.693  -3.192  -1.901 0.0000000000
106526  -47.931  -3.673  -3.585 0.0000000000
106540  -48.368  -4.255  -4.152 0.0000000000
107762  -48.558  -3.402  -5.466 0.0000000000
107776  -48.804  -2.915  -6.189 0.0000000000
109025  -48.712  -2.025  -6.074 0.0000000000
110225  -48.958  -1.186  -5.836 0.0000000000
111350  -49.667  0.030  -3.349 0.0000000000
112396  -49.611  0.762  -5.217 0.0000000000
114481  -49.828  2.594  -3.592 0.0000000000
115544  -40.886  3.401  13.342 0.0000000000
115551  -40.760  3.283  12.426 0.0000000000
116668  -42.185  4.206  11.110 0.0000000000
117807  -43.458  5.453  10.044 0.0000000000
120828  -46.789  7.967  8.458 0.0000000000
119869  -46.003  7.438  8.491 0.0000000000
120848  -46.568  7.803  7.701 0.0000000000
119890  -46.440  7.407  7.179 0.0000000000
118883  -46.083  6.504  6.841 0.0000000000
117840  -46.837  5.325  6.181 0.0000000000
118884  -47.146  6.396  6.104 0.0000000000
117841  -47.668  5.428  5.637 0.0000000000
117849  -48.414  5.423  5.276 0.0000000000
121880  -52.625  9.799  7.446 0.0000000000
122893  -52.210  10.015  6.980 0.0000000000
122905  -51.892  10.275  6.395 0.0000000000
122916  -51.216  10.335  5.687 0.0000000000
119922  -51.889  7.253  2.323 0.0000000000
120901  -51.312  8.280  3.102 0.0000000000
119921  -51.533  7.316  2.836 0.0000000000
118910  -51.562  6.294  3.287 0.0000000000
118900  -51.335  5.785  3.727 0.0000000000
117864  -51.138  5.351  4.118 0.0000000000
115601  -51.936  3.999  3.900 0.0000000000
115608  -52.096  3.552  3.328 0.0000000000
114435  -51.792  2.829  2.547 0.0000000000
115618  -52.128  3.285  2.689 0.0000000000
114445  -52.093  3.235  1.781 0.0000000000
114455  -52.051  3.328  1.490 0.0000000000
116747  -49.173  4.297  1.181 0.0000000000
116792  -48.452  4.668  -3.539 0.0000000000
117944  -47.854  4.722  -3.864 0.0000000000
117924  -47.625  5.165  -2.679 0.0000000000
119970  -46.982  8.222  -0.737 0.0000000000
119969  -46.010  8.465  -1.249 0.0000000000
122984  -52.517  10.463  -0.320 0.0000000000
123004  -51.667  10.383  -1.579 0.0000000000
123002  -49.788  10.438  -1.734 0.0000000000
124003  -45.768  11.387  -3.347 0.0000000000
124012  -44.987  11.409  -3.955 0.0000000000
124002  -44.835  11.322  -3.173 0.0000000000
123031  -42.801  10.559  -2.078 0.0000000000
123015  -42.570  10.547  -1.340 0.0000000000
121987  -42.851  9.988  0.759 0.0000000000
121951  -41.141  9.631  2.291 0.0000000000
108848  -42.118  -2.037  9.175 0.0000000000
110064  -43.024  -1.614  8.054 0.0000000000
110051  -42.134  -1.471  8.741 0.0000000000
111220  -42.502  -0.511  8.325 0.0000000000
111221  -42.859  -0.047  8.147 0.0000000000
112244  -41.206  0.313  9.720 0.0000000000
112245  -41.868  0.520  9.399 0.0000000000
113263  -43.493  1.372  8.131 0.0000000000
114378  -43.853  2.286  8.158 0.0000000000
120819  -57.028  8.464  8.879 0.0000000000
121862  -56.999  9.230  7.645 0.0000000000
122885  -57.051  9.901  8.511 0.0000000000
123935  -55.248  11.624  4.384 0.0000000000
123926  -55.464  11.668  5.517 0.0000000000
124855  -54.539  12.967  6.348 0.0000000000
125772  -53.641  13.976  7.587 0.0000000000
114251  -40.608  2.277  21.487 0.0000000000
115429  -39.308  3.004  20.641 0.0000000000
115419  -40.084  2.978  21.200 0.0000000000
115431  -40.141  3.727  20.697 0.0000000000
116591  -40.785  4.315  20.377 0.0000000000
116566  -41.376  4.246  22.006 0.0000000000
116579  -41.510  4.811  20.962 0.0000000000
116592  -41.623  4.624  20.030 0.0000000000
108834  -49.917  -2.114  9.093 0.0000000000
110035  -48.224  -1.876  9.813 0.0000000000
110034  -47.652  -2.003  9.997 0.0000000000
110020  -47.430  -1.449  10.505 0.0000000000
111178  -47.234  -0.621  11.817 0.0000000000
109992  -46.157  -0.946  12.383 0.0000000000
109991  -45.331  -1.360  12.343 0.0000000000
109971  -44.930  -1.557  12.960 0.0000000000
103913  -47.907  -6.776  21.521 0.0000000000
103903  -48.053  -6.317  22.662 0.0000000000
103879  -49.267  -6.091  23.085 0.0000000000
105082  -49.312  -5.715  23.812 0.0000000000
105061  -50.096  -5.456  24.414 0.0000000000
106258  -50.666  -4.504  24.239 0.0000000000
108658  -45.006  -2.651  22.721 0.0000000000
108641  -45.323  -2.141  23.827 0.0000000000
108590  -46.843  -1.500  26.395 0.0000000000
108575  -47.736  -2.369  27.751 0.0000000000
109843  -47.335  -1.429  27.413 0.0000000000
108941  -47.500  -1.946  0.462 0.0000000000
108964  -47.705  -2.397  -1.403 0.0000000000
108975  -47.966  -2.188  -2.365 0.0000000000
108986  -48.358  -1.755  -3.161 0.0000000000
108999  -48.359  -1.931  -4.078 0.0000000000
108976  -48.356  -1.603  -2.605 0.0000000000
110185  -48.707  -1.170  -2.961 0.0000000000
111341  -49.170  -0.583  -2.644 0.0000000000
111327  -49.174  -0.447  -0.602 0.0000000000
111342  -49.843  -0.041  -2.307 0.0000000000
112375  -50.352  0.681  -1.930 0.0000000000
115555  -44.683  4.397  12.300 0.0000000000
116670  -44.186  4.715  11.779 0.0000000000
118828  -45.935  6.138  11.125 0.0000000000
118854  -46.215  6.833  9.974 0.0000000000
118842  -47.544  6.539  10.415 0.0000000000
119840  -47.501  6.979  9.964 0.0000000000
119853  -46.959  7.316  9.510 0.0000000000
120850  -48.150  8.672  7.584 0.0000000000
120863  -48.325  8.675  6.576 0.0000000000
122931  -53.141  10.470  4.070 0.0000000000
121944  -52.473  9.756  2.707 0.0000000000
121957  -52.264  9.020  2.449 0.0000000000
121973  -53.531  9.023  1.295 0.0000000000
120919  -53.057  8.313  1.495 0.0000000000
120909  -52.472  8.201  2.098 0.0000000000
117897  -52.203  4.762  2.058 0.0000000000
117895  -51.020  5.171  1.643 0.0000000000
119937  -50.995  6.946  1.018 0.0000000000
118931  -50.033  6.333  1.510 0.0000000000
117904  -47.351  5.841  0.199 0.0000000000
118941  -46.918  7.434  -0.078 0.0000000000
119972  -48.922  8.212  -0.497 0.0000000000
119971  -48.037  8.314  -0.624 0.0000000000
120948  -47.099  8.945  -1.532 0.0000000000
122016  -48.026  9.826  -3.034 0.0000000000
123964  -50.735  11.190  1.506 0.0000000000
122963  -50.187  10.716  0.568 0.0000000000
122961  -48.587  10.471  1.178 0.0000000000
122977  -45.231  10.297  0.068 0.0000000000
121971  -45.575  9.601  1.536 0.0000000000
121970  -44.606  9.587  1.544 0.0000000000
121954  -44.421  9.434  2.428 0.0000000000
121939  -44.272  9.407  3.393 0.0000000000
104066  -48.853  -6.512  4.133 0.0000000000
104082  -49.333  -6.434  3.291 0.0000000000
104080  -47.669  -6.134  3.918 0.0000000000
105243  -46.794  -5.254  4.531 0.0000000000
105259  -47.446  -5.550  3.497 0.0000000000
106459  -46.973  -4.942  3.764 0.0000000000
106444  -47.039  -4.043  4.058 0.0000000000
107659  -47.276  -3.552  3.955 0.0000000000
108874  -45.214  -2.479  6.213 0.0000000000
108886  -45.919  -2.535  5.484 0.0000000000
110089  -46.323  -1.933  5.531 0.0000000000
108901  -47.264  -3.095  4.485 0.0000000000
108902  -47.745  -2.501  4.204 0.0000000000
110102  -48.233  -1.514  4.283 0.0000000000
110092  -48.336  -0.648  5.094 0.0000000000
110103  -48.425  -0.785  4.612 0.0000000000
112325  -49.060  0.575  4.129 0.0000000000
112315  -49.035  1.438  4.370 0.0000000000
118831  -50.681  6.188  10.887 0.0000000000
118845  -50.528  6.385  10.314 0.0000000000
118860  -51.649  7.066  10.258 0.0000000000
119858  -51.758  7.505  9.748 0.0000000000
120815  -52.352  8.114  9.333 0.0000000000
120816  -53.413  8.287  9.290 0.0000000000
120834  -52.834  8.668  8.690 0.0000000000
122895  -53.411  10.176  6.533 0.0000000000
122907  -53.791  10.351  5.934 0.0000000000
121861  -55.338  9.365  7.451 0.0000000000
121883  -55.791  9.643  6.760 0.0000000000
122919  -53.978  10.376  4.932 0.0000000000
122932  -54.102  10.393  3.900 0.0000000000
122942  -54.253  10.488  2.899 0.0000000000
122952  -54.417  10.242  1.859 0.0000000000
122953  -54.979  10.479  2.019 0.0000000000
122966  -54.859  10.030  1.290 0.0000000000
121992  -54.743  9.274  0.070 0.0000000000
122003  -54.620  9.243  -0.739 0.0000000000
123027  -54.012  9.283  -1.466 0.0000000000
122021  -52.840  9.345  -1.669 0.0000000000
123026  -53.588  9.473  -1.520 0.0000000000
123006  -53.629  9.927  -1.206 0.0000000000
123975  -54.385  10.958  0.266 0.0000000000
122965  -51.862  10.706  0.431 0.0000000000
123965  -51.644  11.170  1.347 0.0000000000
124886  -53.707  12.201  3.808 0.0000000000
123943  -53.619  11.993  3.336 0.0000000000
123952  -50.414  11.632  2.652 0.0000000000
124892  -50.110  12.138  3.134 0.0000000000
125808  -51.133  12.757  3.728 0.0000000000
124881  -49.956  12.701  3.170 0.0000000000
125805  -49.099  13.151  4.045 0.0000000000
112202  -38.017  0.270  15.275 0.0000000000
113220  -38.685  1.085  13.771 0.0000000000
113214  -38.526  1.394  14.756 0.0000000000
113215  -39.055  1.829  14.148 0.0000000000
114330  -39.698  2.384  14.003 0.0000000000
114312  -38.549  2.226  16.369 0.0000000000
114320  -39.277  2.546  14.864 0.0000000000
114331  -40.549  2.984  13.806 0.0000000000
114332  -41.056  3.409  14.065 0.0000000000
115535  -41.572  3.467  13.994 0.0000000000
115536  -42.585  3.331  13.826 0.0000000000
115454  -39.272  3.370  19.415 0.0000000000
115470  -40.265  3.628  18.154 0.0000000000
115487  -40.314  3.392  17.332 0.0000000000
115488  -41.302  3.424  16.923 0.0000000000
115504  -41.653  3.393  16.190 0.0000000000
115521  -42.368  3.347  14.759 0.0000000000
115547  -43.800  3.617  12.822 0.0000000000
115548  -44.784  3.999  12.843 0.0000000000
115549  -45.532  4.200  12.980 0.0000000000
116663  -46.074  4.568  12.676 0.0000000000
115524  -45.438  3.870  14.555 0.0000000000
116655  -46.039  4.249  13.287 0.0000000000
116664  -47.164  5.069  12.618 0.0000000000
117786  -48.473  5.449  11.807 0.0000000000
117787  -49.210  5.576  12.130 0.0000000000
116631  -47.682  4.072  14.985 0.0000000000
115511  -48.494  3.697  15.668 0.0000000000
116632  -48.623  4.045  14.877 0.0000000000
116658  -49.101  4.987  13.461 0.0000000000
117802  -49.919  5.816  11.323 0.0000000000
117803  -50.804  6.049  11.644 0.0000000000
118832  -51.565  6.416  11.233 0.0000000000
118833  -52.584  6.549  11.373 0.0000000000
117790  -52.101  5.892  12.492 0.0000000000
118822  -52.891  6.178  12.044 0.0000000000
118848  -53.264  6.952  10.982 0.0000000000
118849  -54.075  6.948  11.245 0.0000000000
119834  -54.752  7.155  11.188 0.0000000000
119835  -55.516  7.100  11.422 0.0000000000
106493  -54.557  -4.508  0.588 0.0000000000
106492  -53.797  -4.865  0.560 0.0000000000
105307  -53.018  -5.320  0.596 0.0000000000
105261  -50.897  -5.865  3.199 0.0000000000
106461  -53.112  -5.105  3.878 0.0000000000
106431  -51.950  -4.731  5.520 0.0000000000
106445  -52.178  -5.058  4.901 0.0000000000
105248  -52.735  -5.191  4.054 0.0000000000
105247  -52.029  -5.338  4.374 0.0000000000
105246  -50.755  -5.828  4.235 0.0000000000
105245  -50.071  -6.109  4.579 0.0000000000
104055  -49.268  -6.333  4.775 0.0000000000
105223  -47.090  -5.599  6.416 0.0000000000
105216  -47.492  -5.394  6.975 0.0000000000
106406  -45.389  -4.411  8.010 0.0000000000
107622  -43.364  -2.840  8.658 0.0000000000
108832  -47.588  -2.480  9.505 0.0000000000
108831  -46.944  -2.919  9.521 0.0000000000
107581  -45.730  -2.997  10.021 0.0000000000
108806  -44.452  -1.520  11.082 0.0000000000
107580  -44.946  -2.725  10.067 0.0000000000
107593  -45.218  -3.465  9.428 0.0000000000
107591  -43.690  -2.701  9.522 0.0000000000
107607  -43.626  -2.959  9.142 0.0000000000
108849  -42.709  -2.441  8.976 0.0000000000
108827  -41.357  -1.910  10.138 0.0000000000
110016  -40.906  -1.779  10.575 0.0000000000
109987  -38.732  -1.158  12.669 0.0000000000
111142  -38.167  -0.704  14.580 0.0000000000
109960  -50.551  -1.523  14.276 0.0000000000
106314  -53.579  -4.654  16.469 0.0000000000
106308  -53.417  -4.370  17.190 0.0000000000
106309  -54.128  -4.332  17.189 0.0000000000
103924  -49.599  -6.208  20.455 0.0000000000
105110  -50.769  -5.664  20.504 0.0000000000
105100  -51.353  -5.727  22.211 0.0000000000
105117  -51.873  -4.916  19.188 0.0000000000
106300  -52.349  -4.579  18.767 0.0000000000
106301  -52.728  -4.207  18.490 0.0000000000
107532  -53.509  -3.726  17.687 0.0000000000
108711  -52.846  -2.976  17.422 0.0000000000
108730  -52.052  -2.471  16.783 0.0000000000
107529  -50.868  -3.273  18.241 0.0000000000
108709  -50.987  -2.971  17.463 0.0000000000
108751  -51.285  -2.456  15.792 0.0000000000
109943  -50.671  -2.057  15.076 0.0000000000
108771  -49.999  -1.929  14.679 0.0000000000
108770  -49.201  -2.084  14.700 0.0000000000
108769  -48.201  -2.269  14.689 0.0000000000
108768  -47.188  -2.318  14.695 0.0000000000
108747  -47.019  -2.663  15.614 0.0000000000
108767  -46.239  -2.110  14.777 0.0000000000
108745  -44.977  -2.640  15.600 0.0000000000
108744  -43.915  -2.550  15.731 0.0000000000
107484  -48.077  -3.595  20.782 0.0000000000
107494  -47.150  -3.596  19.835 0.0000000000
107507  -46.178  -3.282  18.798 0.0000000000
107506  -45.369  -3.366  18.828 0.0000000000
107523  -45.502  -3.310  18.369 0.0000000000
108703  -44.845  -3.279  17.823 0.0000000000
108722  -43.794  -2.747  16.805 0.0000000000
109953  -38.583  -1.576  15.210 0.0000000000
111133  -37.998  -0.695  15.705 0.0000000000
111125  -38.070  -0.449  16.622 0.0000000000
111121  -38.718  -0.391  17.763 0.0000000000
112186  -38.632  0.399  18.068 0.0000000000
109915  -39.790  -0.879  19.066 0.0000000000
111111  -39.890  -0.364  19.347 0.0000000000
112187  -39.017  0.679  18.662 0.0000000000
112178  -39.829  1.100  19.945 0.0000000000
113186  -40.817  1.429  21.272 0.0000000000
108640  -44.403  -1.716  23.354 0.0000000000
109894  -43.264  -1.192  22.891 0.0000000000
112170  -41.674  0.258  22.287 0.0000000000
113187  -41.321  1.076  21.837 0.0000000000
114252  -41.146  1.826  21.949 0.0000000000
114229  -42.414  2.099  23.998 0.0000000000
113166  -43.940  0.935  25.070 0.0000000000
113165  -43.121  1.439  24.607 0.0000000000
114219  -42.734  2.323  24.718 0.0000000000
107825  -52.040  -4.004  -8.998 0.0000000000
107824  -51.394  -3.865  -9.002 0.0000000000
107823  -50.515  -3.793  -9.035 0.0000000000
104096  -49.856  -6.221  2.483 0.0000000000
105319  -50.251  -5.665  -0.595 0.0000000000
106480  -47.349  -4.056  0.816 0.0000000000
106502  -47.781  -4.231  -1.461 0.0000000000
105334  -49.308  -5.560  -2.008 0.0000000000
105377  -50.265  -5.114  -4.925 0.0000000000
105390  -50.426  -4.659  -5.639 0.0000000000
106553  -49.234  -4.328  -5.546 0.0000000000
106564  -49.630  -4.091  -6.270 0.0000000000
106581  -50.319  -3.744  -7.122 0.0000000000
107809  -50.219  -3.421  -8.531 0.0000000000
110256  -48.381  -1.297  -8.919 0.0000000000
111392  -48.182  -0.625  -8.852 0.0000000000
111383  -49.561  -0.188  -8.031 0.0000000000
111382  -48.598  0.158  -8.554 0.0000000000
112394  -48.303  1.093  -7.092 0.0000000000
113391  -49.176  1.183  -6.438 0.0000000000
112395  -48.720  1.289  -6.475 0.0000000000
112388  -48.190  1.085  -5.711 0.0000000000
113228  -39.367  1.392  12.631 0.0000000000
113234  -39.729  1.504  11.928 0.0000000000
114350  -40.481  2.277  11.282 0.0000000000
114343  -40.691  2.950  11.616 0.0000000000
114351  -40.948  2.700  10.849 0.0000000000
114358  -41.546  2.528  10.199 0.0000000000
115563  -42.840  3.291  8.871 0.0000000000
115564  -43.478  3.200  8.418 0.0000000000
115566  -44.117  3.170  8.023 0.0000000000
116677  -43.668  5.102  10.982 0.0000000000
119851  -45.213  7.093  8.834 0.0000000000
118852  -44.425  6.461  9.019 0.0000000000
117816  -43.662  5.616  9.049 0.0000000000
117820  -44.045  5.122  8.089 0.0000000000
117827  -44.551  4.545  7.690 0.0000000000
115568  -45.423  3.202  7.433 0.0000000000
115577  -46.056  3.198  7.106 0.0000000000
114395  -47.501  2.354  6.424 0.0000000000
115579  -47.589  3.357  6.278 0.0000000000
114403  -48.023  2.158  5.842 0.0000000000
113312  -48.624  1.860  4.644 0.0000000000
113313  -49.194  2.002  4.206 0.0000000000
119856  -50.182  7.417  9.472 0.0000000000
119872  -50.046  8.060  9.047 0.0000000000
121857  -51.090  9.159  8.124 0.0000000000
121856  -50.112  9.064  8.123 0.0000000000
120831  -49.780  8.569  8.601 0.0000000000
121877  -49.405  9.194  7.425 0.0000000000
121895  -48.931  9.077  6.762 0.0000000000
120875  -48.484  8.333  5.733 0.0000000000
122930  -52.088  10.300  4.215 0.0000000000
122929  -51.284  10.099  4.725 0.0000000000
121914  -50.550  9.843  5.102 0.0000000000
121927  -50.756  9.254  4.199 0.0000000000
121926  -50.130  9.147  4.620 0.0000000000
119898  -48.702  7.995  5.239 0.0000000000
119903  -48.734  6.889  4.808 0.0000000000
117850  -49.321  5.373  4.780 0.0000000000
116709  -49.832  4.400  4.869 0.0000000000
115590  -49.587  3.590  5.145 0.0000000000
114413  -49.806  2.822  4.463 0.0000000000
113320  -49.936  2.032  3.588 0.0000000000
112355  -50.845  0.561  0.811 0.0000000000
113341  -51.736  2.101  1.894 0.0000000000
116750  -51.863  4.340  1.701 0.0000000000
115631  -51.493  3.791  1.458 0.0000000000
115644  -51.328  3.308  0.942 0.0000000000
115629  -49.980  3.653  1.047 0.0000000000
114452  -50.896  3.075  0.247 0.0000000000
114453  -51.199  3.022  0.321 0.0000000000
114460  -51.170  2.491  -0.228 0.0000000000
114468  -50.538  2.377  -1.386 0.0000000000
115670  -49.621  3.546  -3.053 0.0000000000
115678  -49.148  3.341  -3.917 0.0000000000
117913  -46.893  5.764  -0.964 0.0000000000
118964  -45.531  6.556  -1.654 0.0000000000
122020  -51.717  9.691  -2.038 0.0000000000
122019  -50.857  9.693  -2.575 0.0000000000
122036  -50.850  10.034  -2.937 0.0000000000
123023  -50.963  10.336  -2.491 0.0000000000
123037  -50.651  10.144  -2.918 0.0000000000
122018  -50.206  9.840  -2.948 0.0000000000
122033  -47.845  9.940  -3.774 0.0000000000
123020  -47.965  10.987  -2.705 0.0000000000
123036  -48.396  10.904  -3.875 0.0000000000
123049  -48.048  10.721  -4.476 0.0000000000
122032  -46.747  10.179  -3.884 0.0000000000
123034  -45.925  10.373  -4.256 0.0000000000
122045  -45.056  10.135  -4.180 0.0000000000
122030  -44.456  9.719  -3.586 0.0000000000
122043  -44.478  10.580  -3.933 0.0000000000
119982  -43.630  7.713  -2.528 0.0000000000
120946  -41.885  8.467  -0.955 0.0000000000
122995  -42.176  10.548  -0.528 0.0000000000
122974  -42.199  10.410  0.209 0.0000000000
121965  -39.360  9.712  1.336 0.0000000000
126751  -53.281  14.119  7.908 0.0000000000
126783  -51.225  14.517  6.007 0.0000000000
126782  -50.272  14.639  5.803 0.0000000000
125789  -49.940  14.286  5.059 0.0000000000
125788  -49.208  14.034  5.207 0.0000000000
125798  -48.829  13.426  4.752 0.0000000000
125787  -48.596  13.759  5.593 0.0000000000
124861  -48.204  13.029  5.087 0.0000000000
123931  -47.091  11.080  4.338 0.0000000000
122927  -46.505  10.498  4.203 0.0000000000
122915  -46.117  10.800  4.891 0.0000000000
103878  -48.728  -5.952  23.305 0.0000000000
103905  -49.843  -6.282  21.937 0.0000000000
103906  -50.601  -6.180  21.689 0.0000000000
103925  -50.199  -6.021  20.630 0.0000000000
103928  -48.728  -6.386  19.747 0.0000000000
103929  -49.311  -6.136  20.105 0.0000000000
104056  -49.766  -6.206  4.685 0.0000000000
104067  -49.845  -6.313  4.078 0.0000000000
104068  -50.438  -6.121  3.674 0.0000000000
104095  -48.973  -6.161  2.572 0.0000000000
104109  -49.531  -6.001  2.061 0.0000000000
105045  -50.523  -5.000  24.670 0.0000000000
105060  -49.241  -5.455  24.687 0.0000000000
105062  -50.720  -5.163  24.008 0.0000000000
105083  -50.167  -5.715  23.583 0.0000000000
105085  -51.824  -5.126  22.537 0.0000000000
105101  -51.954  -5.156  21.792 0.0000000000
105104  -51.237  -5.739  21.355 0.0000000000
105106  -52.298  -4.766  20.215 0.0000000000
105109  -50.079  -5.981  20.412 0.0000000000
105111  -51.755  -5.156  20.010 0.0000000000
105116  -50.796  -5.368  19.589 0.0000000000
105118  -52.370  -4.622  19.342 0.0000000000
105121  -49.079  -5.888  19.382 0.0000000000
105131  -50.683  -5.307  17.538 0.0000000000
105215  -47.051  -5.341  6.918 0.0000000000
105217  -48.437  -5.322  7.014 0.0000000000
105233  -48.753  -6.134  5.507 0.0000000000
105260  -48.063  -5.986  3.017 0.0000000000
105273  -48.957  -5.889  2.175 0.0000000000
105389  -49.999  -4.484  -5.903 0.0000000000
106288  -49.735  -3.519  22.249 0.0000000000
106289  -52.286  -4.391  21.343 0.0000000000
106290  -52.387  -4.353  20.592 0.0000000000
106296  -52.395  -4.597  19.096 0.0000000000
106306  -52.310  -4.584  18.135 0.0000000000
106384  -45.380  -3.737  9.138 0.0000000000
106394  -44.839  -3.780  8.749 0.0000000000
106395  -45.213  -3.882  8.857 0.0000000000
106398  -48.093  -4.166  8.000 0.0000000000
106420  -50.384  -4.515  6.744 0.0000000000
106551  -48.436  -3.553  -5.159 0.0000000000
106595  -50.065  -3.204  -8.144 0.0000000000
107440  -45.508  -2.822  23.233 0.0000000000
107462  -51.554  -3.832  22.399 0.0000000000
107473  -49.851  -3.472  21.829 0.0000000000
107489  -52.235  -3.787  20.204 0.0000000000
107500  -52.287  -3.833  19.482 0.0000000000
107509  -48.285  -3.555  19.246 0.0000000000
107524  -45.650  -3.249  18.137 0.0000000000
107525  -47.703  -3.565  18.623 0.0000000000
107579  -44.585  -2.466  10.017 0.0000000000
107592  -44.225  -2.775  9.741 0.0000000000
107610  -46.917  -3.798  8.732 0.0000000000
107646  -53.230  -3.645  6.234 0.0000000000
107736  -47.850  -2.981  -3.552 0.0000000000
108565  -47.448  -2.222  28.303 0.0000000000
108609  -46.701  -1.850  26.037 0.0000000000
108611  -48.304  -2.999  26.087 0.0000000000
108663  -42.397  -1.757  21.559 0.0000000000
108671  -41.701  -1.756  20.687 0.0000000000
108672  -42.141  -2.048  20.965 0.0000000000
108704  -45.783  -3.129  17.642 0.0000000000
108750  -50.210  -2.456  15.539 0.0000000000
108833  -48.829  -2.493  8.998 0.0000000000
108851  -49.646  -2.742  8.611 0.0000000000
108875  -53.166  -2.694  7.238 0.0000000000
109842  -46.967  -1.161  26.707 0.0000000000
109869  -46.343  -1.584  25.581 0.0000000000
109895  -43.958  -1.551  23.203 0.0000000000
109900  -42.985  -1.573  22.327 0.0000000000
109910  -40.007  -0.736  19.419 0.0000000000
109911  -40.308  -0.982  19.887 0.0000000000
109916  -40.504  -1.611  18.889 0.0000000000
109917  -40.991  -1.740  19.217 0.0000000000
109922  -38.937  -0.802  17.679 0.0000000000
109993  -47.099  -0.766  12.421 0.0000000000
109994  -47.911  -0.834  12.597 0.0000000000
110001  -38.768  -0.715  12.154 0.0000000000
110005  -44.448  -1.528  11.983 0.0000000000
110009  -47.312  -0.849  10.997 0.0000000000
110014  -39.604  -0.617  11.081 0.0000000000
110017  -44.715  -1.511  10.933 0.0000000000
110031  -40.540  -0.713  10.022 0.0000000000
110033  -41.796  -1.811  9.305 0.0000000000
110036  -49.278  -1.700  9.660 0.0000000000
110052  -42.746  -2.039  8.498 0.0000000000
110063  -42.586  -1.150  8.253 0.0000000000
110129  -48.117  -1.011  3.136 0.0000000000
111106  -40.663  -0.454  20.406 0.0000000000
111115  -38.820  -0.068  18.122 0.0000000000
111116  -39.181  -0.196  18.530 0.0000000000
111124  -37.925  -0.335  16.318 0.0000000000
111132  -37.900  -0.373  16.104 0.0000000000
111152  -49.787  -0.669  12.670 0.0000000000
111164  -47.593  -0.627  12.069 0.0000000000
111176  -38.764  -0.247  11.837 0.0000000000
111191  -39.736  -0.175  10.767 0.0000000000
111205  -41.405  -0.331  9.393 0.0000000000
111304  -48.353  -0.739  2.119 0.0000000000
112165  -42.872  0.351  23.649 0.0000000000
112174  -40.714  0.976  20.897 0.0000000000
112184  -40.114  0.372  19.890 0.0000000000
112196  -37.878  -0.149  16.216 0.0000000000
112201  -37.859  -0.123  15.895 0.0000000000
112219  -38.803  0.509  12.367 0.0000000000
112227  -40.311  0.960  10.921 0.0000000000
112234  -40.121  0.380  10.680 0.0000000000
112246  -42.461  0.694  9.016 0.0000000000
112256  -42.214  0.139  8.741 0.0000000000
112257  -42.658  0.336  8.485 0.0000000000
112283  -45.287  0.212  6.625 0.0000000000
112285  -46.782  0.393  6.449 0.0000000000
112301  -47.193  -0.002  6.120 0.0000000000
112302  -47.502  0.494  6.020 0.0000000000
112349  -51.408  1.692  2.203 0.0000000000
112408  -49.461  0.761  -7.889 0.0000000000
113191  -40.444  1.329  20.740 0.0000000000
113197  -38.696  1.233  18.293 0.0000000000
113227  -38.879  0.985  13.067 0.0000000000
113235  -40.158  1.577  11.352 0.0000000000
113253  -42.312  1.473  9.366 0.0000000000
113333  -51.001  2.194  2.908 0.0000000000
113334  -51.402  2.219  2.477 0.0000000000
113390  -49.006  1.317  -6.603 0.0000000000
114241  -41.448  2.285  22.560 0.0000000000
114250  -40.143  2.657  21.104 0.0000000000
114259  -39.280  2.827  20.466 0.0000000000
114260  -39.735  2.455  20.597 0.0000000000
114269  -38.997  2.964  20.322 0.0000000000
114272  -47.823  2.626  19.068 0.0000000000
114282  -46.771  2.809  18.125 0.0000000000
114292  -38.662  1.786  17.929 0.0000000000
114294  -46.717  2.872  17.839 0.0000000000
114296  -47.707  2.841  17.914 0.0000000000
114305  -40.199  3.234  16.442 0.0000000000
114316  -41.829  3.371  15.017 0.0000000000
114359  -42.041  2.435  9.688 0.0000000000
114381  -46.096  1.940  7.572 0.0000000000
114396  -48.047  2.757  6.063 0.0000000000
114423  -51.602  3.007  3.205 0.0000000000
114434  -51.392  2.593  2.950 0.0000000000
114436  -52.073  3.150  2.247 0.0000000000
114482  -50.180  2.665  -3.094 0.0000000000
115405  -40.854  3.053  21.957 0.0000000000
115420  -40.518  3.246  21.546 0.0000000000
115421  -41.001  3.660  21.875 0.0000000000
115430  -39.671  3.063  20.844 0.0000000000
115440  -39.193  3.096  20.495 0.0000000000
115441  -39.321  3.375  20.262 0.0000000000
115477  -47.086  3.145  17.334 0.0000000000
115520  -41.774  3.415  14.474 0.0000000000
115526  -50.031  3.880  14.987 0.0000000000
115534  -40.971  3.415  13.824 0.0000000000
115558  -41.987  3.781  10.150 0.0000000000
115560  -41.873  3.150  10.029 0.0000000000
115607  -51.535  3.279  3.535 0.0000000000
115632  -52.017  3.825  1.621 0.0000000000
115643  -50.568  3.214  0.464 0.0000000000
115645  -51.840  3.411  1.332 0.0000000000
115646  -52.082  3.559  1.578 0.0000000000
116565  -40.893  3.852  21.684 0.0000000000
116605  -41.810  4.355  19.251 0.0000000000
116630  -46.916  4.055  15.021 0.0000000000
116671  -45.235  4.962  12.054 0.0000000000
116675  -42.035  4.038  10.499 0.0000000000
116678  -44.493  5.226  11.447 0.0000000000
116682  -43.187  4.054  8.597 0.0000000000
116685  -44.334  4.013  7.852 0.0000000000
116686  -44.919  3.998  7.530 0.0000000000
116699  -48.510  3.848  5.731 0.0000000000
116721  -52.188  4.423  3.582 0.0000000000
116722  -52.286  4.734  3.362 0.0000000000
116727  -52.442  4.046  3.341 0.0000000000
116736  -50.901  4.803  1.611 0.0000000000
116751  -52.266  4.191  1.879 0.0000000000
116793  -49.025  4.352  -3.154 0.0000000000
117801  -49.006  5.630  11.288 0.0000000000
117804  -51.503  6.173  11.937 0.0000000000
117809  -45.366  5.898  11.091 0.0000000000
117810  -47.292  6.126  10.842 0.0000000000
117819  -43.541  4.531  8.439 0.0000000000
117821  -44.560  5.555  7.678 0.0000000000
117838  -45.355  5.405  7.183 0.0000000000
117862  -49.635  5.939  4.532 0.0000000000
117865  -51.825  5.263  3.641 0.0000000000
117884  -50.558  5.026  1.667 0.0000000000
117885  -50.774  4.945  1.630 0.0000000000
118829  -46.396  5.977  11.261 0.0000000000
118839  -44.707  6.345  9.951 0.0000000000
118851  -44.121  5.860  8.461 0.0000000000
118855  -46.968  6.781  10.103 0.0000000000
118859  -51.062  6.934  10.067 0.0000000000
118862  -44.210  5.744  8.191 0.0000000000
118870  -44.877  5.812  7.375 0.0000000000
118871  -45.260  6.486  7.510 0.0000000000
118881  -45.144  5.541  7.263 0.0000000000
118891  -48.582  6.284  4.959 0.0000000000
119841  -47.933  6.913  10.126 0.0000000000
119850  -44.843  6.695  8.409 0.0000000000
119855  -49.190  7.756  9.354 0.0000000000
119867  -44.877  6.638  8.114 0.0000000000
119868  -45.283  6.968  8.058 0.0000000000
119870  -46.519  7.604  8.975 0.0000000000
119874  -51.425  7.720  9.303 0.0000000000
119882  -45.539  6.901  7.650 0.0000000000
119912  -50.622  7.427  3.720 0.0000000000
119952  -47.431  7.902  -0.255 0.0000000000
119954  -49.006  7.779  0.185 0.0000000000
119959  -53.347  7.752  0.979 0.0000000000
120811  -46.924  7.732  9.021 0.0000000000
120827  -46.317  7.654  8.082 0.0000000000
120864  -48.832  8.874  6.160 0.0000000000
120937  -54.425  8.797  0.030 0.0000000000
120979  -54.285  8.747  -0.974 0.0000000000
121855  -49.430  8.873  8.126 0.0000000000
121876  -48.739  8.944  7.239 0.0000000000
121900  -54.386  10.217  6.337 0.0000000000
121929  -55.801  10.282  4.555 0.0000000000
121942  -51.171  9.004  3.574 0.0000000000
121975  -55.021  9.816  0.740 0.0000000000
121993  -55.187  9.923  0.351 0.0000000000
122022  -53.644  9.069  -1.572 0.0000000000
122023  -54.222  9.056  -1.328 0.0000000000
122035  -50.632  9.971  -3.125 0.0000000000
122037  -51.211  9.966  -2.671 0.0000000000
122046  -47.189  10.269  -4.256 0.0000000000
122047  -47.707  10.183  -4.197 0.0000000000
122048  -48.247  10.318  -4.100 0.0000000000
122886  -57.361  9.319  8.910 0.0000000000
122896  -55.339  10.012  6.384 0.0000000000
122904  -51.228  10.295  6.254 0.0000000000
122934  -55.544  10.475  3.868 0.0000000000
122955  -55.888  10.844  1.676 0.0000000000
123008  -54.823  9.681  -0.608 0.0000000000
123033  -45.420  10.281  -4.278 0.0000000000
123038  -50.969  10.250  -2.922 0.0000000000
123045  -44.880  11.030  -4.634 0.0000000000
123047  -46.675  10.471  -4.571 0.0000000000
123048  -47.475  10.512  -4.539 0.0000000000
123054  -45.474  11.321  -4.802 0.0000000000
123055  -45.777  11.153  -5.002 0.0000000000
123056  -46.525  10.879  -4.989 0.0000000000
123058  -47.674  10.854  -4.714 0.0000000000
123941  -50.862  11.810  3.174 0.0000000000
123970  -56.031  11.008  1.499 0.0000000000
123992  -43.848  11.167  -2.574 0.0000000000
124001  -44.128  11.274  -3.080 0.0000000000
124005  -47.895  11.758  -3.765 0.0000000000
124011  -44.509  11.257  -3.509 0.0000000000
124015  -47.476  11.423  -4.465 0.0000000000
124016  -47.749  11.117  -4.669 0.0000000000
124022  -45.968  11.457  -4.697 0.0000000000
124023  -46.628  11.281  -4.733 0.0000000000
124024  -47.235  11.121  -4.805 0.0000000000
124025  -47.517  11.016  -4.772 0.0000000000
124891  -49.732  12.012  2.959 0.0000000000
124893  -51.841  11.877  2.612 0.0000000000
126766  -53.059  14.260  7.534 0.0000000000
