#!ascii label  , from subject 3704 vox2ras=TkReg
1256
131066  45.707  26.768  7.056 0.0000000000
137455  48.645  33.404  15.113 0.0000000000
126466  51.939  21.141  7.963 0.0000000000
128539  40.958  22.942  7.653 0.0000000000
127613  43.181  21.590  2.684 0.0000000000
136661  46.877  32.656  9.421 0.0000000000
135726  38.392  31.342  13.793 0.0000000000
138351  39.968  33.938  9.122 0.0000000000
125360  52.939  20.772  15.381 0.0000000000
124415  45.873  19.242  10.773 0.0000000000
132936  50.192  29.428  10.066 0.0000000000
128573  49.789  23.741  4.224 0.0000000000
131944  52.117  27.047  9.773 0.0000000000
128475  50.941  23.248  12.901 0.0000000000
139778  41.961  36.620  4.974 0.0000000000
139710  48.437  36.376  9.952 0.0000000000
125488  45.539  20.546  3.789 0.0000000000
129388  44.057  24.529  7.194 0.0000000000
127572  42.075  22.445  5.900 0.0000000000
127584  45.063  22.890  5.350 0.0000000000
132946  46.052  28.965  9.160 0.0000000000
131981  43.492  27.533  7.362 0.0000000000
139013  36.381  34.947  14.034 0.0000000000
124325  51.443  19.904  18.438 0.0000000000
124375  48.860  18.642  15.922 0.0000000000
121505  50.506  16.785  18.111 0.0000000000
141164  47.670  38.639  3.640 0.0000000000
135736  51.113  31.744  12.896 0.0000000000
133914  52.218  29.284  9.550 0.0000000000
133867  51.161  29.639  14.079 0.0000000000
130144  44.790  25.157  13.136 0.0000000000
130148  48.189  25.513  12.442 0.0000000000
128443  47.192  23.374  14.234 0.0000000000
127449  49.149  23.435  16.478 0.0000000000
137499  44.268  33.641  12.339 0.0000000000
139051  44.453  34.933  9.454 0.0000000000
139027  47.844  35.307  13.101 0.0000000000
137496  49.492  33.890  11.837 0.0000000000
127592  51.464  22.527  5.115 0.0000000000
125508  48.429  20.885  1.379 0.0000000000
126494  48.670  21.535  5.827 0.0000000000
126525  41.074  20.978  3.626 0.0000000000
125515  41.720  20.039  1.838 0.0000000000
137558  49.441  34.007  7.257 0.0000000000
137553  45.859  33.125  6.972 0.0000000000
137460  43.752  33.281  15.241 0.0000000000
135717  47.413  31.077  13.772 0.0000000000
141848  40.408  38.911  11.346 0.0000000000
139718  36.035  36.657  9.445 0.0000000000
136632  38.367  32.463  11.626 0.0000000000
125387  53.313  20.515  12.087 0.0000000000
125427  48.978  20.651  9.610 0.0000000000
125391  48.942  20.108  13.135 0.0000000000
122531  45.984  17.221  13.696 0.0000000000
131959  48.064  27.511  8.031 0.0000000000
130226  47.876  25.222  5.978 0.0000000000
131991  50.380  27.160  6.121 0.0000000000
130223  51.388  25.591  6.456 0.0000000000
128534  51.897  23.403  7.826 0.0000000000
131912  49.387  27.252  12.467 0.0000000000
129346  50.280  24.301  10.268 0.0000000000
127528  53.286  22.082  10.470 0.0000000000
127480  53.267  22.986  14.138 0.0000000000
128390  51.738  23.468  17.482 0.0000000000
141167  43.028  38.818  3.227 0.0000000000
140404  46.533  37.415  5.169 0.0000000000
139733  45.060  36.303  7.127 0.0000000000
139744  48.232  36.035  7.233 0.0000000000
138336  49.192  34.434  9.728 0.0000000000
135769  47.865  31.874  10.992 0.0000000000
127610  46.731  22.581  3.321 0.0000000000
126581  44.553  20.889  0.228 0.0000000000
124484  42.840  19.036  2.607 0.0000000000
125458  45.555  20.297  7.552 0.0000000000
130229  44.786  25.705  7.162 0.0000000000
128536  44.286  23.732  6.589 0.0000000000
129398  45.917  24.645  6.425 0.0000000000
131961  45.911  27.582  8.111 0.0000000000
132962  45.091  28.417  8.405 0.0000000000
131067  44.809  26.801  7.224 0.0000000000
131068  43.931  26.552  7.456 0.0000000000
124308  51.221  19.517  19.258 0.0000000000
123411  50.957  18.161  18.498 0.0000000000
122464  51.283  17.503  19.594 0.0000000000
123557  39.559  18.172  1.144 0.0000000000
137467  50.247  32.754  14.569 0.0000000000
135715  51.281  30.747  14.039 0.0000000000
135679  49.983  31.561  15.216 0.0000000000
129308  43.595  24.370  13.226 0.0000000000
128460  45.970  23.840  13.719 0.0000000000
138306  46.841  34.199  14.176 0.0000000000
138322  46.500  34.415  12.960 0.0000000000
139003  48.501  34.649  14.838 0.0000000000
138304  49.822  34.267  14.180 0.0000000000
126504  52.234  21.594  5.955 0.0000000000
126506  50.365  21.820  5.348 0.0000000000
126479  49.962  21.445  6.941 0.0000000000
128540  39.828  22.935  7.458 0.0000000000
126468  40.155  21.663  7.048 0.0000000000
127586  42.686  22.380  4.902 0.0000000000
126510  41.270  21.964  4.391 0.0000000000
126524  41.610  21.562  3.735 0.0000000000
125502  41.393  20.356  2.637 0.0000000000
126537  42.392  21.154  2.646 0.0000000000
137541  48.105  33.617  8.313 0.0000000000
137560  47.919  33.533  6.692 0.0000000000
136686  46.381  33.020  8.119 0.0000000000
129377  42.067  24.456  8.181 0.0000000000
128525  40.287  23.641  8.133 0.0000000000
136603  41.081  32.683  13.971 0.0000000000
135682  43.313  32.202  15.195 0.0000000000
135705  39.743  31.123  14.042 0.0000000000
136580  35.702  32.749  14.464 0.0000000000
137484  35.771  33.625  12.933 0.0000000000
135744  37.820  31.999  12.937 0.0000000000
136629  40.847  32.764  12.525 0.0000000000
125380  53.103  20.655  13.155 0.0000000000
125389  51.035  20.442  12.585 0.0000000000
125382  50.904  20.314  13.695 0.0000000000
122511  48.166  17.288  15.656 0.0000000000
123455  47.330  18.127  14.412 0.0000000000
121545  47.296  16.608  15.025 0.0000000000
132943  49.466  28.779  9.501 0.0000000000
131958  49.273  27.648  7.925 0.0000000000
132942  50.401  28.927  9.245 0.0000000000
132935  52.939  28.211  10.099 0.0000000000
131972  52.346  27.384  7.809 0.0000000000
131050  51.880  26.320  8.370 0.0000000000
129395  51.569  24.515  6.685 0.0000000000
130196  51.300  25.457  8.645 0.0000000000
133892  46.770  29.266  13.251 0.0000000000
132902  48.884  29.174  13.867 0.0000000000
131903  47.661  27.701  13.457 0.0000000000
129314  49.110  24.001  12.254 0.0000000000
129330  49.209  24.578  11.624 0.0000000000
128489  49.805  23.725  11.701 0.0000000000
128510  51.891  22.713  9.986 0.0000000000
128487  51.718  22.944  12.215 0.0000000000
127510  52.930  22.244  12.533 0.0000000000
128454  52.159  23.082  13.835 0.0000000000
128393  48.962  24.200  18.051 0.0000000000
128410  51.015  23.743  16.756 0.0000000000
140444  42.756  37.886  3.677 0.0000000000
141156  44.809  38.792  4.244 0.0000000000
140407  44.047  37.125  5.397 0.0000000000
138365  37.062  34.943  8.646 0.0000000000
139066  37.933  35.427  8.259 0.0000000000
138361  40.621  34.478  8.594 0.0000000000
139049  47.054  35.741  9.702 0.0000000000
139060  45.047  35.373  8.677 0.0000000000
139058  47.396  36.239  8.975 0.0000000000
139731  46.931  36.550  7.480 0.0000000000
139722  48.846  36.096  8.700 0.0000000000
139055  49.321  35.424  8.280 0.0000000000
139041  49.706  35.411  10.055 0.0000000000
134859  49.578  31.307  11.670 0.0000000000
135755  48.413  32.211  11.391 0.0000000000
134871  49.016  30.914  11.222 0.0000000000
133916  48.269  29.552  10.098 0.0000000000
129408  49.132  24.718  5.295 0.0000000000
127582  47.246  23.277  4.849 0.0000000000
127609  47.963  22.960  3.593 0.0000000000
126535  46.956  20.741  2.568 0.0000000000
125546  46.140  20.958  0.281 0.0000000000
125511  45.383  20.493  1.683 0.0000000000
125513  43.257  20.159  1.429 0.0000000000
124489  44.067  19.758  2.776 0.0000000000
125428  47.582  20.208  9.840 0.0000000000
125442  46.511  20.330  8.654 0.0000000000
124434  45.635  19.664  8.885 0.0000000000
128522  42.795  23.952  7.766 0.0000000000
127559  41.574  22.481  6.915 0.0000000000
127557  43.584  23.050  6.648 0.0000000000
127571  43.199  22.610  5.911 0.0000000000
127597  44.664  22.450  4.089 0.0000000000
134878  46.307  30.705  9.625 0.0000000000
130198  42.603  24.981  7.915 0.0000000000
125350  51.683  20.243  16.717 0.0000000000
124373  50.315  19.814  15.498 0.0000000000
124359  50.722  19.531  16.527 0.0000000000
122496  49.794  17.616  17.183 0.0000000000
133902  50.449  30.533  11.327 0.0000000000
133915  51.271  29.438  9.590 0.0000000000
134868  51.893  30.495  11.281 0.0000000000
133890  52.278  29.490  12.585 0.0000000000
131924  52.260  28.052  11.753 0.0000000000
131009  45.072  26.590  12.845 0.0000000000
131007  47.301  26.488  13.018 0.0000000000
129317  46.676  25.061  13.124 0.0000000000
129304  47.399  24.149  13.283 0.0000000000
128457  48.903  23.552  13.599 0.0000000000
127483  50.184  23.252  14.801 0.0000000000
127485  48.397  23.366  14.985 0.0000000000
128413  47.638  23.564  17.229 0.0000000000
128378  46.519  24.195  18.653 0.0000000000
139768  39.423  36.270  5.354 0.0000000000
137529  42.112  33.607  10.095 0.0000000000
138349  41.910  34.097  9.384 0.0000000000
138339  44.279  33.905  10.623 0.0000000000
139043  46.769  35.288  10.986 0.0000000000
139035  48.149  35.960  11.632 0.0000000000
139033  49.683  35.552  11.028 0.0000000000
138320  50.019  34.700  12.436 0.0000000000
136614  50.192  32.778  12.689 0.0000000000
128572  50.558  23.494  4.484 0.0000000000
127621  49.180  22.386  2.540 0.0000000000
126532  49.977  21.759  3.286 0.0000000000
126521  48.168  21.163  3.619 0.0000000000
125478  46.461  20.808  4.230 0.0000000000
122541  44.113  17.632  11.533 0.0000000000
123491  43.605  18.120  9.850 0.0000000000
124468  39.395  20.138  5.463 0.0000000000
126496  40.379  21.681  5.911 0.0000000000
125481  40.153  20.878  4.989 0.0000000000
124477  40.363  20.042  4.564 0.0000000000
124476  40.602  19.554  3.912 0.0000000000
124493  41.148  19.412  1.601 0.0000000000
124501  41.271  19.085  1.021 0.0000000000
137567  48.718  33.378  6.023 0.0000000000
137568  47.851  33.409  5.790 0.0000000000
137457  46.752  33.498  14.457 0.0000000000
136587  48.415  32.165  14.710 0.0000000000
136590  45.479  32.480  14.468 0.0000000000
135719  45.459  31.454  13.381 0.0000000000
134840  44.251  30.390  12.573 0.0000000000
132922  44.001  28.390  12.155 0.0000000000
131010  43.972  26.602  12.484 0.0000000000
141107  38.444  38.320  10.685 0.0000000000
139045  36.333  35.767  9.962 0.0000000000
137534  37.074  33.922  9.585 0.0000000000
136663  38.950  32.795  10.222 0.0000000000
137502  41.350  32.919  11.711 0.0000000000
137481  43.421  33.698  13.997 0.0000000000
125410  52.501  20.456  10.156 0.0000000000
125439  50.616  21.083  8.256 0.0000000000
125411  51.336  20.505  10.351 0.0000000000
125413  48.822  20.427  10.790 0.0000000000
124413  47.374  19.597  11.362 0.0000000000
124395  49.031  19.647  14.215 0.0000000000
123464  47.110  18.776  13.441 0.0000000000
123470  45.896  17.953  12.776 0.0000000000
131065  46.725  26.595  6.991 0.0000000000
130227  46.617  25.362  6.488 0.0000000000
131064  47.785  26.535  6.859 0.0000000000
131082  49.328  26.270  5.883 0.0000000000
130247  50.281  26.035  4.545 0.0000000000
132977  51.383  28.382  7.762 0.0000000000
131080  51.363  26.603  6.116 0.0000000000
129406  50.483  24.559  5.281 0.0000000000
128559  51.579  23.399  5.823 0.0000000000
128558  52.256  22.858  6.307 0.0000000000
127567  53.370  22.076  7.014 0.0000000000
134797  49.331  30.490  14.543 0.0000000000
132909  50.718  28.662  13.429 0.0000000000
131017  51.259  27.023  11.119 0.0000000000
131006  48.465  26.687  12.559 0.0000000000
131027  50.074  26.206  11.009 0.0000000000
130183  51.030  25.661  9.425 0.0000000000
128521  50.962  24.015  8.988 0.0000000000
128519  52.534  22.573  9.117 0.0000000000
125422  53.565  21.056  8.854 0.0000000000
125395  54.165  20.876  10.682 0.0000000000
125379  53.729  21.074  12.842 0.0000000000
126420  53.680  21.715  14.544 0.0000000000
127481  51.774  23.340  15.084 0.0000000000
128427  53.036  23.416  15.668 0.0000000000
126413  53.128  21.713  16.341 0.0000000000
126404  51.845  21.940  17.757 0.0000000000
142674  45.861  40.162  3.987 0.0000000000
141154  46.651  39.038  4.695 0.0000000000
139776  47.424  37.210  5.057 0.0000000000
139062  42.374  35.098  8.215 0.0000000000
139749  43.629  36.515  6.359 0.0000000000
139747  45.617  36.806  6.402 0.0000000000
139745  47.430  36.398  6.848 0.0000000000
139086  48.879  35.683  6.720 0.0000000000
139071  49.410  35.169  7.217 0.0000000000
137539  49.212  34.496  8.297 0.0000000000
137526  47.959  33.510  9.150 0.0000000000
137510  49.279  34.253  11.088 0.0000000000
136643  47.807  32.901  10.526 0.0000000000
136644  47.227  32.439  10.036 0.0000000000
134877  47.083  30.760  10.172 0.0000000000
132945  47.083  28.912  9.413 0.0000000000
128550  46.232  23.811  5.889 0.0000000000
127596  45.775  22.842  4.452 0.0000000000
127612  44.331  22.083  2.771 0.0000000000
127637  47.490  22.315  1.320 0.0000000000
127625  45.331  21.854  1.499 0.0000000000
127627  43.556  21.196  1.591 0.0000000000
126553  42.845  20.487  1.673 0.0000000000
124499  42.045  19.283  1.010 0.0000000000
125456  48.468  21.147  7.521 0.0000000000
125457  46.998  21.098  7.075 0.0000000000
125480  44.906  20.302  5.558 0.0000000000
124436  44.063  19.291  8.351 0.0000000000
124473  44.161  19.907  4.986 0.0000000000
120404  50.813  15.686  19.354 0.0000000000
120427  50.810  15.478  17.976 0.0000000000
131086  45.270  26.246  7.093 0.0000000000
129399  45.089  24.893  6.684 0.0000000000
130228  45.622  25.543  6.758 0.0000000000
131979  45.235  27.426  7.529 0.0000000000
131087  44.563  26.353  7.349 0.0000000000
123398  51.353  18.343  19.680 0.0000000000
137454  49.588  33.008  15.057 0.0000000000
137453  50.096  32.356  15.055 0.0000000000
136571  49.009  32.410  15.194 0.0000000000
138297  47.444  34.183  14.631 0.0000000000
138305  47.577  34.584  14.317 0.0000000000
138296  48.251  34.145  14.991 0.0000000000
138295  49.175  34.162  14.819 0.0000000000
126490  52.366  21.312  6.968 0.0000000000
126491  51.532  21.405  6.555 0.0000000000
126478  50.873  21.353  7.271 0.0000000000
127561  39.413  22.091  6.839 0.0000000000
127560  40.436  22.109  7.130 0.0000000000
127599  42.298  21.896  3.899 0.0000000000
127614  42.482  21.581  3.185 0.0000000000
137527  47.331  33.289  8.777 0.0000000000
137542  47.210  33.380  8.162 0.0000000000
136674  46.552  32.894  8.709 0.0000000000
128524  41.486  23.728  8.065 0.0000000000
135742  39.059  31.628  13.236 0.0000000000
136594  40.570  32.149  14.208 0.0000000000
135725  39.416  31.354  13.699 0.0000000000
135728  36.756  31.947  13.677 0.0000000000
136606  37.199  32.049  13.159 0.0000000000
135727  37.517  31.666  13.613 0.0000000000
136605  39.646  31.937  13.242 0.0000000000
125366  52.986  20.661  14.217 0.0000000000
125381  52.080  20.488  13.436 0.0000000000
125367  51.938  20.526  14.562 0.0000000000
121535  47.877  16.649  15.491 0.0000000000
132958  49.897  28.360  8.617 0.0000000000
131943  52.497  27.311  9.609 0.0000000000
131049  52.370  26.866  8.948 0.0000000000
131037  52.268  26.931  9.336 0.0000000000
130182  51.297  25.973  9.135 0.0000000000
132913  47.281  28.439  13.491 0.0000000000
131904  46.766  27.564  13.285 0.0000000000
128476  49.738  23.571  12.737 0.0000000000
128488  50.754  23.276  11.939 0.0000000000
127511  52.314  22.673  12.397 0.0000000000
129274  48.805  24.265  19.054 0.0000000000
139788  40.888  36.689  4.236 0.0000000000
140445  41.379  37.416  3.640 0.0000000000
140427  42.386  37.201  4.374 0.0000000000
140426  43.872  37.544  4.517 0.0000000000
139777  42.820  36.875  4.995 0.0000000000
137544  37.928  33.985  9.055 0.0000000000
138364  37.989  34.658  8.631 0.0000000000
138362  39.635  34.448  8.620 0.0000000000
139042  47.788  36.076  10.433 0.0000000000
139048  47.815  36.306  9.581 0.0000000000
139057  47.891  36.426  9.108 0.0000000000
139717  48.351  36.371  9.245 0.0000000000
139716  48.973  36.192  9.493 0.0000000000
139709  49.039  36.228  10.224 0.0000000000
134870  49.707  30.758  11.430 0.0000000000
133908  49.752  30.140  10.938 0.0000000000
132937  49.131  29.389  10.210 0.0000000000
129416  49.420  24.250  4.764 0.0000000000
128575  48.190  23.654  4.316 0.0000000000
128574  49.016  23.799  4.225 0.0000000000
125487  46.295  20.649  3.187 0.0000000000
125499  46.160  20.573  2.295 0.0000000000
125500  45.380  20.475  2.672 0.0000000000
125501  44.682  20.236  3.212 0.0000000000
124424  46.556  19.706  10.118 0.0000000000
124433  46.233  19.789  9.356 0.0000000000
124425  45.630  19.414  9.802 0.0000000000
128537  43.196  23.718  7.476 0.0000000000
128552  44.596  23.462  6.110 0.0000000000
127570  44.298  22.907  6.056 0.0000000000
127585  43.905  22.424  5.070 0.0000000000
134881  45.571  30.628  9.194 0.0000000000
132947  45.479  29.146  9.023 0.0000000000
132978  44.681  27.782  7.734 0.0000000000
132979  44.166  28.082  7.667 0.0000000000
130212  43.979  25.550  7.322 0.0000000000
130213  42.917  25.795  7.571 0.0000000000
129389  43.287  24.829  7.602 0.0000000000
129376  42.738  24.301  7.830 0.0000000000
125338  51.917  20.835  17.671 0.0000000000
124358  51.319  19.814  16.841 0.0000000000
124342  51.423  19.571  17.536 0.0000000000
122478  50.695  17.403  18.431 0.0000000000
123412  50.499  17.915  17.999 0.0000000000
122487  50.212  17.394  17.707 0.0000000000
121516  49.579  16.705  17.117 0.0000000000
120428  49.904  15.990  17.434 0.0000000000
141913  47.226  39.608  3.256 0.0000000000
141180  46.880  39.146  2.437 0.0000000000
135752  50.613  31.551  12.240 0.0000000000
134857  51.202  30.859  11.728 0.0000000000
134837  51.532  30.895  12.586 0.0000000000
134815  51.365  30.051  14.004 0.0000000000
134836  51.773  30.260  13.070 0.0000000000
133879  52.081  29.419  13.049 0.0000000000
132917  52.378  28.771  12.192 0.0000000000
132908  51.554  28.821  13.350 0.0000000000
130151  45.479  25.719  13.083 0.0000000000
130150  46.528  25.787  12.908 0.0000000000
129318  45.960  25.226  13.210 0.0000000000
129305  46.722  24.349  13.368 0.0000000000
128459  46.885  23.754  13.678 0.0000000000
128458  47.863  23.704  13.533 0.0000000000
128442  48.141  23.438  14.270 0.0000000000
128441  49.038  23.399  14.345 0.0000000000
127486  47.510  23.237  14.955 0.0000000000
127451  47.297  23.264  16.452 0.0000000000
128414  46.735  23.392  17.133 0.0000000000
128395  47.028  23.844  17.912 0.0000000000
128396  45.938  23.604  17.615 0.0000000000
137514  43.254  33.457  11.072 0.0000000000
137528  42.856  33.629  10.325 0.0000000000
138330  44.679  33.843  11.411 0.0000000000
139028  47.214  34.859  12.908 0.0000000000
138328  46.236  34.583  12.032 0.0000000000
139036  47.125  35.142  12.292 0.0000000000
139026  48.964  36.025  12.686 0.0000000000
139017  49.618  35.358  13.161 0.0000000000
137477  50.395  33.075  13.865 0.0000000000
137486  50.353  33.225  13.235 0.0000000000
135737  50.524  32.159  12.604 0.0000000000
127593  50.983  22.593  4.417 0.0000000000
127606  50.420  22.580  3.753 0.0000000000
126531  50.667  22.032  3.990 0.0000000000
126507  49.391  21.672  5.023 0.0000000000
126508  48.397  21.429  4.746 0.0000000000
126509  47.373  21.227  4.502 0.0000000000
126495  47.667  21.319  5.702 0.0000000000
125483  39.097  20.583  5.730 0.0000000000
126513  39.373  20.912  5.672 0.0000000000
127573  40.996  22.108  6.083 0.0000000000
126511  40.564  21.583  4.806 0.0000000000
125490  40.566  20.565  4.292 0.0000000000
125491  40.127  20.368  4.847 0.0000000000
125503  40.994  20.257  3.213 0.0000000000
125516  41.241  19.921  2.361 0.0000000000
124492  41.675  19.623  1.380 0.0000000000
138371  49.667  34.435  6.739 0.0000000000
137566  49.393  33.756  6.305 0.0000000000
137552  46.841  33.447  7.419 0.0000000000
137561  46.883  33.655  6.449 0.0000000000
137562  45.913  33.430  6.159 0.0000000000
137459  44.671  33.204  14.953 0.0000000000
136574  46.087  32.959  14.511 0.0000000000
136575  45.050  32.831  14.835 0.0000000000
135700  44.938  31.977  14.288 0.0000000000
134839  45.390  30.387  12.773 0.0000000000
133895  43.685  29.508  12.361 0.0000000000
132930  43.503  27.957  12.094 0.0000000000
141864  39.323  39.203  10.746 0.0000000000
141106  39.247  38.390  11.225 0.0000000000
139711  37.434  36.706  10.963 0.0000000000
139038  36.730  35.594  11.103 0.0000000000
138341  36.420  34.915  10.367 0.0000000000
136620  36.635  32.897  12.347 0.0000000000
136633  37.406  32.735  11.527 0.0000000000
136648  37.515  32.946  10.822 0.0000000000
136646  39.275  32.589  10.869 0.0000000000
137503  40.679  32.784  11.227 0.0000000000
136645  39.997  32.566  11.259 0.0000000000
137472  42.605  33.592  14.597 0.0000000000
137482  42.484  33.582  13.792 0.0000000000
137471  43.557  33.657  14.706 0.0000000000
137469  45.203  33.507  14.456 0.0000000000
125396  53.467  20.442  10.984 0.0000000000
125397  52.395  20.398  11.237 0.0000000000
125390  49.834  20.407  12.856 0.0000000000
125399  49.907  20.548  11.717 0.0000000000
125400  48.583  20.251  12.017 0.0000000000
125414  47.968  19.895  10.999 0.0000000000
124404  47.681  19.566  12.134 0.0000000000
124374  49.699  19.275  15.763 0.0000000000
124382  49.657  19.635  14.898 0.0000000000
124383  48.836  19.261  15.040 0.0000000000
123456  46.776  17.708  14.133 0.0000000000
123465  46.479  17.966  13.549 0.0000000000
123469  46.544  18.629  12.528 0.0000000000
123466  45.987  17.649  13.277 0.0000000000
122535  45.004  17.242  13.052 0.0000000000
122532  45.392  17.075  13.480 0.0000000000
131977  47.361  27.028  7.385 0.0000000000
131975  49.830  27.398  7.027 0.0000000000
131992  49.341  26.776  6.272 0.0000000000
132006  49.595  26.564  5.758 0.0000000000
131101  49.763  26.373  5.298 0.0000000000
131100  50.420  26.696  5.253 0.0000000000
133924  51.825  29.155  8.808 0.0000000000
133923  52.387  28.778  8.820 0.0000000000
131062  51.789  26.562  7.367 0.0000000000
131973  51.756  27.415  7.064 0.0000000000
130237  51.187  25.633  5.291 0.0000000000
129405  51.097  24.580  5.860 0.0000000000
129386  51.533  24.405  7.665 0.0000000000
128547  51.934  23.541  6.887 0.0000000000
128546  52.619  22.761  7.119 0.0000000000
127579  52.673  22.227  6.315 0.0000000000
135697  48.124  31.496  14.204 0.0000000000
134816  48.872  30.200  14.249 0.0000000000
132911  49.173  28.609  13.634 0.0000000000
132910  49.915  28.728  13.630 0.0000000000
131901  49.619  28.082  13.196 0.0000000000
131911  50.616  27.882  12.678 0.0000000000
131926  50.270  27.169  11.903 0.0000000000
130149  47.429  25.721  12.745 0.0000000000
129347  49.789  24.962  10.868 0.0000000000
130158  49.194  25.554  11.366 0.0000000000
130167  49.915  25.836  10.876 0.0000000000
130166  50.388  25.299  10.212 0.0000000000
129364  50.691  24.632  9.521 0.0000000000
128511  50.937  23.607  9.677 0.0000000000
127538  52.765  22.384  10.081 0.0000000000
128509  52.633  22.468  9.678 0.0000000000
127537  53.097  22.145  9.564 0.0000000000
127536  53.396  21.708  9.036 0.0000000000
127527  53.704  21.590  10.036 0.0000000000
125407  54.071  21.017  10.138 0.0000000000
127516  53.903  21.777  10.917 0.0000000000
126441  53.210  21.956  12.964 0.0000000000
126440  53.646  21.638  12.465 0.0000000000
127497  53.432  22.150  13.685 0.0000000000
125365  53.572  21.117  13.866 0.0000000000
127479  53.505  22.516  14.313 0.0000000000
127467  49.671  23.295  15.678 0.0000000000
127482  51.266  23.192  14.775 0.0000000000
127466  50.732  23.310  15.686 0.0000000000
128409  52.290  23.483  16.448 0.0000000000
128389  52.491  23.075  16.893 0.0000000000
127447  53.291  22.400  16.209 0.0000000000
127431  52.225  22.615  17.415 0.0000000000
126403  52.508  21.645  17.142 0.0000000000
141168  42.071  38.559  3.169 0.0000000000
141919  41.768  39.422  3.098 0.0000000000
141931  42.195  39.391  3.052 0.0000000000
141916  44.527  39.764  3.538 0.0000000000
140425  45.195  38.023  4.833 0.0000000000
141155  45.731  39.018  4.578 0.0000000000
140424  46.147  38.131  4.772 0.0000000000
140403  47.070  37.443  4.992 0.0000000000
139052  43.763  34.702  9.400 0.0000000000
138359  42.517  34.628  8.903 0.0000000000
139061  43.587  35.102  8.736 0.0000000000
139074  45.572  35.924  7.861 0.0000000000
139075  44.430  35.661  7.786 0.0000000000
139734  43.991  36.125  7.008 0.0000000000
139748  44.604  36.769  6.385 0.0000000000
139730  47.700  36.343  7.767 0.0000000000
139759  48.091  36.239  6.221 0.0000000000
139072  48.928  35.719  7.629 0.0000000000
138344  49.574  34.843  9.472 0.0000000000
138357  49.401  34.711  8.543 0.0000000000
138345  49.208  34.502  9.030 0.0000000000
137540  48.889  34.251  8.534 0.0000000000
137525  48.681  34.090  9.428 0.0000000000
138327  49.772  34.784  11.468 0.0000000000
136628  48.165  32.685  11.164 0.0000000000
135770  47.341  31.803  10.402 0.0000000000
134876  47.681  30.560  10.434 0.0000000000
132944  48.300  28.958  9.688 0.0000000000
132960  47.567  28.177  8.790 0.0000000000
131960  46.899  27.570  8.060 0.0000000000
131084  47.256  26.019  6.572 0.0000000000
129397  46.917  24.461  6.181 0.0000000000
127595  46.890  22.893  4.448 0.0000000000
127611  45.535  22.416  3.001 0.0000000000
126546  49.176  21.843  2.273 0.0000000000
127636  48.425  22.213  1.639 0.0000000000
126578  47.997  21.541  0.662 0.0000000000
125538  45.075  20.713  0.335 0.0000000000
126579  45.712  21.366  0.235 0.0000000000
126567  45.119  21.491  0.461 0.0000000000
126550  44.537  21.450  0.869 0.0000000000
126551  43.986  21.178  0.900 0.0000000000
126552  43.616  20.744  1.216 0.0000000000
124490  43.392  19.674  2.141 0.0000000000
124491  42.565  19.342  1.582 0.0000000000
123545  41.986  18.777  1.318 0.0000000000
123538  42.238  18.593  2.155 0.0000000000
125426  50.290  20.707  9.419 0.0000000000
125440  49.285  20.978  8.502 0.0000000000
125443  45.735  20.049  8.334 0.0000000000
125471  45.785  20.563  6.213 0.0000000000
125472  44.914  20.205  6.634 0.0000000000
122558  43.011  17.693  9.439 0.0000000000
123498  44.104  19.072  8.818 0.0000000000
123499  43.382  18.497  8.557 0.0000000000
130211  44.539  25.031  7.038 0.0000000000
129387  44.625  24.369  6.649 0.0000000000
128535  44.636  24.034  6.383 0.0000000000
128551  45.055  23.877  5.967 0.0000000000
132961  46.388  28.150  8.748 0.0000000000
131980  44.357  27.335  7.491 0.0000000000
131088  44.261  26.397  7.456 0.0000000000
130230  44.301  26.148  7.381 0.0000000000
123410  51.270  18.929  18.720 0.0000000000
123399  51.252  18.089  19.184 0.0000000000
121504  50.844  16.646  18.949 0.0000000000
136602  50.656  32.301  13.880 0.0000000000
135735  51.381  31.055  13.322 0.0000000000
135716  51.023  31.542  13.998 0.0000000000
135694  50.447  31.084  14.801 0.0000000000
134795  50.538  30.111  14.702 0.0000000000
129319  44.178  24.884  12.963 0.0000000000
130143  45.337  25.020  13.256 0.0000000000
128461  44.994  23.899  13.753 0.0000000000
128444  46.240  23.398  14.274 0.0000000000
137488  44.934  33.714  13.464 0.0000000000
138323  45.574  34.016  12.827 0.0000000000
138314  46.506  34.230  13.704 0.0000000000
138313  47.369  34.654  13.819 0.0000000000
139019  47.984  35.106  14.109 0.0000000000
139009  49.315  34.887  14.131 0.0000000000
139002  48.921  34.772  14.658 0.0000000000
137468  50.013  33.583  14.474 0.0000000000
126517  51.769  21.922  5.264 0.0000000000
126518  51.076  21.913  4.753 0.0000000000
126505  51.293  21.697  5.661 0.0000000000
126493  49.637  21.689  6.061 0.0000000000
126480  49.040  21.403  6.772 0.0000000000
127587  41.441  22.281  4.878 0.0000000000
127600  41.622  21.972  4.247 0.0000000000
126539  41.298  20.624  3.075 0.0000000000
126538  41.685  20.762  2.791 0.0000000000
126554  42.212  20.442  1.992 0.0000000000
137550  48.821  33.903  7.744 0.0000000000
137559  48.809  33.633  6.933 0.0000000000
137551  48.018  33.559  7.547 0.0000000000
129378  41.043  24.501  8.506 0.0000000000
128526  38.814  23.447  8.157 0.0000000000
128541  39.093  22.854  7.310 0.0000000000
137473  41.825  33.182  14.293 0.0000000000
136576  44.016  32.569  15.248 0.0000000000
136578  42.124  32.551  15.148 0.0000000000
135683  42.526  32.092  15.123 0.0000000000
138300  35.873  34.145  14.427 0.0000000000
138310  35.709  34.072  13.565 0.0000000000
136596  35.731  32.788  13.748 0.0000000000
136619  37.480  32.366  12.449 0.0000000000
136618  38.463  32.199  12.426 0.0000000000
136630  40.266  32.507  12.008 0.0000000000
136617  39.336  32.128  12.668 0.0000000000
136615  40.904  32.774  13.257 0.0000000000
125388  52.238  20.445  12.339 0.0000000000
123447  48.453  17.928  15.854 0.0000000000
124384  48.146  18.645  15.089 0.0000000000
123448  47.997  17.935  15.246 0.0000000000
122521  47.579  17.307  15.056 0.0000000000
121546  46.668  16.491  14.558 0.0000000000
132959  48.767  28.138  8.819 0.0000000000
131957  50.356  28.023  7.803 0.0000000000
133913  52.652  28.627  9.476 0.0000000000
133922  52.662  28.397  8.922 0.0000000000
132941  52.878  28.022  9.144 0.0000000000
131061  52.374  26.878  8.199 0.0000000000
130210  51.455  25.501  7.543 0.0000000000
129374  51.288  24.173  8.423 0.0000000000
134818  47.033  30.290  13.481 0.0000000000
133883  48.751  29.565  14.016 0.0000000000
133884  47.748  29.392  13.680 0.0000000000
132912  48.394  28.663  13.727 0.0000000000
131902  48.566  27.628  13.144 0.0000000000
129315  48.451  24.593  12.460 0.0000000000
129331  48.680  25.240  11.938 0.0000000000
128501  49.845  24.140  10.991 0.0000000000
128500  50.671  23.396  10.797 0.0000000000
128499  51.655  22.779  11.257 0.0000000000
127529  52.586  22.382  10.808 0.0000000000
127517  53.232  22.124  11.379 0.0000000000
128453  52.857  23.186  14.010 0.0000000000
128411  49.649  23.824  17.168 0.0000000000
127448  50.055  23.471  16.385 0.0000000000
128392  50.024  24.248  17.885 0.0000000000
128391  50.898  24.139  18.216 0.0000000000
140446  40.123  37.665  3.253 0.0000000000
140443  43.607  38.282  3.668 0.0000000000
141165  44.494  39.098  3.785 0.0000000000
141157  44.197  38.509  3.891 0.0000000000
140405  45.727  37.427  5.418 0.0000000000
138366  36.592  35.522  8.697 0.0000000000
139068  36.599  36.109  8.327 0.0000000000
139065  39.015  35.057  8.250 0.0000000000
139050  45.753  35.055  9.835 0.0000000000
139059  46.368  35.929  8.626 0.0000000000
139073  46.159  36.230  7.946 0.0000000000
139732  46.088  36.428  7.336 0.0000000000
139724  47.156  36.479  8.268 0.0000000000
139723  47.993  36.386  8.594 0.0000000000
139729  48.459  36.080  8.042 0.0000000000
139056  48.956  35.865  8.173 0.0000000000
139047  49.608  35.368  9.179 0.0000000000
136626  49.530  32.898  12.208 0.0000000000
136627  48.786  32.982  11.569 0.0000000000
135754  49.058  31.960  11.698 0.0000000000
135768  48.466  31.551  11.254 0.0000000000
134872  48.135  30.878  10.821 0.0000000000
133910  48.008  30.306  10.456 0.0000000000
133909  48.555  30.025  10.518 0.0000000000
130241  48.272  24.985  5.687 0.0000000000
129396  47.484  24.320  5.621 0.0000000000
129418  48.083  24.185  4.794 0.0000000000
127623  47.666  22.475  2.363 0.0000000000
126548  47.336  20.648  1.862 0.0000000000
125535  47.355  20.839  0.739 0.0000000000
126566  46.808  20.609  1.564 0.0000000000
125525  45.633  20.574  0.945 0.0000000000
125526  44.750  20.552  0.929 0.0000000000
125527  44.043  20.635  0.962 0.0000000000
125512  44.303  20.328  1.905 0.0000000000
125441  47.937  20.814  8.550 0.0000000000
125429  46.732  19.990  9.464 0.0000000000
124444  45.287  19.778  8.237 0.0000000000
128538  42.065  23.206  7.523 0.0000000000
127558  42.654  22.802  6.795 0.0000000000
127598  43.461  22.197  3.889 0.0000000000
136662  46.046  32.275  9.087 0.0000000000
135794  45.388  31.546  9.031 0.0000000000
128523  42.404  23.873  7.857 0.0000000000
139006  36.463  34.801  15.012 0.0000000000
137463  35.802  33.302  14.964 0.0000000000
136579  36.018  32.299  15.063 0.0000000000
125361  51.841  20.515  15.705 0.0000000000
125362  51.029  20.175  16.017 0.0000000000
124360  49.868  18.718  16.719 0.0000000000
123422  51.107  18.774  17.968 0.0000000000
124344  50.313  18.562  17.315 0.0000000000
124361  49.278  18.362  16.477 0.0000000000
122510  48.682  17.318  16.279 0.0000000000
121525  49.017  16.708  16.705 0.0000000000
133907  50.964  30.122  10.752 0.0000000000
134869  51.574  30.404  11.064 0.0000000000
133901  52.195  30.224  11.307 0.0000000000
133900  52.375  29.609  11.550 0.0000000000
133905  52.496  29.050  10.382 0.0000000000
132929  52.598  28.563  11.131 0.0000000000
131934  52.518  27.675  10.780 0.0000000000
131935  52.001  27.165  10.282 0.0000000000
131914  45.773  27.464  12.802 0.0000000000
131008  46.322  26.647  13.022 0.0000000000
129316  47.573  24.806  12.982 0.0000000000
129306  45.762  24.540  13.376 0.0000000000
128478  47.964  24.213  13.017 0.0000000000
128477  48.638  23.862  12.901 0.0000000000
128456  50.051  23.362  13.839 0.0000000000
127484  49.251  23.332  14.988 0.0000000000
127468  48.729  23.336  15.709 0.0000000000
127450  48.196  23.438  16.470 0.0000000000
128412  48.606  23.694  17.279 0.0000000000
128376  48.128  24.382  18.538 0.0000000000
129275  47.595  24.601  19.068 0.0000000000
139779  41.084  36.446  4.904 0.0000000000
137530  41.179  33.442  9.866 0.0000000000
138350  40.947  33.921  9.156 0.0000000000
138340  43.541  33.831  10.193 0.0000000000
138346  44.754  34.545  10.079 0.0000000000
138329  45.326  34.044  11.907 0.0000000000
138337  45.942  34.617  11.264 0.0000000000
139044  45.976  34.807  10.692 0.0000000000
139702  48.513  36.251  10.654 0.0000000000
139701  49.039  36.238  10.966 0.0000000000
139034  49.260  36.071  11.607 0.0000000000
139025  49.704  35.524  12.085 0.0000000000
138312  50.027  34.554  13.436 0.0000000000
137487  50.157  33.733  12.736 0.0000000000
135753  49.931  31.938  12.180 0.0000000000
134858  50.211  31.028  11.771 0.0000000000
128584  50.086  23.181  3.722 0.0000000000
128585  49.412  23.276  3.650 0.0000000000
126533  48.837  21.185  2.691 0.0000000000
126519  50.142  21.792  4.348 0.0000000000
126520  49.214  21.411  3.923 0.0000000000
125498  48.392  20.853  2.255 0.0000000000
126534  47.913  20.764  2.611 0.0000000000
126522  47.181  20.995  3.421 0.0000000000
123474  44.563  17.955  11.588 0.0000000000
123478  45.119  18.838  10.370 0.0000000000
123479  44.232  18.193  10.804 0.0000000000
124457  39.561  19.165  5.512 0.0000000000
126482  40.326  21.655  6.656 0.0000000000
127588  40.758  22.048  5.364 0.0000000000
126512  39.806  21.071  5.576 0.0000000000
125482  39.676  20.550  5.332 0.0000000000
124467  39.957  19.600  5.032 0.0000000000
123525  40.180  18.755  4.636 0.0000000000
123533  40.316  18.707  3.916 0.0000000000
124485  40.753  19.509  2.611 0.0000000000
123547  40.227  18.897  1.877 0.0000000000
136675  45.651  32.383  8.514 0.0000000000
136687  45.732  32.757  7.747 0.0000000000
137456  47.742  33.566  14.791 0.0000000000
136572  48.126  32.866  14.813 0.0000000000
136573  47.169  33.025  14.434 0.0000000000
136589  46.538  32.528  14.188 0.0000000000
135698  47.067  31.886  13.872 0.0000000000
136591  44.571  32.371  14.879 0.0000000000
135699  45.983  31.978  13.986 0.0000000000
135718  46.548  31.275  13.560 0.0000000000
134819  46.181  30.714  13.173 0.0000000000
134838  46.252  29.982  13.087 0.0000000000
132921  45.273  28.374  12.480 0.0000000000
131915  44.636  27.456  12.439 0.0000000000
140380  36.531  37.288  9.925 0.0000000000
140378  38.366  37.491  11.030 0.0000000000
139712  36.742  36.519  10.456 0.0000000000
138354  36.488  35.133  9.382 0.0000000000
138353  36.831  34.531  9.250 0.0000000000
137533  37.989  33.365  9.664 0.0000000000
138318  35.831  34.185  12.754 0.0000000000
137520  37.125  33.361  10.442 0.0000000000
136664  38.435  32.984  10.071 0.0000000000
137532  39.135  33.302  9.567 0.0000000000
137517  40.351  32.921  10.507 0.0000000000
137515  42.235  33.250  10.943 0.0000000000
137500  43.289  33.415  12.156 0.0000000000
137492  41.604  33.014  12.660 0.0000000000
137491  42.452  33.330  12.892 0.0000000000
137489  44.225  33.627  13.340 0.0000000000
138316  44.964  33.693  13.878 0.0000000000
138298  46.344  33.774  14.319 0.0000000000
125424  52.552  20.628  9.198 0.0000000000
125438  51.777  20.941  8.477 0.0000000000
125425  51.523  20.678  9.291 0.0000000000
125398  51.177  20.509  11.468 0.0000000000
125412  50.076  20.538  10.554 0.0000000000
124423  47.232  19.743  10.643 0.0000000000
124406  46.190  19.046  11.440 0.0000000000
125368  50.702  20.257  14.870 0.0000000000
125383  49.749  20.034  13.913 0.0000000000
125384  49.027  19.890  13.686 0.0000000000
124396  47.973  19.208  14.156 0.0000000000
124403  48.275  19.759  12.738 0.0000000000
124400  47.124  19.178  12.474 0.0000000000
123472  46.279  18.769  11.831 0.0000000000
123473  45.473  18.348  11.667 0.0000000000
122538  44.566  17.459  12.256 0.0000000000
131085  46.161  26.145  6.735 0.0000000000
131083  48.487  26.181  6.407 0.0000000000
131976  48.577  27.009  7.064 0.0000000000
131993  48.696  26.630  6.594 0.0000000000
130225  49.003  25.716  5.873 0.0000000000
130240  48.740  25.112  5.670 0.0000000000
130239  49.672  25.682  5.156 0.0000000000
129407  49.893  24.799  5.160 0.0000000000
132957  51.018  28.731  8.414 0.0000000000
131974  50.987  27.817  7.120 0.0000000000
132976  51.877  28.130  7.572 0.0000000000
131990  51.152  27.283  6.321 0.0000000000
131099  51.098  26.517  5.085 0.0000000000
130238  50.472  25.447  4.812 0.0000000000
129415  50.042  24.187  4.769 0.0000000000
128560  50.975  23.821  5.275 0.0000000000
127580  52.128  22.406  5.664 0.0000000000
126503  52.712  21.718  6.632 0.0000000000
125469  52.610  21.229  7.524 0.0000000000
135696  49.058  31.488  14.750 0.0000000000
134796  49.921  30.293  14.822 0.0000000000
133868  50.684  29.611  14.337 0.0000000000
133871  49.095  29.389  14.019 0.0000000000
132899  50.323  29.219  13.998 0.0000000000
133881  51.034  29.217  13.849 0.0000000000
132919  51.343  28.372  12.943 0.0000000000
131925  51.500  27.351  11.462 0.0000000000
131025  51.333  26.909  10.650 0.0000000000
130999  47.176  27.051  13.354 0.0000000000
130997  48.199  27.219  12.921 0.0000000000
131913  48.737  27.231  12.715 0.0000000000
130159  48.772  26.021  11.976 0.0000000000
131020  48.943  26.403  12.102 0.0000000000
131927  49.725  27.008  11.990 0.0000000000
131026  50.668  26.256  10.456 0.0000000000
131039  51.124  26.201  9.744 0.0000000000
130197  51.183  25.330  9.018 0.0000000000
128520  51.712  23.256  8.853 0.0000000000
128533  52.545  22.733  8.171 0.0000000000
127556  53.146  22.313  7.701 0.0000000000
126474  53.363  21.502  7.878 0.0000000000
125436  53.137  20.897  8.317 0.0000000000
125423  53.287  20.723  9.107 0.0000000000
125409  53.423  20.593  9.962 0.0000000000
126444  54.166  21.457  11.387 0.0000000000
125386  54.111  20.878  11.799 0.0000000000
125359  53.608  21.003  14.762 0.0000000000
128455  51.279  23.177  13.731 0.0000000000
128439  51.644  23.150  14.212 0.0000000000
128437  53.073  23.403  14.736 0.0000000000
128429  51.356  23.480  15.866 0.0000000000
128428  52.063  23.562  15.559 0.0000000000
128436  53.535  23.046  15.119 0.0000000000
127464  53.677  22.378  15.174 0.0000000000
126416  53.538  21.586  15.533 0.0000000000
126417  53.183  21.161  16.007 0.0000000000
125349  52.616  20.887  16.590 0.0000000000
125337  52.416  21.112  17.168 0.0000000000
125319  51.298  20.570  18.682 0.0000000000
141914  46.639  40.123  3.615 0.0000000000
141910  44.823  39.370  3.871 0.0000000000
141908  46.232  39.923  4.271 0.0000000000
141153  47.286  38.735  4.456 0.0000000000
140422  47.462  37.804  4.491 0.0000000000
139775  48.048  36.754  4.999 0.0000000000
139767  40.436  36.227  5.574 0.0000000000
139766  41.440  36.242  5.653 0.0000000000
138360  41.617  34.551  8.699 0.0000000000
139063  41.281  35.010  8.011 0.0000000000
139750  42.757  36.312  6.269 0.0000000000
139764  43.396  36.774  5.569 0.0000000000
139763  44.075  36.958  5.904 0.0000000000
140396  45.403  37.171  5.908 0.0000000000
139762  45.755  37.073  5.882 0.0000000000
139746  46.584  36.646  6.604 0.0000000000
139761  46.231  36.965  5.833 0.0000000000
139760  47.158  36.833  5.703 0.0000000000
139091  48.803  35.710  5.674 0.0000000000
139085  49.443  35.045  6.224 0.0000000000
138369  49.537  34.663  7.666 0.0000000000
137549  49.223  34.399  7.952 0.0000000000
139708  49.442  35.918  10.510 0.0000000000
138335  49.515  34.740  10.447 0.0000000000
137497  48.918  33.701  11.205 0.0000000000
137511  48.750  33.895  10.405 0.0000000000
137512  48.106  33.563  9.867 0.0000000000
136660  47.557  33.056  9.812 0.0000000000
135782  46.716  31.693  9.962 0.0000000000
133918  46.662  29.799  9.636 0.0000000000
133917  47.693  29.831  10.064 0.0000000000
131978  46.273  27.175  7.436 0.0000000000
128563  45.736  23.187  5.270 0.0000000000
128562  46.709  23.291  5.222 0.0000000000
128576  46.163  23.038  4.842 0.0000000000
127583  45.547  22.927  5.042 0.0000000000
127608  48.978  22.859  3.137 0.0000000000
127624  46.557  22.308  2.040 0.0000000000
127667  46.809  21.707  0.463 0.0000000000
127638  46.575  22.125  0.971 0.0000000000
127626  44.124  21.510  1.680 0.0000000000
126536  43.116  21.006  1.902 0.0000000000
125514  42.334  19.870  1.313 0.0000000000
125528  42.035  19.528  1.084 0.0000000000
124507  41.724  19.140  0.865 0.0000000000
125454  50.229  21.294  7.532 0.0000000000
125455  49.569  21.243  7.601 0.0000000000
126481  48.146  21.280  6.585 0.0000000000
125470  46.652  20.932  5.452 0.0000000000
125479  45.693  20.572  4.953 0.0000000000
123490  44.370  18.886  9.554 0.0000000000
124435  44.735  19.398  8.718 0.0000000000
124445  44.654  19.686  7.824 0.0000000000
123508  43.222  18.851  7.688 0.0000000000
124446  43.721  19.328  7.646 0.0000000000
124454  44.323  19.783  7.030 0.0000000000
124463  44.234  19.872  6.086 0.0000000000
125489  44.819  20.297  4.393 0.0000000000
124482  44.163  19.759  3.825 0.0000000000
124483  43.465  19.423  3.218 0.0000000000
121487  51.009  16.634  19.711 0.0000000000
120426  51.296  15.175  18.262 0.0000000000
120416  50.591  16.135  18.213 0.0000000000
120415  50.972  15.542  18.755 0.0000000000
120417  50.321  16.407  17.808 0.0000000000
120446  47.660  16.224  15.325 0.0000000000
121488  51.082  17.084  19.418 0.0000000000
121503  50.832  16.122  19.266 0.0000000000
121515  50.069  16.735  17.562 0.0000000000
121534  48.465  16.628  16.104 0.0000000000
121554  45.163  16.593  13.339 0.0000000000
122477  51.072  17.487  19.079 0.0000000000
122488  49.814  17.159  17.246 0.0000000000
122497  49.323  17.361  16.821 0.0000000000
122522  46.903  17.245  14.509 0.0000000000
122523  46.367  17.005  14.235 0.0000000000
122530  46.479  17.440  14.036 0.0000000000
122534  45.568  17.501  13.162 0.0000000000
122537  45.281  17.722  12.592 0.0000000000
122539  43.932  17.076  11.824 0.0000000000
123423  50.617  18.427  17.774 0.0000000000
123424  50.064  18.123  17.410 0.0000000000
123433  49.521  18.039  16.847 0.0000000000
123434  48.947  17.976  16.417 0.0000000000
123468  47.093  18.989  12.853 0.0000000000
123480  43.598  17.798  10.494 0.0000000000
123489  45.043  19.116  9.762 0.0000000000
123563  41.637  18.995  0.667 0.0000000000
124343  50.727  18.913  17.297 0.0000000000
124376  48.340  18.305  15.524 0.0000000000
124381  50.137  19.931  14.952 0.0000000000
124394  49.596  19.795  14.391 0.0000000000
124398  48.479  19.645  13.477 0.0000000000
124399  47.641  19.346  13.038 0.0000000000
124405  46.803  19.221  11.838 0.0000000000
124414  46.647  19.476  11.039 0.0000000000
124426  45.078  19.303  9.340 0.0000000000
124466  40.389  19.126  4.434 0.0000000000
124500  41.714  19.346  1.064 0.0000000000
124508  41.520  19.208  0.758 0.0000000000
124509  41.432  19.016  0.866 0.0000000000
125351  51.211  19.956  16.539 0.0000000000
125369  49.968  19.908  14.583 0.0000000000
125394  54.171  21.019  10.305 0.0000000000
125401  47.919  19.781  11.607 0.0000000000
125408  53.899  20.981  9.793 0.0000000000
125435  53.310  21.154  8.187 0.0000000000
125437  52.533  20.871  8.386 0.0000000000
125444  40.111  21.327  7.121 0.0000000000
125445  40.080  21.180  7.045 0.0000000000
125451  53.042  21.041  7.978 0.0000000000
125452  52.991  21.086  7.803 0.0000000000
125453  52.658  21.067  7.917 0.0000000000
125459  44.848  20.023  7.271 0.0000000000
125460  40.230  21.461  6.940 0.0000000000
125461  40.086  21.338  6.804 0.0000000000
125468  52.775  21.310  7.316 0.0000000000
125497  48.536  20.951  1.974 0.0000000000
125509  48.100  20.688  1.841 0.0000000000
125510  46.213  20.570  1.578 0.0000000000
125522  48.086  21.025  0.749 0.0000000000
125523  47.515  20.758  1.137 0.0000000000
125524  46.572  20.658  1.063 0.0000000000
125529  41.932  19.692  1.255 0.0000000000
125534  47.706  21.210  0.606 0.0000000000
125536  46.718  20.883  0.637 0.0000000000
125537  45.937  20.748  0.494 0.0000000000
125539  44.435  20.727  0.476 0.0000000000
125543  47.500  21.363  0.665 0.0000000000
125544  47.029  20.873  0.406 0.0000000000
125545  46.687  21.009  0.399 0.0000000000
125547  45.559  20.898  0.168 0.0000000000
126412  53.385  22.011  15.956 0.0000000000
126430  53.537  21.718  13.569 0.0000000000
126431  53.375  21.912  13.256 0.0000000000
126443  54.223  21.318  10.682 0.0000000000
126450  54.165  21.157  10.357 0.0000000000
126451  53.941  21.190  10.024 0.0000000000
126458  53.690  21.298  9.381 0.0000000000
126464  53.488  21.414  8.561 0.0000000000
126465  52.295  21.088  8.014 0.0000000000
126467  51.408  21.195  7.870 0.0000000000
126469  39.920  21.558  6.994 0.0000000000
126475  53.142  21.352  7.625 0.0000000000
126476  52.246  21.192  7.616 0.0000000000
126477  51.733  21.238  7.361 0.0000000000
126483  39.871  21.469  6.643 0.0000000000
126488  53.264  21.673  7.422 0.0000000000
126489  53.002  21.517  7.179 0.0000000000
126492  50.608  21.606  6.312 0.0000000000
126523  42.170  21.584  3.400 0.0000000000
126547  48.715  21.269  1.895 0.0000000000
126549  46.714  20.626  1.984 0.0000000000
126563  48.861  21.951  1.767 0.0000000000
126564  48.508  21.567  1.358 0.0000000000
126565  47.084  20.642  1.385 0.0000000000
126568  44.474  21.180  0.362 0.0000000000
126569  44.145  20.871  0.565 0.0000000000
126580  45.091  21.099  0.023 0.0000000000
126592  47.611  21.596  0.515 0.0000000000
126593  47.198  21.559  0.565 0.0000000000
126594  46.743  21.378  0.567 0.0000000000
126595  46.228  21.268  0.341 0.0000000000
126596  45.718  21.109  0.103 0.0000000000
127430  52.815  22.432  16.714 0.0000000000
127446  53.511  22.353  15.770 0.0000000000
127452  46.447  23.112  16.461 0.0000000000
127465  51.460  23.384  15.392 0.0000000000
127498  53.159  22.480  13.564 0.0000000000
127499  51.248  23.158  14.215 0.0000000000
127500  50.799  23.205  14.248 0.0000000000
127509  53.710  21.885  11.731 0.0000000000
127515  54.057  21.418  10.476 0.0000000000
127518  52.427  22.461  11.779 0.0000000000
127526  54.007  21.317  10.252 0.0000000000
127545  53.420  21.875  8.167 0.0000000000
127546  53.099  22.229  8.597 0.0000000000
127547  39.908  21.862  7.000 0.0000000000
127548  39.735  21.790  6.845 0.0000000000
127555  53.350  22.079  7.453 0.0000000000
127568  53.145  22.095  6.941 0.0000000000
127569  44.769  23.283  5.883 0.0000000000
127581  47.423  23.468  4.796 0.0000000000
127594  47.533  23.334  4.508 0.0000000000
127607  49.685  22.539  3.135 0.0000000000
127622  48.606  22.528  2.488 0.0000000000
127635  48.944  22.177  2.066 0.0000000000
127639  45.977  21.688  0.574 0.0000000000
127650  48.080  22.056  0.858 0.0000000000
127651  47.369  22.113  0.604 0.0000000000
127652  46.755  22.251  0.345 0.0000000000
127653  46.301  21.587  0.364 0.0000000000
127665  47.875  22.130  0.485 0.0000000000
127666  47.282  22.056  0.286 0.0000000000
127668  46.490  21.538  0.487 0.0000000000
128377  47.367  24.419  18.532 0.0000000000
128394  47.965  24.015  17.984 0.0000000000
128407  53.434  22.726  16.025 0.0000000000
128408  53.101  23.032  16.305 0.0000000000
128426  53.529  22.920  15.711 0.0000000000
128438  52.163  23.291  14.600 0.0000000000
128440  49.614  23.360  14.481 0.0000000000
128462  43.951  23.834  13.709 0.0000000000
128473  52.687  22.832  13.410 0.0000000000
128474  52.057  22.955  13.001 0.0000000000
128548  47.365  23.967  5.468 0.0000000000
128549  47.104  23.816  5.701 0.0000000000
128561  47.508  23.813  5.044 0.0000000000
128564  45.302  23.298  5.588 0.0000000000
128571  51.198  23.173  4.936 0.0000000000
128577  45.865  22.983  4.864 0.0000000000
128586  48.641  23.344  3.778 0.0000000000
128587  48.257  23.331  3.896 0.0000000000
129276  47.008  24.720  18.915 0.0000000000
129307  44.672  24.490  13.305 0.0000000000
129375  51.081  24.885  8.979 0.0000000000
129409  48.206  24.605  5.351 0.0000000000
129417  48.657  24.244  4.779 0.0000000000
130152  44.311  25.662  12.788 0.0000000000
130224  49.444  26.045  5.529 0.0000000000
130246  50.981  26.053  4.481 0.0000000000
130248  49.927  26.108  4.675 0.0000000000
130998  47.832  27.148  13.096 0.0000000000
131005  49.136  26.833  12.254 0.0000000000
131018  50.792  26.878  11.205 0.0000000000
131019  49.596  26.527  11.672 0.0000000000
131038  51.665  26.578  9.487 0.0000000000
131063  48.373  26.588  6.698 0.0000000000
131081  50.962  26.983  5.646 0.0000000000
131110  50.597  26.425  4.702 0.0000000000
131111  50.118  26.373  4.782 0.0000000000
131112  49.837  26.179  4.897 0.0000000000
131900  50.204  28.364  13.260 0.0000000000
131909  52.134  28.303  12.301 0.0000000000
131910  51.700  28.020  12.369 0.0000000000
131916  43.581  27.469  12.245 0.0000000000
131955  52.598  27.438  8.658 0.0000000000
131956  50.953  28.299  7.726 0.0000000000
132005  49.899  26.753  5.688 0.0000000000
132900  49.644  29.224  14.023 0.0000000000
132901  49.144  29.157  13.900 0.0000000000
132907  52.180  29.027  13.035 0.0000000000
132918  51.976  28.482  12.775 0.0000000000
132938  48.555  29.461  10.134 0.0000000000
132955  52.495  28.128  8.281 0.0000000000
132956  51.912  28.685  8.168 0.0000000000
132975  52.197  27.801  7.638 0.0000000000
133869  50.077  29.656  14.487 0.0000000000
133870  49.399  29.691  14.325 0.0000000000
133880  51.674  29.501  13.469 0.0000000000
133882  49.121  29.939  14.333 0.0000000000
133891  52.010  29.699  12.997 0.0000000000
133903  50.029  30.571  11.406 0.0000000000
133906  52.038  30.031  10.563 0.0000000000
133919  45.881  29.795  9.224 0.0000000000
134794  51.005  29.902  14.460 0.0000000000
134798  48.795  30.820  14.271 0.0000000000
134817  48.148  30.388  13.926 0.0000000000
134835  52.079  29.855  12.748 0.0000000000
134855  52.204  29.973  12.388 0.0000000000
134856  52.047  30.462  11.976 0.0000000000
134873  47.587  31.153  10.589 0.0000000000
135678  50.186  31.490  15.080 0.0000000000
135680  49.555  31.754  15.155 0.0000000000
135681  43.720  32.265  15.171 0.0000000000
135693  50.974  30.361  14.500 0.0000000000
135695  49.725  31.101  14.990 0.0000000000
135701  43.887  32.043  14.760 0.0000000000
135704  40.479  31.447  14.172 0.0000000000
135724  40.069  31.669  14.010 0.0000000000
135738  44.661  31.165  12.923 0.0000000000
135743  38.436  31.806  13.094 0.0000000000
136569  50.170  31.766  15.104 0.0000000000
136570  49.749  32.135  15.226 0.0000000000
136577  43.038  32.679  15.492 0.0000000000
136586  50.463  31.980  14.633 0.0000000000
136588  47.612  32.390  14.343 0.0000000000
136592  44.142  32.324  15.064 0.0000000000
136593  41.389  32.412  14.481 0.0000000000
136595  36.140  32.244  14.097 0.0000000000
136604  40.228  32.187  13.680 0.0000000000
136607  36.515  32.436  13.201 0.0000000000
136608  35.942  33.024  13.018 0.0000000000
136613  50.579  32.583  13.187 0.0000000000
136616  40.185  32.418  12.919 0.0000000000
136621  36.093  33.316  12.501 0.0000000000
136631  39.292  32.409  11.804 0.0000000000
136642  48.393  33.308  11.033 0.0000000000
136647  38.248  32.696  10.746 0.0000000000
137458  45.882  33.225  14.658 0.0000000000
137461  42.767  33.299  15.230 0.0000000000
137462  42.051  33.106  14.895 0.0000000000
137464  35.594  33.365  14.236 0.0000000000
137470  44.577  33.561  14.546 0.0000000000
137474  35.630  33.437  13.588 0.0000000000
137478  50.274  33.809  13.691 0.0000000000
137479  44.945  33.694  13.788 0.0000000000
137480  44.531  33.643  13.999 0.0000000000
137483  41.699  33.142  13.526 0.0000000000
137490  43.339  33.565  13.128 0.0000000000
137498  44.895  33.744  12.803 0.0000000000
137501  42.386  33.150  11.913 0.0000000000
137513  43.973  33.614  11.513 0.0000000000
137516  41.339  33.122  10.704 0.0000000000
137518  39.602  32.956  10.147 0.0000000000
137519  37.852  33.024  10.324 0.0000000000
137521  36.438  34.061  10.454 0.0000000000
137531  40.208  33.413  9.718 0.0000000000
137535  36.572  34.492  9.795 0.0000000000
137543  38.601  33.707  9.146 0.0000000000
137545  37.362  34.400  9.035 0.0000000000
138292  36.257  34.060  15.360 0.0000000000
138299  45.690  33.615  14.305 0.0000000000
138301  35.619  33.771  13.983 0.0000000000
138307  45.674  33.800  14.129 0.0000000000
138308  44.815  33.770  14.156 0.0000000000
138309  35.967  34.469  13.859 0.0000000000
138315  45.399  33.831  13.677 0.0000000000
138317  36.088  34.590  13.312 0.0000000000
138321  47.133  34.673  13.320 0.0000000000
138338  45.265  34.403  10.805 0.0000000000
138347  43.999  34.368  9.827 0.0000000000
138348  43.076  34.176  9.516 0.0000000000
138352  39.225  33.881  8.974 0.0000000000
138358  49.221  34.514  8.673 0.0000000000
138363  38.729  34.244  8.711 0.0000000000
139004  48.042  34.514  14.866 0.0000000000
139010  48.582  35.068  14.456 0.0000000000
139011  47.977  34.823  14.679 0.0000000000
139018  48.738  35.483  13.718 0.0000000000
139053  36.184  35.927  9.028 0.0000000000
139067  37.106  35.703  8.284 0.0000000000
139700  49.362  35.949  11.033 0.0000000000
139705  37.203  36.204  11.086 0.0000000000
139715  49.443  35.870  9.753 0.0000000000
139721  49.346  35.836  9.076 0.0000000000
139725  46.542  36.425  7.953 0.0000000000
139765  42.389  36.460  5.632 0.0000000000
140374  37.988  37.005  11.148 0.0000000000
140379  37.476  37.466  10.550 0.0000000000
140397  45.100  37.081  6.121 0.0000000000
140406  44.745  37.344  5.617 0.0000000000
140423  46.892  38.140  4.797 0.0000000000
140428  41.539  36.856  4.418 0.0000000000
141094  38.951  37.824  11.295 0.0000000000
141166  43.946  39.005  3.475 0.0000000000
141182  42.461  39.045  3.053 0.0000000000
141183  42.169  39.130  3.017 0.0000000000
141849  39.722  38.619  11.325 0.0000000000
141907  47.177  39.574  4.147 0.0000000000
141909  45.342  39.731  3.973 0.0000000000
141915  45.092  40.109  3.586 0.0000000000
141918  42.594  39.551  3.112 0.0000000000
141926  47.076  39.496  2.771 0.0000000000
141927  46.500  40.041  2.711 0.0000000000
141930  42.384  39.272  3.049 0.0000000000
142673  46.100  40.167  4.063 0.0000000000
142680  46.097  40.256  3.827 0.0000000000
142681  45.565  40.337  3.569 0.0000000000
