#!ascii label  , from subject 3392 vox2ras=TkReg
425
84710  -23.304  -6.224  -22.104 0.0000000000
79318  -19.616  -10.780  -22.426 0.0000000000
80370  -27.293  -10.740  -20.238 0.0000000000
74562  -22.751  -15.679  -20.198 0.0000000000
99006  -23.706  7.230  -23.206 0.0000000000
94999  -25.962  3.438  -21.576 0.0000000000
89840  -18.491  -1.624  -24.138 0.0000000000
69953  -20.397  -19.557  -19.285 0.0000000000
78170  -21.484  -12.560  -21.194 0.0000000000
75789  -19.466  -14.589  -20.658 0.0000000000
97006  -24.885  5.428  -22.338 0.0000000000
94022  -21.841  2.474  -23.112 0.0000000000
84722  -19.016  -6.110  -23.089 0.0000000000
87734  -16.116  -3.809  -21.422 0.0000000000
86736  -20.692  -4.289  -23.629 0.0000000000
89843  -24.366  -1.487  -22.415 0.0000000000
86704  -25.332  -3.748  -21.670 0.0000000000
84693  -27.271  -6.362  -20.621 0.0000000000
82546  -17.626  -8.504  -21.203 0.0000000000
82567  -20.754  -8.760  -23.132 0.0000000000
82551  -25.572  -8.350  -20.437 0.0000000000
80384  -22.952  -10.573  -21.215 0.0000000000
76986  -24.819  -13.671  -20.173 0.0000000000
74595  -25.789  -16.455  -22.835 0.0000000000
91954  -18.169  0.406  -24.088 0.0000000000
91942  -22.845  0.206  -22.843 0.0000000000
91911  -27.432  0.620  -20.750 0.0000000000
73426  -18.446  -16.348  -19.430 0.0000000000
72285  -21.891  -17.719  -19.985 0.0000000000
75808  -19.037  -14.052  -21.086 0.0000000000
75777  -18.328  -14.494  -19.860 0.0000000000
95037  -21.328  3.544  -23.389 0.0000000000
94020  -19.789  2.506  -23.668 0.0000000000
84724  -20.504  -6.326  -23.517 0.0000000000
85730  -19.794  -5.398  -23.697 0.0000000000
84726  -21.823  -5.513  -22.809 0.0000000000
86738  -22.613  -4.203  -22.739 0.0000000000
85718  -24.510  -5.185  -21.779 0.0000000000
85700  -26.289  -5.286  -21.173 0.0000000000
84712  -25.210  -6.006  -21.493 0.0000000000
81472  -18.885  -9.459  -21.827 0.0000000000
82565  -19.055  -8.526  -22.307 0.0000000000
81474  -20.296  -9.582  -23.030 0.0000000000
81458  -22.345  -9.432  -22.097 0.0000000000
80396  -21.300  -10.566  -22.550 0.0000000000
76983  -21.696  -13.400  -20.635 0.0000000000
78151  -23.229  -12.572  -20.313 0.0000000000
75794  -24.310  -14.770  -20.390 0.0000000000
75795  -25.310  -14.733  -20.801 0.0000000000
74564  -24.856  -16.153  -20.960 0.0000000000
98004  -21.953  6.550  -23.575 0.0000000000
99004  -21.556  7.658  -24.071 0.0000000000
99005  -22.691  7.479  -23.609 0.0000000000
100873  -23.085  9.634  -24.084 0.0000000000
99927  -25.110  8.329  -22.636 0.0000000000
94998  -25.524  4.046  -21.711 0.0000000000
88800  -17.126  -2.637  -22.590 0.0000000000
89826  -16.825  -1.653  -22.477 0.0000000000
90859  -18.143  -0.732  -23.953 0.0000000000
91956  -20.020  0.489  -23.813 0.0000000000
90879  -20.340  -0.562  -23.694 0.0000000000
89830  -26.408  -1.411  -21.413 0.0000000000
90845  -25.516  -0.345  -21.855 0.0000000000
90833  -27.757  -0.368  -20.813 0.0000000000
82534  -26.191  -9.124  -20.314 0.0000000000
82553  -27.730  -8.640  -20.366 0.0000000000
71102  -18.999  -18.715  -18.392 0.0000000000
72271  -19.723  -17.420  -19.167 0.0000000000
73428  -20.059  -16.756  -19.552 0.0000000000
71119  -20.818  -18.263  -19.449 0.0000000000
79284  -18.605  -11.451  -21.086 0.0000000000
79302  -20.208  -11.799  -22.185 0.0000000000
78168  -19.691  -12.453  -21.680 0.0000000000
75810  -20.594  -13.962  -21.235 0.0000000000
75791  -21.179  -14.463  -20.580 0.0000000000
97023  -22.365  5.434  -23.354 0.0000000000
97983  -24.460  6.311  -22.665 0.0000000000
96041  -22.678  4.429  -23.066 0.0000000000
95012  -23.042  3.365  -22.840 0.0000000000
93997  -23.579  2.451  -22.546 0.0000000000
85697  -16.706  -5.577  -21.431 0.0000000000
86719  -17.212  -4.498  -22.435 0.0000000000
86733  -18.514  -4.419  -23.442 0.0000000000
87789  -20.066  -3.014  -24.333 0.0000000000
88830  -21.090  -2.303  -23.744 0.0000000000
87792  -22.108  -2.861  -23.248 0.0000000000
87779  -24.291  -2.996  -22.358 0.0000000000
88791  -28.350  -2.239  -20.956 0.0000000000
87744  -28.839  -3.309  -20.987 0.0000000000
68753  -20.596  -20.274  -18.961 0.0000000000
68776  -21.212  -20.356  -20.182 0.0000000000
83674  -17.612  -7.219  -21.741 0.0000000000
83692  -19.674  -7.107  -23.288 0.0000000000
83679  -22.138  -7.819  -22.351 0.0000000000
83681  -23.976  -6.907  -21.501 0.0000000000
83657  -22.957  -8.154  -21.731 0.0000000000
81460  -24.014  -9.437  -21.069 0.0000000000
80368  -25.443  -10.696  -20.220 0.0000000000
78171  -22.166  -11.925  -21.066 0.0000000000
79286  -23.736  -11.465  -20.259 0.0000000000
79288  -25.933  -11.636  -19.845 0.0000000000
76988  -26.848  -13.651  -21.131 0.0000000000
75823  -26.767  -15.083  -22.725 0.0000000000
97985  -26.100  6.648  -21.954 0.0000000000
93019  -19.498  1.376  -23.802 0.0000000000
93003  -21.946  1.406  -23.219 0.0000000000
92982  -23.897  1.541  -22.164 0.0000000000
89841  -22.997  -1.113  -23.106 0.0000000000
91924  -25.087  0.533  -21.878 0.0000000000
93978  -26.662  2.516  -21.362 0.0000000000
83661  -26.957  -7.375  -20.432 0.0000000000
83662  -28.185  -7.510  -20.565 0.0000000000
74542  -18.064  -15.405  -19.410 0.0000000000
74543  -18.821  -15.513  -20.082 0.0000000000
73441  -20.312  -16.366  -20.170 0.0000000000
73443  -22.243  -16.700  -20.251 0.0000000000
71134  -22.202  -18.781  -20.284 0.0000000000
72286  -22.751  -17.761  -20.557 0.0000000000
73445  -23.842  -16.702  -21.172 0.0000000000
94018  -18.127  2.612  -23.254 0.0000000000
84709  -22.260  -6.451  -22.630 0.0000000000
84725  -21.335  -5.936  -23.247 0.0000000000
85716  -22.643  -5.340  -22.499 0.0000000000
85717  -23.596  -5.334  -22.163 0.0000000000
84711  -24.226  -6.055  -21.746 0.0000000000
80381  -18.716  -10.452  -21.492 0.0000000000
81457  -17.994  -9.503  -21.101 0.0000000000
80393  -19.367  -10.305  -22.132 0.0000000000
81473  -19.572  -9.467  -22.502 0.0000000000
80394  -19.901  -10.275  -22.621 0.0000000000
80395  -20.577  -10.399  -22.734 0.0000000000
79319  -20.035  -11.013  -22.523 0.0000000000
75792  -22.214  -14.545  -20.338 0.0000000000
76984  -22.715  -13.553  -20.355 0.0000000000
75793  -23.254  -14.656  -20.160 0.0000000000
74563  -23.715  -15.786  -20.565 0.0000000000
99945  -23.695  8.451  -23.331 0.0000000000
99926  -24.252  7.647  -22.777 0.0000000000
96009  -26.706  4.496  -21.354 0.0000000000
95000  -27.149  3.523  -21.345 0.0000000000
88815  -18.266  -2.604  -23.789 0.0000000000
89839  -17.800  -1.692  -23.788 0.0000000000
90858  -17.681  -0.756  -23.487 0.0000000000
90878  -19.524  -0.533  -23.993 0.0000000000
89859  -19.981  -1.452  -24.005 0.0000000000
89817  -28.013  -1.265  -21.078 0.0000000000
89816  -27.235  -1.102  -21.317 0.0000000000
81444  -26.731  -9.899  -20.136 0.0000000000
81445  -27.625  -9.816  -20.266 0.0000000000
69939  -20.033  -20.026  -19.063 0.0000000000
69938  -19.608  -19.472  -18.661 0.0000000000
69952  -19.894  -18.955  -19.046 0.0000000000
71117  -19.427  -18.336  -18.849 0.0000000000
71118  -20.191  -18.435  -19.266 0.0000000000
71132  -20.717  -18.992  -19.612 0.0000000000
78148  -18.400  -12.345  -20.641 0.0000000000
78167  -18.883  -12.433  -21.382 0.0000000000
75788  -18.804  -14.437  -20.465 0.0000000000
75809  -19.748  -14.012  -21.174 0.0000000000
75790  -20.233  -14.675  -20.700 0.0000000000
96039  -20.882  4.549  -23.485 0.0000000000
96040  -21.811  4.519  -23.402 0.0000000000
94021  -20.777  2.547  -23.449 0.0000000000
95038  -22.219  3.545  -23.213 0.0000000000
94023  -22.494  2.918  -23.095 0.0000000000
95013  -24.060  3.465  -22.444 0.0000000000
93996  -22.774  2.286  -23.036 0.0000000000
85698  -17.288  -5.872  -21.951 0.0000000000
85714  -17.838  -5.467  -22.489 0.0000000000
86735  -19.996  -4.485  -23.928 0.0000000000
87772  -18.757  -3.541  -23.831 0.0000000000
87774  -20.276  -3.742  -24.062 0.0000000000
87790  -20.721  -3.197  -23.894 0.0000000000
86748  -21.107  -3.533  -23.563 0.0000000000
86723  -24.952  -4.249  -21.798 0.0000000000
87758  -24.301  -3.607  -22.110 0.0000000000
87741  -25.598  -3.443  -21.519 0.0000000000
87760  -25.615  -2.984  -21.396 0.0000000000
87742  -26.349  -3.114  -21.357 0.0000000000
87743  -27.602  -3.190  -20.926 0.0000000000
86706  -26.917  -4.218  -20.818 0.0000000000
85701  -27.697  -5.346  -20.678 0.0000000000
84694  -28.567  -6.473  -20.705 0.0000000000
67551  -20.252  -20.768  -18.402 0.0000000000
68754  -21.243  -20.144  -18.622 0.0000000000
83654  -17.187  -7.544  -21.119 0.0000000000
84689  -16.795  -6.520  -20.897 0.0000000000
83655  -17.810  -7.868  -21.565 0.0000000000
82566  -19.873  -8.605  -22.886 0.0000000000
83676  -19.301  -7.523  -22.736 0.0000000000
83677  -20.220  -7.710  -23.027 0.0000000000
84707  -20.661  -7.161  -23.124 0.0000000000
83678  -21.123  -7.874  -22.816 0.0000000000
82547  -22.306  -8.683  -22.215 0.0000000000
81459  -23.195  -9.733  -21.429 0.0000000000
81440  -23.780  -9.855  -21.005 0.0000000000
81441  -24.233  -9.893  -20.749 0.0000000000
80366  -23.628  -10.420  -20.776 0.0000000000
78169  -20.545  -12.506  -21.611 0.0000000000
79303  -21.059  -11.866  -22.038 0.0000000000
78152  -24.274  -12.567  -19.975 0.0000000000
79287  -24.856  -11.545  -19.843 0.0000000000
78153  -25.369  -12.625  -19.892 0.0000000000
78154  -26.406  -12.643  -20.278 0.0000000000
76987  -25.822  -13.624  -20.494 0.0000000000
74581  -25.579  -15.964  -22.084 0.0000000000
75813  -26.396  -14.721  -21.899 0.0000000000
74596  -26.429  -16.103  -22.974 0.0000000000
74610  -27.308  -16.378  -23.749 0.0000000000
97005  -23.946  5.484  -22.730 0.0000000000
97984  -25.355  6.343  -22.119 0.0000000000
91919  -16.584  0.553  -22.528 0.0000000000
93016  -17.671  1.134  -23.800 0.0000000000
93018  -18.675  1.278  -23.851 0.0000000000
91957  -20.761  0.171  -23.690 0.0000000000
91939  -20.746  0.881  -23.687 0.0000000000
91941  -22.344  0.548  -23.256 0.0000000000
92981  -23.204  1.519  -22.719 0.0000000000
91921  -22.850  0.849  -22.816 0.0000000000
88817  -23.024  -1.995  -23.049 0.0000000000
89862  -22.305  -1.505  -23.321 0.0000000000
89842  -23.518  -1.360  -22.671 0.0000000000
90831  -26.119  -0.025  -21.437 0.0000000000
91909  -25.812  0.587  -21.569 0.0000000000
92965  -25.457  1.201  -21.571 0.0000000000
92967  -27.047  1.626  -20.896 0.0000000000
92968  -28.108  1.634  -20.908 0.0000000000
83659  -24.909  -7.546  -21.067 0.0000000000
84691  -25.432  -6.806  -21.165 0.0000000000
83660  -26.018  -7.293  -20.446 0.0000000000
72269  -18.125  -16.910  -19.157 0.0000000000
73425  -17.840  -16.323  -18.999 0.0000000000
73427  -19.258  -16.526  -19.628 0.0000000000
73429  -20.651  -16.953  -19.719 0.0000000000
73442  -21.226  -16.644  -20.052 0.0000000000
69963  -21.631  -19.718  -20.186 0.0000000000
72287  -23.643  -17.506  -21.246 0.0000000000
76982  -18.427  -13.446  -20.879 0.0000000000
76971  -17.921  -13.447  -19.888 0.0000000000
76972  -18.451  -13.928  -20.201 0.0000000000
95036  -20.373  3.542  -23.391 0.0000000000
84723  -19.594  -6.335  -23.513 0.0000000000
85715  -18.602  -5.671  -22.861 0.0000000000
85731  -20.552  -5.240  -23.487 0.0000000000
85732  -21.286  -4.980  -23.241 0.0000000000
86737  -21.520  -4.042  -23.357 0.0000000000
85733  -21.919  -4.814  -22.850 0.0000000000
86722  -23.710  -4.311  -22.202 0.0000000000
86705  -25.848  -4.201  -21.506 0.0000000000
85719  -25.502  -5.160  -21.567 0.0000000000
84713  -25.796  -5.647  -21.352 0.0000000000
84692  -26.141  -6.404  -21.003 0.0000000000
82564  -18.307  -8.558  -21.666 0.0000000000
82568  -21.668  -8.910  -22.688 0.0000000000
81475  -21.121  -9.746  -23.021 0.0000000000
81476  -21.697  -9.915  -22.367 0.0000000000
80383  -22.253  -10.455  -21.828 0.0000000000
78149  -21.779  -12.848  -20.779 0.0000000000
76985  -23.756  -13.609  -20.242 0.0000000000
74565  -25.445  -15.552  -21.212 0.0000000000
74580  -24.772  -16.428  -21.915 0.0000000000
98003  -20.859  6.626  -23.875 0.0000000000
99944  -22.308  8.608  -24.110 0.0000000000
96019  -25.241  4.586  -21.952 0.0000000000
97007  -25.611  5.401  -21.858 0.0000000000
96994  -26.358  5.395  -21.557 0.0000000000
89809  -15.649  -1.420  -21.019 0.0000000000
90841  -16.581  -0.640  -22.440 0.0000000000
90842  -17.209  -0.712  -22.899 0.0000000000
91938  -17.913  -0.153  -23.741 0.0000000000
91955  -19.090  0.429  -24.190 0.0000000000
90860  -21.909  -0.148  -23.479 0.0000000000
88802  -25.014  -1.966  -21.761 0.0000000000
89828  -25.153  -1.128  -22.258 0.0000000000
89829  -25.623  -1.301  -21.660 0.0000000000
90832  -26.789  -0.332  -21.213 0.0000000000
91912  -28.454  0.578  -20.877 0.0000000000
82552  -26.557  -8.292  -20.272 0.0000000000
82535  -26.975  -9.137  -20.147 0.0000000000
71116  -18.771  -18.123  -18.651 0.0000000000
72270  -18.722  -17.375  -19.068 0.0000000000
72272  -20.454  -17.528  -19.384 0.0000000000
72273  -21.119  -17.619  -19.632 0.0000000000
79301  -19.322  -11.383  -21.992 0.0000000000
77000  -19.220  -13.343  -21.466 0.0000000000
77001  -20.093  -13.246  -21.440 0.0000000000
77002  -20.858  -13.191  -21.287 0.0000000000
75811  -21.190  -13.701  -21.108 0.0000000000
74561  -21.712  -15.568  -20.181 0.0000000000
97021  -20.415  5.534  -23.462 0.0000000000
98005  -23.244  6.263  -23.278 0.0000000000
98006  -23.989  6.576  -23.128 0.0000000000
97024  -23.172  5.208  -23.066 0.0000000000
96017  -23.540  4.423  -22.684 0.0000000000
96018  -24.478  4.490  -22.364 0.0000000000
95014  -24.997  3.580  -21.772 0.0000000000
93998  -24.442  2.538  -22.036 0.0000000000
85728  -18.327  -5.084  -23.072 0.0000000000
86720  -17.792  -4.468  -23.044 0.0000000000
87735  -16.717  -3.657  -22.280 0.0000000000
87757  -18.059  -3.535  -23.355 0.0000000000
88816  -19.080  -2.574  -24.115 0.0000000000
88829  -20.431  -2.284  -24.211 0.0000000000
88831  -21.762  -2.269  -23.350 0.0000000000
88818  -23.716  -2.385  -22.565 0.0000000000
86739  -23.183  -3.735  -22.561 0.0000000000
87777  -22.828  -3.050  -22.864 0.0000000000
88819  -24.507  -2.394  -22.255 0.0000000000
88803  -25.767  -2.283  -21.355 0.0000000000
88790  -27.100  -2.103  -21.369 0.0000000000
88792  -29.355  -2.370  -21.305 0.0000000000
79289  -26.950  -11.681  -20.059 0.0000000000
68765  -20.818  -20.317  -19.871 0.0000000000
69962  -20.903  -19.831  -20.030 0.0000000000
84690  -17.218  -6.540  -21.552 0.0000000000
84704  -17.750  -6.546  -22.145 0.0000000000
83675  -18.345  -7.533  -22.114 0.0000000000
84706  -19.226  -6.734  -23.104 0.0000000000
83693  -20.122  -6.996  -23.480 0.0000000000
84708  -21.372  -6.936  -23.035 0.0000000000
83680  -23.076  -7.235  -21.950 0.0000000000
83658  -23.855  -7.914  -21.395 0.0000000000
82548  -22.784  -8.859  -21.751 0.0000000000
82549  -23.603  -8.830  -21.406 0.0000000000
82550  -24.642  -8.853  -20.860 0.0000000000
82532  -25.029  -9.263  -20.693 0.0000000000
81443  -25.864  -9.900  -20.320 0.0000000000
80369  -26.383  -10.752  -20.120 0.0000000000
79320  -20.757  -11.179  -22.467 0.0000000000
79321  -21.372  -11.237  -22.307 0.0000000000
79305  -22.517  -11.207  -21.200 0.0000000000
79285  -22.762  -11.755  -20.578 0.0000000000
79306  -23.131  -11.082  -20.805 0.0000000000
78155  -27.344  -12.566  -20.788 0.0000000000
76989  -27.457  -13.178  -21.328 0.0000000000
75796  -26.087  -14.396  -21.056 0.0000000000
75814  -27.129  -14.454  -22.292 0.0000000000
98982  -24.850  7.164  -22.502 0.0000000000
98983  -25.768  7.314  -22.202 0.0000000000
94037  -18.447  2.052  -23.599 0.0000000000
94038  -19.080  1.951  -23.483 0.0000000000
93001  -20.336  1.587  -23.780 0.0000000000
93002  -21.168  1.575  -23.461 0.0000000000
93995  -22.266  1.894  -22.976 0.0000000000
93999  -25.249  2.667  -21.532 0.0000000000
89860  -20.755  -1.442  -23.838 0.0000000000
90881  -21.896  -0.831  -23.480 0.0000000000
90861  -22.539  -0.466  -23.247 0.0000000000
90863  -23.931  -0.749  -22.523 0.0000000000
90843  -23.959  -0.055  -22.582 0.0000000000
91923  -24.294  0.620  -22.176 0.0000000000
92984  -25.492  1.868  -21.449 0.0000000000
93977  -25.892  2.410  -21.370 0.0000000000
93979  -27.646  2.602  -21.157 0.0000000000
83682  -24.756  -6.665  -21.405 0.0000000000
74558  -19.192  -15.013  -20.431 0.0000000000
73440  -19.688  -16.328  -20.119 0.0000000000
74559  -19.700  -15.525  -20.392 0.0000000000
74560  -20.713  -15.503  -20.247 0.0000000000
71133  -21.355  -18.749  -19.849 0.0000000000
73444  -23.177  -16.726  -20.648 0.0000000000
68775  -20.934  -20.262  -20.155 0.0000000000
73474  -25.952  -16.754  -23.180 0.0000000000
74544  -19.314  -16.035  -20.170 0.0000000000
74582  -26.295  -15.460  -22.415 0.0000000000
75812  -25.816  -15.100  -21.354 0.0000000000
75836  -27.229  -15.581  -23.255 0.0000000000
77003  -21.299  -13.216  -21.060 0.0000000000
78150  -22.227  -12.633  -20.639 0.0000000000
79290  -27.738  -11.608  -20.624 0.0000000000
79304  -21.818  -11.464  -21.734 0.0000000000
80367  -24.484  -10.598  -20.366 0.0000000000
80382  -21.765  -10.878  -22.246 0.0000000000
80397  -21.749  -10.458  -22.258 0.0000000000
81442  -24.991  -9.745  -20.657 0.0000000000
81456  -17.522  -8.978  -20.832 0.0000000000
81461  -24.483  -9.473  -20.825 0.0000000000
82533  -25.401  -9.205  -20.569 0.0000000000
83656  -22.516  -8.370  -21.977 0.0000000000
84705  -18.591  -6.503  -22.633 0.0000000000
85699  -25.790  -4.830  -21.516 0.0000000000
85720  -25.852  -5.363  -21.380 0.0000000000
85729  -19.018  -5.356  -23.369 0.0000000000
86721  -23.148  -4.814  -22.444 0.0000000000
86724  -25.522  -4.625  -21.619 0.0000000000
86734  -19.226  -4.494  -23.861 0.0000000000
86747  -20.894  -3.769  -23.639 0.0000000000
87756  -17.411  -3.572  -22.824 0.0000000000
87759  -24.925  -3.071  -21.617 0.0000000000
87773  -19.551  -3.559  -24.166 0.0000000000
87775  -20.612  -3.755  -23.814 0.0000000000
87776  -22.106  -3.469  -23.179 0.0000000000
87778  -23.658  -3.353  -22.448 0.0000000000
87788  -19.606  -2.870  -24.261 0.0000000000
87791  -21.455  -3.104  -23.457 0.0000000000
88789  -26.390  -2.403  -21.371 0.0000000000
88801  -17.649  -2.623  -23.262 0.0000000000
88804  -26.392  -2.059  -21.371 0.0000000000
88828  -19.736  -2.285  -24.295 0.0000000000
88832  -22.403  -2.347  -23.198 0.0000000000
89810  -16.318  -1.565  -21.751 0.0000000000
89827  -17.439  -1.672  -23.042 0.0000000000
89858  -19.240  -1.511  -24.201 0.0000000000
89861  -21.477  -1.481  -23.524 0.0000000000
90844  -24.651  -0.369  -22.343 0.0000000000
90846  -26.064  -0.683  -21.489 0.0000000000
90862  -23.299  -0.424  -22.759 0.0000000000
90877  -18.743  -0.586  -24.273 0.0000000000
90880  -21.227  -0.535  -23.623 0.0000000000
91910  -26.544  0.664  -21.187 0.0000000000
91922  -23.451  0.597  -22.529 0.0000000000
91937  -17.504  0.419  -23.371 0.0000000000
91940  -21.452  0.555  -23.520 0.0000000000
91953  -17.758  0.902  -23.960 0.0000000000
92966  -26.129  1.543  -21.331 0.0000000000
92980  -22.587  1.415  -23.038 0.0000000000
92983  -24.792  1.552  -21.704 0.0000000000
93000  -17.898  2.013  -23.736 0.0000000000
93017  -17.930  1.506  -23.992 0.0000000000
94036  -18.119  2.133  -23.718 0.0000000000
95015  -25.400  3.235  -21.589 0.0000000000
96008  -25.906  4.560  -21.665 0.0000000000
97967  -26.036  6.031  -21.831 0.0000000000
97982  -23.961  6.145  -23.046 0.0000000000
98981  -24.294  6.980  -22.927 0.0000000000
