#!ascii label  , from subject 3392 vox2ras=TkReg
439
18724  -41.784  -65.815  -10.290 0.0000000000
17544  -33.375  -66.550  -9.530 0.0000000000
25083  -44.204  -59.412  -12.861 0.0000000000
17549  -38.197  -66.477  -9.897 0.0000000000
25051  -39.326  -59.953  -10.344 0.0000000000
23036  -44.559  -61.575  -7.400 0.0000000000
24998  -40.579  -59.593  -7.901 0.0000000000
24932  -37.010  -59.479  -3.101 0.0000000000
28189  -42.905  -56.433  -10.743 0.0000000000
25070  -41.839  -59.460  -12.179 0.0000000000
28203  -42.448  -56.237  -11.796 0.0000000000
25001  -43.827  -60.192  -7.645 0.0000000000
24006  -40.903  -60.414  -5.635 0.0000000000
28068  -35.154  -56.453  -2.139 0.0000000000
27057  -35.676  -57.423  -4.941 0.0000000000
14424  -39.909  -69.949  -8.155 0.0000000000
17547  -36.184  -66.147  -9.282 0.0000000000
13522  -35.885  -70.692  -9.880 0.0000000000
14468  -33.846  -69.695  -11.330 0.0000000000
20937  -43.560  -63.695  -12.133 0.0000000000
16487  -40.545  -67.070  -10.535 0.0000000000
20890  -38.806  -63.580  -10.019 0.0000000000
20872  -36.815  -63.495  -9.071 0.0000000000
24082  -44.865  -60.204  -10.412 0.0000000000
25034  -42.450  -58.978  -9.694 0.0000000000
27106  -39.766  -57.320  -9.150 0.0000000000
23967  -39.656  -60.433  -3.437 0.0000000000
24968  -37.984  -59.296  -5.329 0.0000000000
27081  -37.346  -57.201  -7.304 0.0000000000
29131  -37.796  -55.113  -7.771 0.0000000000
14422  -37.895  -69.789  -8.691 0.0000000000
23045  -31.615  -61.427  -8.672 0.0000000000
18750  -31.739  -65.462  -10.887 0.0000000000
18782  -34.883  -65.240  -13.667 0.0000000000
29164  -41.897  -55.118  -9.576 0.0000000000
28205  -43.367  -55.452  -11.224 0.0000000000
16473  -40.718  -67.467  -9.296 0.0000000000
17545  -34.320  -66.461  -9.326 0.0000000000
15403  -34.630  -68.409  -9.686 0.0000000000
16486  -33.107  -67.877  -10.348 0.0000000000
14494  -33.813  -68.951  -13.064 0.0000000000
15418  -32.683  -68.100  -11.081 0.0000000000
23121  -44.065  -61.266  -12.438 0.0000000000
23106  -42.759  -61.537  -12.423 0.0000000000
25069  -40.710  -59.614  -11.270 0.0000000000
23090  -40.506  -61.922  -10.764 0.0000000000
23072  -39.105  -62.106  -9.922 0.0000000000
20888  -37.522  -63.578  -9.469 0.0000000000
23070  -37.610  -61.673  -9.233 0.0000000000
23091  -44.239  -61.897  -10.748 0.0000000000
23077  -45.010  -60.866  -9.350 0.0000000000
24999  -41.740  -59.643  -7.682 0.0000000000
25014  -42.636  -59.626  -8.560 0.0000000000
25013  -41.465  -59.419  -8.735 0.0000000000
26042  -40.959  -58.385  -9.819 0.0000000000
26023  -39.788  -58.635  -8.934 0.0000000000
24923  -38.342  -60.001  -2.893 0.0000000000
24934  -38.787  -60.072  -3.730 0.0000000000
25945  -37.547  -59.412  -4.214 0.0000000000
28128  -35.630  -56.179  -5.614 0.0000000000
27070  -36.299  -57.348  -6.142 0.0000000000
28139  -36.733  -55.873  -6.952 0.0000000000
28140  -37.418  -56.149  -7.558 0.0000000000
17550  -39.198  -66.921  -10.130 0.0000000000
15407  -39.316  -68.409  -9.257 0.0000000000
15406  -38.084  -68.504  -9.156 0.0000000000
12610  -35.902  -71.366  -10.447 0.0000000000
24061  -31.207  -60.603  -9.454 0.0000000000
20905  -31.466  -63.624  -10.121 0.0000000000
19831  -33.203  -64.028  -12.590 0.0000000000
27147  -43.813  -57.208  -11.830 0.0000000000
25071  -42.702  -59.776  -12.451 0.0000000000
27146  -43.146  -57.322  -12.338 0.0000000000
27145  -41.766  -57.284  -12.077 0.0000000000
26075  -41.117  -58.408  -11.892 0.0000000000
24050  -45.063  -60.498  -7.951 0.0000000000
24984  -42.439  -60.161  -6.781 0.0000000000
24982  -40.903  -59.837  -6.884 0.0000000000
25929  -35.552  -58.071  -2.573 0.0000000000
25943  -35.946  -58.237  -3.827 0.0000000000
28085  -35.193  -56.424  -3.062 0.0000000000
29111  -35.460  -55.374  -4.814 0.0000000000
30056  -36.078  -54.154  -5.022 0.0000000000
17548  -37.015  -66.352  -9.632 0.0000000000
15405  -36.932  -68.366  -9.349 0.0000000000
15404  -35.782  -68.405  -9.504 0.0000000000
13535  -34.639  -70.312  -10.852 0.0000000000
13565  -34.607  -70.518  -12.735 0.0000000000
14495  -34.439  -69.467  -13.288 0.0000000000
15448  -35.134  -68.535  -14.106 0.0000000000
16517  -34.917  -67.324  -13.816 0.0000000000
18741  -42.789  -65.375  -11.450 0.0000000000
17568  -41.689  -66.306  -10.727 0.0000000000
18739  -40.981  -65.607  -11.345 0.0000000000
18737  -39.295  -65.514  -10.479 0.0000000000
23104  -41.243  -61.762  -11.324 0.0000000000
20907  -39.888  -63.783  -10.665 0.0000000000
18721  -38.437  -65.432  -10.052 0.0000000000
18720  -37.518  -65.443  -9.680 0.0000000000
18718  -35.682  -65.378  -9.043 0.0000000000
18696  -34.727  -65.008  -8.862 0.0000000000
20911  -43.293  -63.696  -11.319 0.0000000000
22054  -44.365  -61.887  -11.672 0.0000000000
25072  -44.693  -59.524  -11.177 0.0000000000
25036  -44.667  -59.657  -8.967 0.0000000000
25055  -44.399  -59.447  -10.308 0.0000000000
26063  -43.973  -58.668  -10.929 0.0000000000
26061  -42.509  -58.064  -10.648 0.0000000000
27108  -41.505  -56.660  -10.138 0.0000000000
28154  -40.478  -55.716  -9.261 0.0000000000
23984  -39.940  -60.466  -4.525 0.0000000000
24004  -39.288  -60.230  -5.221 0.0000000000
24981  -39.839  -59.515  -6.944 0.0000000000
25958  -36.453  -58.373  -4.890 0.0000000000
25994  -38.072  -58.967  -6.540 0.0000000000
24996  -38.890  -58.853  -7.721 0.0000000000
27090  -38.268  -57.212  -8.194 0.0000000000
28152  -38.784  -56.183  -8.280 0.0000000000
15408  -40.179  -68.358  -9.102 0.0000000000
14423  -39.058  -70.028  -8.349 0.0000000000
14439  -36.646  -69.626  -9.266 0.0000000000
12597  -36.515  -71.640  -9.886 0.0000000000
23049  -36.700  -61.503  -8.772 0.0000000000
20870  -35.124  -63.454  -8.490 0.0000000000
19766  -33.512  -64.581  -8.736 0.0000000000
19784  -32.031  -64.666  -9.379 0.0000000000
17564  -32.150  -66.197  -10.455 0.0000000000
16508  -32.721  -67.162  -12.610 0.0000000000
17614  -34.252  -66.223  -13.472 0.0000000000
29165  -42.592  -55.138  -9.998 0.0000000000
16474  -41.338  -67.068  -9.753 0.0000000000
16467  -34.024  -67.435  -9.502 0.0000000000
16466  -33.289  -67.385  -9.839 0.0000000000
16465  -32.908  -67.339  -10.138 0.0000000000
24111  -43.882  -60.436  -12.866 0.0000000000
23120  -43.520  -61.455  -12.531 0.0000000000
25052  -40.023  -60.309  -10.575 0.0000000000
24080  -39.331  -61.001  -10.098 0.0000000000
23071  -38.462  -61.926  -9.625 0.0000000000
24063  -38.474  -60.777  -9.651 0.0000000000
23035  -43.868  -61.790  -7.728 0.0000000000
23054  -43.497  -61.550  -8.835 0.0000000000
23076  -44.026  -61.597  -9.945 0.0000000000
23055  -44.453  -61.452  -8.593 0.0000000000
25012  -40.298  -59.075  -8.899 0.0000000000
24997  -39.445  -59.184  -8.060 0.0000000000
24921  -36.821  -59.427  -2.318 0.0000000000
24907  -37.389  -59.969  -1.813 0.0000000000
24908  -38.071  -60.098  -2.256 0.0000000000
24933  -37.765  -59.645  -3.575 0.0000000000
29112  -35.885  -54.836  -5.661 0.0000000000
28129  -36.246  -56.353  -6.336 0.0000000000
29120  -36.249  -55.128  -6.499 0.0000000000
17565  -38.995  -66.208  -10.277 0.0000000000
16471  -38.755  -67.552  -9.675 0.0000000000
16470  -37.526  -67.415  -9.599 0.0000000000
20920  -31.588  -63.489  -11.028 0.0000000000
19830  -32.470  -64.101  -12.251 0.0000000000
20932  -32.822  -63.066  -12.362 0.0000000000
27159  -43.918  -57.873  -12.466 0.0000000000
29192  -43.210  -55.252  -11.345 0.0000000000
28204  -43.320  -56.039  -11.583 0.0000000000
24019  -41.279  -60.168  -6.415 0.0000000000
24971  -40.795  -60.139  -6.299 0.0000000000
26998  -35.201  -57.307  -1.750 0.0000000000
27013  -35.244  -57.118  -2.597 0.0000000000
27024  -35.407  -57.310  -3.431 0.0000000000
30055  -35.741  -54.559  -4.440 0.0000000000
13506  -39.516  -71.042  -8.118 0.0000000000
16469  -36.250  -67.204  -9.382 0.0000000000
14453  -33.867  -69.423  -10.812 0.0000000000
14437  -34.575  -69.077  -9.976 0.0000000000
14469  -34.310  -70.087  -11.070 0.0000000000
13564  -34.181  -70.172  -12.279 0.0000000000
13581  -34.985  -70.206  -13.484 0.0000000000
15441  -33.314  -68.318  -12.727 0.0000000000
15447  -34.102  -68.335  -13.492 0.0000000000
16525  -35.373  -67.828  -14.265 0.0000000000
18767  -43.409  -64.859  -12.123 0.0000000000
17585  -42.611  -65.491  -11.644 0.0000000000
18738  -40.211  -65.638  -10.814 0.0000000000
19807  -40.417  -64.715  -11.028 0.0000000000
25081  -42.629  -59.050  -12.718 0.0000000000
24096  -42.355  -60.571  -12.110 0.0000000000
24095  -41.472  -60.635  -11.600 0.0000000000
22032  -40.178  -62.867  -10.704 0.0000000000
20906  -39.219  -63.764  -10.300 0.0000000000
19791  -38.783  -64.436  -10.138 0.0000000000
19789  -37.004  -64.482  -9.318 0.0000000000
19769  -36.381  -64.136  -8.909 0.0000000000
19768  -35.608  -64.401  -8.761 0.0000000000
23092  -44.623  -61.263  -10.846 0.0000000000
22036  -44.292  -62.064  -11.175 0.0000000000
23107  -44.439  -61.121  -11.795 0.0000000000
24097  -44.652  -60.286  -11.456 0.0000000000
25002  -44.301  -60.316  -7.562 0.0000000000
25017  -44.907  -60.145  -8.081 0.0000000000
25015  -43.742  -59.840  -8.345 0.0000000000
25035  -43.582  -59.501  -9.399 0.0000000000
25054  -43.501  -58.913  -10.275 0.0000000000
25053  -42.957  -58.604  -10.410 0.0000000000
26062  -43.382  -58.362  -10.900 0.0000000000
26041  -40.059  -58.210  -9.477 0.0000000000
26059  -40.846  -57.800  -9.962 0.0000000000
27107  -40.659  -57.111  -9.748 0.0000000000
28170  -41.183  -55.995  -9.668 0.0000000000
28169  -40.325  -56.451  -9.355 0.0000000000
24948  -38.193  -59.679  -4.577 0.0000000000
24949  -39.112  -60.302  -4.673 0.0000000000
24969  -38.931  -59.649  -5.771 0.0000000000
25981  -38.051  -59.237  -5.856 0.0000000000
27035  -35.552  -57.474  -4.402 0.0000000000
27036  -35.836  -57.828  -4.858 0.0000000000
27071  -36.762  -57.240  -6.702 0.0000000000
25992  -36.681  -57.746  -6.437 0.0000000000
25993  -37.283  -58.083  -6.780 0.0000000000
26007  -37.624  -57.823  -7.443 0.0000000000
26008  -38.311  -58.297  -7.712 0.0000000000
27082  -37.823  -57.517  -7.737 0.0000000000
28141  -38.121  -55.826  -7.975 0.0000000000
29132  -38.673  -55.156  -8.071 0.0000000000
29146  -39.532  -55.208  -8.421 0.0000000000
16488  -41.030  -67.198  -10.381 0.0000000000
16472  -40.053  -67.567  -9.971 0.0000000000
15390  -38.803  -69.126  -8.699 0.0000000000
13505  -38.550  -71.111  -8.522 0.0000000000
13504  -37.689  -70.755  -8.711 0.0000000000
12611  -36.443  -72.027  -10.721 0.0000000000
23050  -37.263  -61.062  -9.022 0.0000000000
20869  -34.046  -63.564  -8.333 0.0000000000
19767  -34.582  -64.524  -8.697 0.0000000000
19819  -31.594  -64.616  -10.763 0.0000000000
20887  -31.739  -63.713  -9.320 0.0000000000
19805  -31.617  -64.574  -9.874 0.0000000000
18714  -31.876  -65.122  -9.714 0.0000000000
17581  -31.845  -65.831  -10.655 0.0000000000
17582  -31.882  -66.017  -11.253 0.0000000000
18781  -33.818  -65.141  -13.053 0.0000000000
17613  -33.219  -66.141  -12.951 0.0000000000
28171  -42.410  -55.896  -10.305 0.0000000000
28190  -43.530  -55.802  -11.025 0.0000000000
28172  -43.052  -55.342  -10.561 0.0000000000
29166  -43.174  -54.901  -10.718 0.0000000000
30149  -42.969  -54.814  -11.318 0.0000000000
29065  -35.325  -55.692  -2.539 0.0000000000
29998  -36.288  -54.468  -2.059 0.0000000000
15392  -40.371  -69.015  -8.514 0.0000000000
17546  -35.346  -66.332  -9.299 0.0000000000
16468  -35.037  -67.381  -9.436 0.0000000000
15402  -33.727  -68.199  -9.908 0.0000000000
15419  -33.498  -68.912  -10.648 0.0000000000
14482  -33.761  -69.501  -12.406 0.0000000000
15430  -33.184  -68.829  -11.706 0.0000000000
15429  -32.746  -67.928  -12.060 0.0000000000
15440  -32.990  -67.766  -12.539 0.0000000000
22068  -43.799  -62.452  -12.173 0.0000000000
22067  -43.111  -62.466  -12.564 0.0000000000
22052  -42.461  -62.520  -12.333 0.0000000000
22051  -41.778  -62.692  -11.740 0.0000000000
24094  -40.641  -60.897  -11.021 0.0000000000
23089  -39.707  -61.991  -10.414 0.0000000000
22013  -39.067  -62.623  -9.994 0.0000000000
20889  -38.302  -63.612  -9.742 0.0000000000
22011  -37.988  -62.724  -9.494 0.0000000000
22010  -37.278  -62.708  -9.168 0.0000000000
25000  -42.863  -59.957  -7.429 0.0000000000
26043  -41.730  -58.463  -9.973 0.0000000000
25033  -41.223  -58.935  -9.473 0.0000000000
25032  -40.605  -58.703  -9.440 0.0000000000
26040  -39.607  -57.941  -9.166 0.0000000000
23951  -38.767  -60.276  -2.279 0.0000000000
23966  -38.986  -60.324  -2.963 0.0000000000
25959  -37.431  -59.071  -4.761 0.0000000000
28123  -35.492  -56.774  -5.042 0.0000000000
27058  -35.968  -57.568  -5.405 0.0000000000
28124  -35.920  -56.848  -5.714 0.0000000000
28130  -36.882  -56.578  -6.997 0.0000000000
27089  -37.727  -56.931  -7.827 0.0000000000
29130  -36.945  -55.105  -7.302 0.0000000000
17566  -39.910  -66.580  -10.542 0.0000000000
23068  -31.397  -61.619  -9.840 0.0000000000
22009  -31.585  -62.621  -9.500 0.0000000000
19820  -31.852  -64.282  -11.668 0.0000000000
18751  -31.880  -65.232  -11.544 0.0000000000
18764  -32.955  -64.998  -12.600 0.0000000000
18765  -33.474  -64.581  -12.761 0.0000000000
27160  -44.221  -57.957  -12.189 0.0000000000
25082  -43.422  -59.430  -12.878 0.0000000000
26089  -43.862  -58.549  -12.869 0.0000000000
26088  -43.177  -58.423  -12.681 0.0000000000
26076  -42.237  -58.259  -12.558 0.0000000000
25068  -39.849  -59.417  -10.727 0.0000000000
23037  -45.148  -61.023  -7.576 0.0000000000
24036  -43.420  -60.308  -7.217 0.0000000000
24021  -43.067  -60.500  -6.564 0.0000000000
24983  -41.884  -59.917  -6.866 0.0000000000
25915  -36.109  -58.859  -1.955 0.0000000000
25930  -36.269  -58.991  -2.975 0.0000000000
28104  -35.191  -56.482  -4.082 0.0000000000
29084  -35.228  -55.545  -3.537 0.0000000000
14438  -35.249  -69.429  -9.819 0.0000000000
14455  -35.039  -70.176  -10.347 0.0000000000
12623  -34.966  -71.239  -12.016 0.0000000000
14496  -35.304  -69.554  -13.918 0.0000000000
15449  -35.652  -69.041  -14.214 0.0000000000
15456  -35.656  -68.072  -14.349 0.0000000000
16526  -35.944  -67.402  -14.359 0.0000000000
18740  -42.390  -65.602  -10.857 0.0000000000
17569  -42.354  -65.745  -11.225 0.0000000000
17584  -42.109  -65.733  -11.420 0.0000000000
17583  -41.523  -66.019  -11.276 0.0000000000
18752  -41.704  -65.414  -11.718 0.0000000000
17567  -40.907  -66.534  -10.952 0.0000000000
24110  -43.131  -60.524  -12.572 0.0000000000
23105  -42.016  -61.622  -11.910 0.0000000000
22050  -40.908  -62.790  -11.296 0.0000000000
19806  -39.617  -64.650  -10.587 0.0000000000
18719  -36.615  -65.436  -9.319 0.0000000000
18716  -33.603  -65.552  -9.162 0.0000000000
19810  -42.917  -64.818  -11.096 0.0000000000
19824  -43.396  -64.495  -11.705 0.0000000000
20925  -43.653  -63.432  -11.770 0.0000000000
22035  -43.689  -62.550  -10.930 0.0000000000
22053  -43.946  -62.463  -11.577 0.0000000000
22069  -44.264  -61.607  -12.108 0.0000000000
24112  -44.295  -60.418  -12.322 0.0000000000
25084  -44.441  -59.291  -12.048 0.0000000000
23057  -45.193  -60.807  -8.233 0.0000000000
24066  -45.263  -60.467  -8.659 0.0000000000
24065  -45.185  -59.968  -9.348 0.0000000000
26079  -44.323  -58.673  -11.524 0.0000000000
26091  -44.369  -58.422  -12.105 0.0000000000
26078  -43.899  -58.085  -11.507 0.0000000000
26077  -43.329  -57.747  -11.331 0.0000000000
27129  -42.958  -57.028  -11.183 0.0000000000
26060  -41.543  -57.872  -10.252 0.0000000000
27128  -42.160  -57.043  -10.525 0.0000000000
24935  -39.394  -60.321  -4.123 0.0000000000
23983  -39.499  -60.384  -4.963 0.0000000000
24005  -39.789  -60.196  -5.390 0.0000000000
24970  -40.196  -59.919  -6.142 0.0000000000
25944  -36.895  -59.070  -3.915 0.0000000000
25979  -36.491  -58.146  -6.025 0.0000000000
25980  -37.389  -58.760  -5.735 0.0000000000
24980  -38.876  -59.147  -7.135 0.0000000000
26009  -38.951  -58.691  -8.041 0.0000000000
26022  -39.295  -58.224  -8.629 0.0000000000
27091  -39.060  -57.147  -8.602 0.0000000000
28151  -38.018  -56.472  -8.042 0.0000000000
28153  -39.730  -56.151  -8.853 0.0000000000
29147  -40.372  -55.088  -8.833 0.0000000000
16489  -41.405  -67.052  -10.067 0.0000000000
15391  -39.661  -69.149  -8.662 0.0000000000
14440  -37.355  -69.044  -9.048 0.0000000000
14421  -37.248  -70.289  -8.837 0.0000000000
12596  -36.080  -71.244  -10.052 0.0000000000
13523  -36.949  -71.004  -9.071 0.0000000000
31102  -42.605  -53.888  -10.481 0.0000000000
27144  -40.432  -57.471  -11.666 0.0000000000
26074  -39.817  -58.497  -11.316 0.0000000000
26058  -39.116  -59.045  -10.641 0.0000000000
25050  -38.691  -59.741  -10.118 0.0000000000
21994  -36.630  -62.619  -8.849 0.0000000000
21993  -35.771  -62.409  -8.563 0.0000000000
20871  -36.080  -63.435  -8.694 0.0000000000
19786  -34.159  -65.034  -8.922 0.0000000000
21989  -31.843  -62.678  -8.761 0.0000000000
20867  -32.190  -63.559  -8.733 0.0000000000
20868  -32.994  -63.614  -8.413 0.0000000000
18694  -32.537  -65.047  -9.182 0.0000000000
18715  -32.444  -65.599  -9.582 0.0000000000
17543  -32.743  -66.754  -9.957 0.0000000000
16485  -32.579  -67.256  -10.541 0.0000000000
16499  -32.224  -67.039  -11.501 0.0000000000
16515  -32.964  -66.789  -12.990 0.0000000000
16516  -33.463  -67.268  -13.276 0.0000000000
12625  -36.517  -72.200  -11.483 0.0000000000
12634  -34.772  -71.026  -12.278 0.0000000000
12635  -35.342  -71.302  -12.659 0.0000000000
13548  -33.930  -70.121  -11.930 0.0000000000
14454  -34.340  -69.558  -10.530 0.0000000000
15409  -40.565  -68.322  -8.742 0.0000000000
15420  -34.130  -68.859  -10.092 0.0000000000
15457  -36.201  -68.526  -14.408 0.0000000000
16509  -33.101  -67.647  -12.815 0.0000000000
17552  -41.511  -66.613  -10.025 0.0000000000
17563  -31.929  -65.851  -10.430 0.0000000000
17612  -32.807  -66.529  -12.735 0.0000000000
18695  -32.874  -65.112  -9.007 0.0000000000
18697  -35.054  -64.975  -8.847 0.0000000000
18717  -34.665  -65.474  -9.049 0.0000000000
18735  -31.819  -65.492  -10.228 0.0000000000
18736  -32.088  -65.795  -10.057 0.0000000000
18754  -43.160  -65.341  -11.976 0.0000000000
18755  -43.416  -64.971  -11.923 0.0000000000
18768  -43.535  -64.735  -11.950 0.0000000000
18780  -33.249  -65.499  -12.794 0.0000000000
19764  -32.056  -64.126  -9.055 0.0000000000
19765  -32.517  -64.489  -8.909 0.0000000000
19785  -32.331  -64.945  -9.269 0.0000000000
19787  -34.485  -65.022  -8.885 0.0000000000
19788  -36.280  -64.788  -9.006 0.0000000000
19823  -43.193  -65.068  -11.684 0.0000000000
19834  -43.370  -64.339  -12.210 0.0000000000
19835  -43.597  -64.354  -12.021 0.0000000000
22012  -38.765  -62.845  -9.854 0.0000000000
22030  -39.022  -63.266  -10.099 0.0000000000
23056  -45.036  -61.104  -8.300 0.0000000000
23069  -37.066  -62.132  -8.982 0.0000000000
23078  -45.152  -60.930  -8.743 0.0000000000
23122  -44.266  -61.123  -12.193 0.0000000000
24037  -43.927  -60.450  -7.156 0.0000000000
24038  -44.665  -60.513  -7.376 0.0000000000
24049  -44.850  -60.302  -7.890 0.0000000000
24064  -38.869  -61.442  -9.742 0.0000000000
24079  -38.946  -60.357  -10.047 0.0000000000
24081  -40.044  -61.208  -10.536 0.0000000000
24922  -37.594  -59.729  -2.644 0.0000000000
24950  -39.471  -60.384  -4.410 0.0000000000
25011  -39.668  -58.836  -8.642 0.0000000000
25016  -44.617  -60.094  -8.046 0.0000000000
25037  -45.167  -59.975  -8.460 0.0000000000
25957  -35.877  -58.035  -4.514 0.0000000000
26021  -38.682  -57.746  -8.350 0.0000000000
26090  -44.241  -58.521  -12.534 0.0000000000
27127  -41.309  -57.308  -10.159 0.0000000000
27148  -44.252  -57.991  -11.909 0.0000000000
27149  -44.337  -58.253  -11.924 0.0000000000
27158  -43.582  -58.028  -12.612 0.0000000000
27161  -44.368  -58.134  -12.123 0.0000000000
28191  -43.438  -55.294  -11.067 0.0000000000
29119  -35.786  -55.559  -5.829 0.0000000000
29181  -43.420  -55.030  -11.012 0.0000000000
29182  -43.356  -55.102  -11.202 0.0000000000
29191  -42.846  -55.391  -11.501 0.0000000000
30121  -41.575  -54.600  -9.256 0.0000000000
30139  -43.093  -54.416  -10.981 0.0000000000
30140  -43.320  -54.812  -11.072 0.0000000000
30150  -43.187  -54.904  -11.233 0.0000000000
