#!ascii label  , from subject 3392 vox2ras=TkReg
454
73477  -29.363  -16.558  -23.371 0.0000000000
80370  -27.293  -10.740  -20.238 0.0000000000
94999  -25.962  3.438  -21.576 0.0000000000
89818  -28.989  -1.338  -21.155 0.0000000000
84727  -30.384  -6.483  -23.984 0.0000000000
79309  -32.059  -11.808  -22.609 0.0000000000
97006  -24.885  5.428  -22.338 0.0000000000
87746  -30.310  -3.662  -22.352 0.0000000000
84693  -27.271  -6.362  -20.621 0.0000000000
77005  -27.812  -13.659  -22.091 0.0000000000
79308  -29.584  -11.237  -22.650 0.0000000000
77020  -31.262  -14.079  -23.127 0.0000000000
69955  -22.337  -19.689  -19.723 0.0000000000
74595  -25.789  -16.455  -22.835 0.0000000000
102725  -22.288  11.731  -25.125 0.0000000000
101792  -24.935  10.440  -23.279 0.0000000000
99928  -26.627  8.159  -22.142 0.0000000000
97970  -28.372  6.420  -21.923 0.0000000000
96042  -29.486  4.375  -23.398 0.0000000000
91911  -27.432  0.620  -20.750 0.0000000000
94052  -29.551  0.956  -24.164 0.0000000000
88843  -29.204  -2.668  -25.842 0.0000000000
84744  -30.108  -6.169  -26.424 0.0000000000
84737  -32.007  -6.430  -24.919 0.0000000000
82554  -28.976  -8.695  -20.888 0.0000000000
81500  -30.908  -9.033  -25.057 0.0000000000
85700  -26.289  -5.286  -21.173 0.0000000000
84712  -25.210  -6.006  -21.493 0.0000000000
75838  -29.124  -15.789  -23.950 0.0000000000
77018  -29.027  -13.750  -22.927 0.0000000000
75840  -30.723  -15.895  -23.485 0.0000000000
67465  -20.793  -21.633  -14.873 0.0000000000
68702  -21.881  -20.238  -15.989 0.0000000000
69902  -22.219  -19.634  -17.240 0.0000000000
75795  -25.310  -14.733  -20.801 0.0000000000
74564  -24.856  -16.153  -20.960 0.0000000000
100859  -26.110  9.322  -22.447 0.0000000000
94998  -25.524  4.046  -21.711 0.0000000000
97968  -26.751  6.323  -21.723 0.0000000000
96010  -27.682  4.549  -21.290 0.0000000000
97008  -29.200  5.545  -22.521 0.0000000000
95001  -28.147  3.600  -21.317 0.0000000000
90833  -27.757  -0.368  -20.813 0.0000000000
92985  -29.557  1.379  -22.106 0.0000000000
134118  -29.875  -0.132  -22.999 0.0000000000
134119  -29.220  -0.714  -25.443 0.0000000000
89844  -29.997  -1.585  -23.786 0.0000000000
85722  -30.584  -5.687  -23.294 0.0000000000
87780  -30.401  -4.496  -24.467 0.0000000000
85741  -30.860  -5.930  -24.914 0.0000000000
85742  -31.315  -5.865  -25.431 0.0000000000
84736  -31.449  -6.656  -25.019 0.0000000000
82534  -26.191  -9.124  -20.314 0.0000000000
82553  -27.730  -8.640  -20.366 0.0000000000
81445  -27.625  -9.816  -20.266 0.0000000000
79324  -30.985  -11.444  -23.026 0.0000000000
80405  -29.936  -10.109  -24.063 0.0000000000
80408  -31.750  -10.266  -23.626 0.0000000000
82577  -32.292  -8.607  -23.418 0.0000000000
80387  -32.185  -10.183  -22.484 0.0000000000
71105  -23.925  -18.246  -18.930 0.0000000000
71135  -23.178  -18.693  -20.551 0.0000000000
72274  -24.665  -18.177  -20.008 0.0000000000
71144  -25.256  -18.058  -21.876 0.0000000000
88791  -28.350  -2.239  -20.956 0.0000000000
88793  -29.889  -2.573  -22.131 0.0000000000
87744  -28.839  -3.309  -20.987 0.0000000000
85702  -29.039  -5.433  -20.696 0.0000000000
84695  -29.564  -6.529  -21.314 0.0000000000
78155  -27.344  -12.566  -20.788 0.0000000000
79291  -28.400  -11.614  -21.312 0.0000000000
78184  -29.010  -12.696  -22.577 0.0000000000
78185  -29.897  -12.930  -22.858 0.0000000000
78174  -32.060  -13.511  -23.318 0.0000000000
69942  -22.854  -19.152  -17.946 0.0000000000
79288  -25.933  -11.636  -19.845 0.0000000000
76988  -26.848  -13.651  -21.131 0.0000000000
75823  -26.767  -15.083  -22.725 0.0000000000
73490  -27.511  -17.230  -23.902 0.0000000000
104576  -21.892  13.397  -25.223 0.0000000000
100894  -22.416  10.188  -24.468 0.0000000000
102710  -23.519  11.408  -23.798 0.0000000000
102712  -25.738  11.397  -22.969 0.0000000000
101785  -27.664  10.195  -22.549 0.0000000000
100861  -28.326  9.440  -22.475 0.0000000000
97985  -26.100  6.648  -21.954 0.0000000000
98984  -27.785  7.559  -22.028 0.0000000000
99948  -29.159  8.302  -23.370 0.0000000000
99023  -29.608  7.101  -24.297 0.0000000000
97035  -29.412  4.997  -24.579 0.0000000000
96070  -28.929  3.825  -25.318 0.0000000000
93978  -26.662  2.516  -21.362 0.0000000000
94000  -29.457  2.713  -21.930 0.0000000000
95052  -29.367  2.323  -24.204 0.0000000000
95080  -28.605  2.356  -26.006 0.0000000000
94064  -28.439  0.778  -26.460 0.0000000000
86773  -28.463  -2.885  -27.519 0.0000000000
88834  -29.990  -3.113  -24.657 0.0000000000
86765  -28.923  -4.257  -26.443 0.0000000000
83661  -26.957  -7.375  -20.432 0.0000000000
83662  -28.185  -7.510  -20.565 0.0000000000
83683  -29.924  -7.630  -22.275 0.0000000000
80386  -29.513  -10.750  -22.277 0.0000000000
82576  -29.729  -8.898  -23.281 0.0000000000
83710  -30.174  -7.983  -25.034 0.0000000000
83713  -31.937  -7.981  -25.202 0.0000000000
84717  -32.464  -7.014  -22.997 0.0000000000
72317  -24.941  -17.340  -22.593 0.0000000000
72319  -26.838  -17.717  -23.075 0.0000000000
73463  -27.421  -16.525  -22.174 0.0000000000
74612  -29.373  -16.764  -24.078 0.0000000000
75839  -30.234  -15.793  -23.823 0.0000000000
73493  -30.476  -16.284  -23.520 0.0000000000
74600  -30.638  -15.860  -22.971 0.0000000000
74599  -29.738  -16.146  -22.752 0.0000000000
67466  -21.708  -21.127  -14.523 0.0000000000
67496  -21.248  -20.905  -15.590 0.0000000000
96009  -26.706  4.496  -21.354 0.0000000000
95000  -27.149  3.523  -21.345 0.0000000000
89817  -28.013  -1.265  -21.078 0.0000000000
89816  -27.235  -1.102  -21.317 0.0000000000
90834  -28.602  -0.405  -21.178 0.0000000000
91925  -29.477  0.234  -22.328 0.0000000000
90847  -29.666  -0.738  -22.469 0.0000000000
134109  -29.830  -0.903  -23.273 0.0000000000
89831  -29.869  -1.680  -22.769 0.0000000000
85734  -30.603  -5.860  -24.133 0.0000000000
84735  -30.832  -6.625  -24.633 0.0000000000
81444  -26.731  -9.899  -20.136 0.0000000000
79325  -31.728  -11.364  -23.034 0.0000000000
79332  -31.415  -10.839  -23.277 0.0000000000
79326  -32.114  -10.843  -22.973 0.0000000000
80400  -32.056  -10.037  -23.168 0.0000000000
79310  -32.322  -11.115  -22.199 0.0000000000
80372  -32.244  -10.260  -21.581 0.0000000000
71122  -24.094  -18.481  -20.038 0.0000000000
87742  -26.349  -3.114  -21.357 0.0000000000
87743  -27.602  -3.190  -20.926 0.0000000000
86706  -26.917  -4.218  -20.818 0.0000000000
85701  -27.697  -5.346  -20.678 0.0000000000
85703  -29.835  -5.484  -21.520 0.0000000000
84694  -28.567  -6.473  -20.705 0.0000000000
76989  -27.457  -13.178  -21.328 0.0000000000
78173  -28.374  -12.559  -21.893 0.0000000000
77006  -28.534  -13.146  -22.406 0.0000000000
77019  -30.428  -14.006  -22.819 0.0000000000
78186  -31.326  -13.086  -23.221 0.0000000000
77007  -31.876  -14.070  -22.932 0.0000000000
66339  -20.177  -22.251  -15.526 0.0000000000
66311  -20.465  -22.664  -14.272 0.0000000000
69924  -22.552  -19.398  -17.589 0.0000000000
69925  -23.130  -19.120  -17.394 0.0000000000
78154  -26.406  -12.643  -20.278 0.0000000000
74581  -25.579  -15.964  -22.084 0.0000000000
75813  -26.396  -14.721  -21.899 0.0000000000
74596  -26.429  -16.103  -22.974 0.0000000000
74610  -27.308  -16.378  -23.749 0.0000000000
73489  -26.558  -16.962  -23.496 0.0000000000
103665  -21.531  12.788  -25.398 0.0000000000
103649  -22.225  12.692  -25.135 0.0000000000
103650  -23.027  12.540  -24.360 0.0000000000
100874  -24.299  9.563  -23.581 0.0000000000
101791  -23.949  10.512  -23.847 0.0000000000
102711  -24.483  11.441  -23.294 0.0000000000
101784  -26.778  10.193  -22.471 0.0000000000
100860  -27.237  9.316  -22.219 0.0000000000
97984  -25.355  6.343  -22.119 0.0000000000
97969  -27.633  6.333  -21.667 0.0000000000
98973  -27.277  7.117  -21.855 0.0000000000
98974  -27.879  6.957  -22.124 0.0000000000
98985  -28.540  7.494  -22.475 0.0000000000
99008  -29.249  7.309  -23.291 0.0000000000
98986  -28.980  6.877  -22.803 0.0000000000
96021  -29.341  4.552  -22.606 0.0000000000
97025  -29.299  5.237  -23.921 0.0000000000
97047  -29.353  5.002  -25.236 0.0000000000
96056  -29.403  4.320  -24.192 0.0000000000
90831  -26.119  -0.025  -21.437 0.0000000000
91909  -25.812  0.587  -21.569 0.0000000000
92967  -27.047  1.626  -20.896 0.0000000000
93979  -27.646  2.602  -21.157 0.0000000000
92968  -28.108  1.634  -20.908 0.0000000000
94024  -29.584  2.265  -22.898 0.0000000000
94039  -29.397  1.676  -24.450 0.0000000000
95065  -29.157  2.522  -24.788 0.0000000000
94051  -29.460  0.548  -25.301 0.0000000000
134094  -29.099  -1.645  -25.791 0.0000000000
93031  -28.783  -0.931  -26.007 0.0000000000
134101  -28.520  -2.059  -26.967 0.0000000000
86772  -28.013  -3.423  -27.238 0.0000000000
87745  -29.806  -3.442  -21.472 0.0000000000
88805  -30.354  -2.845  -23.237 0.0000000000
88806  -30.542  -3.645  -23.606 0.0000000000
86759  -29.956  -5.752  -25.811 0.0000000000
86749  -30.036  -4.499  -25.293 0.0000000000
84742  -29.183  -5.977  -26.722 0.0000000000
84760  -28.684  -5.125  -27.337 0.0000000000
85758  -29.956  -5.394  -27.113 0.0000000000
85743  -31.939  -5.655  -24.977 0.0000000000
85735  -32.326  -5.798  -24.392 0.0000000000
84691  -25.432  -6.806  -21.165 0.0000000000
83663  -29.326  -7.611  -21.135 0.0000000000
82569  -29.833  -8.789  -21.841 0.0000000000
79307  -29.010  -11.672  -22.344 0.0000000000
80385  -28.987  -10.796  -21.341 0.0000000000
80414  -30.158  -10.025  -24.460 0.0000000000
81483  -29.717  -9.862  -23.602 0.0000000000
81498  -29.798  -9.148  -24.798 0.0000000000
82583  -29.695  -8.648  -24.316 0.0000000000
82592  -30.493  -8.494  -25.101 0.0000000000
83711  -30.819  -7.892  -25.195 0.0000000000
82594  -31.831  -8.417  -25.075 0.0000000000
82571  -32.210  -8.567  -22.462 0.0000000000
83696  -32.379  -7.745  -23.861 0.0000000000
84716  -32.182  -7.571  -22.515 0.0000000000
72289  -25.758  -17.477  -21.334 0.0000000000
72304  -25.969  -17.748  -22.353 0.0000000000
72305  -26.826  -17.430  -22.236 0.0000000000
73462  -26.781  -16.696  -21.616 0.0000000000
86705  -25.848  -4.201  -21.506 0.0000000000
84713  -25.796  -5.647  -21.352 0.0000000000
84692  -26.141  -6.404  -21.003 0.0000000000
75825  -28.665  -14.826  -23.372 0.0000000000
75826  -29.784  -14.880  -23.398 0.0000000000
75827  -30.872  -14.896  -23.041 0.0000000000
75815  -31.373  -14.434  -21.949 0.0000000000
74586  -30.541  -14.752  -22.050 0.0000000000
68722  -21.771  -19.989  -16.917 0.0000000000
68723  -22.159  -19.754  -16.255 0.0000000000
76986  -24.819  -13.671  -20.173 0.0000000000
75794  -24.310  -14.770  -20.390 0.0000000000
74565  -25.445  -15.552  -21.212 0.0000000000
74580  -24.772  -16.428  -21.915 0.0000000000
101807  -21.905  11.013  -24.842 0.0000000000
100875  -25.208  9.470  -23.072 0.0000000000
99927  -25.110  8.329  -22.636 0.0000000000
97007  -25.611  5.401  -21.858 0.0000000000
96994  -26.358  5.395  -21.557 0.0000000000
96995  -27.222  5.460  -21.413 0.0000000000
96996  -28.103  5.529  -21.505 0.0000000000
97986  -28.874  6.380  -22.436 0.0000000000
96997  -28.759  5.593  -21.972 0.0000000000
96020  -29.037  4.929  -22.152 0.0000000000
95016  -29.227  3.730  -22.259 0.0000000000
91912  -28.454  0.578  -20.877 0.0000000000
92969  -29.091  1.591  -21.283 0.0000000000
91913  -29.075  0.480  -21.582 0.0000000000
93004  -29.555  0.903  -23.170 0.0000000000
90882  -29.802  -0.364  -24.004 0.0000000000
89863  -29.852  -1.173  -24.215 0.0000000000
88833  -29.500  -1.799  -25.102 0.0000000000
86725  -30.629  -4.724  -22.691 0.0000000000
87761  -30.442  -4.023  -23.210 0.0000000000
86726  -30.612  -4.978  -23.586 0.0000000000
86740  -30.409  -5.216  -24.341 0.0000000000
85749  -30.310  -6.168  -25.913 0.0000000000
85750  -30.465  -5.755  -26.380 0.0000000000
82552  -26.557  -8.292  -20.272 0.0000000000
82535  -26.975  -9.137  -20.147 0.0000000000
81462  -28.623  -9.776  -20.642 0.0000000000
79323  -30.033  -11.804  -22.802 0.0000000000
80398  -29.784  -10.695  -23.175 0.0000000000
80399  -30.286  -11.027  -22.928 0.0000000000
80407  -31.154  -10.479  -23.755 0.0000000000
80416  -31.364  -10.100  -24.110 0.0000000000
81492  -31.515  -9.398  -24.518 0.0000000000
81484  -32.161  -9.441  -23.762 0.0000000000
81478  -32.139  -9.367  -22.894 0.0000000000
81464  -32.278  -9.375  -22.033 0.0000000000
81446  -32.215  -9.318  -21.131 0.0000000000
71121  -23.121  -18.840  -19.575 0.0000000000
69956  -22.814  -19.202  -20.067 0.0000000000
71136  -24.256  -18.462  -20.954 0.0000000000
71143  -24.561  -18.249  -21.682 0.0000000000
71137  -25.061  -18.367  -21.098 0.0000000000
72275  -25.157  -17.712  -20.123 0.0000000000
88790  -27.100  -2.103  -21.369 0.0000000000
89819  -29.575  -1.511  -21.862 0.0000000000
88792  -29.355  -2.370  -21.305 0.0000000000
86707  -28.266  -4.296  -20.690 0.0000000000
86709  -30.249  -4.528  -21.764 0.0000000000
85721  -30.444  -5.570  -22.351 0.0000000000
84714  -30.140  -6.486  -22.189 0.0000000000
79289  -26.950  -11.681  -20.059 0.0000000000
79290  -27.738  -11.608  -20.624 0.0000000000
78156  -27.943  -12.238  -21.182 0.0000000000
79322  -29.450  -12.263  -22.690 0.0000000000
78187  -31.643  -12.194  -22.830 0.0000000000
78176  -32.211  -12.093  -22.022 0.0000000000
78175  -32.149  -13.172  -22.645 0.0000000000
75816  -32.181  -14.672  -21.837 0.0000000000
66310  -19.895  -22.857  -14.514 0.0000000000
69940  -21.826  -19.856  -19.098 0.0000000000
69923  -21.918  -19.790  -17.958 0.0000000000
69941  -22.500  -19.296  -18.518 0.0000000000
71120  -22.675  -18.984  -18.955 0.0000000000
71104  -23.191  -18.815  -18.332 0.0000000000
77004  -27.050  -14.120  -21.826 0.0000000000
75796  -26.087  -14.396  -21.056 0.0000000000
75814  -27.129  -14.454  -22.292 0.0000000000
75824  -27.673  -14.742  -22.952 0.0000000000
75837  -28.032  -15.645  -23.744 0.0000000000
74611  -28.328  -16.773  -24.291 0.0000000000
73504  -28.572  -17.645  -24.201 0.0000000000
103674  -21.186  12.991  -25.544 0.0000000000
100893  -22.036  10.304  -24.738 0.0000000000
101808  -22.372  10.880  -24.680 0.0000000000
101790  -22.985  10.670  -24.188 0.0000000000
102726  -22.918  11.497  -24.457 0.0000000000
103637  -23.309  11.968  -24.015 0.0000000000
103638  -23.937  12.485  -23.591 0.0000000000
101783  -25.841  10.318  -22.709 0.0000000000
102701  -26.523  10.911  -22.718 0.0000000000
102702  -27.356  10.906  -22.714 0.0000000000
102703  -27.902  10.769  -22.804 0.0000000000
101794  -28.686  10.427  -23.407 0.0000000000
100877  -28.926  9.319  -23.430 0.0000000000
98983  -25.768  7.314  -22.202 0.0000000000
98972  -26.573  7.206  -21.899 0.0000000000
99929  -27.846  8.373  -22.017 0.0000000000
99930  -28.493  8.578  -22.428 0.0000000000
100862  -28.713  8.974  -22.708 0.0000000000
100878  -29.321  8.656  -23.743 0.0000000000
99962  -29.474  8.060  -23.988 0.0000000000
99035  -29.424  6.910  -25.196 0.0000000000
98007  -29.466  6.241  -23.682 0.0000000000
98020  -29.384  5.939  -24.636 0.0000000000
92984  -25.492  1.868  -21.449 0.0000000000
93977  -25.892  2.410  -21.370 0.0000000000
95002  -28.868  3.598  -21.788 0.0000000000
95039  -29.476  3.476  -22.799 0.0000000000
95053  -29.554  3.126  -23.840 0.0000000000
95066  -29.315  3.657  -24.598 0.0000000000
93041  -28.060  -0.198  -27.108 0.0000000000
134096  -28.634  -0.874  -27.241 0.0000000000
88820  -30.096  -2.537  -24.175 0.0000000000
87801  -29.359  -3.425  -25.794 0.0000000000
88821  -30.540  -3.510  -24.164 0.0000000000
87793  -29.834  -3.637  -25.258 0.0000000000
87808  -28.931  -3.224  -26.240 0.0000000000
85765  -28.140  -4.277  -27.053 0.0000000000
86760  -31.243  -4.988  -26.181 0.0000000000
83684  -30.007  -7.119  -23.000 0.0000000000
80371  -28.146  -10.729  -20.682 0.0000000000
81463  -29.445  -9.824  -21.507 0.0000000000
81477  -29.654  -9.843  -22.684 0.0000000000
83694  -29.718  -7.863  -23.582 0.0000000000
83695  -30.036  -7.154  -23.834 0.0000000000
83703  -30.429  -7.310  -24.648 0.0000000000
83704  -31.242  -7.344  -24.939 0.0000000000
84728  -32.338  -6.746  -24.165 0.0000000000
82584  -32.292  -8.584  -24.451 0.0000000000
73461  -24.751  -16.648  -22.447 0.0000000000
73473  -25.337  -16.898  -22.890 0.0000000000
71155  -25.351  -17.709  -22.374 0.0000000000
72318  -25.895  -17.574  -23.015 0.0000000000
72333  -26.267  -17.343  -23.347 0.0000000000
72334  -26.844  -17.455  -23.396 0.0000000000
72320  -27.787  -17.452  -23.240 0.0000000000
74597  -28.429  -16.695  -22.782 0.0000000000
71103  -22.787  -19.007  -18.589 0.0000000000
71123  -24.663  -18.317  -20.472 0.0000000000
72306  -27.530  -17.187  -22.568 0.0000000000
72321  -28.455  -17.513  -23.604 0.0000000000
72335  -27.851  -17.763  -23.851 0.0000000000
72336  -28.402  -17.919  -23.853 0.0000000000
72347  -28.237  -17.902  -24.253 0.0000000000
72348  -28.307  -18.054  -24.114 0.0000000000
73472  -24.337  -16.945  -22.906 0.0000000000
73474  -25.952  -16.754  -23.180 0.0000000000
73475  -28.031  -16.956  -22.676 0.0000000000
73476  -28.572  -17.027  -23.214 0.0000000000
73478  -30.142  -16.362  -23.290 0.0000000000
73488  -25.924  -17.180  -23.318 0.0000000000
73491  -28.930  -17.215  -23.834 0.0000000000
73492  -29.890  -16.590  -23.723 0.0000000000
73503  -28.150  -17.606  -24.322 0.0000000000
74582  -26.295  -15.460  -22.415 0.0000000000
74583  -28.240  -16.298  -22.451 0.0000000000
74598  -28.880  -16.415  -22.816 0.0000000000
74613  -30.375  -16.308  -23.717 0.0000000000
74614  -30.708  -16.168  -23.453 0.0000000000
74625  -28.443  -17.375  -24.342 0.0000000000
74626  -28.689  -17.207  -24.271 0.0000000000
75812  -25.816  -15.100  -21.354 0.0000000000
75836  -27.229  -15.581  -23.255 0.0000000000
77017  -28.309  -14.252  -22.819 0.0000000000
78172  -27.773  -12.825  -21.452 0.0000000000
79331  -30.984  -10.767  -23.328 0.0000000000
79333  -31.812  -10.855  -23.253 0.0000000000
80406  -30.465  -10.540  -23.630 0.0000000000
80413  -29.863  -9.925  -24.578 0.0000000000
80415  -30.858  -10.067  -24.270 0.0000000000
81489  -29.768  -9.529  -24.333 0.0000000000
81490  -29.893  -9.710  -24.892 0.0000000000
81491  -30.551  -9.581  -24.739 0.0000000000
81499  -30.184  -9.117  -25.034 0.0000000000
81501  -31.408  -8.851  -25.020 0.0000000000
82591  -29.890  -8.535  -24.934 0.0000000000
82593  -31.197  -8.446  -25.163 0.0000000000
83686  -32.403  -7.916  -22.908 0.0000000000
83702  -29.822  -7.877  -24.496 0.0000000000
83705  -32.129  -7.551  -25.020 0.0000000000
83712  -31.601  -7.944  -25.225 0.0000000000
84715  -30.361  -6.443  -23.094 0.0000000000
84743  -29.754  -6.160  -26.544 0.0000000000
84749  -28.161  -4.853  -27.240 0.0000000000
84750  -28.550  -5.423  -27.090 0.0000000000
84751  -29.283  -5.856  -27.128 0.0000000000
84752  -29.967  -6.075  -26.785 0.0000000000
84758  -28.055  -4.635  -27.158 0.0000000000
84759  -28.323  -4.852  -27.373 0.0000000000
85720  -25.852  -5.363  -21.380 0.0000000000
85748  -29.643  -5.924  -26.288 0.0000000000
85755  -28.279  -4.737  -26.930 0.0000000000
85756  -28.938  -5.424  -26.570 0.0000000000
85757  -29.232  -4.809  -27.409 0.0000000000
85766  -28.187  -4.169  -27.236 0.0000000000
86708  -29.461  -4.396  -21.016 0.0000000000
86750  -30.252  -5.249  -25.180 0.0000000000
86758  -29.591  -4.898  -25.797 0.0000000000
86764  -28.294  -3.500  -26.789 0.0000000000
87762  -30.654  -4.299  -23.903 0.0000000000
87794  -30.257  -4.078  -24.854 0.0000000000
88789  -26.390  -2.403  -21.371 0.0000000000
88804  -26.392  -2.059  -21.371 0.0000000000
89845  -30.049  -0.983  -23.931 0.0000000000
90835  -29.198  -0.536  -21.777 0.0000000000
90864  -29.930  -0.928  -23.679 0.0000000000
91910  -26.544  0.664  -21.187 0.0000000000
92983  -24.792  1.552  -21.704 0.0000000000
93980  -28.655  2.648  -21.306 0.0000000000
94040  -29.411  1.890  -23.769 0.0000000000
95015  -25.400  3.235  -21.589 0.0000000000
96008  -25.906  4.560  -21.665 0.0000000000
96011  -28.541  4.593  -21.714 0.0000000000
96012  -29.034  4.289  -22.099 0.0000000000
96071  -29.380  4.377  -24.819 0.0000000000
97009  -29.501  5.404  -23.136 0.0000000000
97967  -26.036  6.031  -21.831 0.0000000000
97987  -29.298  6.313  -22.949 0.0000000000
99007  -28.969  7.904  -22.987 0.0000000000
99920  -26.949  7.584  -21.874 0.0000000000
99921  -27.318  7.773  -21.928 0.0000000000
99947  -28.800  8.446  -22.879 0.0000000000
100876  -28.586  9.923  -23.000 0.0000000000
100896  -29.414  8.821  -24.300 0.0000000000
101793  -28.276  10.398  -22.869 0.0000000000
102738  -21.752  12.223  -25.353 0.0000000000
103664  -21.051  12.689  -25.344 0.0000000000
103675  -21.403  12.997  -25.473 0.0000000000
104586  -21.247  13.225  -25.491 0.0000000000
104587  -21.447  13.201  -25.392 0.0000000000
134091  -28.953  -2.256  -26.181 0.0000000000
