#!ascii label  , from subject 3392 vox2ras=TkReg
1064
63029  30.383  -31.381  35.070 0.0000000000
77995  42.915  -18.328  24.115 0.0000000000
71032  33.234  -24.650  31.124 0.0000000000
48885  11.785  -41.557  44.966 0.0000000000
57997  24.239  -34.632  36.670 0.0000000000
73289  35.076  -21.745  30.130 0.0000000000
52726  17.211  -39.225  39.614 0.0000000000
48929  15.922  -42.525  41.426 0.0000000000
52789  20.489  -39.744  35.588 0.0000000000
79098  46.665  -17.773  23.748 0.0000000000
64140  34.796  -30.692  37.479 0.0000000000
67552  33.396  -28.146  34.614 0.0000000000
60659  35.435  -33.078  34.613 0.0000000000
83319  44.580  -13.364  24.253 0.0000000000
83344  47.361  -14.084  20.912 0.0000000000
77953  39.529  -18.398  27.034 0.0000000000
74565  42.836  -22.290  26.777 0.0000000000
73343  38.092  -22.679  26.986 0.0000000000
69976  38.292  -25.512  29.936 0.0000000000
55327  30.052  -37.967  35.092 0.0000000000
45523  12.118  -45.910  46.444 0.0000000000
44370  8.458  -46.426  49.482 0.0000000000
40949  7.848  -47.074  53.981 0.0000000000
64171  27.327  -29.843  36.718 0.0000000000
54028  25.581  -39.042  33.355 0.0000000000
70977  30.674  -24.279  35.537 0.0000000000
70960  35.470  -25.862  35.588 0.0000000000
86268  50.680  -10.471  21.671 0.0000000000
77993  45.087  -18.609  23.723 0.0000000000
75809  44.787  -20.931  24.847 0.0000000000
63027  32.456  -31.295  35.150 0.0000000000
63043  33.899  -31.368  33.716 0.0000000000
60678  32.271  -32.787  33.667 0.0000000000
80145  42.416  -16.559  25.197 0.0000000000
82257  44.092  -14.528  25.926 0.0000000000
80172  43.384  -15.948  24.203 0.0000000000
81233  45.208  -15.370  23.419 0.0000000000
38673  8.019  -51.165  50.174 0.0000000000
76862  38.506  -19.779  26.567 0.0000000000
75748  37.092  -19.922  27.957 0.0000000000
72157  33.764  -23.465  29.929 0.0000000000
71069  36.156  -24.405  28.716 0.0000000000
69956  35.674  -25.684  30.151 0.0000000000
69895  36.260  -26.803  32.059 0.0000000000
48908  13.822  -42.647  43.298 0.0000000000
46677  15.797  -44.625  43.579 0.0000000000
47729  13.715  -44.269  44.117 0.0000000000
44416  13.943  -46.459  45.899 0.0000000000
47693  11.311  -43.906  45.744 0.0000000000
46595  9.223  -43.511  50.316 0.0000000000
43280  8.419  -47.009  51.524 0.0000000000
61861  24.913  -32.235  36.871 0.0000000000
59373  26.638  -34.169  32.888 0.0000000000
56709  23.896  -35.999  32.486 0.0000000000
48988  20.392  -42.720  37.888 0.0000000000
47845  22.554  -43.259  36.560 0.0000000000
66420  37.501  -28.620  35.294 0.0000000000
68663  35.039  -26.929  35.374 0.0000000000
74506  36.852  -20.603  29.878 0.0000000000
74484  35.442  -20.606  32.249 0.0000000000
73262  33.106  -21.544  32.245 0.0000000000
48961  18.798  -42.532  39.397 0.0000000000
48944  18.575  -43.576  41.089 0.0000000000
50188  16.590  -41.278  40.393 0.0000000000
51453  14.511  -39.905  42.882 0.0000000000
51440  13.076  -39.865  44.834 0.0000000000
56692  22.207  -35.882  34.501 0.0000000000
56658  20.192  -36.525  36.227 0.0000000000
52761  18.754  -39.388  37.560 0.0000000000
66393  33.063  -28.273  39.707 0.0000000000
67515  31.627  -27.875  37.912 0.0000000000
65298  33.950  -29.943  36.101 0.0000000000
64208  35.903  -30.558  34.251 0.0000000000
86272  46.445  -10.826  22.285 0.0000000000
83332  45.374  -13.371  22.371 0.0000000000
81231  47.317  -15.391  22.937 0.0000000000
77972  41.130  -18.202  25.267 0.0000000000
75811  42.930  -20.814  24.901 0.0000000000
75814  40.535  -20.383  25.476 0.0000000000
74567  40.765  -22.426  26.596 0.0000000000
72191  40.221  -24.105  27.873 0.0000000000
73345  36.380  -22.110  27.572 0.0000000000
71086  38.193  -24.593  27.816 0.0000000000
60649  29.185  -33.834  35.288 0.0000000000
59329  31.699  -35.043  36.061 0.0000000000
79069  42.002  -16.830  27.023 0.0000000000
50090  10.909  -41.101  47.449 0.0000000000
47678  10.119  -43.405  47.538 0.0000000000
44387  9.848  -45.864  48.003 0.0000000000
43310  11.489  -48.247  48.595 0.0000000000
42225  9.351  -48.636  49.248 0.0000000000
42207  7.800  -47.978  50.674 0.0000000000
39796  7.412  -48.315  52.266 0.0000000000
39776  6.450  -48.421  53.698 0.0000000000
63031  29.242  -30.849  35.561 0.0000000000
59360  28.244  -34.073  33.796 0.0000000000
54026  27.616  -38.582  33.638 0.0000000000
52828  22.760  -39.485  34.084 0.0000000000
72112  31.656  -24.015  32.666 0.0000000000
68664  30.999  -26.912  35.883 0.0000000000
69837  32.223  -25.983  33.967 0.0000000000
69865  33.599  -26.024  33.201 0.0000000000
57993  33.762  -35.847  35.991 0.0000000000
85321  52.103  -11.432  19.707 0.0000000000
85308  48.398  -11.503  20.906 0.0000000000
84347  49.835  -12.931  19.309 0.0000000000
77994  44.032  -18.481  23.801 0.0000000000
76890  44.741  -19.395  23.858 0.0000000000
76891  43.538  -19.358  24.074 0.0000000000
63028  31.523  -31.116  35.186 0.0000000000
63060  31.708  -31.508  33.853 0.0000000000
60664  30.954  -32.915  33.888 0.0000000000
79102  42.515  -17.214  24.499 0.0000000000
80159  42.915  -16.242  24.518 0.0000000000
80158  43.366  -16.603  24.176 0.0000000000
80157  44.144  -16.779  23.939 0.0000000000
38674  6.949  -50.980  50.449 0.0000000000
76843  38.051  -19.223  28.132 0.0000000000
75734  37.753  -19.694  28.905 0.0000000000
71054  33.432  -24.009  30.493 0.0000000000
71052  35.045  -25.190  29.474 0.0000000000
69957  34.871  -26.121  30.433 0.0000000000
69925  36.544  -26.362  31.109 0.0000000000
69927  34.332  -26.380  31.044 0.0000000000
48909  13.083  -41.589  43.855 0.0000000000
48883  13.491  -43.408  43.920 0.0000000000
47730  13.092  -43.676  44.265 0.0000000000
47711  12.471  -43.869  44.622 0.0000000000
48864  11.909  -43.050  44.808 0.0000000000
60628  24.804  -33.449  37.164 0.0000000000
59348  24.267  -33.517  35.064 0.0000000000
58020  23.847  -34.256  34.686 0.0000000000
47797  20.869  -43.819  38.884 0.0000000000
69765  31.506  -25.710  39.542 0.0000000000
67525  37.655  -27.997  36.292 0.0000000000
74496  33.989  -21.138  32.092 0.0000000000
74486  33.508  -21.063  32.620 0.0000000000
51502  17.567  -40.468  39.409 0.0000000000
50205  17.358  -41.548  39.921 0.0000000000
51484  16.764  -40.229  40.175 0.0000000000
52694  14.858  -39.014  42.385 0.0000000000
52677  14.899  -38.668  43.585 0.0000000000
51454  13.927  -40.065  43.571 0.0000000000
56656  22.271  -35.542  36.994 0.0000000000
55266  18.348  -37.607  39.215 0.0000000000
55284  18.617  -37.421  38.401 0.0000000000
52745  18.124  -39.411  38.658 0.0000000000
51518  18.394  -40.546  38.566 0.0000000000
66401  33.378  -29.615  38.091 0.0000000000
64141  34.074  -30.721  36.789 0.0000000000
61885  34.338  -32.307  33.891 0.0000000000
64209  34.621  -30.505  33.753 0.0000000000
63041  35.958  -31.627  34.459 0.0000000000
64191  36.502  -31.187  34.590 0.0000000000
61867  36.506  -32.848  35.054 0.0000000000
82270  44.086  -13.933  25.010 0.0000000000
85302  45.409  -12.081  23.520 0.0000000000
83333  44.622  -13.490  23.164 0.0000000000
80169  45.658  -16.345  23.454 0.0000000000
81232  46.213  -15.296  23.066 0.0000000000
80168  46.754  -16.184  23.265 0.0000000000
77963  40.471  -18.191  26.200 0.0000000000
77973  40.578  -18.915  25.398 0.0000000000
76860  39.918  -19.200  25.737 0.0000000000
74596  38.394  -21.060  26.444 0.0000000000
74595  39.254  -21.284  26.162 0.0000000000
74568  39.720  -22.237  26.605 0.0000000000
73341  40.207  -23.265  27.178 0.0000000000
72210  39.535  -23.695  27.383 0.0000000000
74507  36.157  -20.953  29.549 0.0000000000
74527  36.285  -20.929  28.859 0.0000000000
73310  35.519  -21.619  29.253 0.0000000000
71068  37.365  -24.829  28.821 0.0000000000
71087  37.016  -23.889  28.076 0.0000000000
71067  38.630  -25.114  29.280 0.0000000000
71066  39.771  -25.025  29.153 0.0000000000
57996  29.155  -35.590  35.212 0.0000000000
59314  29.814  -35.366  35.788 0.0000000000
77951  41.055  -17.562  28.020 0.0000000000
79057  40.839  -17.702  26.661 0.0000000000
79070  41.244  -17.412  26.146 0.0000000000
48928  17.160  -43.336  41.397 0.0000000000
48905  17.625  -44.074  42.069 0.0000000000
45522  12.855  -45.976  46.276 0.0000000000
44398  14.460  -47.063  46.622 0.0000000000
43333  13.601  -47.407  47.454 0.0000000000
44385  12.014  -47.021  47.646 0.0000000000
48808  11.624  -40.909  49.493 0.0000000000
48825  10.326  -42.340  47.926 0.0000000000
48809  10.595  -41.809  49.216 0.0000000000
46600  8.586  -44.612  49.575 0.0000000000
45510  9.096  -45.179  48.317 0.0000000000
45511  8.590  -45.675  49.119 0.0000000000
44368  10.962  -47.387  47.966 0.0000000000
43311  9.943  -48.008  48.315 0.0000000000
42224  10.609  -48.932  48.774 0.0000000000
43312  8.786  -47.444  49.403 0.0000000000
42184  8.654  -47.113  53.247 0.0000000000
42206  7.898  -47.456  50.852 0.0000000000
40982  7.735  -47.755  51.635 0.0000000000
40983  7.535  -48.103  51.961 0.0000000000
39784  7.935  -48.238  52.956 0.0000000000
64104  29.429  -30.368  39.429 0.0000000000
64119  29.909  -30.308  37.986 0.0000000000
64170  28.041  -30.043  36.307 0.0000000000
61859  28.551  -30.975  34.960 0.0000000000
61872  27.795  -31.537  34.572 0.0000000000
56708  25.423  -36.097  32.335 0.0000000000
55359  27.348  -36.796  32.869 0.0000000000
54027  26.612  -38.740  33.366 0.0000000000
54032  20.976  -38.045  34.561 0.0000000000
54052  22.382  -37.449  33.462 0.0000000000
52810  21.467  -39.670  34.688 0.0000000000
49020  23.852  -42.992  35.835 0.0000000000
75786  42.559  -21.185  25.569 0.0000000000
75785  43.485  -21.267  25.686 0.0000000000
74590  44.049  -21.704  26.484 0.0000000000
73211  31.387  -22.526  35.641 0.0000000000
73254  31.729  -22.719  33.464 0.0000000000
72102  31.292  -23.574  33.884 0.0000000000
66435  32.552  -28.615  35.708 0.0000000000
67530  31.256  -27.525  36.260 0.0000000000
67543  32.124  -28.049  35.407 0.0000000000
69796  35.130  -26.245  35.579 0.0000000000
69812  32.573  -26.427  34.376 0.0000000000
70976  33.723  -26.021  34.422 0.0000000000
70993  33.423  -25.654  33.746 0.0000000000
70984  35.050  -25.749  34.629 0.0000000000
69834  35.476  -26.165  34.091 0.0000000000
57994  32.817  -35.683  36.491 0.0000000000
85314  51.425  -11.180  20.470 0.0000000000
84337  46.648  -12.551  21.195 0.0000000000
86280  47.877  -10.857  21.736 0.0000000000
84336  47.666  -12.321  20.815 0.0000000000
83356  49.713  -13.927  19.633 0.0000000000
82336  50.552  -14.503  19.719 0.0000000000
55252  17.222  -37.458  40.359 0.0000000000
53926  16.507  -38.078  40.716 0.0000000000
79099  45.598  -17.551  23.739 0.0000000000
77991  47.130  -18.667  23.855 0.0000000000
76889  45.651  -19.460  24.098 0.0000000000
63005  34.184  -31.213  35.969 0.0000000000
64169  34.356  -30.564  36.003 0.0000000000
63026  33.274  -31.362  34.858 0.0000000000
63058  33.190  -31.738  33.612 0.0000000000
60661  33.691  -33.157  34.033 0.0000000000
81209  44.070  -15.096  26.539 0.0000000000
82272  43.221  -15.400  25.449 0.0000000000
81221  43.387  -15.216  24.630 0.0000000000
82285  44.120  -14.299  23.765 0.0000000000
82284  44.787  -14.648  23.280 0.0000000000
81234  44.351  -15.275  23.650 0.0000000000
80156  44.936  -16.870  23.850 0.0000000000
38672  9.127  -51.435  50.172 0.0000000000
77937  39.617  -18.384  28.122 0.0000000000
76850  38.908  -19.062  26.780 0.0000000000
76842  38.894  -18.926  27.636 0.0000000000
75766  37.899  -19.992  26.900 0.0000000000
75767  37.347  -20.469  27.093 0.0000000000
72156  34.436  -22.782  29.683 0.0000000000
72176  35.518  -23.182  28.691 0.0000000000
72177  34.729  -23.444  29.231 0.0000000000
69979  35.667  -25.032  29.317 0.0000000000
69955  37.007  -25.880  30.290 0.0000000000
69924  37.580  -26.397  31.059 0.0000000000
68750  37.876  -26.745  32.432 0.0000000000
52802  29.645  -39.106  35.400 0.0000000000
48907  15.124  -43.024  42.285 0.0000000000
47747  16.238  -44.342  42.869 0.0000000000
47748  14.964  -44.008  43.024 0.0000000000
46678  14.917  -44.659  43.491 0.0000000000
46641  14.919  -45.449  44.607 0.0000000000
46621  12.625  -45.014  45.535 0.0000000000
45544  11.693  -45.235  46.120 0.0000000000
48774  10.711  -41.658  51.022 0.0000000000
46591  9.270  -43.444  51.619 0.0000000000
45500  8.192  -45.398  51.425 0.0000000000
44352  8.276  -46.551  50.725 0.0000000000
45496  8.577  -44.851  52.622 0.0000000000
44327  8.695  -45.327  53.998 0.0000000000
43238  8.370  -46.226  54.483 0.0000000000
62988  25.827  -30.446  37.301 0.0000000000
63048  26.200  -31.449  34.512 0.0000000000
60651  25.203  -32.456  34.600 0.0000000000
58041  24.410  -34.695  33.086 0.0000000000
55361  24.773  -37.269  32.438 0.0000000000
50274  20.302  -41.107  36.182 0.0000000000
51571  20.954  -40.643  35.410 0.0000000000
49005  21.510  -42.657  37.033 0.0000000000
73338  43.409  -23.051  27.352 0.0000000000
70943  30.679  -24.827  36.885 0.0000000000
66431  36.476  -28.553  34.287 0.0000000000
67541  34.512  -27.653  34.463 0.0000000000
67527  36.348  -27.383  35.267 0.0000000000
68662  36.084  -27.110  35.675 0.0000000000
87382  49.881  -10.169  21.596 0.0000000000
38650  5.824  -49.861  51.007 0.0000000000
73287  37.541  -20.190  31.037 0.0000000000
73271  36.675  -20.525  31.439 0.0000000000
73272  35.568  -20.794  30.857 0.0000000000
73273  34.626  -21.330  30.969 0.0000000000
73291  33.421  -22.799  30.601 0.0000000000
72139  32.921  -23.329  31.049 0.0000000000
47799  19.298  -43.027  39.376 0.0000000000
46727  19.497  -43.959  40.469 0.0000000000
48962  18.127  -42.601  39.946 0.0000000000
48963  17.435  -42.387  40.258 0.0000000000
48947  16.014  -41.716  40.834 0.0000000000
52711  15.812  -38.996  40.771 0.0000000000
51467  15.417  -39.923  41.356 0.0000000000
48930  14.973  -41.828  41.895 0.0000000000
50153  14.136  -41.377  42.589 0.0000000000
50155  13.168  -40.766  44.114 0.0000000000
51441  12.446  -40.389  45.225 0.0000000000
56690  23.349  -35.249  34.795 0.0000000000
56672  22.669  -35.580  35.972 0.0000000000
56674  20.930  -36.289  35.573 0.0000000000
55316  20.268  -37.600  35.718 0.0000000000
56644  19.547  -36.629  37.064 0.0000000000
55301  19.551  -37.636  36.734 0.0000000000
52775  19.384  -39.454  36.851 0.0000000000
50252  19.252  -40.874  37.304 0.0000000000
50218  19.490  -42.309  38.639 0.0000000000
67485  32.146  -27.452  39.740 0.0000000000
67500  31.780  -27.664  38.960 0.0000000000
66402  32.657  -28.579  38.618 0.0000000000
66412  32.695  -29.108  37.262 0.0000000000
66422  33.522  -29.166  35.407 0.0000000000
64192  33.810  -30.347  34.514 0.0000000000
65318  33.850  -29.444  34.185 0.0000000000
66432  34.939  -28.592  33.954 0.0000000000
65337  36.961  -29.852  34.465 0.0000000000
64167  37.792  -30.136  35.238 0.0000000000
86262  46.511  -10.644  23.173 0.0000000000
84331  45.872  -12.428  22.154 0.0000000000
83331  46.122  -13.327  21.726 0.0000000000
82283  45.478  -14.759  22.951 0.0000000000
82299  46.169  -14.407  22.170 0.0000000000
77996  41.915  -18.054  24.516 0.0000000000
76892  42.247  -19.409  24.365 0.0000000000
76870  41.760  -19.780  24.542 0.0000000000
75813  41.051  -20.384  25.170 0.0000000000
75787  41.606  -21.100  25.521 0.0000000000
75789  39.882  -20.378  25.811 0.0000000000
74594  40.264  -21.476  26.171 0.0000000000
74566  41.814  -22.439  26.608 0.0000000000
73340  41.347  -23.277  27.210 0.0000000000
72190  41.380  -23.906  27.841 0.0000000000
74526  37.272  -20.350  29.411 0.0000000000
75749  36.607  -20.634  27.927 0.0000000000
73344  37.154  -22.316  27.194 0.0000000000
72195  36.277  -23.022  27.934 0.0000000000
72194  36.834  -23.340  27.674 0.0000000000
72211  38.509  -23.739  27.379 0.0000000000
72192  39.073  -24.226  27.697 0.0000000000
61870  29.397  -32.281  34.992 0.0000000000
60647  30.396  -33.321  34.614 0.0000000000
60636  29.844  -34.439  35.727 0.0000000000
59300  31.055  -36.082  36.862 0.0000000000
80137  41.907  -16.273  26.085 0.0000000000
79082  41.803  -17.232  25.090 0.0000000000
51427  12.571  -40.269  46.218 0.0000000000
50088  12.789  -39.876  48.572 0.0000000000
48843  11.266  -41.420  46.497 0.0000000000
48866  10.901  -42.690  45.962 0.0000000000
46624  10.687  -44.077  46.564 0.0000000000
46608  10.401  -44.414  47.064 0.0000000000
46599  9.246  -43.820  48.980 0.0000000000
46604  9.921  -44.945  47.480 0.0000000000
45514  10.647  -45.638  47.279 0.0000000000
44386  10.691  -46.288  47.602 0.0000000000
43309  12.829  -48.455  49.209 0.0000000000
39836  10.461  -50.271  49.565 0.0000000000
43297  8.225  -47.298  50.449 0.0000000000
42226  8.660  -48.768  49.706 0.0000000000
39838  9.152  -49.886  50.080 0.0000000000
39822  8.845  -50.286  50.131 0.0000000000
39823  7.483  -49.764  50.465 0.0000000000
39809  6.682  -49.296  51.001 0.0000000000
39774  7.317  -48.187  53.534 0.0000000000
39775  6.931  -48.374  53.593 0.0000000000
39798  6.004  -49.189  51.370 0.0000000000
63008  31.310  -31.148  36.156 0.0000000000
62985  30.510  -30.725  37.198 0.0000000000
63030  29.663  -31.161  35.438 0.0000000000
61871  28.880  -31.747  35.161 0.0000000000
59347  28.754  -34.397  34.760 0.0000000000
56669  29.269  -36.059  34.250 0.0000000000
59372  27.480  -34.166  33.172 0.0000000000
56688  28.923  -36.028  33.352 0.0000000000
55341  28.841  -37.885  34.053 0.0000000000
58043  22.941  -35.748  33.383 0.0000000000
55362  23.559  -37.126  32.673 0.0000000000
54029  24.484  -39.055  33.346 0.0000000000
50290  22.564  -41.340  34.987 0.0000000000
51590  24.205  -41.612  34.335 0.0000000000
51589  25.010  -41.046  35.048 0.0000000000
75810  43.846  -20.818  24.978 0.0000000000
74473  32.821  -21.224  33.848 0.0000000000
72124  32.193  -23.384  32.266 0.0000000000
72123  32.544  -24.158  31.681 0.0000000000
68619  30.526  -26.499  37.965 0.0000000000
68640  30.531  -26.077  37.027 0.0000000000
69815  30.280  -26.011  35.354 0.0000000000
68687  32.992  -27.200  34.668 0.0000000000
69813  31.258  -26.635  34.480 0.0000000000
70988  31.058  -24.916  34.229 0.0000000000
70995  31.948  -24.914  33.059 0.0000000000
69866  33.077  -25.850  32.770 0.0000000000
69897  33.764  -26.167  32.144 0.0000000000
69863  35.972  -26.346  33.140 0.0000000000
59345  31.655  -34.330  34.720 0.0000000000
59343  33.683  -34.910  35.172 0.0000000000
59342  34.968  -34.633  35.097 0.0000000000
57973  35.686  -36.159  36.915 0.0000000000
59340  36.563  -34.365  35.642 0.0000000000
85312  53.047  -10.879  20.374 0.0000000000
86269  48.752  -10.135  22.103 0.0000000000
85307  49.493  -11.237  20.851 0.0000000000
83350  48.785  -13.718  20.186 0.0000000000
85316  49.128  -11.796  20.379 0.0000000000
85315  50.197  -11.499  20.334 0.0000000000
85322  51.057  -11.689  19.489 0.0000000000
84352  51.931  -12.641  18.539 0.0000000000
63047  31.034  -31.253  34.129 0.0000000000
61887  30.441  -32.134  34.142 0.0000000000
79101  43.559  -17.507  24.022 0.0000000000
39824  6.552  -50.172  50.643 0.0000000000
71053  34.162  -25.099  30.071 0.0000000000
50138  11.984  -41.092  44.699 0.0000000000
48884  12.466  -42.411  44.291 0.0000000000
59333  24.476  -33.730  36.598 0.0000000000
58008  24.131  -34.216  35.812 0.0000000000
46742  20.889  -44.297  39.430 0.0000000000
52725  17.721  -39.335  39.160 0.0000000000
51503  17.057  -39.776  39.850 0.0000000000
53941  17.704  -38.260  39.665 0.0000000000
53956  18.009  -38.610  39.063 0.0000000000
51519  18.040  -39.957  39.044 0.0000000000
65283  33.933  -30.386  37.521 0.0000000000
61884  35.347  -32.414  34.427 0.0000000000
63042  35.014  -31.431  33.960 0.0000000000
61883  36.098  -32.322  34.718 0.0000000000
83308  44.568  -13.448  24.958 0.0000000000
84329  44.850  -12.967  24.086 0.0000000000
84333  44.765  -12.946  23.653 0.0000000000
79111  46.362  -16.991  23.463 0.0000000000
79110  47.240  -16.994  23.457 0.0000000000
39820  10.916  -51.018  49.919 0.0000000000
77964  39.548  -18.817  26.349 0.0000000000
74569  38.712  -21.953  26.669 0.0000000000
73342  39.135  -22.928  27.034 0.0000000000
73288  36.157  -20.833  30.274 0.0000000000
69977  37.652  -25.447  29.677 0.0000000000
56668  29.305  -36.034  35.003 0.0000000000
56651  30.119  -36.681  35.651 0.0000000000
55310  30.294  -37.512  35.620 0.0000000000
77952  40.428  -17.858  27.389 0.0000000000
48906  16.562  -43.671  42.134 0.0000000000
44399  13.138  -46.716  46.918 0.0000000000
44384  13.240  -47.669  47.862 0.0000000000
44400  11.657  -46.261  47.066 0.0000000000
45505  8.337  -45.580  50.289 0.0000000000
44369  9.435  -46.572  48.375 0.0000000000
42197  8.217  -47.283  52.136 0.0000000000
40965  8.115  -47.874  52.779 0.0000000000
64145  27.276  -29.632  37.895 0.0000000000
64121  28.238  -29.787  38.973 0.0000000000
64144  28.497  -29.998  37.338 0.0000000000
63012  27.429  -30.513  35.535 0.0000000000
63032  26.719  -31.149  34.730 0.0000000000
54048  26.014  -38.495  32.965 0.0000000000
55360  26.494  -37.582  32.625 0.0000000000
52825  26.097  -39.687  33.827 0.0000000000
54000  20.712  -39.298  35.298 0.0000000000
54014  21.009  -38.926  34.786 0.0000000000
52788  20.890  -39.774  35.019 0.0000000000
74591  43.160  -21.655  26.380 0.0000000000
72069  30.868  -23.277  36.149 0.0000000000
72086  30.945  -23.479  34.931 0.0000000000
66434  33.123  -28.482  35.088 0.0000000000
67542  33.379  -27.800  34.668 0.0000000000
70975  34.733  -25.841  35.006 0.0000000000
70985  34.007  -25.596  34.274 0.0000000000
70974  35.657  -25.640  35.267 0.0000000000
86267  51.383  -10.368  21.943 0.0000000000
86277  51.256  -10.705  21.186 0.0000000000
86287  50.676  -11.036  20.757 0.0000000000
84343  47.350  -13.251  20.750 0.0000000000
55232  18.016  -36.510  41.276 0.0000000000
55233  17.002  -37.150  41.257 0.0000000000
55213  17.296  -36.577  42.368 0.0000000000
55251  18.042  -37.003  40.033 0.0000000000
77992  46.029  -18.626  23.989 0.0000000000
78002  45.485  -18.999  23.799 0.0000000000
75830  45.215  -20.235  24.350 0.0000000000
63006  33.295  -31.525  35.993 0.0000000000
61901  31.966  -32.103  33.583 0.0000000000
63059  32.519  -31.673  33.736 0.0000000000
60677  33.020  -32.735  33.748 0.0000000000
60676  33.446  -32.648  33.742 0.0000000000
60662  32.697  -33.390  34.059 0.0000000000
81211  42.826  -15.799  25.818 0.0000000000
82259  43.326  -15.507  25.794 0.0000000000
81236  43.245  -15.661  24.458 0.0000000000
82286  43.711  -14.701  24.507 0.0000000000
81235  43.704  -15.293  24.131 0.0000000000
80171  43.915  -15.984  23.990 0.0000000000
79100  44.546  -17.635  23.825 0.0000000000
77938  38.875  -18.823  28.386 0.0000000000
75747  37.567  -19.586  28.256 0.0000000000
76852  37.646  -19.721  27.534 0.0000000000
75768  36.887  -20.542  27.545 0.0000000000
72178  34.251  -23.439  29.495 0.0000000000
69978  36.584  -25.259  29.462 0.0000000000
69894  37.281  -26.849  31.887 0.0000000000
69862  37.348  -26.554  33.051 0.0000000000
47749  14.141  -44.086  43.480 0.0000000000
46660  14.486  -44.826  44.022 0.0000000000
46642  13.926  -45.039  44.660 0.0000000000
46644  12.311  -44.495  45.142 0.0000000000
46622  11.857  -44.672  45.631 0.0000000000
45543  12.403  -45.458  45.912 0.0000000000
46592  8.786  -44.344  52.040 0.0000000000
43250  8.620  -46.396  53.460 0.0000000000
61829  25.209  -32.183  39.013 0.0000000000
62967  25.590  -31.311  38.757 0.0000000000
64147  25.809  -30.794  38.571 0.0000000000
63014  25.305  -31.233  36.823 0.0000000000
61874  24.940  -31.814  35.706 0.0000000000
59361  24.604  -33.693  33.883 0.0000000000
50251  20.010  -41.794  37.086 0.0000000000
50250  20.780  -42.254  36.830 0.0000000000
49006  20.722  -42.493  37.275 0.0000000000
70942  30.968  -24.217  37.442 0.0000000000
70932  30.613  -24.858  37.623 0.0000000000
67540  35.762  -27.735  34.513 0.0000000000
66421  37.169  -27.989  34.799 0.0000000000
68661  36.871  -27.385  35.901 0.0000000000
38651  5.650  -50.058  51.165 0.0000000000
74494  35.338  -20.732  31.477 0.0000000000
74495  34.515  -20.981  31.751 0.0000000000
73274  33.410  -21.791  31.513 0.0000000000
73275  32.629  -22.719  31.780 0.0000000000
47791  19.091  -43.291  40.057 0.0000000000
50187  16.924  -40.994  40.021 0.0000000000
50206  17.068  -41.921  40.318 0.0000000000
48946  16.794  -42.441  40.631 0.0000000000
53927  16.138  -38.120  41.285 0.0000000000
52693  15.367  -38.779  41.745 0.0000000000
51468  14.863  -40.195  41.919 0.0000000000
50170  15.231  -41.184  41.314 0.0000000000
50171  14.561  -40.909  41.970 0.0000000000
51439  13.976  -39.337  44.753 0.0000000000
51455  13.490  -40.188  44.109 0.0000000000
56671  23.343  -35.314  35.918 0.0000000000
56657  21.119  -35.585  36.535 0.0000000000
56673  21.725  -35.780  35.676 0.0000000000
56675  20.556  -36.970  35.514 0.0000000000
55317  19.921  -37.346  36.259 0.0000000000
53969  18.666  -38.361  37.898 0.0000000000
55283  18.973  -37.382  37.538 0.0000000000
53986  19.132  -38.477  37.141 0.0000000000
53985  19.816  -38.649  36.539 0.0000000000
51548  19.001  -40.151  37.124 0.0000000000
50219  18.858  -41.826  38.693 0.0000000000
50232  19.242  -41.217  38.020 0.0000000000
48976  19.364  -42.684  38.943 0.0000000000
67499  32.497  -27.904  39.432 0.0000000000
66411  33.404  -29.597  36.737 0.0000000000
66423  32.822  -29.098  36.039 0.0000000000
63025  33.671  -30.972  34.329 0.0000000000
64210  33.920  -30.543  33.801 0.0000000000
65340  34.154  -29.984  33.777 0.0000000000
65339  35.044  -29.480  33.863 0.0000000000
65317  34.595  -29.129  33.845 0.0000000000
66443  35.824  -29.105  34.180 0.0000000000
65338  36.248  -29.547  34.274 0.0000000000
63023  37.459  -31.448  35.485 0.0000000000
64190  37.176  -30.660  34.917 0.0000000000
86259  46.657  -10.559  24.035 0.0000000000
85298  46.198  -11.145  23.981 0.0000000000
84332  45.045  -12.500  23.012 0.0000000000
85301  45.795  -11.507  22.950 0.0000000000
81247  46.810  -15.044  22.574 0.0000000000
76893  41.552  -18.765  24.640 0.0000000000
76872  40.519  -19.776  25.387 0.0000000000
75788  40.720  -20.968  25.604 0.0000000000
76861  39.217  -19.576  26.162 0.0000000000
75790  38.830  -20.406  26.120 0.0000000000
74593  41.230  -21.651  26.166 0.0000000000
73325  40.876  -23.626  27.525 0.0000000000
73324  41.197  -23.592  27.536 0.0000000000
74545  36.264  -21.242  27.978 0.0000000000
75736  36.475  -20.798  28.329 0.0000000000
74571  36.783  -21.244  27.327 0.0000000000
71088  36.164  -23.696  28.239 0.0000000000
71101  37.619  -24.046  27.641 0.0000000000
72212  37.473  -23.377  27.448 0.0000000000
71100  37.939  -24.011  27.487 0.0000000000
72193  38.592  -24.224  27.599 0.0000000000
60648  29.737  -33.465  35.157 0.0000000000
60637  29.531  -34.820  35.791 0.0000000000
57978  30.280  -36.086  36.152 0.0000000000
59301  30.584  -35.900  36.507 0.0000000000
80136  42.780  -16.388  26.923 0.0000000000
77962  41.010  -17.994  25.914 0.0000000000
80138  41.637  -16.840  25.699 0.0000000000
47777  19.165  -43.727  41.080 0.0000000000
46710  19.665  -44.251  40.955 0.0000000000
44415  15.099  -46.654  45.972 0.0000000000
48823  12.092  -40.538  48.921 0.0000000000
50089  11.609  -40.680  47.829 0.0000000000
50112  11.912  -40.530  46.821 0.0000000000
50113  11.088  -40.990  46.986 0.0000000000
48844  10.866  -42.174  46.897 0.0000000000
48845  10.328  -42.805  47.259 0.0000000000
47695  10.339  -43.380  46.815 0.0000000000
46607  10.826  -44.602  46.633 0.0000000000
47648  10.175  -42.388  51.108 0.0000000000
47660  9.829  -42.631  49.730 0.0000000000
45515  10.024  -45.353  47.566 0.0000000000
45526  10.304  -45.170  47.322 0.0000000000
41027  9.997  -49.560  49.301 0.0000000000
44339  8.095  -46.148  51.988 0.0000000000
42216  8.214  -48.472  50.282 0.0000000000
41028  9.026  -49.436  49.728 0.0000000000
41014  8.281  -49.351  50.090 0.0000000000
39808  7.192  -48.575  51.321 0.0000000000
39797  6.804  -48.479  51.831 0.0000000000
40950  7.332  -47.678  54.127 0.0000000000
39766  7.123  -48.151  54.333 0.0000000000
39787  6.526  -48.479  52.619 0.0000000000
40984  6.112  -48.430  52.026 0.0000000000
40967  5.907  -48.621  53.025 0.0000000000
61857  31.808  -31.625  36.696 0.0000000000
62986  29.617  -30.380  36.871 0.0000000000
64142  30.028  -30.346  37.576 0.0000000000
63010  29.712  -30.652  36.151 0.0000000000
63009  30.463  -30.833  36.075 0.0000000000
60650  28.488  -33.038  34.416 0.0000000000
58007  28.674  -35.148  34.140 0.0000000000
60681  26.279  -33.409  33.292 0.0000000000
60680  26.919  -33.684  33.240 0.0000000000
56706  27.839  -36.056  32.945 0.0000000000
55342  28.145  -37.363  33.512 0.0000000000
55329  29.217  -36.700  33.777 0.0000000000
54025  28.409  -38.437  33.979 0.0000000000
52822  28.704  -39.030  34.266 0.0000000000
52823  28.086  -39.251  34.181 0.0000000000
58022  23.093  -35.318  34.036 0.0000000000
58044  22.576  -35.893  33.849 0.0000000000
54031  21.923  -38.415  33.910 0.0000000000
54051  22.986  -37.861  33.198 0.0000000000
54030  23.297  -38.884  33.438 0.0000000000
54050  24.027  -38.150  32.861 0.0000000000
52827  23.738  -40.156  33.601 0.0000000000
49022  22.013  -42.445  36.303 0.0000000000
51570  21.777  -41.323  35.300 0.0000000000
50272  22.405  -42.053  35.541 0.0000000000
50271  23.500  -42.401  35.458 0.0000000000
50288  24.128  -42.266  34.866 0.0000000000
75833  42.568  -20.258  24.530 0.0000000000
75832  43.223  -20.199  24.449 0.0000000000
73253  32.087  -21.860  34.060 0.0000000000
72113  31.505  -23.482  33.071 0.0000000000
73264  31.823  -22.951  32.761 0.0000000000
72125  31.756  -23.458  32.666 0.0000000000
71009  32.192  -24.431  32.329 0.0000000000
67501  31.087  -27.322  38.317 0.0000000000
68639  30.921  -26.743  36.783 0.0000000000
68665  30.587  -26.324  36.148 0.0000000000
69797  30.468  -25.524  36.309 0.0000000000
68690  30.643  -26.561  35.472 0.0000000000
68686  34.027  -27.175  34.681 0.0000000000
69838  31.520  -26.012  34.004 0.0000000000
69839  30.750  -25.999  34.430 0.0000000000
70987  31.973  -25.637  33.611 0.0000000000
70994  32.769  -25.663  33.224 0.0000000000
69898  33.251  -26.002  32.546 0.0000000000
69864  34.679  -26.346  33.166 0.0000000000
69833  36.855  -26.268  34.335 0.0000000000
60635  30.513  -34.086  35.636 0.0000000000
60634  31.042  -34.033  35.176 0.0000000000
59328  33.010  -35.209  35.801 0.0000000000
58005  33.797  -35.404  35.561 0.0000000000
58004  34.253  -35.345  35.527 0.0000000000
57991  36.123  -35.426  36.296 0.0000000000
59324  37.048  -34.389  35.967 0.0000000000
85313  52.538  -10.966  20.658 0.0000000000
85327  52.432  -11.633  18.791 0.0000000000
86261  47.119  -10.048  23.502 0.0000000000
86279  49.061  -10.598  21.630 0.0000000000
84348  49.200  -13.189  19.717 0.0000000000
84340  49.460  -12.303  19.815 0.0000000000
84339  50.061  -12.179  19.584 0.0000000000
85323  50.439  -11.894  19.581 0.0000000000
84346  50.555  -12.453  19.083 0.0000000000
76902  45.036  -19.100  23.689 0.0000000000
75831  44.222  -20.189  24.391 0.0000000000
63046  31.823  -31.223  34.467 0.0000000000
63061  31.244  -31.501  33.808 0.0000000000
60679  31.582  -32.654  33.668 0.0000000000
76832  38.606  -18.976  28.978 0.0000000000
71071  34.265  -24.029  29.398 0.0000000000
69926  35.456  -26.435  31.119 0.0000000000
47710  13.249  -44.374  44.525 0.0000000000
47712  11.712  -43.654  45.234 0.0000000000
45495  8.958  -44.326  53.324 0.0000000000
60638  24.844  -32.898  36.483 0.0000000000
60652  24.645  -32.729  35.367 0.0000000000
58021  23.508  -34.844  34.100 0.0000000000
47815  20.283  -43.215  38.375 0.0000000000
47814  21.029  -43.706  38.051 0.0000000000
46760  21.221  -44.084  38.731 0.0000000000
69766  31.093  -25.567  38.693 0.0000000000
65297  38.054  -29.575  35.604 0.0000000000
66419  38.385  -28.715  36.314 0.0000000000
74485  34.555  -20.660  32.509 0.0000000000
51501  18.108  -41.203  38.865 0.0000000000
50204  18.034  -41.768  39.266 0.0000000000
51483  17.097  -40.838  39.800 0.0000000000
53895  15.362  -38.193  43.369 0.0000000000
56643  20.301  -35.657  37.354 0.0000000000
56628  18.729  -36.898  38.876 0.0000000000
53970  18.322  -38.415  38.580 0.0000000000
52762  18.407  -39.078  38.163 0.0000000000
52744  18.484  -39.778  38.169 0.0000000000
63024  36.723  -31.822  35.095 0.0000000000
63002  37.260  -32.145  35.781 0.0000000000
83307  45.093  -13.041  25.265 0.0000000000
85299  45.648  -11.770  24.095 0.0000000000
80167  47.777  -16.193  23.242 0.0000000000
75791  38.187  -20.403  26.547 0.0000000000
72209  40.007  -23.722  27.438 0.0000000000
73326  35.735  -21.956  28.195 0.0000000000
71085  39.341  -24.670  28.378 0.0000000000
59346  28.958  -34.864  35.353 0.0000000000
59332  29.311  -35.040  35.606 0.0000000000
57979  29.704  -35.722  35.664 0.0000000000
56638  30.094  -36.243  35.765 0.0000000000
79056  41.347  -17.386  27.333 0.0000000000
79071  40.899  -17.825  26.343 0.0000000000
48945  17.883  -43.213  40.644 0.0000000000
48926  18.784  -43.810  41.427 0.0000000000
48927  18.220  -43.887  41.537 0.0000000000
48904  18.175  -44.243  42.012 0.0000000000
44417  13.250  -46.231  46.193 0.0000000000
43332  14.122  -47.401  47.302 0.0000000000
48824  10.871  -41.144  48.245 0.0000000000
47668  9.972  -43.070  48.522 0.0000000000
43265  8.711  -46.715  52.576 0.0000000000
40999  7.638  -47.795  50.984 0.0000000000
41000  7.575  -48.395  50.840 0.0000000000
40966  7.787  -48.220  52.597 0.0000000000
42187  5.747  -48.524  53.566 0.0000000000
62987  29.107  -30.217  36.905 0.0000000000
63011  28.768  -30.465  35.926 0.0000000000
61860  28.179  -30.752  35.114 0.0000000000
60665  27.245  -32.954  33.636 0.0000000000
58040  26.057  -34.911  32.409 0.0000000000
56707  26.889  -36.119  32.263 0.0000000000
55343  27.219  -38.074  33.321 0.0000000000
52804  27.625  -40.007  34.649 0.0000000000
52824  27.148  -39.512  33.905 0.0000000000
55345  21.274  -37.406  34.435 0.0000000000
55344  21.843  -36.943  33.818 0.0000000000
52809  22.069  -39.501  34.408 0.0000000000
47844  23.092  -43.463  36.342 0.0000000000
49021  22.821  -42.733  36.182 0.0000000000
73210  31.969  -21.796  36.202 0.0000000000
73232  31.930  -21.832  35.179 0.0000000000
73233  31.499  -22.632  34.501 0.0000000000
70996  31.411  -24.199  33.330 0.0000000000
67529  31.656  -28.098  36.819 0.0000000000
67516  31.133  -27.376  37.363 0.0000000000
67544  31.410  -27.371  35.501 0.0000000000
69811  34.122  -26.529  34.739 0.0000000000
70986  32.938  -25.754  34.013 0.0000000000
69836  33.859  -25.547  33.793 0.0000000000
69835  34.422  -25.764  33.905 0.0000000000
59311  31.476  -35.858  36.862 0.0000000000
57995  32.323  -35.712  36.696 0.0000000000
57975  33.486  -36.265  36.965 0.0000000000
85305  52.023  -10.985  21.066 0.0000000000
86282  46.500  -10.972  21.895 0.0000000000
86281  46.907  -10.874  21.802 0.0000000000
85309  47.273  -11.541  21.285 0.0000000000
84335  48.295  -12.255  20.585 0.0000000000
83355  50.671  -13.638  19.170 0.0000000000
53942  16.852  -38.342  39.847 0.0000000000
56603  18.699  -36.489  39.436 0.0000000000
76888  46.625  -19.483  24.142 0.0000000000
75829  46.168  -20.276  24.389 0.0000000000
63004  34.578  -30.948  36.564 0.0000000000
63045  32.475  -31.348  34.246 0.0000000000
63044  33.148  -31.315  33.922 0.0000000000
63057  33.548  -31.822  33.570 0.0000000000
61898  33.775  -32.012  33.557 0.0000000000
60660  34.830  -33.335  34.471 0.0000000000
82258  43.669  -15.207  25.802 0.0000000000
82271  43.490  -14.881  25.155 0.0000000000
81222  42.914  -15.583  24.967 0.0000000000
80170  44.709  -16.084  23.796 0.0000000000
38671  10.122  -51.635  50.215 0.0000000000
76851  38.295  -19.436  27.249 0.0000000000
75792  37.788  -20.405  26.772 0.0000000000
74597  37.833  -20.773  26.657 0.0000000000
74570  37.690  -21.521  26.783 0.0000000000
73311  35.055  -22.567  29.399 0.0000000000
71070  34.971  -24.437  29.049 0.0000000000
69954  38.007  -26.043  30.274 0.0000000000
69893  38.129  -26.663  31.782 0.0000000000
68749  38.520  -26.771  32.488 0.0000000000
54011  29.669  -38.551  34.904 0.0000000000
53996  30.072  -38.560  35.550 0.0000000000
52786  29.787  -39.492  36.132 0.0000000000
45541  13.855  -45.966  45.421 0.0000000000
46643  13.104  -44.836  45.098 0.0000000000
45542  13.208  -45.688  45.691 0.0000000000
46596  8.713  -44.464  50.886 0.0000000000
45506  8.255  -45.953  50.931 0.0000000000
45501  8.239  -45.934  51.183 0.0000000000
45493  8.733  -44.900  53.376 0.0000000000
44333  8.606  -45.759  53.004 0.0000000000
42185  8.739  -46.780  53.426 0.0000000000
43252  8.331  -46.768  53.755 0.0000000000
64146  26.212  -30.212  38.139 0.0000000000
63013  26.253  -30.434  36.332 0.0000000000
63033  26.310  -30.934  35.407 0.0000000000
63034  25.584  -31.094  35.761 0.0000000000
61889  25.581  -31.778  34.623 0.0000000000
60682  25.413  -33.298  33.608 0.0000000000
60667  24.899  -32.977  34.302 0.0000000000
59374  25.558  -34.004  33.139 0.0000000000
54049  25.241  -38.354  32.784 0.0000000000
51572  20.202  -40.344  35.965 0.0000000000
50273  21.154  -41.855  36.149 0.0000000000
49004  22.249  -42.928  36.703 0.0000000000
47833  21.418  -43.304  37.421 0.0000000000
47832  22.111  -43.786  37.060 0.0000000000
74564  43.778  -22.009  27.291 0.0000000000
72059  31.324  -23.459  37.143 0.0000000000
70961  30.852  -24.143  36.554 0.0000000000
67551  33.702  -28.020  34.406 0.0000000000
67528  35.512  -27.314  35.126 0.0000000000
67526  37.144  -27.726  35.496 0.0000000000
68638  35.442  -26.519  35.702 0.0000000000
69779  35.699  -26.381  35.825 0.0000000000
82314  47.619  -14.559  21.320 0.0000000000
83352  47.335  -13.793  20.834 0.0000000000
38660  5.789  -50.132  50.916 0.0000000000
73309  37.726  -20.281  30.246 0.0000000000
73290  34.048  -22.246  30.379 0.0000000000
72158  33.390  -23.401  30.520 0.0000000000
46743  20.199  -44.019  39.711 0.0000000000
47790  19.737  -43.891  39.919 0.0000000000
47792  18.454  -43.120  40.339 0.0000000000
52710  16.544  -39.091  40.005 0.0000000000
51485  16.056  -40.279  40.663 0.0000000000
50189  15.816  -40.903  40.836 0.0000000000
50154  13.435  -41.086  43.437 0.0000000000
50137  12.639  -40.970  44.381 0.0000000000
56670  23.839  -34.867  36.089 0.0000000000
56691  22.978  -35.573  34.875 0.0000000000
56693  21.383  -36.461  34.762 0.0000000000
55332  20.907  -37.014  35.014 0.0000000000
54015  20.589  -38.117  35.095 0.0000000000
54001  20.462  -38.741  35.771 0.0000000000
56659  19.701  -36.987  36.506 0.0000000000
55300  20.006  -38.004  36.220 0.0000000000
52774  20.043  -39.568  36.274 0.0000000000
51547  19.701  -40.501  36.665 0.0000000000
50231  19.856  -41.964  38.328 0.0000000000
48975  19.906  -42.727  38.564 0.0000000000
47798  20.084  -43.447  39.157 0.0000000000
68603  31.611  -26.809  39.980 0.0000000000
66403  32.108  -28.106  38.263 0.0000000000
66413  32.211  -28.369  37.558 0.0000000000
66424  32.288  -28.618  36.445 0.0000000000
66433  33.760  -28.471  34.390 0.0000000000
66430  37.204  -28.953  34.612 0.0000000000
64207  36.611  -30.161  34.408 0.0000000000
65315  37.451  -29.576  34.886 0.0000000000
85310  46.377  -11.465  21.829 0.0000000000
83345  46.913  -13.796  21.290 0.0000000000
82301  44.599  -14.139  23.189 0.0000000000
82300  45.028  -14.169  22.689 0.0000000000
82315  47.011  -14.384  21.763 0.0000000000
76871  41.240  -19.451  24.792 0.0000000000
75812  41.943  -20.396  24.778 0.0000000000
74592  42.208  -21.719  26.175 0.0000000000
73339  42.461  -23.170  27.010 0.0000000000
72208  42.100  -23.567  27.623 0.0000000000
75735  36.885  -20.397  28.566 0.0000000000
72213  36.765  -22.862  27.482 0.0000000000
71084  40.098  -24.588  28.626 0.0000000000
72175  40.493  -24.447  28.547 0.0000000000
61869  29.843  -32.490  34.617 0.0000000000
59330  30.486  -34.897  35.986 0.0000000000
60625  30.056  -35.017  35.912 0.0000000000
59331  30.024  -34.920  35.941 0.0000000000
59312  30.864  -35.512  36.449 0.0000000000
81196  42.643  -16.062  26.343 0.0000000000
80146  41.913  -16.717  25.537 0.0000000000
79103  42.031  -17.484  24.656 0.0000000000
47761  19.021  -44.186  41.918 0.0000000000
51426  13.376  -40.024  46.042 0.0000000000
50127  11.766  -40.819  45.509 0.0000000000
48865  11.464  -42.129  45.591 0.0000000000
47713  11.162  -43.163  45.654 0.0000000000
47694  10.729  -43.423  46.130 0.0000000000
46623  11.192  -44.471  46.232 0.0000000000
45524  11.036  -45.370  46.713 0.0000000000
48791  10.682  -41.828  50.368 0.0000000000
46603  9.663  -44.363  47.714 0.0000000000
46609  10.129  -44.873  47.362 0.0000000000
45525  10.446  -45.150  47.220 0.0000000000
44367  12.363  -47.866  48.332 0.0000000000
39837  9.598  -50.042  49.860 0.0000000000
42215  8.586  -48.066  50.006 0.0000000000
39821  9.828  -50.842  49.787 0.0000000000
39773  7.699  -47.934  53.403 0.0000000000
39785  7.645  -48.357  52.950 0.0000000000
39786  7.194  -48.470  52.825 0.0000000000
39810  6.120  -49.925  50.785 0.0000000000
63007  32.291  -31.509  36.282 0.0000000000
62984  31.020  -31.203  36.810 0.0000000000
58006  28.897  -35.358  34.962 0.0000000000
61888  26.552  -31.758  34.079 0.0000000000
58039  27.385  -34.999  32.465 0.0000000000
58019  28.351  -34.996  33.066 0.0000000000
55328  29.612  -37.220  34.552 0.0000000000
56689  23.596  -34.924  35.104 0.0000000000
58063  23.310  -35.682  32.970 0.0000000000
55364  22.387  -36.941  33.452 0.0000000000
56710  23.150  -36.292  32.912 0.0000000000
51593  21.275  -40.164  34.887 0.0000000000
51592  22.031  -40.444  34.689 0.0000000000
51605  22.868  -40.179  34.271 0.0000000000
50289  23.330  -41.898  34.820 0.0000000000
51591  23.255  -40.961  34.382 0.0000000000
52807  24.585  -40.700  34.124 0.0000000000
52826  25.042  -39.978  33.552 0.0000000000
52806  25.536  -40.391  34.441 0.0000000000
74472  33.580  -20.749  33.681 0.0000000000
74487  32.894  -20.978  33.125 0.0000000000
73263  32.543  -21.957  32.725 0.0000000000
72140  32.520  -23.393  31.663 0.0000000000
68618  31.362  -26.580  38.877 0.0000000000
69767  30.475  -25.458  38.010 0.0000000000
68620  30.433  -25.882  37.598 0.0000000000
69780  30.511  -25.432  37.253 0.0000000000
70962  30.552  -24.781  36.129 0.0000000000
70978  30.443  -25.198  35.345 0.0000000000
68688  31.825  -27.193  34.897 0.0000000000
69814  30.569  -26.466  34.866 0.0000000000
69840  30.360  -26.067  34.772 0.0000000000
70989  30.435  -25.661  34.751 0.0000000000
71008  32.857  -25.459  32.152 0.0000000000
71007  33.231  -25.973  31.801 0.0000000000
71031  33.467  -25.773  31.292 0.0000000000
69896  35.068  -26.513  32.116 0.0000000000
60663  31.760  -33.456  34.027 0.0000000000
59344  32.547  -34.762  35.008 0.0000000000
59358  33.186  -34.085  34.528 0.0000000000
59357  34.181  -34.010  34.702 0.0000000000
60645  35.067  -33.909  34.805 0.0000000000
57974  34.518  -36.379  36.788 0.0000000000
57992  35.017  -35.625  36.005 0.0000000000
59326  35.706  -34.983  35.752 0.0000000000
60644  35.718  -33.661  34.846 0.0000000000
60643  36.648  -33.756  35.490 0.0000000000
60633  37.352  -33.596  36.067 0.0000000000
87373  49.294  -9.806  22.162 0.0000000000
86278  50.194  -10.980  21.147 0.0000000000
83351  47.854  -14.003  20.614 0.0000000000
84342  48.133  -13.016  20.555 0.0000000000
83357  49.200  -13.708  19.842 0.0000000000
84341  48.725  -12.566  20.157 0.0000000000
85317  48.614  -11.983  20.472 0.0000000000
85306  49.978  -11.284  20.831 0.0000000000
86288  50.349  -11.171  20.769 0.0000000000
84353  51.140  -13.066  18.706 0.0000000000
84345  51.240  -12.276  18.860 0.0000000000
85328  51.691  -11.775  18.926 0.0000000000
41013  8.877  -49.782  50.070 0.0000000000
41029  8.477  -49.064  49.855 0.0000000000
42173  5.633  -48.460  53.778 0.0000000000
42186  8.583  -46.865  53.518 0.0000000000
43251  8.516  -46.614  53.689 0.0000000000
44340  8.234  -46.133  51.331 0.0000000000
44353  8.288  -46.177  51.047 0.0000000000
44401  11.024  -45.961  47.149 0.0000000000
45516  10.092  -45.122  47.449 0.0000000000
47764  16.522  -44.461  42.989 0.0000000000
47778  18.658  -43.374  40.662 0.0000000000
48987  20.956  -43.036  37.490 0.0000000000
51532  18.810  -40.357  37.806 0.0000000000
51606  22.446  -39.893  34.390 0.0000000000
52808  23.941  -41.050  33.762 0.0000000000
54012  29.096  -38.493  34.371 0.0000000000
54013  21.653  -39.124  34.497 0.0000000000
54033  20.731  -37.804  34.879 0.0000000000
55311  29.967  -36.847  35.316 0.0000000000
55330  23.156  -35.574  36.448 0.0000000000
55333  20.638  -37.505  35.161 0.0000000000
55346  20.883  -37.550  34.794 0.0000000000
55363  22.793  -37.017  33.119 0.0000000000
56652  29.687  -36.258  35.355 0.0000000000
56711  22.519  -36.365  33.529 0.0000000000
56725  23.536  -35.688  32.789 0.0000000000
56726  23.416  -35.906  32.779 0.0000000000
58023  22.718  -35.637  34.095 0.0000000000
58042  23.457  -35.325  33.150 0.0000000000
58064  23.192  -35.898  32.970 0.0000000000
59313  30.205  -35.369  36.016 0.0000000000
59317  24.633  -33.609  37.232 0.0000000000
59325  36.449  -34.835  35.836 0.0000000000
59327  33.525  -35.365  35.615 0.0000000000
59334  24.659  -33.576  36.978 0.0000000000
59341  36.023  -34.399  35.415 0.0000000000
59356  34.756  -33.973  34.782 0.0000000000
59359  32.337  -34.092  34.381 0.0000000000
60624  29.784  -34.965  35.875 0.0000000000
60627  24.851  -33.202  37.523 0.0000000000
60639  24.828  -33.403  36.919 0.0000000000
60646  31.133  -33.605  34.467 0.0000000000
60666  25.828  -32.528  33.753 0.0000000000
61830  25.351  -31.653  38.424 0.0000000000
61849  25.190  -32.152  37.892 0.0000000000
61854  37.138  -32.927  35.636 0.0000000000
61868  35.842  -32.880  34.701 0.0000000000
61873  25.073  -32.205  35.067 0.0000000000
61886  33.726  -32.471  33.703 0.0000000000
61890  25.594  -31.468  35.261 0.0000000000
61899  33.346  -32.219  33.580 0.0000000000
61900  32.707  -32.191  33.579 0.0000000000
61902  31.161  -31.931  33.633 0.0000000000
62966  25.919  -31.238  39.613 0.0000000000
62989  25.389  -30.978  38.024 0.0000000000
63003  36.879  -32.404  35.458 0.0000000000
63049  26.054  -31.343  34.960 0.0000000000
63050  25.882  -31.224  35.333 0.0000000000
64122  27.080  -30.185  38.806 0.0000000000
64123  26.344  -30.730  38.908 0.0000000000
64124  25.990  -31.107  38.903 0.0000000000
64143  29.445  -30.315  37.538 0.0000000000
64168  34.707  -30.880  36.825 0.0000000000
64172  26.514  -29.897  37.261 0.0000000000
64189  37.714  -31.026  35.418 0.0000000000
65316  36.960  -29.278  34.352 0.0000000000
66444  35.572  -28.912  34.072 0.0000000000
66445  33.575  -28.249  34.479 0.0000000000
66446  33.453  -28.382  34.654 0.0000000000
67539  36.673  -27.718  34.770 0.0000000000
68660  37.228  -27.680  36.098 0.0000000000
68689  30.995  -26.993  35.131 0.0000000000
76844  37.524  -19.558  27.976 0.0000000000
76901  45.245  -19.229  23.797 0.0000000000
78003  45.243  -18.983  23.703 0.0000000000
79081  42.263  -17.032  24.935 0.0000000000
83318  44.889  -12.968  24.415 0.0000000000
87383  49.408  -10.163  21.761 0.0000000000
