#!ascii label  , from subject 3811 vox2ras=TkReg
533
81652  -33.343  -13.530  7.960 0.0000000000
86943  -32.223  -8.411  6.853 0.0000000000
100868  -32.291  4.569  5.964 0.0000000000
95670  -35.112  0.004  2.401 0.0000000000
90487  -36.871  -5.620  1.208 0.0000000000
83785  -35.764  -11.751  2.075 0.0000000000
102980  -30.913  6.598  6.529 0.0000000000
93558  -35.974  -2.858  1.475 0.0000000000
91444  -36.157  -3.873  5.964 0.0000000000
84791  -33.155  -10.619  7.468 0.0000000000
85866  -36.486  -9.292  5.814 0.0000000000
83737  -36.763  -11.502  5.945 0.0000000000
76277  -28.034  -18.319  10.047 0.0000000000
81649  -30.286  -13.490  7.290 0.0000000000
107936  -27.282  12.157  5.861 0.0000000000
107939  -31.064  11.344  5.240 0.0000000000
106030  -32.474  9.199  3.781 0.0000000000
103023  -32.736  6.238  2.095 0.0000000000
99861  -32.197  3.421  0.686 0.0000000000
98827  -33.246  2.273  3.674 0.0000000000
96770  -33.281  0.282  -1.714 0.0000000000
93588  -34.352  -2.746  -2.865 0.0000000000
90525  -35.721  -4.881  -3.196 0.0000000000
88190  -37.194  -7.153  -1.410 0.0000000000
89338  -36.533  -6.378  6.364 0.0000000000
87004  -37.090  -8.412  2.011 0.0000000000
93505  -35.066  -2.410  6.328 0.0000000000
91421  -31.597  -4.217  5.971 0.0000000000
82659  -33.652  -12.551  7.635 0.0000000000
83735  -35.525  -11.249  6.825 0.0000000000
82661  -35.617  -12.214  7.026 0.0000000000
72659  -27.797  -21.477  14.426 0.0000000000
73888  -27.853  -20.020  13.466 0.0000000000
75053  -27.957  -18.965  13.392 0.0000000000
82679  -29.982  -12.499  6.754 0.0000000000
80641  -28.674  -14.439  6.837 0.0000000000
106989  -32.123  10.166  4.600 0.0000000000
101898  -31.378  5.647  6.507 0.0000000000
104068  -33.311  6.857  4.337 0.0000000000
101932  -33.248  5.330  3.306 0.0000000000
100907  -32.050  4.571  0.694 0.0000000000
99847  -32.650  3.547  2.569 0.0000000000
97795  -34.470  1.312  3.435 0.0000000000
97808  -33.577  1.653  1.398 0.0000000000
96754  -34.420  0.373  0.464 0.0000000000
94636  -33.696  -1.021  -1.977 0.0000000000
94619  -35.074  -1.362  -0.617 0.0000000000
92520  -36.134  -3.692  1.480 0.0000000000
92527  -35.694  -3.849  0.047 0.0000000000
90495  -36.256  -5.234  -0.428 0.0000000000
90515  -36.688  -5.388  -2.030 0.0000000000
89414  -35.899  -7.003  -0.708 0.0000000000
88093  -31.902  -7.692  6.220 0.0000000000
89335  -33.469  -6.359  6.634 0.0000000000
88096  -35.048  -7.383  6.960 0.0000000000
84850  -36.571  -10.305  3.668 0.0000000000
85890  -37.116  -9.159  3.821 0.0000000000
85909  -36.880  -9.899  1.966 0.0000000000
85929  -36.788  -9.529  0.213 0.0000000000
84883  -37.022  -10.644  0.430 0.0000000000
77458  -29.303  -17.127  10.395 0.0000000000
77487  -28.649  -17.538  8.553 0.0000000000
78566  -30.267  -16.312  9.474 0.0000000000
79603  -30.882  -15.413  8.604 0.0000000000
95655  -35.591  -0.534  4.846 0.0000000000
95680  -36.216  -1.473  1.703 0.0000000000
94584  -35.906  -1.728  4.109 0.0000000000
93536  -36.230  -2.528  4.310 0.0000000000
92503  -37.340  -4.231  3.594 0.0000000000
84807  -32.937  -9.747  7.443 0.0000000000
86945  -34.465  -8.304  7.280 0.0000000000
85851  -34.519  -9.732  7.371 0.0000000000
84809  -36.243  -10.244  5.998 0.0000000000
83763  -36.623  -11.139  4.477 0.0000000000
76265  -28.471  -18.118  11.441 0.0000000000
84804  -30.304  -10.578  6.358 0.0000000000
83734  -30.823  -11.253  6.826 0.0000000000
82657  -31.579  -12.775  7.277 0.0000000000
81651  -32.216  -13.567  7.429 0.0000000000
109802  -27.621  13.686  5.453 0.0000000000
107922  -27.919  11.347  6.001 0.0000000000
107937  -29.379  11.852  5.847 0.0000000000
107972  -31.439  11.674  2.312 0.0000000000
106032  -31.965  9.812  2.174 0.0000000000
105064  -31.792  8.718  1.097 0.0000000000
105050  -32.252  8.295  5.159 0.0000000000
104079  -32.744  7.337  2.221 0.0000000000
103034  -31.779  6.786  0.791 0.0000000000
101951  -31.452  5.150  0.119 0.0000000000
99868  -31.582  3.587  -0.563 0.0000000000
98864  -31.352  2.282  -1.344 0.0000000000
98819  -33.000  2.896  4.237 0.0000000000
98834  -32.698  2.771  2.264 0.0000000000
97824  -32.951  1.665  -0.858 0.0000000000
96768  -31.902  0.706  -2.824 0.0000000000
95725  -32.874  -0.392  -4.161 0.0000000000
93596  -35.804  -2.627  -4.294 0.0000000000
93582  -35.122  -2.980  -1.282 0.0000000000
91536  -34.872  -4.130  -3.758 0.0000000000
90430  -33.065  -5.435  6.494 0.0000000000
91426  -36.165  -4.656  6.238 0.0000000000
90465  -37.684  -5.729  4.263 0.0000000000
88098  -36.839  -7.429  6.127 0.0000000000
88135  -37.527  -7.642  3.519 0.0000000000
89387  -37.475  -6.769  2.096 0.0000000000
87030  -36.604  -8.483  -0.495 0.0000000000
87032  -37.829  -8.427  -0.374 0.0000000000
79619  -29.527  -15.177  7.536 0.0000000000
79621  -31.303  -14.663  7.803 0.0000000000
80604  -32.468  -14.286  8.430 0.0000000000
82660  -34.590  -12.243  7.565 0.0000000000
81653  -34.285  -12.873  7.894 0.0000000000
82641  -35.149  -12.532  8.005 0.0000000000
73846  -28.268  -21.205  14.592 0.0000000000
73862  -27.368  -21.155  13.815 0.0000000000
73863  -28.017  -20.677  14.160 0.0000000000
101899  -31.987  5.271  6.133 0.0000000000
101910  -32.960  5.697  4.815 0.0000000000
101920  -32.913  5.134  4.800 0.0000000000
100885  -33.009  4.575  3.347 0.0000000000
99831  -33.255  4.280  4.347 0.0000000000
96734  -34.877  0.589  3.752 0.0000000000
97789  -34.393  1.041  4.396 0.0000000000
96739  -34.894  0.513  2.604 0.0000000000
96747  -34.582  0.454  1.458 0.0000000000
95692  -34.767  -0.525  -0.286 0.0000000000
95686  -34.763  -0.428  0.991 0.0000000000
91487  -36.956  -4.536  1.839 0.0000000000
91497  -36.397  -4.582  0.580 0.0000000000
90496  -36.537  -5.804  0.214 0.0000000000
90505  -36.062  -6.231  -0.467 0.0000000000
88094  -32.785  -7.359  6.662 0.0000000000
88095  -33.939  -7.386  6.949 0.0000000000
84863  -36.437  -10.646  2.558 0.0000000000
84873  -36.427  -10.816  1.515 0.0000000000
83795  -35.658  -11.527  0.992 0.0000000000
83802  -36.142  -11.716  0.404 0.0000000000
83784  -35.425  -12.302  1.455 0.0000000000
78565  -29.790  -16.787  9.914 0.0000000000
95642  -35.385  -0.711  5.751 0.0000000000
95656  -35.983  -1.018  4.217 0.0000000000
94571  -35.607  -1.383  5.558 0.0000000000
93506  -35.573  -2.889  6.156 0.0000000000
93521  -35.920  -2.389  5.514 0.0000000000
92491  -36.803  -3.244  4.843 0.0000000000
92502  -36.837  -3.392  3.872 0.0000000000
92478  -37.024  -3.833  5.343 0.0000000000
85850  -33.630  -9.576  7.513 0.0000000000
84792  -34.210  -10.571  7.491 0.0000000000
82680  -35.899  -11.690  6.573 0.0000000000
84808  -35.646  -10.379  6.595 0.0000000000
83751  -36.382  -11.036  5.452 0.0000000000
83752  -37.110  -11.598  5.334 0.0000000000
83764  -37.174  -11.999  4.554 0.0000000000
71477  -26.703  -22.537  13.962 0.0000000000
70372  -26.971  -22.676  14.721 0.0000000000
75068  -27.988  -18.916  11.898 0.0000000000
76266  -29.030  -17.713  11.713 0.0000000000
82655  -29.750  -12.924  7.119 0.0000000000
82656  -30.488  -12.629  7.178 0.0000000000
81650  -31.206  -13.509  7.334 0.0000000000
107935  -26.545  12.337  5.889 0.0000000000
108842  -26.870  12.984  5.719 0.0000000000
108843  -28.078  12.705  5.602 0.0000000000
109803  -28.654  13.598  5.174 0.0000000000
107924  -29.844  10.959  6.117 0.0000000000
107923  -29.179  11.200  6.020 0.0000000000
107938  -30.161  11.534  5.676 0.0000000000
108845  -30.215  12.441  5.121 0.0000000000
107950  -30.774  12.011  5.020 0.0000000000
108876  -31.202  12.175  2.949 0.0000000000
107951  -31.350  11.673  4.449 0.0000000000
106994  -32.532  10.052  3.985 0.0000000000
106996  -32.058  10.480  2.976 0.0000000000
106033  -32.530  9.330  2.836 0.0000000000
106036  -31.632  9.633  1.437 0.0000000000
106037  -32.231  9.000  1.911 0.0000000000
104062  -32.071  7.457  5.628 0.0000000000
103024  -33.123  6.265  2.629 0.0000000000
104067  -32.979  7.595  3.964 0.0000000000
103011  -32.943  6.735  2.792 0.0000000000
104089  -32.292  7.062  1.463 0.0000000000
103035  -32.359  6.238  1.091 0.0000000000
103045  -31.456  6.224  0.138 0.0000000000
101952  -32.040  5.629  0.640 0.0000000000
99860  -31.847  3.971  0.221 0.0000000000
99877  -31.787  2.954  -0.923 0.0000000000
98855  -31.373  2.950  -0.974 0.0000000000
99878  -32.199  2.673  -1.032 0.0000000000
98806  -33.505  2.021  5.575 0.0000000000
98805  -33.022  2.676  5.542 0.0000000000
98826  -32.845  2.915  3.193 0.0000000000
98835  -33.262  2.360  2.716 0.0000000000
97825  -33.479  1.200  -0.380 0.0000000000
97815  -32.879  1.787  0.088 0.0000000000
97834  -33.192  0.998  -1.099 0.0000000000
97833  -32.584  1.032  -1.477 0.0000000000
96769  -32.433  0.520  -2.217 0.0000000000
96779  -32.565  0.139  -3.180 0.0000000000
95709  -32.871  -0.328  -3.246 0.0000000000
94637  -33.876  -1.724  -2.490 0.0000000000
95719  -33.581  -1.634  -3.675 0.0000000000
93594  -34.084  -2.140  -4.082 0.0000000000
94654  -35.073  -1.708  -4.392 0.0000000000
93595  -34.504  -2.740  -3.693 0.0000000000
94606  -36.458  -2.092  1.623 0.0000000000
94612  -35.895  -1.833  0.918 0.0000000000
93565  -35.644  -2.806  0.616 0.0000000000
91515  -35.206  -4.474  -2.083 0.0000000000
91514  -34.838  -4.164  -2.528 0.0000000000
91528  -35.287  -4.611  -3.066 0.0000000000
92565  -35.822  -4.070  -4.626 0.0000000000
91538  -35.912  -4.351  -3.482 0.0000000000
89428  -36.602  -6.402  -1.651 0.0000000000
89416  -38.007  -6.054  -0.857 0.0000000000
90429  -32.535  -5.497  6.145 0.0000000000
89337  -35.630  -6.335  6.763 0.0000000000
90432  -35.149  -5.370  6.485 0.0000000000
90449  -36.879  -5.452  5.799 0.0000000000
90450  -37.513  -5.595  5.125 0.0000000000
86946  -35.510  -8.506  7.105 0.0000000000
86947  -36.362  -8.413  6.415 0.0000000000
86967  -37.012  -8.384  5.717 0.0000000000
86997  -37.295  -8.803  3.032 0.0000000000
86985  -37.350  -8.439  4.086 0.0000000000
88143  -37.527  -7.682  2.522 0.0000000000
89380  -37.854  -6.741  2.958 0.0000000000
88149  -37.380  -7.580  1.560 0.0000000000
87019  -36.701  -7.980  0.391 0.0000000000
87018  -36.721  -8.712  0.435 0.0000000000
84888  -37.291  -9.906  -0.130 0.0000000000
85938  -37.396  -9.208  -0.419 0.0000000000
85939  -37.855  -9.169  -0.307 0.0000000000
79591  -31.373  -15.135  9.154 0.0000000000
79604  -31.363  -14.995  8.332 0.0000000000
80603  -31.904  -14.543  8.067 0.0000000000
80586  -31.920  -14.638  8.821 0.0000000000
93504  -33.875  -2.503  6.496 0.0000000000
92460  -33.204  -3.558  6.413 0.0000000000
92461  -34.298  -3.468  6.553 0.0000000000
83715  -32.894  -11.763  7.597 0.0000000000
83716  -33.913  -11.550  7.601 0.0000000000
83717  -34.837  -11.406  7.306 0.0000000000
82681  -36.476  -11.852  6.487 0.0000000000
82662  -36.764  -12.514  6.995 0.0000000000
82642  -36.190  -12.584  7.856 0.0000000000
71478  -27.258  -22.076  14.490 0.0000000000
75067  -27.659  -19.517  12.171 0.0000000000
82678  -29.528  -12.542  6.413 0.0000000000
82677  -28.613  -12.591  6.234 0.0000000000
81666  -29.178  -13.485  6.815 0.0000000000
80642  -29.271  -14.243  6.885 0.0000000000
107921  -26.276  11.524  5.904 0.0000000000
106982  -30.883  10.604  5.600 0.0000000000
106988  -31.615  10.617  5.022 0.0000000000
106021  -30.663  10.046  5.873 0.0000000000
106026  -31.890  9.921  5.053 0.0000000000
106027  -32.213  9.313  4.783 0.0000000000
102981  -31.654  6.608  6.039 0.0000000000
102994  -32.925  6.347  5.076 0.0000000000
103002  -33.332  6.141  3.845 0.0000000000
101940  -33.190  5.838  2.661 0.0000000000
101945  -32.521  5.337  1.405 0.0000000000
101939  -32.850  5.156  2.423 0.0000000000
100898  -32.542  4.225  1.742 0.0000000000
99854  -32.492  3.305  1.736 0.0000000000
97794  -33.860  1.909  3.122 0.0000000000
97801  -33.706  1.815  2.249 0.0000000000
97809  -34.304  1.278  1.827 0.0000000000
97817  -33.886  0.913  1.037 0.0000000000
96762  -34.104  0.482  -0.523 0.0000000000
95700  -33.663  -0.454  -1.893 0.0000000000
95701  -34.104  -0.198  -1.313 0.0000000000
94628  -34.391  -1.287  -1.421 0.0000000000
92519  -35.773  -3.502  0.839 0.0000000000
92528  -35.867  -3.945  0.792 0.0000000000
91506  -35.702  -4.638  -0.914 0.0000000000
90514  -35.949  -5.413  -2.187 0.0000000000
90504  -35.739  -5.964  -1.200 0.0000000000
89427  -36.016  -6.673  -1.368 0.0000000000
88189  -36.335  -7.390  -1.371 0.0000000000
89334  -32.537  -6.232  6.285 0.0000000000
88116  -32.242  -6.994  6.003 0.0000000000
89336  -34.560  -6.379  6.685 0.0000000000
84828  -36.964  -9.686  4.743 0.0000000000
85881  -36.974  -9.176  5.186 0.0000000000
84851  -36.800  -9.580  3.627 0.0000000000
85899  -36.661  -9.540  2.956 0.0000000000
87003  -36.867  -9.133  2.379 0.0000000000
87009  -36.747  -9.026  1.475 0.0000000000
85918  -36.743  -9.802  1.021 0.0000000000
84887  -36.895  -10.016  0.127 0.0000000000
84884  -37.941  -10.518  0.173 0.0000000000
83803  -37.203  -11.366  0.541 0.0000000000
77469  -28.751  -17.618  9.595 0.0000000000
76289  -28.123  -18.103  9.102 0.0000000000
77488  -29.150  -17.457  9.024 0.0000000000
78584  -29.522  -16.962  8.705 0.0000000000
78585  -30.301  -15.992  8.486 0.0000000000
79590  -30.756  -15.638  9.328 0.0000000000
96726  -34.874  0.350  4.761 0.0000000000
96727  -35.356  0.103  4.086 0.0000000000
95671  -35.491  -0.337  2.671 0.0000000000
95664  -35.734  -0.401  3.753 0.0000000000
95665  -36.007  -1.114  3.409 0.0000000000
94593  -35.892  -2.040  3.279 0.0000000000
93520  -35.605  -1.848  6.036 0.0000000000
93535  -35.843  -2.076  4.665 0.0000000000
93545  -36.390  -2.813  3.141 0.0000000000
92511  -36.827  -3.862  2.704 0.0000000000
91480  -37.360  -4.772  2.777 0.0000000000
85863  -32.584  -9.215  7.235 0.0000000000
86944  -33.354  -8.580  7.359 0.0000000000
86928  -33.684  -9.057  7.495 0.0000000000
86930  -34.823  -9.038  7.421 0.0000000000
85865  -35.928  -9.411  6.519 0.0000000000
84793  -35.025  -10.505  7.130 0.0000000000
84827  -36.733  -10.167  5.210 0.0000000000
83776  -36.377  -11.479  3.224 0.0000000000
82736  -35.481  -12.804  2.062 0.0000000000
82713  -36.705  -12.221  3.830 0.0000000000
82682  -37.557  -12.088  6.199 0.0000000000
70345  -26.638  -23.822  14.957 0.0000000000
75090  -27.553  -18.815  10.036 0.0000000000
75079  -27.614  -18.744  10.736 0.0000000000
77457  -28.746  -17.574  10.763 0.0000000000
77446  -28.930  -17.637  11.405 0.0000000000
85862  -31.755  -9.332  6.761 0.0000000000
84805  -31.326  -10.407  6.908 0.0000000000
84790  -32.131  -11.006  7.438 0.0000000000
83733  -30.182  -11.854  6.555 0.0000000000
83713  -30.903  -11.984  7.228 0.0000000000
83714  -31.895  -11.951  7.470 0.0000000000
82658  -32.637  -12.762  7.460 0.0000000000
108841  -26.187  13.380  5.780 0.0000000000
107920  -25.466  10.933  5.860 0.0000000000
108828  -28.677  11.974  5.866 0.0000000000
108844  -29.354  12.619  5.517 0.0000000000
108860  -30.641  12.816  4.335 0.0000000000
106993  -31.991  10.811  4.109 0.0000000000
107001  -31.518  10.656  1.679 0.0000000000
107005  -31.295  10.161  1.071 0.0000000000
106043  -31.212  9.519  0.582 0.0000000000
105075  -31.326  8.331  0.230 0.0000000000
105049  -31.669  8.347  5.701 0.0000000000
105052  -32.510  8.339  4.335 0.0000000000
104063  -32.931  7.351  5.009 0.0000000000
105055  -32.686  8.394  3.406 0.0000000000
105065  -32.351  8.043  1.636 0.0000000000
104088  -31.786  7.703  0.907 0.0000000000
104099  -30.892  7.137  -0.141 0.0000000000
103056  -31.016  6.252  -0.377 0.0000000000
100916  -30.878  4.566  -0.617 0.0000000000
100906  -31.541  4.357  0.011 0.0000000000
99804  -31.978  3.726  6.524 0.0000000000
99830  -33.211  3.811  4.703 0.0000000000
99839  -32.950  3.825  3.621 0.0000000000
98842  -32.610  2.677  1.339 0.0000000000
98843  -32.987  2.102  1.861 0.0000000000
98849  -33.081  2.134  0.920 0.0000000000
98848  -32.436  2.441  0.445 0.0000000000
98865  -32.340  1.977  -1.350 0.0000000000
97832  -31.649  1.118  -1.905 0.0000000000
95710  -33.272  -0.599  -2.809 0.0000000000
95726  -33.406  -0.817  -4.514 0.0000000000
95728  -34.694  -0.479  -4.139 0.0000000000
95720  -35.306  -0.781  -3.185 0.0000000000
95687  -35.225  -1.159  0.522 0.0000000000
93573  -35.088  -2.149  -1.003 0.0000000000
93581  -34.518  -2.639  -1.855 0.0000000000
92535  -35.435  -3.709  -1.136 0.0000000000
92545  -34.857  -3.567  -1.737 0.0000000000
92555  -34.604  -3.575  -3.344 0.0000000000
92571  -35.122  -3.675  -4.805 0.0000000000
91516  -36.771  -4.775  -2.152 0.0000000000
91423  -33.633  -4.495  6.498 0.0000000000
91424  -34.711  -4.427  6.594 0.0000000000
90431  -34.096  -5.418  6.517 0.0000000000
91425  -35.762  -4.347  6.306 0.0000000000
91446  -37.271  -4.624  5.292 0.0000000000
91471  -37.599  -5.037  3.693 0.0000000000
90479  -37.603  -5.885  2.480 0.0000000000
88097  -36.090  -7.394  6.833 0.0000000000
86968  -37.384  -8.381  4.970 0.0000000000
88117  -37.440  -7.481  5.395 0.0000000000
89355  -37.675  -6.578  4.880 0.0000000000
89373  -37.600  -6.655  3.923 0.0000000000
90488  -37.178  -6.064  1.851 0.0000000000
89406  -36.952  -6.972  0.465 0.0000000000
88175  -35.907  -7.674  -0.997 0.0000000000
87036  -36.793  -7.989  -1.423 0.0000000000
87031  -36.938  -8.643  -0.954 0.0000000000
88176  -37.341  -7.981  -1.167 0.0000000000
79635  -29.303  -14.690  6.984 0.0000000000
80622  -29.822  -14.230  7.284 0.0000000000
78599  -29.929  -15.543  8.051 0.0000000000
79620  -30.514  -15.062  7.929 0.0000000000
80623  -30.841  -14.238  7.460 0.0000000000
80624  -31.702  -14.180  7.561 0.0000000000
80625  -32.474  -14.125  7.830 0.0000000000
76254  -29.159  -17.863  12.315 0.0000000000
76276  -27.554  -18.815  9.738 0.0000000000
77470  -29.335  -17.236  9.488 0.0000000000
80605  -33.077  -13.980  8.698 0.0000000000
80626  -32.851  -14.025  8.146 0.0000000000
81648  -29.736  -13.503  7.161 0.0000000000
83712  -30.501  -12.178  7.007 0.0000000000
83736  -36.026  -11.189  6.180 0.0000000000
83794  -35.598  -12.345  0.793 0.0000000000
83801  -35.768  -12.258  0.473 0.0000000000
84789  -31.397  -11.327  7.205 0.0000000000
84806  -32.308  -10.052  7.215 0.0000000000
84838  -36.782  -10.208  4.477 0.0000000000
84839  -36.935  -9.685  4.173 0.0000000000
84882  -36.748  -10.715  0.745 0.0000000000
84889  -37.779  -9.648  -0.224 0.0000000000
85852  -35.287  -9.610  7.090 0.0000000000
85864  -33.103  -9.265  7.475 0.0000000000
85882  -37.145  -9.094  4.528 0.0000000000
85900  -36.981  -9.287  3.373 0.0000000000
85937  -36.920  -9.319  -0.321 0.0000000000
86929  -34.083  -9.041  7.480 0.0000000000
86996  -36.976  -9.203  2.781 0.0000000000
87010  -37.104  -8.274  1.027 0.0000000000
87035  -36.359  -8.167  -1.194 0.0000000000
88118  -37.528  -7.529  4.492 0.0000000000
88155  -37.146  -7.524  0.714 0.0000000000
88160  -36.289  -7.778  -0.216 0.0000000000
88161  -36.663  -7.449  0.233 0.0000000000
88174  -35.865  -7.381  -1.043 0.0000000000
88177  -37.968  -7.202  -0.795 0.0000000000
88188  -35.974  -7.273  -1.220 0.0000000000
88191  -37.714  -6.578  -1.191 0.0000000000
89354  -37.199  -6.485  5.647 0.0000000000
89396  -36.800  -6.378  0.610 0.0000000000
89397  -37.236  -6.688  1.167 0.0000000000
89405  -36.461  -6.822  -0.037 0.0000000000
89413  -35.872  -7.091  -1.096 0.0000000000
90433  -36.143  -5.252  6.390 0.0000000000
90471  -37.850  -5.769  3.344 0.0000000000
90526  -36.131  -5.170  -3.036 0.0000000000
90532  -35.736  -4.560  -3.430 0.0000000000
90533  -35.919  -4.785  -3.308 0.0000000000
91422  -32.493  -4.681  6.128 0.0000000000
91445  -36.546  -4.396  5.935 0.0000000000
91461  -37.547  -4.822  4.457 0.0000000000
91479  -37.045  -4.367  2.443 0.0000000000
91488  -37.309  -5.331  1.986 0.0000000000
91496  -36.152  -4.494  -0.253 0.0000000000
91517  -37.244  -4.641  -1.566 0.0000000000
91527  -34.802  -4.198  -2.912 0.0000000000
91537  -35.447  -4.215  -3.864 0.0000000000
91541  -34.897  -4.127  -4.639 0.0000000000
91542  -35.316  -4.193  -5.039 0.0000000000
92462  -35.239  -3.477  6.432 0.0000000000
92476  -35.872  -3.384  6.033 0.0000000000
92477  -36.395  -3.413  5.527 0.0000000000
92492  -37.325  -3.925  4.625 0.0000000000
92512  -37.179  -4.263  3.026 0.0000000000
92544  -34.668  -3.684  -2.480 0.0000000000
92556  -36.366  -3.716  -2.910 0.0000000000
92564  -34.808  -3.532  -4.189 0.0000000000
92566  -36.190  -3.690  -4.056 0.0000000000
92572  -35.659  -3.758  -5.064 0.0000000000
92573  -36.062  -3.673  -4.768 0.0000000000
93522  -36.409  -2.829  5.090 0.0000000000
93551  -36.244  -2.937  2.181 0.0000000000
93557  -35.849  -3.141  1.111 0.0000000000
93566  -35.860  -2.825  1.087 0.0000000000
93574  -35.390  -2.895  -0.458 0.0000000000
93602  -34.207  -1.954  -4.355 0.0000000000
93603  -34.777  -2.527  -4.256 0.0000000000
93604  -35.428  -3.080  -4.478 0.0000000000
94570  -35.243  -1.345  6.184 0.0000000000
94583  -35.792  -1.531  4.817 0.0000000000
94599  -36.320  -2.244  2.509 0.0000000000
94605  -36.112  -1.574  1.411 0.0000000000
94613  -35.986  -2.484  1.134 0.0000000000
94620  -35.512  -1.868  -0.074 0.0000000000
94627  -33.926  -0.754  -1.630 0.0000000000
94644  -33.660  -1.774  -3.943 0.0000000000
94645  -33.881  -2.073  -3.445 0.0000000000
95654  -35.095  -0.119  5.505 0.0000000000
95672  -36.161  -1.411  2.380 0.0000000000
95678  -35.040  -0.145  1.948 0.0000000000
95679  -35.620  -1.007  1.546 0.0000000000
95693  -35.242  -1.174  -0.138 0.0000000000
95711  -33.575  -1.445  -3.281 0.0000000000
95717  -32.854  -0.402  -3.632 0.0000000000
95718  -33.266  -1.183  -3.898 0.0000000000
96735  -35.328  0.154  3.271 0.0000000000
96740  -35.250  0.129  2.838 0.0000000000
96761  -33.552  0.660  -0.958 0.0000000000
96771  -33.766  0.329  -1.133 0.0000000000
96778  -31.574  0.444  -3.573 0.0000000000
96780  -32.908  0.111  -2.496 0.0000000000
96788  -32.208  0.064  -3.951 0.0000000000
97760  -32.995  2.399  6.530 0.0000000000
97788  -33.817  1.680  4.107 0.0000000000
97802  -34.334  1.470  2.618 0.0000000000
97816  -33.464  1.455  0.554 0.0000000000
97826  -33.954  0.967  0.212 0.0000000000
97842  -31.183  1.014  -2.983 0.0000000000
98820  -33.237  2.058  4.729 0.0000000000
98854  -30.758  2.966  -1.095 0.0000000000
98856  -32.480  2.248  -0.453 0.0000000000
99820  -32.659  3.698  5.745 0.0000000000
99840  -33.206  4.119  4.162 0.0000000000
99869  -31.985  2.791  -0.223 0.0000000000
100876  -32.833  4.544  5.190 0.0000000000
100877  -33.217  4.598  4.529 0.0000000000
100886  -33.346  4.557  3.939 0.0000000000
100892  -32.740  4.352  2.798 0.0000000000
101908  -31.888  5.898  5.851 0.0000000000
101909  -32.449  5.492  5.369 0.0000000000
101921  -33.339  5.368  4.278 0.0000000000
101931  -32.899  4.850  2.987 0.0000000000
102993  -32.347  6.534  5.530 0.0000000000
102995  -33.229  6.186  4.556 0.0000000000
103012  -33.377  6.221  3.068 0.0000000000
103044  -30.913  6.766  -0.212 0.0000000000
103046  -31.964  6.232  0.632 0.0000000000
104064  -33.213  6.716  4.816 0.0000000000
104071  -32.838  7.536  3.076 0.0000000000
104072  -33.219  6.879  3.509 0.0000000000
104100  -31.155  7.263  0.200 0.0000000000
104110  -31.107  7.806  -0.196 0.0000000000
105058  -32.724  8.311  2.472 0.0000000000
106981  -30.276  10.548  6.073 0.0000000000
106997  -32.459  9.782  3.390 0.0000000000
107962  -31.593  11.538  3.425 0.0000000000
108827  -28.000  11.991  5.670 0.0000000000
108861  -31.235  12.288  3.736 0.0000000000
