#!ascii label  , from subject 3811 vox2ras=TkReg
2245
18670  46.345  -69.655  19.237 0.2000000030
17508  46.347  -70.071  19.845 0.2000000030
19729  46.351  -69.140  20.576 0.2000000030
17525  46.387  -70.034  18.849 0.2000000030
18649  44.377  -69.104  19.635 0.1000000015
17489  46.291  -69.989  20.970 0.3000000119
18646  46.310  -69.514  20.497 0.2000000030
18671  45.843  -69.198  18.959 0.1000000015
18695  45.992  -69.795  18.281 0.2000000030
19730  46.250  -68.911  20.600 0.1000000015
18636  45.590  -68.887  20.437 0.1000000015
19711  45.924  -68.594  20.981 0.1000000015
19696  45.127  -68.288  21.881 0.1000000015
19712  44.596  -68.829  20.925 0.1000000015
21799  45.248  -66.321  21.963 0.1000000015
19697  44.013  -68.235  21.826 0.1000000015
20740  44.443  -67.698  22.210 0.1000000015
21801  43.973  -67.271  22.119 0.1000000015
20737  48.077  -67.089  22.816 0.1000000015
19710  46.744  -68.901  21.212 0.2000000030
19695  46.327  -68.295  22.082 0.1000000015
20739  45.531  -67.351  22.363 0.1000000015
22873  46.682  -65.621  21.738 0.1000000015
22911  46.731  -65.463  19.939 0.2000000030
22888  47.327  -65.349  20.808 0.2000000030
22937  47.033  -65.517  18.859 0.1000000015
22890  45.461  -65.621  21.328 0.2000000030
22970  47.649  -65.457  17.356 0.2000000030
24059  45.612  -65.466  17.919 0.1000000015
22972  45.747  -65.450  17.105 0.1000000015
20738  46.931  -67.292  22.602 0.1000000015
21796  48.720  -66.189  22.655 0.1000000015
21798  46.308  -66.351  22.314 0.1000000015
24076  48.070  -64.913  17.452 0.2000000030
24078  47.336  -64.239  16.864 0.2000000030
24098  46.688  -64.374  16.340 0.2000000030
22993  46.875  -65.219  16.125 0.2000000030
24111  45.922  -64.639  15.829 0.1000000015
22995  45.373  -65.140  15.693 0.2000000030
21797  47.601  -66.111  22.393 0.1000000015
22871  48.547  -65.555  21.845 0.1000000015
22872  47.760  -65.504  21.577 0.1000000015
22887  48.274  -65.161  20.812 0.2000000030
25182  47.847  -64.429  19.466 0.2000000030
24034  48.050  -64.920  19.185 0.3000000119
25238  45.243  -63.322  16.167 0.3000000119
25248  45.428  -63.947  15.779 0.2000000030
22996  44.829  -65.093  15.530 0.2000000030
24101  43.319  -64.954  15.971 0.2000000030
25204  47.755  -64.141  18.445 0.3000000119
24013  48.019  -64.894  19.744 0.2000000030
26416  45.098  -63.076  16.855 0.3000000119
26417  44.787  -62.480  16.468 0.3000000119
27593  44.523  -61.299  16.500 0.3000000119
25249  44.782  -63.452  15.596 0.2000000030
24113  44.113  -64.939  15.435 0.2000000030
27579  43.673  -61.405  17.355 0.4000000060
26404  45.428  -63.222  17.561 0.3000000119
26405  44.520  -62.320  17.521 0.3000000119
25224  47.639  -63.945  17.562 0.2000000030
25225  46.569  -63.816  17.395 0.2000000030
26423  44.490  -62.369  15.591 0.3000000119
24125  44.276  -64.176  15.186 0.2000000030
24126  43.521  -64.239  14.640 0.2000000030
28806  43.536  -60.796  16.913 0.3000000119
27578  44.448  -61.829  17.007 0.3000000119
27605  44.669  -61.348  15.348 0.2000000030
27621  44.688  -61.379  14.049 0.2000000030
26436  43.845  -62.488  13.700 0.1000000015
26435  44.142  -62.346  14.648 0.2000000030
24138  43.177  -64.137  13.710 0.2000000030
25261  43.661  -63.358  14.152 0.2000000030
30072  43.505  -59.213  15.985 0.3000000119
30071  44.181  -59.692  15.861 0.3000000119
28827  43.855  -60.276  16.515 0.3000000119
31417  44.471  -58.428  15.314 0.2000000030
30090  44.790  -59.435  15.402 0.3000000119
31416  45.237  -58.612  14.958 0.2000000030
28826  44.667  -60.366  15.918 0.3000000119
28845  45.215  -60.405  15.120 0.1000000015
28844  45.677  -60.066  14.672 0.1000000015
27638  45.444  -60.981  13.287 0.1000000015
27620  45.415  -60.855  13.971 0.1000000015
30107  46.148  -59.637  14.624 0.1000000015
27622  44.180  -62.112  13.211 0.1000000015
31403  43.131  -58.261  16.073 0.3000000119
31418  43.754  -58.333  15.627 0.2000000030
32833  44.116  -57.525  15.403 0.2000000030
34183  44.928  -56.586  14.565 0.2000000030
34182  45.686  -56.610  14.022 0.1000000015
32849  45.399  -57.266  14.492 0.1000000015
31428  46.283  -58.655  14.661 0.1000000015
30089  45.611  -59.458  15.021 0.1000000015
28858  46.773  -60.108  13.572 0.1000000015
28899  46.686  -60.785  12.557 0.1000000015
32815  43.444  -57.445  15.800 0.2000000030
34181  46.405  -57.056  13.826 0.1000000015
34197  47.119  -56.767  13.417 0.1000000015
32847  47.007  -57.802  14.052 0.1000000015
32846  47.945  -58.251  13.945 0.1000000015
31438  48.630  -58.823  13.632 0.1000000015
30123  48.091  -59.600  13.255 0.1000000015
30105  47.845  -59.311  14.019 0.1000000015
35488  47.526  -56.130  12.910 0.1000000015
30122  49.023  -59.342  13.102 0.1000000015
28877  47.683  -59.968  12.654 0.1000000015
35489  46.707  -55.612  13.017 0.1000000015
22938  45.886  -65.303  19.057 0.1000000015
19533  48.264  -68.602  35.534 0.5000000000
19519  48.732  -68.344  36.907 0.5000000000
20579  49.139  -67.634  35.929 0.5000000000
20594  48.905  -67.538  34.859 0.5000000000
20607  48.768  -67.500  33.656 0.5000000000
19480  47.765  -68.950  40.494 0.2000000030
18378  48.009  -69.385  39.676 0.2000000030
20509  48.006  -68.415  39.486 0.3000000119
19492  48.275  -68.773  39.183 0.3000000119
19505  48.512  -68.579  38.201 0.5000000000
20561  49.295  -67.030  36.514 0.5000000000
20578  49.628  -66.697  35.447 0.5000000000
20593  49.636  -66.796  34.289 0.5000000000
19560  48.121  -68.203  32.976 0.5000000000
20619  48.710  -67.523  32.543 0.5000000000
19580  47.382  -68.138  32.452 0.5000000000
19582  45.576  -68.401  33.241 0.5000000000
20510  47.556  -68.198  40.039 0.3000000119
20524  48.191  -67.876  38.866 0.3000000119
20542  48.668  -67.639  37.695 0.5000000000
21667  50.274  -66.016  34.601 0.5000000000
20606  49.389  -66.830  33.149 0.5000000000
19579  48.111  -67.934  32.082 0.5000000000
20620  47.205  -67.663  31.889 0.5000000000
18478  42.436  -70.159  32.586 0.4000000060
19584  41.877  -69.002  32.758 0.5000000000
20610  42.990  -68.715  33.499 0.5000000000
20608  44.220  -68.141  33.545 0.5000000000
20622  45.705  -67.792  32.415 0.5000000000
18492  41.902  -70.262  31.802 0.4000000060
20480  47.267  -68.469  41.271 0.3000000119
20525  47.333  -67.448  39.364 0.4000000060
21604  47.921  -66.975  38.494 0.4000000060
21621  48.471  -66.902  37.378 0.5000000000
21640  48.927  -66.441  36.284 0.5000000000
21639  49.521  -66.330  35.953 0.5000000000
21656  49.906  -66.013  35.461 0.5000000000
21657  49.377  -65.842  35.642 0.5000000000
22730  50.052  -65.562  34.654 0.5000000000
22729  50.385  -65.453  33.975 0.5000000000
21677  50.198  -66.193  33.677 0.5000000000
20637  49.187  -66.889  31.544 0.5000000000
20640  46.751  -67.156  31.599 0.6000000238
20624  43.581  -67.550  33.248 0.5000000000
20623  44.688  -67.621  32.830 0.5000000000
20642  45.115  -67.259  31.967 0.5000000000
17306  41.470  -70.684  30.367 0.4000000060
17290  41.757  -70.803  31.216 0.4000000060
19585  41.229  -68.960  32.079 0.5000000000
22648  40.214  -65.478  40.393 0.1000000015
21556  41.333  -66.498  41.714 0.1000000015
21536  41.890  -66.478  42.260 0.1000000015
20486  42.637  -67.044  41.128 0.1000000015
21535  42.803  -66.580  41.751 0.1000000015
22605  42.570  -66.086  42.145 0.1000000015
21554  43.212  -67.007  41.658 0.1000000015
22604  43.273  -66.578  41.738 0.1000000015
22625  43.854  -66.302  41.653 0.1000000015
20482  45.902  -67.924  41.636 0.2000000030
21552  45.087  -67.036  41.608 0.1000000015
20511  46.985  -67.556  40.245 0.3000000119
21583  46.424  -67.051  40.182 0.4000000060
21605  46.513  -66.650  38.899 0.4000000060
21641  47.840  -66.366  36.538 0.4000000060
21658  48.511  -66.062  35.705 0.5000000000
22731  49.280  -65.471  34.985 0.5000000000
22744  49.499  -65.326  33.851 0.5000000000
21701  48.041  -66.646  31.067 0.5000000000
20625  42.472  -68.050  33.246 0.5000000000
16185  42.655  -71.679  29.316 0.5000000000
21575  36.586  -66.507  40.319 0.1000000015
22650  37.664  -65.254  40.568 0.1000000015
23776  39.048  -64.798  40.402 0.1000000015
23775  39.597  -65.250  40.732 0.1000000015
22627  40.661  -66.214  41.580 0.1000000015
21557  40.387  -66.153  42.147 0.1000000015
21537  40.757  -66.172  42.613 0.1000000015
22629  39.105  -65.521  41.657 0.1000000015
22628  39.994  -65.827  41.375 0.1000000015
22701  43.372  -64.785  37.740 0.2000000030
23812  42.991  -64.527  37.367 0.2000000030
20483  44.819  -67.363  41.474 0.1000000015
22624  44.649  -66.530  41.375 0.1000000015
22643  44.544  -66.057  40.922 0.1000000015
22684  44.390  -65.347  38.583 0.2000000030
21570  45.141  -66.555  40.986 0.2000000030
21585  44.953  -66.278  40.426 0.1000000015
22661  45.363  -66.074  39.410 0.2000000030
22699  44.855  -65.490  37.633 0.2000000030
23821  43.737  -64.676  36.672 0.2000000030
21584  45.560  -66.509  39.986 0.2000000030
21606  45.704  -66.284  39.219 0.2000000030
21623  46.490  -66.190  37.638 0.3000000119
22721  46.551  -65.704  35.730 0.3000000119
22733  46.959  -65.728  34.917 0.4000000060
22732  48.170  -65.757  34.987 0.5000000000
21703  46.164  -66.569  31.146 0.5000000000
22745  48.422  -65.574  34.065 0.4000000060
22771  44.257  -65.561  31.206 0.5000000000
22770  44.955  -65.662  30.817 0.5000000000
21719  45.709  -65.912  30.762 0.5000000000
21706  43.164  -66.350  32.110 0.5000000000
21705  44.006  -66.159  31.858 0.5000000000
21704  45.032  -66.450  31.343 0.5000000000
21685  50.558  -65.806  32.190 0.5000000000
21676  50.549  -65.603  33.111 0.5000000000
21690  41.895  -67.214  32.475 0.5000000000
21707  42.210  -66.314  32.261 0.5000000000
21688  43.830  -66.806  32.556 0.5000000000
21718  46.629  -66.097  30.550 0.5000000000
18493  41.196  -69.813  31.315 0.5000000000
20626  41.479  -67.997  32.323 0.5000000000
21687  44.557  -66.804  32.134 0.5000000000
21702  47.125  -66.596  31.095 0.6000000238
21689  42.840  -67.010  32.662 0.5000000000
16186  41.894  -71.034  29.640 0.4000000060
20487  35.907  -67.602  41.145 0.1000000015
22631  36.960  -65.715  41.322 0.1000000015
22610  37.719  -65.578  42.586 0.1000000015
22585  37.413  -65.519  43.149 0.1000000015
22630  38.079  -65.265  41.759 0.1000000015
22608  39.653  -65.937  42.243 0.1000000015
21513  40.162  -66.167  43.184 0.1000000015
22606  41.315  -65.898  42.614 0.1000000015
23738  41.832  -65.313  42.359 0.1000000015
23773  42.417  -64.447  40.411 0.1000000015
22644  43.581  -65.344  40.673 0.1000000015
23790  43.050  -64.451  39.137 0.2000000030
23803  42.951  -64.591  38.113 0.2000000030
22663  43.756  -65.097  39.423 0.1000000015
22685  43.553  -64.927  38.427 0.2000000030
22722  45.619  -65.533  35.837 0.3000000119
22723  44.702  -65.348  35.852 0.3000000119
23848  43.598  -64.430  35.241 0.2000000030
22734  45.855  -65.501  34.859 0.3000000119
23847  44.280  -64.750  34.912 0.2000000030
22746  47.321  -65.545  34.110 0.4000000060
23865  45.628  -64.703  34.001 0.3000000119
23863  47.606  -65.097  33.366 0.4000000060
23864  46.528  -64.715  33.521 0.4000000060
23907  45.090  -64.451  30.481 0.5000000000
23906  45.942  -64.578  30.459 0.5000000000
22789  46.249  -65.361  30.507 0.5000000000
26238  46.072  -63.336  30.420 0.5000000000
25068  47.744  -63.690  30.006 0.5000000000
23904  47.605  -64.704  30.319 0.5000000000
22788  47.163  -65.453  30.423 0.5000000000
21717  47.589  -66.123  30.492 0.6000000238
22742  50.995  -65.125  33.381 0.5000000000
22757  50.476  -64.829  33.349 0.5000000000
25067  48.960  -63.629  29.684 0.5000000000
22804  48.922  -64.937  30.349 0.5000000000
22787  48.191  -65.378  30.296 0.6000000238
21699  49.845  -66.364  31.511 0.5000000000
21716  48.555  -66.067  30.568 0.5000000000
21700  48.915  -66.526  31.169 0.5000000000
16200  44.794  -71.664  28.532 0.4000000060
16201  43.728  -71.570  28.643 0.4000000060
16169  42.052  -71.456  30.207 0.4000000060
23722  36.011  -64.925  43.446 0.1000000015
22586  36.191  -65.739  43.200 0.1000000015
23741  37.771  -64.309  43.064 0.1000000015
23719  39.271  -65.482  43.465 0.1000000015
23740  38.969  -64.596  43.073 0.1000000015
22584  38.716  -65.860  43.335 0.1000000015
23757  41.420  -64.410  41.693 0.1000000015
23774  41.629  -64.073  40.808 0.1000000015
24951  41.903  -63.677  38.978 0.2000000030
24964  42.047  -63.711  38.437 0.2000000030
24983  42.018  -63.949  36.945 0.2000000030
23823  42.558  -64.233  36.800 0.2000000030
23835  43.212  -64.402  35.867 0.2000000030
33929  48.310  -57.106  30.967 0.2000000030
31232  49.246  -58.467  30.213 0.2000000030
31220  49.794  -58.759  30.788 0.2000000030
29891  49.132  -59.290  30.857 0.2000000030
28636  48.629  -60.343  31.093 0.2000000030
23866  44.772  -64.381  34.178 0.2000000030
31239  50.454  -59.286  29.975 0.2000000030
29901  50.652  -59.736  30.147 0.2000000030
27411  50.696  -60.855  30.612 0.2000000030
27400  50.472  -61.384  30.841 0.2000000030
27401  49.306  -61.376  31.108 0.3000000119
26227  50.044  -62.416  31.196 0.2000000030
25034  49.736  -63.218  31.656 0.4000000060
27424  50.659  -61.659  28.696 0.2000000030
27423  51.157  -61.527  29.337 0.3000000119
27409  51.360  -61.662  30.236 0.3000000119
27398  51.350  -62.307  30.626 0.4000000060
26226  50.975  -62.555  31.245 0.3000000119
25033  50.639  -63.262  31.703 0.4000000060
25024  48.455  -64.206  32.275 0.4000000060
23879  49.172  -64.810  32.864 0.5000000000
27425  47.921  -62.176  29.390 0.5000000000
26256  48.492  -62.566  29.358 0.4000000060
26255  49.579  -62.765  29.162 0.4000000060
26254  50.672  -62.589  29.147 0.4000000060
25065  50.968  -63.569  29.724 0.4000000060
23918  51.499  -63.976  30.667 0.5000000000
25032  51.334  -63.677  31.728 0.5000000000
23878  50.318  -64.523  32.715 0.5000000000
25066  50.027  -63.665  29.491 0.5000000000
23902  50.131  -65.049  29.935 0.5000000000
22786  49.215  -65.413  30.366 0.5000000000
21715  49.531  -66.025  30.657 0.5000000000
21698  50.526  -65.830  31.439 0.5000000000
22756  51.162  -65.255  32.704 0.5000000000
23744  35.221  -63.742  43.234 0.1000000015
23723  34.934  -64.444  43.526 0.1000000015
23743  35.692  -64.017  42.994 0.1000000015
24901  37.176  -63.267  42.537 0.1000000015
24900  38.378  -63.301  42.300 0.1000000015
24921  38.476  -62.785  41.613 0.1000000015
24919  40.374  -63.764  41.524 0.1000000015
24935  39.771  -63.290  40.631 0.1000000015
24918  41.175  -63.725  40.962 0.1000000015
24953  40.845  -63.296  39.382 0.2000000030
26150  40.449  -62.703  38.548 0.2000000030
26149  41.039  -63.052  38.303 0.2000000030
24998  42.241  -63.511  36.060 0.2000000030
25006  43.016  -63.789  34.930 0.2000000030
32589  48.489  -57.527  31.166 0.1000000015
29892  48.078  -59.363  31.249 0.2000000030
25014  45.070  -63.677  33.473 0.2000000030
33912  47.352  -56.159  31.749 0.1000000015
32590  47.787  -57.489  31.507 0.1000000015
31223  47.408  -58.517  31.669 0.1000000015
27402  48.005  -61.381  31.451 0.1000000015
26228  48.941  -62.381  31.452 0.2000000030
25013  45.803  -64.184  33.437 0.2000000030
27403  47.378  -60.843  31.649 0.1000000015
27388  47.511  -61.921  31.719 0.1000000015
26229  47.976  -62.443  31.633 0.3000000119
23881  47.061  -64.375  32.865 0.2000000030
23900  51.488  -64.193  31.233 0.5000000000
25021  51.196  -64.236  32.270 0.5000000000
25022  50.876  -63.929  32.220 0.5000000000
23877  51.083  -64.521  32.702 0.5000000000
22801  51.073  -64.744  30.391 0.5000000000
22768  51.304  -64.772  31.518 0.5000000000
22755  51.386  -64.945  32.306 0.5000000000
22785  50.172  -65.317  30.234 0.5000000000
24888  34.303  -63.612  43.970 0.1000000015
26053  34.933  -62.367  43.208 0.1000000015
27237  35.946  -61.350  42.540 0.1000000015
26070  35.644  -62.311  42.677 0.1000000015
26069  36.504  -62.275  42.384 0.1000000015
27236  36.659  -61.292  42.179 0.1000000015
26068  37.352  -62.181  41.873 0.1000000015
26113  38.574  -62.156  40.221 0.1000000015
27255  37.921  -61.480  40.764 0.1000000015
26112  39.203  -62.675  40.284 0.1000000015
26151  39.791  -62.384  38.862 0.2000000030
26163  40.799  -62.702  37.773 0.2000000030
26173  40.712  -62.432  36.964 0.2000000030
24999  41.793  -63.461  36.545 0.2000000030
26188  41.385  -62.734  36.140 0.2000000030
26187  41.954  -63.018  35.723 0.2000000030
25007  42.536  -63.501  35.403 0.2000000030
25016  43.198  -63.343  34.411 0.2000000030
25015  43.838  -63.751  34.126 0.2000000030
35203  47.074  -55.619  31.975 0.1000000015
33931  47.289  -56.742  31.546 0.1000000015
31203  46.404  -58.301  32.040 0.1000000015
29893  47.335  -59.562  31.576 0.1000000015
28625  46.974  -60.298  31.714 0.1000000015
26207  44.995  -62.947  33.153 0.1000000015
25027  45.367  -63.142  33.099 0.2000000030
26208  44.309  -62.530  33.396 0.2000000030
28626  46.251  -60.281  32.233 0.1000000015
27389  46.945  -61.369  31.975 0.1000000015
26216  47.291  -62.468  31.924 0.2000000030
25025  47.398  -63.565  32.234 0.2000000030
25026  46.095  -63.573  32.942 0.2000000030
28450  34.894  -60.279  43.518 0.1000000015
27217  35.210  -61.358  43.034 0.1000000015
29678  35.183  -59.102  43.837 0.1000000015
28472  36.236  -60.479  42.465 0.1000000015
29722  37.170  -59.426  42.177 0.1000000015
27277  37.840  -61.015  40.641 0.1000000015
27256  37.562  -61.256  41.196 0.1000000015
27276  38.215  -61.371  40.322 0.1000000015
28560  39.508  -60.751  38.066 0.1000000015
27333  39.709  -61.517  38.179 0.1000000015
27332  40.161  -61.723  37.612 0.1000000015
26189  40.761  -62.199  36.451 0.2000000030
26200  41.601  -62.205  35.354 0.2000000030
26199  42.262  -62.738  35.052 0.2000000030
27369  42.270  -61.593  34.510 0.2000000030
26209  43.160  -62.593  34.182 0.2000000030
27380  43.471  -61.532  33.680 0.1000000015
37621  46.261  -53.897  32.297 0.1000000015
33914  45.876  -56.135  32.385 0.1000000015
32571  45.216  -57.003  32.864 0.1000000015
31204  45.540  -58.153  32.505 0.1000000015
29882  46.658  -59.361  31.881 0.1000000015
27390  45.873  -61.304  32.565 0.1000000015
26218  45.325  -62.385  32.898 0.2000000030
32390  36.910  -58.048  42.586 0.1000000015
32413  37.877  -58.001  41.575 0.1000000015
31052  38.021  -58.492  41.213 0.1000000015
29778  38.470  -59.719  39.933 0.1000000015
29796  39.379  -59.657  38.518 0.1000000015
28559  39.876  -60.601  37.347 0.1000000015
28569  40.278  -60.902  36.651 0.2000000030
29837  40.993  -59.455  35.646 0.1000000015
28586  40.819  -60.661  35.832 0.1000000015
28585  41.709  -60.520  35.190 0.2000000030
27370  41.757  -61.621  34.941 0.2000000030
28584  42.151  -60.006  34.975 0.1000000015
28599  42.048  -61.045  34.737 0.2000000030
35189  43.870  -55.456  33.437 0.1000000015
32555  44.218  -57.227  33.277 0.1000000015
32556  43.391  -57.353  33.640 0.1000000015
31182  43.900  -58.255  33.498 0.1000000015
29848  43.167  -59.275  34.188 0.1000000015
28613  43.574  -60.251  33.809 0.1000000015
28598  42.567  -60.474  34.488 0.1000000015
36392  45.799  -54.520  32.646 0.1000000015
35205  45.567  -55.302  32.645 0.1000000015
31205  44.742  -58.174  33.059 0.1000000015
29868  44.439  -59.339  33.357 0.1000000015
28612  44.510  -60.452  33.254 0.1000000015
27379  44.252  -61.310  33.341 0.1000000015
29884  45.157  -59.009  32.812 0.1000000015
28627  45.314  -60.121  32.843 0.1000000015
26219  44.709  -61.867  33.118 0.1000000015
32388  38.088  -57.467  41.673 0.1000000015
32412  38.345  -57.845  41.046 0.1000000015
31079  38.760  -58.671  39.628 0.1000000015
31078  39.292  -58.798  38.984 0.1000000015
29807  39.702  -59.633  37.631 0.1000000015
29817  40.478  -59.808  36.375 0.1000000015
35176  41.571  -55.596  34.261 0.1000000015
32543  41.230  -57.695  34.892 0.1000000015
37595  42.747  -53.957  33.795 0.1000000015
36363  42.073  -54.684  34.031 0.1000000015
33886  42.174  -56.377  33.937 0.1000000015
33887  41.365  -56.566  34.490 0.1000000015
31166  42.282  -58.384  34.517 0.1000000015
29850  42.180  -59.073  34.825 0.1000000015
36376  43.374  -54.655  33.563 0.1000000015
35190  42.828  -55.556  33.616 0.1000000015
32557  42.717  -57.292  34.032 0.1000000015
31184  42.544  -57.828  34.259 0.1000000015
31165  42.817  -58.823  34.358 0.1000000015
28597  43.046  -59.845  34.325 0.1000000015
32478  39.471  -57.885  37.996 0.1000000015
33819  39.131  -56.953  37.886 0.1000000015
31131  39.939  -58.378  36.811 0.1000000015
33845  39.557  -56.659  36.653 0.1000000015
32501  39.968  -57.737  36.384 0.1000000015
31130  40.408  -58.698  36.186 0.1000000015
37584  41.554  -53.909  34.703 0.1000000015
35177  40.627  -55.609  34.876 0.1000000015
33844  40.103  -57.146  36.105 0.1000000015
31150  40.748  -58.612  35.650 0.1000000015
37583  42.075  -53.434  34.165 0.1000000015
21686  49.980  -66.293  32.621 0.5000000000
21603  48.461  -67.267  38.171 0.4000000060
21622  47.409  -66.562  37.652 0.4000000060
22646  41.534  -66.395  40.774 0.1000000015
22626  42.963  -65.575  41.643 0.1000000015
21569  45.955  -66.906  41.026 0.2000000030
22710  47.039  -65.959  36.316 0.4000000060
22720  47.509  -65.963  35.690 0.4000000060
21558  36.061  -66.641  41.414 0.1000000015
21538  39.810  -66.308  42.895 0.1000000015
22700  43.960  -65.037  37.566 0.3000000119
23813  42.494  -64.263  37.570 0.2000000030
22662  44.712  -65.791  39.778 0.2000000030
22698  45.765  -65.736  37.596 0.2000000030
22713  44.433  -65.121  36.723 0.3000000119
22711  46.271  -65.754  36.690 0.3000000119
23834  43.957  -64.849  35.873 0.2000000030
22747  46.423  -65.325  34.229 0.3000000119
22790  45.387  -65.192  30.541 0.5000000000
21540  35.871  -66.389  42.179 0.1000000015
22611  36.510  -65.932  42.427 0.1000000015
21539  39.277  -66.205  43.239 0.1000000015
23739  40.415  -65.069  42.926 0.1000000015
22583  39.488  -65.935  43.518 0.1000000015
22645  42.852  -65.088  41.147 0.1000000015
23772  43.290  -64.707  39.951 0.1000000015
24932  41.942  -63.869  39.568 0.1000000015
23804  42.494  -64.158  38.367 0.2000000030
23846  45.102  -64.975  34.588 0.3000000119
23880  47.998  -64.618  32.729 0.4000000060
25049  45.659  -63.819  30.474 0.5000000000
25047  47.220  -64.234  30.416 0.5000000000
26239  45.521  -63.062  30.406 0.5000000000
23721  37.071  -65.097  43.343 0.1000000015
23742  36.650  -64.221  42.902 0.1000000015
23720  38.195  -65.262  43.552 0.1000000015
24898  40.302  -64.288  42.311 0.1000000015
24899  39.606  -64.051  42.284 0.1000000015
24933  41.429  -63.790  40.088 0.1000000015
24973  41.660  -63.412  37.843 0.2000000030
31221  49.302  -58.450  30.863 0.2000000030
32606  48.248  -57.873  29.952 0.2000000030
31231  50.092  -58.992  30.441 0.2000000030
29902  50.195  -59.604  30.446 0.2000000030
28635  49.683  -60.391  30.713 0.2000000030
28637  47.708  -60.298  31.460 0.1000000015
29914  51.169  -60.264  29.566 0.2000000030
28647  51.161  -60.578  30.224 0.2000000030
27410  51.009  -61.090  30.585 0.3000000119
25035  48.622  -63.421  31.806 0.4000000060
26266  50.028  -62.004  28.539 0.5000000000
28678  50.920  -60.620  28.762 0.2000000030
26253  51.361  -62.586  29.850 0.4000000060
25046  51.653  -63.423  30.956 0.5000000000
26225  51.523  -62.720  31.060 0.5000000000
23890  49.250  -64.239  32.260 0.5000000000
27446  48.326  -61.555  28.759 0.5000000000
26267  49.115  -62.073  28.806 0.5000000000
23920  50.364  -64.626  29.827 0.5000000000
24903  35.415  -63.174  43.013 0.1000000015
24902  36.159  -63.253  42.623 0.1000000015
24920  39.083  -63.150  41.282 0.1000000015
26091  38.230  -62.205  40.999 0.1000000015
26090  38.752  -62.595  40.684 0.1000000015
24934  40.534  -63.376  40.300 0.1000000015
26133  40.160  -62.846  39.437 0.2000000030
27319  39.889  -61.998  38.377 0.2000000030
31222  48.451  -58.355  31.305 0.1000000015
32569  46.939  -57.386  31.719 0.1000000015
26054  34.336  -62.570  43.828 0.1000000015
27218  34.523  -61.459  43.706 0.1000000015
26092  37.760  -62.086  41.401 0.1000000015
28471  36.865  -60.386  42.163 0.1000000015
27301  39.023  -61.773  39.310 0.1000000015
27320  39.341  -61.596  38.722 0.2000000030
27358  41.285  -61.579  35.547 0.2000000030
33913  46.871  -56.259  32.074 0.1000000015
26217  46.468  -62.440  32.422 0.1000000015
28449  35.546  -60.429  42.824 0.1000000015
28432  34.360  -60.506  44.389 0.1000000015
29699  35.049  -59.548  43.691 0.1000000015
32368  35.885  -57.993  43.589 0.1000000015
31007  36.010  -58.538  43.206 0.1000000015
29697  36.048  -59.188  42.780 0.1000000015
29723  36.474  -59.648  42.469 0.1000000015
31034  37.185  -58.494  42.323 0.1000000015
31053  37.566  -58.678  41.739 0.1000000015
28491  37.530  -60.298  41.252 0.1000000015
29743  37.526  -59.627  41.529 0.1000000015
28532  38.451  -60.677  39.822 0.1000000015
29756  38.074  -59.728  40.663 0.1000000015
27321  38.817  -61.264  39.082 0.1000000015
28531  38.667  -60.252  39.388 0.1000000015
27381  42.821  -61.542  34.133 0.2000000030
28614  43.052  -60.942  33.926 0.1000000015
35204  46.354  -55.144  32.257 0.1000000015
33915  45.163  -55.983  32.718 0.1000000015
32570  46.156  -57.195  32.276 0.1000000015
29883  45.850  -59.212  32.353 0.1000000015
32389  37.482  -57.649  42.325 0.1000000015
31064  38.269  -58.771  40.519 0.1000000015
29777  38.939  -59.587  39.206 0.1000000015
29806  40.115  -60.008  36.997 0.1000000015
29836  41.793  -59.393  35.154 0.1000000015
33900  43.620  -56.392  33.489 0.1000000015
36375  44.424  -54.602  33.284 0.1000000015
35206  44.871  -55.361  32.985 0.1000000015
33899  44.471  -56.120  33.130 0.1000000015
33901  42.927  -56.603  33.696 0.1000000015
31183  43.086  -58.281  34.077 0.1000000015
29869  43.642  -59.084  33.794 0.1000000015
27391  44.978  -61.239  32.959 0.1000000015
33748  38.427  -57.005  41.289 0.1000000015
32426  38.586  -57.906  40.203 0.1000000015
32440  38.808  -57.804  39.465 0.1000000015
32439  38.984  -58.215  39.153 0.1000000015
31096  39.518  -58.749  38.235 0.1000000015
31115  39.756  -58.575  37.478 0.1000000015
31114  40.152  -59.166  36.957 0.1000000015
35175  42.132  -55.551  33.899 0.1000000015
36364  41.222  -54.795  34.610 0.1000000015
32520  40.575  -57.783  35.607 0.1000000015
32542  42.023  -57.374  34.297 0.1000000015
33888  40.789  -56.701  35.010 0.1000000015
31167  41.716  -58.618  34.912 0.1000000015
36377  42.745  -54.711  33.717 0.1000000015
32502  39.570  -57.709  37.165 0.1000000015
33865  40.194  -56.462  35.713 0.1000000015
33866  39.691  -56.066  36.161 0.1000000015
38774  41.693  -52.836  34.823 0.1000000015
36365  40.748  -54.810  34.951 0.1000000015
17198  46.228  -70.859  38.068 0.1000000015
16075  45.887  -71.619  37.469 0.1000000015
16074  46.651  -71.589  38.007 0.1000000015
16073  47.324  -71.151  38.501 0.1000000015
17185  47.674  -70.408  38.784 0.1000000015
18404  46.289  -69.996  38.645 0.1000000015
18391  46.608  -69.937  39.399 0.1000000015
17199  45.640  -70.712  37.328 0.2000000030
18380  46.950  -69.510  40.208 0.1000000015
15009  46.172  -72.124  37.298 0.2000000030
15008  46.520  -72.057  37.259 0.1000000015
15016  46.257  -72.372  36.607 0.2000000030
16085  47.265  -71.329  37.679 0.1000000015
18389  48.175  -69.593  38.683 0.1000000015
14016  45.011  -73.229  36.123 0.2000000030
17197  47.658  -70.614  37.950 0.2000000030
17210  47.077  -71.380  36.664 0.2000000030
17209  47.289  -70.857  36.828 0.2000000030
18403  47.991  -69.916  38.009 0.3000000119
18402  48.325  -69.263  37.685 0.3000000119
18418  47.682  -69.830  37.294 0.3000000119
18417  48.155  -69.181  36.893 0.3000000119
17224  46.906  -71.306  36.228 0.2000000030
17223  47.224  -70.676  35.680 0.2000000030
14027  45.703  -73.176  35.300 0.2000000030
18434  47.694  -69.649  36.120 0.2000000030
15029  46.160  -72.559  35.624 0.2000000030
11107  44.020  -76.185  33.055 0.1000000015
14028  45.189  -73.680  35.513 0.2000000030
16098  46.601  -71.886  35.926 0.2000000030
14015  45.715  -73.076  36.085 0.2000000030
12039  44.136  -75.229  34.131 0.1000000015
13064  45.111  -74.187  35.121 0.1000000015
16097  46.940  -71.343  35.310 0.2000000030
18445  47.506  -69.995  35.086 0.2000000030
12058  43.708  -75.679  33.549 0.1000000015
19534  47.791  -69.384  35.312 0.4000000060
14047  44.669  -74.070  34.319 0.2000000030
16108  46.458  -71.698  34.829 0.2000000030
14046  45.273  -73.697  34.818 0.2000000030
12073  44.212  -75.704  32.665 0.1000000015
13115  43.905  -75.013  31.697 0.2000000030
12057  44.167  -75.487  33.388 0.1000000015
13084  44.291  -74.604  33.298 0.1000000015
15040  45.427  -72.740  34.586 0.2000000030
16125  46.239  -71.310  34.428 0.2000000030
17254  46.881  -70.418  34.395 0.2000000030
18459  47.231  -69.967  34.369 0.4000000060
13083  44.397  -74.772  33.850 0.1000000015
18460  46.664  -69.982  34.118 0.4000000060
19546  48.243  -68.448  34.122 0.4000000060
15041  44.622  -73.128  34.287 0.3000000119
16110  44.996  -72.014  34.271 0.3000000119
15051  43.786  -73.132  33.705 0.4000000060
19561  47.347  -69.127  33.487 0.4000000060
17239  45.676  -71.151  34.337 0.3000000119
16127  44.167  -72.103  33.947 0.4000000060
35250  46.224  -56.215  30.041 0.1000000015
33947  47.578  -56.948  30.676 0.1000000015
18461  45.861  -70.271  34.258 0.4000000060
19581  46.500  -68.406  32.883 0.5000000000
17257  44.513  -71.125  34.192 0.4000000060
17240  45.266  -71.175  34.338 0.3000000119
18447  45.531  -70.745  34.348 0.4000000060
18462  44.970  -70.212  34.350 0.4000000060
33948  46.625  -56.780  30.116 0.1000000015
33955  46.058  -56.547  29.294 0.1000000015
33946  48.301  -57.333  30.677 0.1000000015
20621  46.559  -67.755  32.118 0.5000000000
31242  48.401  -58.385  28.493 0.1000000015
32616  47.608  -58.001  28.649 0.1000000015
29916  50.262  -59.326  28.916 0.1000000015
18419  45.380  -69.730  36.907 0.1000000015
17186  46.454  -70.906  38.987 0.1000000015
17174  47.735  -69.799  39.655 0.1000000015
17176  46.924  -70.490  39.346 0.1000000015
18405  45.965  -69.832  37.700 0.1000000015
19506  46.459  -69.133  39.026 0.1000000015
19470  46.466  -68.921  40.963 0.1000000015
31240  50.049  -58.973  29.509 0.1000000015
17212  44.620  -70.704  36.358 0.1000000015
16109  45.750  -71.764  34.436 0.2000000030
19547  47.752  -69.292  34.604 0.4000000060
18446  45.782  -70.852  34.314 0.3000000119
19562  46.236  -69.267  33.613 0.4000000060
32608  46.548  -57.093  29.559 0.1000000015
31241  48.952  -58.667  29.114 0.1000000015
19507  45.843  -68.587  38.260 0.1000000015
18565  34.274  -69.435  26.366 0.1000000015
18583  33.666  -69.338  25.607 0.1000000015
18611  35.597  -69.883  23.747 0.1000000015
18566  33.373  -69.379  26.559 0.1000000015
18580  36.510  -69.795  25.402 0.1000000015
18547  33.121  -69.549  27.348 0.1000000015
18548  32.574  -69.775  27.428 0.1000000015
17362  31.531  -71.018  27.141 0.1000000015
17378  32.104  -69.988  26.232 0.1000000015
13010  32.561  -73.905  38.929 0.1000000015
10214  29.739  -77.211  28.328 0.1000000015
12159  29.803  -75.735  28.279 0.1000000015
18563  36.145  -69.552  26.305 0.1000000015
13168  30.205  -74.642  28.872 0.1000000015
18564  35.169  -69.463  26.255 0.1000000015
15135  30.779  -72.529  28.670 0.1000000015
18562  36.671  -69.619  25.975 0.1000000015
16221  30.813  -72.105  27.716 0.1000000015
17420  36.788  -70.400  24.483 0.1000000015
12991  33.525  -73.788  39.870 0.1000000015
13024  32.420  -74.439  38.184 0.1000000015
11995  32.524  -75.427  37.671 0.1000000015
12973  34.819  -74.110  41.089 0.1000000015
12990  34.145  -74.144  40.261 0.1000000015
13009  33.319  -74.258  39.290 0.1000000015
13023  33.042  -74.871  38.675 0.1000000015
11070  32.635  -76.043  36.302 0.1000000015
10163  30.667  -77.793  30.841 0.1000000015
10180  29.660  -77.630  29.598 0.1000000015
18545  34.774  -69.566  26.978 0.1000000015
17360  34.556  -69.701  27.502 0.1000000015
18525  32.802  -69.796  27.926 0.1000000015
17377  36.407  -69.699  26.673 0.1000000015
16242  38.238  -71.428  25.108 0.1000000015
17419  37.171  -70.859  24.221 0.1000000015
11994  32.927  -75.449  38.327 0.1000000015
11055  32.720  -76.049  37.177 0.1000000015
12972  35.513  -74.586  41.496 0.1000000015
12989  34.933  -74.730  40.752 0.1000000015
13008  33.901  -74.514  39.698 0.1000000015
11983  33.505  -75.356  38.880 0.1000000015
11054  33.502  -76.335  37.435 0.1000000015
11069  33.309  -76.376  36.597 0.1000000015
10126  32.741  -77.143  34.687 0.1000000015
10149  32.503  -78.061  33.010 0.1000000015
10150  31.666  -77.613  32.415 0.1000000015
10162  31.275  -77.936  31.392 0.1000000015
9239  30.745  -79.033  29.966 0.1000000015
10179  30.422  -78.228  29.863 0.1000000015
10197  30.231  -77.764  29.069 0.1000000015
11205  30.165  -76.834  28.521 0.1000000015
15120  31.755  -72.283  30.003 0.1000000015
17358  36.145  -69.819  27.249 0.1000000015
17337  34.302  -69.979  28.166 0.1000000015
18524  33.476  -69.712  27.917 0.1000000015
16194  31.755  -71.403  29.267 0.1000000015
15134  31.233  -72.039  29.233 0.1000000015
17375  37.701  -70.368  26.465 0.1000000015
17397  37.293  -70.412  25.312 0.1000000015
10108  34.858  -77.394  35.766 0.1000000015
12971  36.241  -74.948  41.886 0.1000000015
11968  34.687  -75.144  40.279 0.1000000015
11033  33.967  -76.096  39.103 0.1000000015
11053  34.439  -76.739  37.716 0.1000000015
11068  34.204  -76.692  36.741 0.1000000015
10109  33.580  -76.969  35.334 0.1000000015
9197  33.154  -78.392  32.903 0.1000000015
9215  32.633  -78.832  32.044 0.1000000015
7452  31.836  -79.967  29.472 0.1000000015
11957  36.073  -75.411  41.376 0.1000000015
11967  35.512  -75.671  40.631 0.1000000015
11981  34.927  -75.802  39.925 0.1000000015
11032  34.697  -76.306  39.414 0.1000000015
11043  34.654  -76.661  38.590 0.1000000015
9224  31.911  -79.172  30.785 0.1000000015
9238  31.187  -79.360  30.210 0.1000000015
9254  30.878  -78.931  29.563 0.1000000015
10196  31.643  -77.796  29.746 0.1000000015
11186  30.854  -76.976  29.287 0.1000000015
11166  32.205  -76.828  30.384 0.1000000015
11185  31.462  -76.802  30.076 0.1000000015
13145  31.313  -74.675  30.501 0.1000000015
12113  30.892  -75.486  30.133 0.1000000015
16173  33.203  -72.067  30.066 0.1000000015
14121  31.976  -73.461  30.548 0.1000000015
13146  30.574  -74.668  29.899 0.1000000015
17336  35.388  -70.301  28.149 0.1000000015
16209  33.828  -70.700  28.807 0.1000000015
16193  32.656  -71.510  29.683 0.1000000015
17357  37.089  -70.228  27.365 0.1000000015
17356  38.004  -70.598  27.462 0.1000000015
16241  38.945  -71.821  25.837 0.1000000015
17396  38.007  -70.735  25.801 0.1000000015
15159  39.409  -72.757  25.900 0.1000000015
16228  39.218  -71.876  26.783 0.1000000015
10124  34.874  -77.780  34.915 0.1000000015
10125  34.126  -77.561  34.480 0.1000000015
11956  36.887  -75.732  41.850 0.1000000015
11021  37.021  -76.920  41.128 0.1000000015
11022  36.183  -76.884  40.483 0.1000000015
11031  35.475  -76.752  39.832 0.1000000015
10083  34.924  -77.066  38.114 0.1000000015
10099  35.057  -77.176  36.962 0.1000000015
9196  34.055  -78.459  33.183 0.1000000015
8293  33.214  -79.451  31.607 0.1000000015
7433  32.879  -80.605  29.940 0.1000000015
11966  36.386  -76.079  41.005 0.1000000015
7466  33.027  -80.272  29.110 0.1000000015
8359  32.418  -79.887  29.240 0.1000000015
8341  31.928  -79.610  29.452 0.1000000015
8340  32.638  -79.446  29.270 0.1000000015
9252  32.237  -78.820  29.482 0.1000000015
10195  32.848  -77.902  29.489 0.1000000015
10178  32.560  -77.359  29.943 0.1000000015
14119  33.613  -74.008  29.818 0.1000000015
13143  33.473  -74.841  29.669 0.1000000015
16207  35.638  -71.129  28.705 0.1000000015
16190  35.838  -72.041  29.095 0.1000000015
16191  34.979  -71.922  29.195 0.1000000015
15096  33.717  -73.352  29.944 0.1000000015
15097  32.985  -72.835  30.362 0.1000000015
16206  36.537  -71.323  28.681 0.1000000015
16192  33.825  -71.671  29.354 0.1000000015
17335  36.370  -70.490  28.157 0.1000000015
16205  37.432  -71.517  28.753 0.1000000015
17334  37.289  -70.731  28.219 0.1000000015
16229  38.494  -71.071  26.422 0.1000000015
14176  39.611  -73.871  26.630 0.1000000015
10022  37.803  -77.728  42.730 0.1000000015
10998  37.646  -76.686  42.555 0.1000000015
11945  37.485  -75.777  42.763 0.1000000015
10054  36.616  -78.117  40.642 0.1000000015
10055  35.956  -77.843  40.075 0.1000000015
9195  34.978  -78.760  33.650 0.1000000015
11010  37.457  -77.094  41.874 0.1000000015
10070  35.621  -77.861  39.364 0.1000000015
9156  35.693  -78.575  36.944 0.1000000015
9178  35.660  -78.983  34.938 0.1000000015
8273  34.858  -79.375  32.979 0.1000000015
7401  35.043  -80.272  32.110 0.1000000015
7432  33.784  -81.005  30.116 0.1000000015
7390  35.601  -80.332  32.966 0.1000000015
6572  34.569  -81.344  30.127 0.1000000015
7465  34.183  -80.715  28.688 0.1000000015
8358  33.393  -79.695  28.791 0.1000000015
9251  33.195  -78.759  29.111 0.1000000015
8357  34.466  -79.680  28.470 0.1000000015
10194  33.724  -77.662  28.831 0.1000000015
11183  33.640  -76.568  29.073 0.1000000015
12110  33.417  -75.963  29.463 0.1000000015
14141  34.090  -74.004  29.215 0.1000000015
15118  34.419  -72.916  29.411 0.1000000015
16189  36.711  -72.070  29.246 0.1000000015
16188  37.634  -72.218  29.357 0.1000000015
16204  38.449  -71.899  28.639 0.1000000015
16219  38.661  -71.340  27.584 0.1000000015
16218  39.227  -72.098  27.826 0.1000000015
15152  39.335  -72.870  27.170 0.1000000015
8251  36.090  -79.619  36.917 0.1000000015
7371  36.470  -80.172  36.271 0.1000000015
9068  37.614  -78.909  43.438 0.1000000015
11020  37.292  -77.488  41.432 0.1000000015
10053  37.151  -77.829  41.152 0.1000000015
9102  36.224  -78.493  40.179 0.1000000015
8266  36.226  -80.360  34.770 0.1000000015
7380  36.256  -80.804  34.102 0.1000000015
9146  35.739  -78.791  37.802 0.1000000015
9164  35.705  -78.518  35.965 0.1000000015
7389  36.020  -81.343  32.743 0.1000000015
6561  36.415  -81.779  31.135 0.1000000015
7448  35.521  -80.436  29.176 0.1000000015
7412  35.289  -81.239  31.433 0.1000000015
6562  35.441  -81.587  31.172 0.1000000015
9263  34.773  -78.655  28.384 0.1000000015
10212  34.908  -77.601  28.360 0.1000000015
11204  34.415  -76.638  28.478 0.1000000015
12135  34.086  -75.548  28.597 0.1000000015
14155  35.059  -74.109  28.423 0.1000000015
13166  34.546  -74.606  28.558 0.1000000015
15116  35.997  -72.960  29.303 0.1000000015
15117  35.228  -73.144  28.922 0.1000000015
14140  34.658  -73.729  28.718 0.1000000015
15115  36.960  -72.806  29.690 0.1000000015
16187  38.320  -72.535  29.336 0.1000000015
8206  37.276  -79.524  39.481 0.1000000015
9092  37.684  -78.905  41.414 0.1000000015
8181  37.055  -79.265  40.476 0.1000000015
8221  36.470  -79.894  38.895 0.1000000015
8250  36.402  -80.118  36.990 0.1000000015
7370  36.722  -80.798  35.411 0.1000000015
9079  37.797  -78.979  42.327 0.1000000015
10038  37.226  -78.435  41.082 0.1000000015
9101  36.510  -79.120  40.184 0.1000000015
8222  36.070  -79.801  38.814 0.1000000015
8237  36.217  -79.563  38.184 0.1000000015
6543  36.620  -81.389  33.165 0.1000000015
6552  36.157  -81.796  32.075 0.1000000015
8324  35.544  -79.921  30.123 0.1000000015
8339  35.421  -79.401  29.055 0.1000000015
9262  35.150  -78.528  28.635 0.1000000015
10211  35.161  -77.449  28.694 0.1000000015
11203  34.973  -76.533  28.453 0.1000000015
12157  34.639  -75.728  28.315 0.1000000015
13182  35.173  -74.637  28.490 0.1000000015
14138  36.340  -73.353  29.938 0.1000000015
15133  35.278  -73.762  28.645 0.1000000015
14137  37.270  -73.280  30.175 0.1000000015
15114  37.872  -72.993  29.766 0.1000000015
8180  37.665  -79.083  41.022 0.1000000015
8220  37.592  -79.595  38.342 0.1000000015
7343  37.345  -80.393  37.002 0.1000000015
9093  37.049  -78.966  40.828 0.1000000015
8236  36.765  -80.009  37.570 0.1000000015
6542  37.350  -81.162  33.544 0.1000000015
7398  37.757  -80.679  32.790 0.1000000015
7410  37.568  -80.902  31.714 0.1000000015
8306  37.289  -80.426  31.773 0.1000000015
10192  35.118  -77.224  29.340 0.1000000015
12108  35.092  -75.711  29.895 0.1000000015
13165  35.482  -74.726  28.883 0.1000000015
12133  35.294  -75.555  29.193 0.1000000015
14118  35.729  -73.779  30.342 0.1000000015
14154  35.407  -74.098  28.624 0.1000000015
14117  36.635  -73.530  30.651 0.1000000015
14139  35.677  -73.850  29.358 0.1000000015
14115  38.638  -73.677  30.357 0.1000000015
14113  40.168  -73.764  30.594 0.1000000015
8196  37.411  -79.313  40.284 0.1000000015
7342  37.929  -80.348  36.870 0.1000000015
7379  37.738  -80.713  34.214 0.1000000015
7378  38.209  -80.283  33.965 0.1000000015
8179  38.142  -79.343  41.688 0.1000000015
7355  37.525  -80.497  36.244 0.1000000015
8288  37.817  -79.972  32.589 0.1000000015
8308  35.546  -79.430  31.235 0.1000000015
9235  35.047  -78.801  30.375 0.1000000015
9236  34.625  -77.985  30.671 0.1000000015
10176  34.629  -77.193  30.950 0.1000000015
13119  35.446  -74.241  30.812 0.1000000015
13141  35.255  -74.717  30.072 0.1000000015
14116  37.579  -73.198  30.651 0.1000000015
15094  38.559  -72.643  30.708 0.1000000015
15080  40.447  -72.893  31.510 0.1000000015
14083  41.778  -74.144  32.111 0.1000000015
9100  38.372  -78.577  40.304 0.1000000015
8195  37.980  -79.155  40.752 0.1000000015
9129  38.590  -78.961  38.422 0.1000000015
8234  38.483  -79.972  36.919 0.1000000015
8256  38.825  -79.333  35.501 0.1000000015
8270  38.300  -79.924  33.754 0.1000000015
8219  38.630  -79.535  37.648 0.1000000015
8258  37.947  -80.242  35.856 0.1000000015
9210  37.209  -79.306  32.758 0.1000000015
8289  36.980  -79.791  32.145 0.1000000015
9211  36.465  -78.985  32.654 0.1000000015
9223  34.474  -77.824  31.546 0.1000000015
12093  34.478  -75.806  31.282 0.1000000015
12109  34.832  -75.305  30.560 0.1000000015
18451  40.037  -69.551  33.814 0.1000000015
18466  39.602  -69.792  33.267 0.1000000015
17276  38.379  -70.151  32.208 0.1000000015
16161  36.755  -71.566  31.583 0.1000000015
13120  34.753  -74.544  31.341 0.1000000015
13142  34.938  -74.848  30.647 0.1000000015
18465  40.215  -70.081  33.626 0.1000000015
17275  39.614  -70.702  32.541 0.1000000015
17293  37.596  -70.739  31.763 0.1000000015
14101  35.835  -73.653  31.254 0.1000000015
18450  40.630  -69.935  34.166 0.1000000015
17243  41.076  -70.491  34.225 0.1000000015
17261  40.693  -70.888  33.610 0.1000000015
17291  39.349  -71.240  31.606 0.1000000015
15082  38.079  -72.282  31.044 0.1000000015
14100  36.872  -73.267  31.165 0.1000000015
18449  41.387  -70.123  34.585 0.1000000015
17242  41.625  -71.107  34.452 0.1000000015
16131  40.797  -71.725  33.071 0.1000000015
15095  37.866  -72.705  30.876 0.1000000015
15055  40.796  -72.103  32.731 0.1000000015
16170  39.279  -72.497  30.809 0.1000000015
14031  42.718  -73.402  34.774 0.1000000015
15068  41.365  -73.256  32.098 0.1000000015
14067  42.343  -74.493  33.558 0.1000000015
10068  39.213  -78.090  39.589 0.1000000015
9113  38.408  -78.642  39.381 0.1000000015
9112  39.527  -78.451  38.742 0.1000000015
9128  39.764  -78.848  37.768 0.1000000015
8218  39.280  -79.340  37.120 0.1000000015
8247  38.896  -79.371  35.827 0.1000000015
9176  38.358  -79.252  34.647 0.1000000015
8271  37.970  -79.624  33.584 0.1000000015
9192  37.431  -79.044  33.448 0.1000000015
9193  36.967  -78.790  33.141 0.1000000015
9212  35.451  -78.826  32.209 0.1000000015
10147  35.146  -77.926  32.676 0.1000000015
12076  34.270  -75.600  32.308 0.1000000015
15071  34.864  -72.877  32.389 0.1000000015
18480  38.939  -69.777  32.729 0.1000000015
17294  36.845  -70.669  32.121 0.1000000015
16162  35.724  -71.922  31.798 0.1000000015
14102  34.999  -73.364  31.809 0.1000000015
18467  38.963  -69.197  33.093 0.1000000015
18436  42.855  -70.385  35.336 0.1000000015
17226  42.859  -71.207  35.295 0.1000000015
10051  39.617  -77.471  40.329 0.1000000015
9111  40.806  -78.498  38.413 0.1000000015
9154  39.361  -78.976  35.994 0.1000000015
9155  38.990  -78.728  35.705 0.1000000015
9145  40.063  -78.857  37.001 0.1000000015
9162  38.807  -79.142  35.253 0.1000000015
10105  38.634  -78.563  35.449 0.1000000015
9177  37.873  -78.937  34.337 0.1000000015
10121  37.194  -77.905  34.075 0.1000000015
10134  37.060  -78.469  33.506 0.1000000015
10136  35.556  -77.499  33.414 0.1000000015
11099  34.642  -76.100  33.658 0.1000000015
11110  34.987  -77.044  33.447 0.1000000015
15057  34.755  -72.949  33.262 0.1000000015
14053  34.599  -74.109  34.028 0.1000000015
12060  34.339  -75.545  33.315 0.1000000015
18481  38.173  -69.171  32.628 0.1000000015
17278  36.478  -70.191  32.821 0.1000000015
16149  34.860  -72.252  32.831 0.1000000015
13100  34.358  -74.636  32.735 0.1000000015
20596  40.919  -68.482  34.526 0.1000000015
19568  38.505  -68.555  33.423 0.1000000015
15070  35.135  -72.329  32.145 0.1000000015
20595  41.504  -68.844  34.637 0.1000000015
19551  40.305  -69.035  34.190 0.1000000015
9127  40.990  -78.690  37.703 0.1000000015
10095  39.603  -78.665  36.693 0.1000000015
10096  38.787  -78.087  36.315 0.1000000015
10106  37.854  -78.014  35.212 0.1000000015
11096  37.347  -77.203  34.761 0.1000000015
11097  36.576  -76.535  34.583 0.1000000015
10123  35.670  -77.169  33.787 0.1000000015
13070  34.969  -74.712  34.322 0.1000000015
12044  34.823  -75.554  33.974 0.1000000015
15056  34.952  -72.455  33.581 0.1000000015
15046  34.673  -73.475  33.938 0.1000000015
17279  35.586  -70.861  33.086 0.1000000015
19567  39.504  -68.906  33.658 0.1000000015
19549  42.000  -69.396  34.822 0.1000000015
18421  44.026  -70.018  35.881 0.1000000015
9144  41.017  -78.364  37.551 0.1000000015
10089  39.201  -77.560  37.343 0.1000000015
11066  38.449  -77.238  37.087 0.1000000015
11082  37.399  -76.620  35.448 0.1000000015
10097  37.906  -77.415  35.882 0.1000000015
12043  35.638  -75.538  34.443 0.1000000015
15045  35.127  -72.770  34.223 0.1000000015
17263  36.148  -70.337  33.632 0.1000000015
17264  35.751  -71.102  33.927 0.1000000015
20611  39.209  -68.309  33.747 0.1000000015
18482  37.202  -69.157  33.183 0.1000000015
19535  43.499  -69.635  35.654 0.1000000015
18420  44.625  -69.749  36.342 0.1000000015
11052  37.895  -76.593  37.528 0.1000000015
11067  37.733  -76.860  36.517 0.1000000015
12018  37.195  -75.675  36.133 0.1000000015
12032  37.061  -75.818  35.608 0.1000000015
12033  36.698  -75.171  35.555 0.1000000015
12042  36.356  -75.317  34.918 0.1000000015
13069  35.709  -74.541  34.720 0.1000000015
14051  35.785  -73.591  34.858 0.1000000015
20564  42.601  -68.095  35.962 0.1000000015
18483  36.529  -69.777  33.383 0.1000000015
19522  43.671  -68.960  35.865 0.1000000015
12005  37.109  -75.979  37.173 0.1000000015
13044  36.613  -73.998  35.928 0.1000000015
12006  36.607  -75.106  36.888 0.1000000015
15033  36.496  -72.485  35.493 0.1000000015
14018  36.602  -73.271  36.122 0.1000000015
16101  36.429  -71.458  35.601 0.1000000015
15044  36.008  -72.640  34.876 0.1000000015
20582  40.782  -67.639  34.933 0.1000000015
20597  39.836  -68.017  34.187 0.1000000015
19569  37.700  -68.530  33.810 0.1000000015
18468  37.095  -68.978  34.295 0.1000000015
19521  44.681  -68.692  36.685 0.1000000015
19552  38.344  -68.150  34.190 0.1000000015
17227  36.567  -70.429  35.694 0.1000000015
14032  36.434  -73.520  35.405 0.1000000015
13054  36.562  -74.357  35.609 0.1000000015
17244  36.289  -70.690  34.640 0.1000000015
16113  36.278  -71.745  34.836 0.1000000015
19538  38.291  -67.989  34.898 0.1000000015
18453  36.740  -69.686  34.956 0.1000000015
19553  37.691  -68.419  34.669 0.1000000015
18469  36.502  -69.640  34.000 0.1000000015
11187  29.186  -76.883  29.503 0.1000000015
12137  30.446  -75.851  29.257 0.1000000015
18582  34.658  -69.378  25.496 0.1000000015
14143  30.672  -73.548  29.411 0.1000000015
18581  35.620  -69.485  25.457 0.1000000015
17322  31.786  -70.907  28.620 0.1000000015
15121  31.116  -72.689  29.474 0.1000000015
17361  32.035  -70.224  27.246 0.1000000015
17379  31.631  -70.705  26.438 0.1000000015
16210  31.211  -71.601  28.481 0.1000000015
13993  33.145  -73.592  39.723 0.1000000015
11206  29.590  -76.738  27.978 0.1000000015
10198  29.175  -77.419  28.694 0.1000000015
14156  30.408  -73.556  28.308 0.1000000015
11982  34.162  -75.201  39.590 0.1000000015
10110  32.912  -76.769  35.332 0.1000000015
9225  31.171  -78.574  30.657 0.1000000015
9226  30.671  -78.460  30.296 0.1000000015
17359  35.118  -69.804  27.509 0.1000000015
17321  32.431  -70.742  29.022 0.1000000015
11044  33.577  -76.219  38.367 0.1000000015
11084  33.825  -76.700  36.029 0.1000000015
10139  33.208  -77.838  33.684 0.1000000015
10127  32.058  -77.065  34.405 0.1000000015
10138  33.976  -77.903  33.739 0.1000000015
8342  31.494  -79.554  29.583 0.1000000015
9253  31.283  -78.901  29.473 0.1000000015
15119  32.590  -72.201  30.229 0.1000000015
14122  31.010  -73.849  30.242 0.1000000015
16208  34.660  -70.927  28.745 0.1000000015
8274  34.191  -79.027  32.531 0.1000000015
8311  32.830  -79.578  31.021 0.1000000015
8326  32.160  -80.067  30.325 0.1000000015
11042  35.312  -76.968  39.066 0.1000000015
13144  32.411  -74.770  30.540 0.1000000015
12111  32.738  -75.844  30.219 0.1000000015
10107  35.442  -77.867  36.055 0.1000000015
11955  37.423  -76.310  42.102 0.1000000015
10082  35.434  -77.671  38.367 0.1000000015
10090  35.497  -77.867  37.396 0.1000000015
8310  33.854  -79.833  31.107 0.1000000015
7450  33.679  -80.927  29.381 0.1000000015
11184  33.322  -77.245  29.406 0.1000000015
9116  36.073  -78.656  39.704 0.1000000015
8272  35.522  -79.597  33.638 0.1000000015
8267  35.920  -79.893  34.426 0.1000000015
7413  34.772  -80.840  31.252 0.1000000015
7381  35.836  -80.211  33.799 0.1000000015
6571  35.566  -81.303  29.995 0.1000000015
6588  34.710  -81.117  28.692 0.1000000015
7464  34.985  -80.522  28.455 0.1000000015
10213  34.437  -77.842  28.398 0.1000000015
15131  38.777  -72.632  28.967 0.1000000015
16203  39.043  -72.502  28.448 0.1000000015
7356  36.750  -80.356  36.638 0.1000000015
8260  36.187  -79.916  35.478 0.1000000015
10037  37.554  -78.086  41.661 0.1000000015
9115  36.322  -79.368  39.390 0.1000000015
9132  36.109  -78.932  38.826 0.1000000015
6553  35.819  -81.701  31.848 0.1000000015
6569  36.955  -81.194  30.856 0.1000000015
7430  36.111  -80.772  30.149 0.1000000015
13183  34.885  -74.939  28.322 0.1000000015
8207  36.646  -79.548  39.626 0.1000000015
6519  37.120  -81.292  34.959 0.1000000015
6551  37.136  -81.532  32.179 0.1000000015
8323  36.285  -80.554  30.511 0.1000000015
9249  35.233  -78.499  29.298 0.1000000015
12156  35.098  -75.476  28.548 0.1000000015
11202  35.208  -76.418  28.838 0.1000000015
14136  38.268  -73.951  29.939 0.1000000015
8235  37.818  -80.082  37.431 0.1000000015
9130  37.874  -79.133  38.999 0.1000000015
8287  38.171  -79.996  33.178 0.1000000015
8290  36.105  -79.635  32.010 0.1000000015
11182  34.932  -76.759  29.762 0.1000000015
11163  34.810  -76.328  30.338 0.1000000015
15093  39.152  -73.068  30.624 0.1000000015
13140  38.620  -74.189  30.158 0.1000000015
14098  40.100  -73.362  30.905 0.1000000015
14097  40.549  -73.783  31.066 0.1000000015
9114  37.819  -79.150  39.460 0.1000000015
7368  38.086  -80.251  34.618 0.1000000015
9222  34.883  -78.595  31.376 0.1000000015
11146  34.485  -76.603  31.252 0.1000000015
14099  37.272  -73.131  31.085 0.1000000015
15081  39.698  -72.909  30.977 0.1000000015
16157  40.336  -72.203  31.860 0.1000000015
14068  42.098  -73.870  33.018 0.1000000015
8248  38.355  -79.833  36.209 0.1000000015
10135  36.483  -78.184  33.384 0.1000000015
10148  34.429  -77.435  32.371 0.1000000015
17292  38.606  -70.924  31.627 0.1000000015
16160  37.849  -71.631  31.342 0.1000000015
15083  37.332  -72.634  31.203 0.1000000015
15084  36.321  -72.676  31.461 0.1000000015
15085  35.457  -72.771  31.686 0.1000000015
14084  34.561  -73.672  32.449 0.1000000015
17274  40.312  -71.255  32.935 0.1000000015
19550  41.129  -69.284  34.460 0.1000000015
17260  41.355  -71.465  33.999 0.1000000015
16159  38.777  -71.711  31.022 0.1000000015
16158  39.741  -71.981  31.334 0.1000000015
16145  40.267  -71.693  32.358 0.1000000015
19548  42.453  -69.915  35.140 0.1000000015
16130  41.371  -71.881  33.618 0.1000000015
15054  41.400  -72.632  33.074 0.1000000015
14049  42.462  -73.973  34.205 0.1000000015
14050  41.853  -73.333  33.660 0.1000000015
17277  37.379  -69.860  32.267 0.1000000015
16148  35.295  -71.631  32.566 0.1000000015
19536  42.829  -69.419  35.407 0.1000000015
10122  36.118  -77.362  33.938 0.1000000015
20581  41.797  -68.394  35.092 0.1000000015
19523  42.919  -68.743  35.589 0.1000000015
16114  35.700  -71.872  34.309 0.1000000015
13068  36.331  -74.392  35.150 0.1000000015
19563  45.321  -69.240  33.874 0.4000000060
16128  43.301  -72.117  33.489 0.3000000119
17258  43.666  -71.126  33.732 0.3000000119
18463  43.977  -70.148  33.986 0.3000000119
19564  44.341  -69.129  33.729 0.4000000060
19583  44.845  -68.469  33.481 0.4000000060
18464  43.068  -70.167  33.560 0.3000000119
20609  43.488  -68.431  33.571 0.4000000060
17430  44.090  -70.397  23.555 0.1000000015
17415  44.720  -70.352  24.579 0.1000000015
17374  45.983  -71.083  26.624 0.2000000030
17327  45.489  -71.085  28.373 0.3000000119
21708  41.069  -66.758  32.140 0.4000000060
16202  42.848  -71.035  28.771 0.4000000060
17318  41.176  -70.497  29.230 0.4000000060
16215  46.035  -71.313  28.151 0.2000000030
17328  44.526  -71.037  28.297 0.3000000119
18505  40.782  -69.823  30.126 0.4000000060
20627  41.149  -67.440  32.133 0.4000000060
17451  43.534  -70.383  22.568 0.1000000015
16224  46.206  -71.213  27.658 0.3000000119
17319  40.762  -69.885  29.017 0.4000000060
18494  40.720  -69.194  30.839 0.4000000060
19601  40.559  -68.519  30.915 0.4000000060
17373  46.557  -70.652  26.851 0.2000000030
17351  46.202  -70.674  27.848 0.3000000119
17329  43.432  -70.796  28.293 0.3000000119
18511  40.577  -69.325  29.322 0.4000000060
22772  43.038  -65.502  31.520 0.4000000060
22791  44.594  -65.032  30.673 0.4000000060
17330  42.179  -70.339  28.367 0.4000000060
18522  41.533  -69.457  28.194 0.4000000060
19608  40.256  -68.404  30.438 0.4000000060
21720  40.347  -67.029  31.146 0.4000000060
17429  45.197  -70.147  23.457 0.2000000030
17414  45.899  -69.927  24.508 0.2000000030
17393  45.527  -70.645  25.814 0.2000000030
17353  44.082  -70.479  27.827 0.3000000119
17354  43.037  -70.271  27.790 0.3000000119
17450  44.692  -70.394  22.459 0.1000000015
18523  40.877  -69.323  28.593 0.4000000060
17352  45.172  -70.567  27.977 0.3000000119
18543  41.987  -69.320  27.778 0.4000000060
19616  40.049  -68.457  29.761 0.4000000060
22773  41.639  -65.575  31.869 0.5000000000
22792  43.831  -64.848  30.964 0.4000000060
19627  41.026  -69.048  28.297 0.4000000060
20661  39.763  -67.600  29.686 0.4000000060
22793  40.108  -66.447  30.933 0.5000000000
22774  40.461  -65.891  31.416 0.5000000000
23892  42.212  -64.731  31.404 0.4000000060
17392  46.527  -70.000  25.593 0.2000000030
18539  45.587  -70.067  27.589 0.4000000060
18538  46.281  -69.984  27.548 0.2000000030
18540  44.581  -70.041  27.513 0.3000000119
18559  45.875  -69.497  27.186 0.4000000060
18561  44.081  -69.627  27.192 0.3000000119
21721  40.000  -66.863  30.409 0.5000000000
23893  41.089  -64.826  31.546 0.5000000000
25052  43.316  -63.680  30.958 0.4000000060
23908  44.328  -64.305  30.650 0.4000000060
18560  44.754  -69.573  27.077 0.4000000060
19640  42.375  -69.056  27.410 0.4000000060
19628  40.396  -68.720  28.677 0.4000000060
22775  39.918  -65.452  31.153 0.5000000000
17428  46.172  -70.045  23.261 0.2000000030
18578  47.170  -69.595  26.201 0.2000000030
25051  44.059  -63.582  30.641 0.4000000060
18558  46.870  -69.652  27.068 0.2000000030
19639  42.989  -69.379  27.306 0.3000000119
19641  41.183  -68.723  27.734 0.4000000060
20669  39.778  -67.801  28.625 0.4000000060
17449  45.708  -70.435  22.419 0.2000000030
18593  46.987  -69.325  24.976 0.2000000030
19656  46.175  -68.907  26.607 0.3000000119
19657  44.792  -68.857  26.354 0.4000000060
25050  44.844  -63.661  30.478 0.4000000060
19658  43.363  -69.021  26.808 0.3000000119
21727  39.674  -66.661  29.747 0.5000000000
23910  40.421  -64.491  31.280 0.5000000000
26257  47.488  -62.754  29.689 0.4000000060
17448  46.423  -70.311  22.339 0.2000000030
18594  46.504  -69.622  24.373 0.2000000030
19659  41.859  -68.515  26.913 0.4000000060
20682  40.266  -67.824  27.617 0.4000000060
25053  41.301  -63.534  31.303 0.5000000000
26242  42.682  -62.936  31.242 0.4000000060
27444  50.271  -61.035  28.091 0.4000000060
17469  46.134  -70.446  21.565 0.2000000030
18557  47.654  -69.009  26.382 0.2000000030
19655  47.171  -68.644  26.433 0.2000000030
20694  43.709  -68.076  26.199 0.4000000060
22805  39.412  -65.727  29.791 0.5000000000
23911  39.586  -64.824  30.869 0.5000000000
17490  45.884  -70.455  20.534 0.2000000030
21733  39.474  -66.639  28.761 0.5000000000
25037  42.575  -63.901  31.252 0.5000000000
17509  45.946  -70.568  19.377 0.2000000030
27447  47.022  -61.329  28.846 0.4000000060
27445  49.420  -61.407  28.254 0.2000000030
26258  46.510  -62.730  30.129 0.4000000060
26240  44.594  -62.690  30.356 0.4000000060
18608  46.844  -69.560  23.580 0.2000000030
26231  41.905  -63.315  31.365 0.4000000060
26241  43.680  -62.899  30.707 0.4000000060
17447  46.752  -70.112  22.296 0.2000000030
18577  47.729  -68.981  25.667 0.2000000030
19654  47.802  -68.503  26.258 0.2000000030
27427  46.308  -61.788  29.602 0.4000000060
27412  44.002  -62.336  30.465 0.4000000060
27413  43.396  -62.128  30.615 0.4000000060
20697  40.356  -67.207  27.262 0.3000000119
23923  39.104  -64.636  29.724 0.5000000000
25054  40.455  -63.676  31.005 0.5000000000
19669  45.316  -68.317  25.969 0.4000000060
20695  42.290  -67.710  26.172 0.4000000060
20696  41.017  -67.667  26.865 0.3000000119
21745  39.809  -66.678  27.697 0.4000000060
20693  44.373  -68.192  26.082 0.4000000060
23935  39.087  -64.522  28.610 0.5000000000
18592  47.532  -68.845  24.979 0.2000000030
27428  45.381  -61.491  29.709 0.4000000060
26243  41.421  -62.708  31.054 0.5000000000
26244  40.204  -62.578  30.583 0.5000000000
21755  40.326  -66.650  26.919 0.4000000060
21746  39.442  -66.091  28.217 0.5000000000
25055  39.395  -63.622  30.386 0.5000000000
22826  39.815  -66.112  27.188 0.5000000000
19565  43.437  -69.282  33.593 0.4000000060
19600  40.907  -68.782  31.449 0.4000000060
27426  47.300  -61.968  29.533 0.4000000060
26259  45.532  -62.281  30.069 0.4000000060
25070  38.837  -63.552  29.401 0.5000000000
15067  42.694  -72.969  31.765 0.3000000119
16144  42.391  -71.940  32.141 0.3000000119
17273  42.432  -71.239  32.603 0.2000000030
14111  43.488  -74.088  30.429 0.2000000030
15078  42.678  -72.908  30.660 0.3000000119
16168  42.453  -72.292  30.067 0.3000000119
16156  41.841  -71.187  30.743 0.3000000119
15109  44.338  -73.121  29.132 0.2000000030
15110  43.925  -72.818  29.199 0.2000000030
15111  43.035  -72.585  29.467 0.2000000030
16225  45.843  -71.450  27.187 0.2000000030
17526  45.747  -70.200  18.089 0.1000000015
18743  45.418  -70.014  16.119 0.1000000015
23971  48.020  -64.408  23.917 0.1000000015
14066  43.850  -74.014  33.096 0.1000000015
15052  43.132  -73.097  32.763 0.2000000030
16129  42.684  -72.021  32.866 0.2000000030
14082  43.207  -73.752  31.664 0.2000000030
15053  42.654  -72.530  32.425 0.2000000030
12105  43.642  -75.756  31.146 0.1000000015
13136  43.859  -74.765  30.450 0.1000000015
14094  43.629  -74.269  31.221 0.2000000030
12128  43.402  -75.646  29.956 0.1000000015
13161  43.700  -74.581  29.328 0.1000000015
17470  45.332  -70.662  21.430 0.1000000015
19687  48.017  -68.352  23.654 0.1000000015
19676  48.640  -67.675  25.373 0.1000000015
21763  48.176  -66.555  25.531 0.1000000015
21764  47.135  -66.688  25.360 0.1000000015
19693  48.513  -67.602  23.320 0.1000000015
20722  49.328  -66.973  24.889 0.1000000015
22840  48.351  -65.724  25.208 0.1000000015
22842  46.195  -65.682  24.983 0.1000000015
22855  48.854  -65.265  24.532 0.1000000015
22857  46.496  -64.819  24.730 0.1000000015
23958  44.500  -64.692  24.796 0.1000000015
23973  45.560  -64.172  24.255 0.1000000015
25114  43.751  -63.670  24.090 0.1000000015
14081  43.483  -74.170  32.202 0.2000000030
19668  46.266  -68.305  26.026 0.1000000015
21753  42.085  -66.887  26.058 0.3000000119
18622  47.020  -69.722  22.399 0.1000000015
18607  47.467  -68.903  24.176 0.1000000015
19667  48.183  -68.302  25.963 0.1000000015
20708  46.868  -67.718  25.766 0.1000000015
21766  44.605  -66.512  25.310 0.2000000030
21768  42.277  -66.334  25.815 0.3000000119
22831  41.086  -65.339  26.157 0.3000000119
23951  40.460  -64.408  26.386 0.3000000119
18719  45.939  -69.934  17.528 0.1000000015
18634  46.825  -69.489  21.530 0.1000000015
21765  45.869  -66.604  25.281 0.1000000015
21767  43.436  -66.397  25.585 0.2000000030
22846  41.753  -65.340  25.685 0.3000000119
19709  47.309  -69.018  21.711 0.1000000015
22843  44.852  -65.369  24.967 0.1000000015
23960  42.790  -64.506  25.197 0.2000000030
25090  41.471  -63.936  25.658 0.3000000119
25100  43.393  -63.955  24.428 0.1000000015
25101  42.802  -63.883  24.719 0.2000000030
25103  40.846  -62.967  25.193 0.4000000060
25113  44.701  -63.551  23.971 0.1000000015
25115  42.802  -63.554  24.073 0.1000000015
26308  41.541  -62.822  24.241 0.3000000119
16088  44.625  -71.655  36.373 0.1000000015
14017  44.620  -73.175  35.909 0.1000000015
26245  39.231  -62.565  29.965 0.4000000060
25078  38.691  -63.523  28.316 0.4000000060
22832  40.087  -65.507  26.725 0.3000000119
22833  39.579  -64.940  27.254 0.4000000060
23947  39.202  -64.393  27.685 0.4000000060
25092  39.801  -63.386  26.611 0.4000000060
26279  38.884  -62.461  26.950 0.4000000060
25091  40.680  -63.480  25.758 0.4000000060
26288  40.356  -62.637  25.456 0.5000000000
26297  41.077  -62.767  24.765 0.3000000119
26298  40.408  -62.376  24.853 0.5000000000
25124  43.878  -63.476  23.285 0.2000000030
25125  43.036  -63.506  23.374 0.1000000015
26309  40.722  -62.336  24.204 0.4000000060
25136  45.945  -63.444  22.229 0.1000000015
25137  44.975  -63.386  22.340 0.1000000015
26324  42.575  -63.281  22.938 0.2000000030
26314  42.363  -63.218  23.369 0.2000000030
25134  47.934  -63.618  21.996 0.1000000015
25135  46.934  -63.465  22.101 0.1000000015
25139  42.966  -63.296  22.499 0.2000000030
25152  48.484  -64.191  21.028 0.1000000015
25154  47.252  -63.485  21.212 0.1000000015
27415  41.072  -61.386  30.556 0.4000000060
27414  42.345  -61.858  30.668 0.3000000119
27416  39.870  -61.621  30.162 0.4000000060
26269  38.826  -62.610  27.911 0.4000000060
26261  38.780  -62.413  29.001 0.4000000060
26289  39.738  -62.300  26.054 0.4000000060
27481  39.407  -61.485  25.256 0.4000000060
26290  38.945  -61.920  26.449 0.4000000060
27480  39.857  -61.855  24.804 0.5000000000
27488  40.176  -61.769  24.290 0.4000000060
26326  41.043  -62.493  22.585 0.3000000119
26316  40.914  -62.352  23.459 0.4000000060
27494  40.389  -61.723  23.616 0.4000000060
25172  45.597  -63.309  20.680 0.2000000030
25173  44.784  -63.330  20.773 0.2000000030
25140  42.342  -63.194  21.980 0.2000000030
25171  46.545  -63.435  20.378 0.1000000015
25155  46.278  -63.343  21.360 0.2000000030
21816  44.301  -66.286  21.601 0.1000000015
28650  40.324  -60.996  30.073 0.4000000060
27434  38.877  -61.148  29.187 0.4000000060
28700  38.574  -60.401  27.693 0.4000000060
27451  38.700  -60.911  28.321 0.4000000060
28712  38.580  -60.614  26.821 0.4000000060
28726  39.257  -60.563  24.703 0.4000000060
28719  38.846  -60.513  25.670 0.4000000060
28729  39.554  -60.656  23.978 0.3000000119
28740  39.946  -61.071  22.717 0.4000000060
27495  39.862  -61.218  23.748 0.4000000060
27517  41.189  -62.193  21.218 0.3000000119
26339  41.237  -62.616  21.820 0.3000000119
27503  40.404  -61.642  22.740 0.4000000060
26350  45.717  -63.311  19.972 0.2000000030
26351  44.960  -63.026  20.093 0.2000000030
26336  43.386  -63.118  20.994 0.2000000030
25159  42.668  -63.040  21.742 0.2000000030
25184  47.045  -63.561  19.631 0.2000000030
21818  41.981  -66.700  21.813 0.1000000015
21817  43.385  -66.747  21.820 0.1000000015
22891  44.378  -65.673  21.152 0.1000000015
27429  44.342  -61.612  30.190 0.3000000119
27432  41.543  -60.662  30.248 0.4000000060
27431  42.206  -60.857  30.309 0.3000000119
29921  39.698  -59.684  29.375 0.4000000060
29955  38.938  -59.003  28.318 0.4000000060
28686  38.959  -59.775  28.745 0.4000000060
29969  38.465  -59.791  27.180 0.4000000060
29956  38.622  -59.500  27.895 0.4000000060
29983  38.976  -59.624  25.024 0.4000000060
29979  38.606  -59.898  26.385 0.4000000060
29986  39.233  -59.751  23.914 0.4000000060
28776  40.479  -60.339  19.896 0.3000000119
28764  40.552  -60.999  20.611 0.3000000119
30009  40.013  -60.245  21.152 0.3000000119
28754  39.480  -60.133  22.309 0.3000000119
29995  39.395  -59.513  22.773 0.3000000119
26385  44.896  -62.742  18.460 0.2000000030
26366  44.353  -62.652  19.386 0.2000000030
27539  41.813  -61.671  19.709 0.3000000119
27530  41.429  -61.832  20.404 0.2000000030
27518  40.663  -61.838  21.666 0.3000000119
28753  39.927  -60.792  21.946 0.3000000119
26365  45.338  -63.070  19.300 0.2000000030
26353  42.970  -62.610  20.450 0.2000000030
25205  47.068  -63.628  18.589 0.2000000030
28662  44.931  -60.781  29.533 0.3000000119
28684  44.589  -59.987  29.056 0.3000000119
28663  43.991  -60.565  29.725 0.3000000119
28664  43.034  -60.063  29.912 0.4000000060
27430  43.238  -61.162  30.277 0.3000000119
31258  40.450  -58.194  28.985 0.3000000119
31257  41.438  -58.211  29.016 0.4000000060
32644  39.563  -57.497  27.930 0.4000000060
32629  39.677  -57.788  28.373 0.4000000060
31246  39.997  -58.916  29.298 0.4000000060
32656  39.165  -57.654  26.874 0.4000000060
31275  38.837  -58.546  27.585 0.4000000060
32684  38.944  -57.677  25.166 0.3000000119
31307  38.682  -58.685  25.591 0.4000000060
31292  38.665  -58.471  26.545 0.4000000060
31372  40.047  -58.640  19.959 0.3000000119
31363  39.661  -58.386  20.667 0.2000000030
31345  39.614  -58.391  21.394 0.2000000030
32711  39.390  -57.560  23.031 0.2000000030
31326  39.283  -58.597  23.452 0.3000000119
31320  39.095  -58.659  24.541 0.3000000119
30037  40.556  -59.579  19.469 0.3000000119
30025  40.028  -59.668  20.468 0.3000000119
30010  39.632  -59.533  21.636 0.2000000030
31330  39.488  -58.507  22.367 0.2000000030
26406  43.871  -61.907  17.846 0.2000000030
28788  42.056  -60.586  18.168 0.3000000119
28774  42.221  -61.095  18.832 0.3000000119
28775  41.384  -60.806  19.460 0.3000000119
28682  46.668  -60.511  28.477 0.3000000119
27449  45.529  -60.889  29.354 0.3000000119
33992  39.286  -56.900  26.028 0.3000000119
35339  39.773  -55.738  22.411 0.2000000030
35319  39.529  -55.862  23.241 0.2000000030
34004  39.108  -56.610  24.811 0.2000000030
34086  40.079  -56.185  20.558 0.2000000030
34067  39.789  -56.447  21.512 0.2000000030
34040  39.597  -56.616  22.641 0.2000000030
34020  39.491  -56.636  23.704 0.2000000030
28680  48.436  -60.800  27.881 0.2000000030
25168  48.195  -64.406  20.357 0.1000000015
25170  47.503  -63.612  20.338 0.1000000015
27580  42.900  -60.942  17.783 0.3000000119
26384  45.948  -63.271  18.452 0.2000000030
19566  42.663  -69.218  33.311 0.3000000119
17289  42.148  -71.022  31.914 0.3000000119
16155  42.178  -71.843  31.107 0.3000000119
15017  45.458  -72.358  36.669 0.1000000015
17259  42.826  -71.133  33.251 0.2000000030
20711  43.069  -67.196  25.875 0.3000000119
28681  47.672  -60.655  28.144 0.3000000119
20691  47.993  -68.168  26.201 0.1000000015
20710  44.327  -67.598  25.739 0.3000000119
21754  41.339  -66.498  26.313 0.2000000030
19677  48.101  -68.423  24.918 0.1000000015
14095  43.168  -73.613  30.979 0.2000000030
14112  43.063  -73.551  30.125 0.1000000015
14134  43.276  -73.191  29.611 0.2000000030
22856  47.671  -64.926  24.685 0.1000000015
18621  47.420  -69.038  22.997 0.1000000015
19686  48.688  -67.669  24.340 0.1000000015
19666  48.523  -67.699  25.866 0.1000000015
22841  47.375  -65.670  25.226 0.1000000015
22858  45.408  -64.809  24.742 0.1000000015
23959  43.798  -64.514  24.796 0.1000000015
20709  45.548  -67.557  25.583 0.2000000030
21769  41.543  -65.911  25.847 0.3000000119
22844  43.695  -65.422  25.267 0.2000000030
22845  42.657  -65.396  25.527 0.3000000119
25084  39.140  -63.465  27.388 0.4000000060
23961  41.948  -64.511  25.494 0.3000000119
25102  41.757  -63.519  25.132 0.3000000119
27417  39.282  -61.805  29.588 0.4000000060
26280  38.750  -61.820  26.832 0.4000000060
25156  45.293  -63.396  21.476 0.2000000030
25157  44.217  -63.371  21.439 0.2000000030
28651  39.921  -61.110  29.867 0.4000000060
27450  38.871  -61.761  28.240 0.4000000060
26352  43.967  -62.928  20.365 0.2000000030
28666  40.956  -60.390  29.983 0.4000000060
27531  40.925  -61.730  20.954 0.3000000119
26354  42.248  -62.472  20.649 0.2000000030
26367  43.208  -62.351  19.516 0.2000000030
29919  41.457  -59.456  29.724 0.4000000060
28665  41.946  -60.089  29.989 0.4000000060
29920  40.480  -59.618  29.629 0.4000000060
26386  43.750  -62.171  18.476 0.2000000030
26387  42.945  -62.076  18.814 0.2000000030
29917  43.211  -59.492  29.137 0.4000000060
32670  38.662  -57.768  26.051 0.4000000060
32696  39.283  -57.625  24.125 0.2000000030
32774  40.026  -57.324  19.792 0.2000000030
32757  39.802  -56.912  20.460 0.2000000030
34087  39.780  -56.735  20.828 0.2000000030
31243  42.262  -58.840  29.224 0.3000000119
28685  43.750  -59.843  29.261 0.2000000030
31255  43.132  -58.804  28.430 0.3000000119
28683  45.631  -60.330  28.860 0.2000000030
29936  45.147  -59.624  28.124 0.2000000030
14151  44.517  -73.326  28.426 0.1000000015
15127  45.184  -72.006  28.473 0.1000000015
14065  44.381  -73.985  33.739 0.1000000015
15129  44.244  -72.162  28.853 0.1000000015
16226  44.902  -71.856  26.915 0.1000000015
16199  45.480  -71.616  28.319 0.1000000015
16216  45.663  -71.721  27.914 0.1000000015
27462  49.608  -60.773  27.597 0.1000000015
28709  49.007  -59.886  26.528 0.1000000015
28710  48.355  -60.151  26.788 0.1000000015
29934  47.197  -60.105  27.760 0.1000000015
29950  47.676  -60.130  27.046 0.1000000015
29935  46.330  -59.725  28.060 0.1000000015
29951  46.907  -59.723  27.056 0.1000000015
29952  45.881  -59.307  27.259 0.1000000015
29937  43.879  -59.188  28.410 0.1000000015
29953  44.671  -58.968  27.237 0.1000000015
32627  40.908  -57.649  28.519 0.2000000030
31272  44.008  -58.406  27.286 0.2000000030
31273  43.342  -58.150  27.992 0.2000000030
31274  42.558  -57.841  28.333 0.2000000030
32626  41.887  -57.657  28.528 0.2000000030
32654  43.488  -57.455  26.335 0.2000000030
32640  43.193  -57.503  27.266 0.2000000030
32641  42.433  -57.141  27.855 0.2000000030
32643  40.362  -57.146  28.066 0.2000000030
33970  39.965  -56.837  27.732 0.2000000030
33981  39.665  -56.673  27.151 0.2000000030
35288  39.616  -55.826  25.635 0.1000000015
31290  44.254  -58.316  26.381 0.2000000030
32642  41.273  -57.034  28.029 0.2000000030
33969  40.546  -56.425  27.427 0.2000000030
33980  40.175  -56.177  26.909 0.1000000015
35277  40.646  -55.471  26.554 0.1000000015
35278  39.845  -56.169  26.481 0.1000000015
29933  47.678  -60.336  27.569 0.1000000015
28697  49.770  -60.059  27.025 0.1000000015
28698  48.932  -60.558  27.143 0.1000000015
28708  49.454  -59.572  26.632 0.1000000015
29965  47.999  -59.329  26.543 0.1000000015
29966  46.623  -58.943  26.573 0.1000000015
29954  44.001  -58.663  27.745 0.2000000030
32655  42.821  -56.992  27.007 0.2000000030
30044  42.160  -59.716  17.624 0.2000000030
30036  41.103  -59.841  18.898 0.2000000030
30045  41.472  -59.397  18.232 0.2000000030
28807  42.836  -60.421  17.104 0.2000000030
30055  42.542  -59.158  17.039 0.2000000030
30046  40.942  -59.114  18.869 0.2000000030
30056  41.896  -58.974  17.544 0.2000000030
28828  43.071  -59.641  16.542 0.2000000030
31381  40.621  -58.397  19.283 0.2000000030
32799  41.831  -57.365  17.572 0.1000000015
31389  42.094  -58.231  17.232 0.2000000030
32786  41.265  -57.390  18.186 0.2000000030
32787  40.756  -57.426  18.898 0.2000000030
34153  42.672  -56.470  16.661 0.1000000015
34135  42.212  -56.452  17.374 0.1000000015
34136  41.640  -56.480  17.958 0.1000000015
34170  43.800  -56.665  15.559 0.1000000015
34169  44.348  -56.706  15.110 0.1000000015
29968  44.853  -58.780  26.460 0.1000000015
34104  41.055  -55.974  19.343 0.1000000015
35456  42.488  -55.685  17.056 0.1000000015
34119  41.264  -56.488  18.697 0.1000000015
34152  43.180  -56.521  16.006 0.1000000015
35481  43.877  -55.697  15.118 0.1000000015
36674  43.403  -54.712  15.607 0.1000000015
35479  45.133  -55.529  14.140 0.1000000015
32668  43.881  -58.069  25.236 0.1000000015
31317  45.034  -58.009  24.454 0.1000000015
31305  44.277  -58.242  25.267 0.1000000015
34066  39.916  -55.891  21.190 0.1000000015
34105  40.480  -56.297  19.736 0.1000000015
35438  41.948  -55.339  17.833 0.1000000015
35421  41.523  -55.431  18.799 0.1000000015
35455  42.922  -55.439  16.286 0.1000000015
36683  44.393  -54.796  14.458 0.1000000015
36673  44.121  -54.234  15.146 0.1000000015
31318  44.480  -58.080  24.538 0.1000000015
37809  41.439  -53.674  19.718 0.1000000015
36603  40.679  -54.715  20.548 0.1000000015
37822  42.244  -53.428  18.691 0.1000000015
37823  41.768  -53.994  19.039 0.1000000015
36615  41.311  -54.686  19.489 0.1000000015
36616  41.024  -54.773  20.082 0.1000000015
37840  42.616  -53.714  18.091 0.1000000015
36629  42.157  -54.353  18.396 0.1000000015
39074  43.130  -52.789  16.516 0.1000000015
37861  42.798  -53.558  17.192 0.1000000015
36660  42.573  -54.756  17.055 0.1000000015
36645  42.484  -54.355  17.737 0.1000000015
39088  43.587  -52.215  15.814 0.1000000015
37877  43.558  -53.492  15.741 0.1000000015
37860  43.096  -53.515  16.437 0.1000000015
31319  43.953  -58.034  24.758 0.1000000015
32669  43.709  -57.684  25.191 0.1000000015
36582  40.226  -54.737  21.471 0.1000000015
40279  43.145  -51.591  16.835 0.1000000015
39075  42.793  -52.360  17.208 0.1000000015
36555  39.842  -54.984  22.183 0.1000000015
31404  42.598  -58.221  16.623 0.1000000015
32816  42.859  -57.377  16.315 0.1000000015
37876  44.248  -53.525  15.168 0.1000000015
37796  41.264  -53.393  20.512 0.1000000015
24064  40.876  -64.089  18.156 0.1000000015
25206  40.619  -63.945  17.439 0.1000000015
24065  39.835  -64.143  18.466 0.1000000015
24041  39.518  -64.358  19.405 0.1000000015
24020  37.490  -64.945  20.439 0.1000000015
22921  36.563  -65.831  20.615 0.1000000015
21855  34.571  -66.558  19.903 0.1000000015
24063  42.077  -64.510  17.990 0.1000000015
24042  38.526  -64.268  19.396 0.1000000015
24019  38.354  -64.795  20.239 0.1000000015
24102  42.153  -64.585  15.790 0.1000000015
24082  42.693  -64.429  16.876 0.1000000015
24081  43.892  -64.586  16.910 0.1000000015
24062  43.302  -64.572  17.934 0.1000000015
24040  40.605  -64.321  19.369 0.1000000015
25207  40.106  -63.817  17.716 0.1000000015
24100  44.422  -65.409  16.185 0.1000000015
24080  44.732  -65.029  17.037 0.1000000015
24083  41.258  -64.206  16.848 0.1000000015
24114  42.889  -64.593  15.091 0.1000000015
24127  42.664  -64.638  14.090 0.1000000015
24103  41.269  -64.186  15.517 0.1000000015
24115  41.783  -64.545  14.647 0.1000000015
21856  33.736  -66.550  19.180 0.1000000015
6518  37.265  -81.122  34.917 0.1000000015
6532  37.280  -81.156  34.572 0.1000000015
6533  36.881  -81.331  34.367 0.1000000015
6560  37.072  -81.387  31.188 0.1000000015
6563  34.788  -81.361  30.760 0.1000000015
6570  36.578  -81.290  30.611 0.1000000015
6573  34.019  -81.236  29.772 0.1000000015
6579  35.146  -81.158  28.794 0.1000000015
6580  34.527  -81.246  29.197 0.1000000015
6581  34.180  -81.248  29.586 0.1000000015
6587  34.817  -80.967  28.513 0.1000000015
7341  38.179  -80.238  36.818 0.1000000015
7354  38.089  -80.258  36.581 0.1000000015
7357  36.374  -80.130  36.739 0.1000000015
7369  37.510  -80.683  35.131 0.1000000015
7387  38.109  -80.272  33.328 0.1000000015
7388  37.874  -80.624  33.542 0.1000000015
7391  35.091  -79.849  32.560 0.1000000015
7397  38.058  -80.225  32.927 0.1000000015
7399  35.882  -81.665  32.158 0.1000000015
7400  35.575  -81.132  31.921 0.1000000015
7411  37.132  -80.805  31.271 0.1000000015
7414  34.080  -80.543  30.594 0.1000000015
7428  37.135  -81.081  31.107 0.1000000015
7429  36.770  -80.906  30.740 0.1000000015
7431  34.402  -81.096  30.550 0.1000000015
7434  32.110  -80.295  29.820 0.1000000015
7449  34.115  -81.057  29.015 0.1000000015
7451  32.553  -80.350  29.444 0.1000000015
7467  32.135  -79.978  29.316 0.1000000015
7468  31.776  -79.714  29.376 0.1000000015
8197  36.937  -79.461  40.048 0.1000000015
8205  37.836  -79.109  39.949 0.1000000015
8233  39.115  -79.350  36.494 0.1000000015
8249  37.996  -80.275  36.241 0.1000000015
8257  38.354  -79.790  35.355 0.1000000015
8259  36.345  -80.572  34.973 0.1000000015
8264  38.332  -79.733  34.521 0.1000000015
8265  38.157  -79.544  34.185 0.1000000015
8291  34.580  -79.599  32.303 0.1000000015
8292  33.760  -79.344  31.988 0.1000000015
8307  36.444  -80.326  31.252 0.1000000015
8309  34.465  -79.902  31.702 0.1000000015
8325  33.220  -80.326  30.508 0.1000000015
8327  31.449  -79.783  29.835 0.1000000015
8328  31.002  -79.414  29.896 0.1000000015
8343  31.033  -79.406  29.633 0.1000000015
8356  35.169  -79.559  28.541 0.1000000015
8360  31.779  -79.909  29.177 0.1000000015
9110  41.437  -78.254  38.153 0.1000000015
9126  41.471  -78.300  37.798 0.1000000015
9131  36.103  -79.729  39.059 0.1000000015
9143  41.380  -78.187  37.697 0.1000000015
9161  39.055  -79.160  35.599 0.1000000015
9163  38.408  -78.784  34.927 0.1000000015
9165  35.339  -78.120  35.156 0.1000000015
9179  35.019  -78.314  34.427 0.1000000015
9180  34.415  -78.191  33.892 0.1000000015
9194  35.518  -79.071  34.180 0.1000000015
9213  34.694  -78.251  32.124 0.1000000015
9214  33.554  -78.760  32.503 0.1000000015
9216  31.714  -78.431  31.476 0.1000000015
9237  31.584  -79.665  30.262 0.1000000015
9250  34.814  -77.988  29.856 0.1000000015
9264  34.042  -78.727  28.595 0.1000000015
10052  38.869  -78.054  40.152 0.1000000015
10069  38.689  -78.335  39.853 0.1000000015
10091  35.111  -77.268  37.722 0.1000000015
10098  35.464  -77.860  36.514 0.1000000015
10137  34.855  -77.332  33.062 0.1000000015
10140  32.159  -77.344  33.709 0.1000000015
10146  35.835  -78.289  32.886 0.1000000015
10151  31.039  -77.454  31.676 0.1000000015
10161  34.314  -77.146  31.633 0.1000000015
10177  32.980  -77.315  29.693 0.1000000015
10193  34.774  -77.250  30.112 0.1000000015
10986  37.739  -76.633  43.364 0.1000000015
11011  37.215  -76.497  41.706 0.1000000015
11045  32.872  -76.070  37.900 0.1000000015
11083  36.802  -75.897  35.255 0.1000000015
11085  33.060  -76.570  35.855 0.1000000015
11098  35.342  -76.620  33.894 0.1000000015
11111  34.435  -76.590  33.125 0.1000000015
11124  43.992  -76.234  32.442 0.1000000015
11125  43.526  -76.439  32.560 0.1000000015
11127  34.204  -76.544  32.007 0.1000000015
11147  30.622  -77.156  31.561 0.1000000015
11162  35.019  -76.100  29.889 0.1000000015
11164  33.404  -76.392  29.444 0.1000000015
11165  33.069  -76.705  29.808 0.1000000015
11181  35.115  -76.292  29.544 0.1000000015
11222  29.154  -76.649  27.586 0.1000000015
12019  36.737  -74.726  36.087 0.1000000015
12074  44.043  -75.353  32.265 0.1000000015
12089  44.110  -76.018  32.307 0.1000000015
12090  43.966  -75.786  32.018 0.1000000015
12112  31.671  -75.843  30.437 0.1000000015
12134  34.589  -75.202  28.388 0.1000000015
12136  31.060  -76.228  29.828 0.1000000015
12158  34.344  -75.935  28.229 0.1000000015
13037  32.252  -74.925  37.433 0.1000000015
13087  34.489  -74.730  33.662 0.1000000015
13096  44.364  -75.131  33.150 0.1000000015
13097  44.136  -74.886  32.616 0.1000000015
13167  34.154  -74.766  29.017 0.1000000015
14045  45.616  -73.072  34.887 0.2000000030
14052  35.028  -73.839  34.492 0.1000000015
14069  34.387  -73.884  33.356 0.1000000015
14114  39.603  -73.649  30.510 0.1000000015
14120  33.100  -73.873  30.335 0.1000000015
14142  31.251  -73.133  29.991 0.1000000015
15039  45.937  -72.570  34.883 0.2000000030
15066  43.099  -73.529  32.118 0.2000000030
15069  40.761  -72.442  32.298 0.1000000015
15079  40.906  -73.462  31.559 0.1000000015
15086  35.067  -72.808  31.969 0.1000000015
15092  42.776  -72.987  29.913 0.2000000030
15098  32.316  -72.652  30.388 0.1000000015
15128  44.843  -72.480  28.689 0.1000000015
15132  35.485  -73.575  28.887 0.1000000015
15142  45.293  -72.068  28.264 0.1000000015
15146  31.029  -72.264  27.320 0.1000000015
15147  30.799  -72.591  27.625 0.1000000015
16054  47.273  -70.651  39.249 0.1000000015
16055  47.101  -70.826  39.247 0.1000000015
16064  47.303  -70.839  39.088 0.1000000015
16065  46.976  -71.193  39.047 0.1000000015
16086  46.928  -71.758  36.930 0.2000000030
16107  46.875  -71.301  34.843 0.2000000030
16126  46.086  -71.501  34.424 0.2000000030
16132  35.184  -71.852  33.482 0.1000000015
16133  34.887  -72.345  33.291 0.1000000015
16146  39.783  -71.343  31.929 0.1000000015
16147  36.108  -71.143  32.347 0.1000000015
16171  39.128  -72.118  30.811 0.1000000015
16172  33.669  -72.542  29.876 0.1000000015
16184  43.542  -72.185  29.095 0.2000000030
16198  45.831  -71.313  28.327 0.2000000030
16211  30.704  -72.015  27.998 0.1000000015
16217  45.290  -71.967  27.548 0.1000000015
16220  31.110  -71.806  27.512 0.1000000015
16237  45.416  -71.272  26.555 0.2000000030
16243  37.602  -71.137  24.508 0.1000000015
17175  47.367  -70.233  39.436 0.1000000015
17184  47.871  -69.949  39.309 0.1000000015
17211  45.163  -70.462  36.705 0.2000000030
17225  43.456  -71.068  35.584 0.1000000015
17237  47.131  -70.809  34.739 0.2000000030
17238  46.759  -71.187  34.655 0.2000000030
17245  35.952  -71.313  34.457 0.1000000015
17255  46.499  -70.867  34.415 0.2000000030
17256  45.971  -71.122  34.286 0.3000000119
17262  40.050  -70.342  33.255 0.1000000015
17317  42.155  -70.889  29.091 0.4000000060
17320  33.182  -70.835  29.211 0.1000000015
17326  45.955  -71.152  28.306 0.2000000030
17331  41.134  -69.885  28.622 0.4000000060
17332  40.783  -69.592  28.832 0.4000000060
17333  38.037  -71.086  28.226 0.1000000015
17338  33.175  -70.192  28.548 0.1000000015
17339  32.284  -70.329  28.176 0.1000000015
17340  31.584  -70.911  27.883 0.1000000015
17355  42.474  -70.049  27.864 0.4000000060
17376  36.876  -69.810  26.412 0.1000000015
17398  36.740  -70.204  25.015 0.1000000015
17413  46.489  -69.717  24.879 0.2000000030
17427  46.656  -69.986  22.735 0.2000000030
17468  46.682  -70.125  21.815 0.3000000119
17548  45.931  -70.050  17.239 0.1000000015
17565  45.051  -70.189  15.802 0.1000000015
18364  47.218  -69.009  41.248 0.1000000015
18365  46.833  -69.134  41.451 0.1000000015
18372  47.338  -69.155  40.790 0.2000000030
18373  46.962  -69.122  41.091 0.1000000015
18379  47.548  -69.486  40.045 0.1000000015
18390  47.880  -70.148  38.358 0.1000000015
18433  48.208  -68.916  36.372 0.3000000119
18435  43.455  -70.233  35.601 0.1000000015
18448  42.220  -70.491  34.924 0.1000000015
18479  41.702  -69.647  32.135 0.5000000000
18506  40.475  -68.956  30.241 0.4000000060
18510  40.764  -69.903  29.405 0.4000000060
18521  42.144  -69.773  27.928 0.4000000060
18526  32.418  -69.997  27.714 0.1000000015
18541  43.554  -69.785  27.432 0.3000000119
18542  42.637  -69.681  27.595 0.3000000119
18544  35.482  -69.595  26.879 0.1000000015
18546  33.992  -69.559  27.288 0.1000000015
18567  32.620  -69.638  26.793 0.1000000015
18579  36.893  -69.834  25.776 0.1000000015
18595  36.482  -70.032  24.737 0.1000000015
18596  35.986  -69.713  24.658 0.1000000015
18609  46.295  -69.670  23.902 0.2000000030
18610  36.321  -70.122  24.080 0.1000000015
18633  47.367  -69.186  22.127 0.1000000015
18635  46.012  -68.833  20.448 0.1000000015
18647  45.991  -69.218  20.081 0.1000000015
18648  45.151  -69.029  19.859 0.1000000015
18694  46.328  -69.802  18.753 0.2000000030
19462  47.118  -68.657  41.337 0.3000000119
19463  46.654  -68.610  41.355 0.3000000119
19469  47.443  -68.801  41.125 0.2000000030
19479  47.969  -68.768  39.823 0.3000000119
19481  46.388  -68.848  40.465 0.1000000015
19537  42.295  -68.943  35.149 0.1000000015
19586  37.880  -68.739  33.002 0.1000000015
19587  37.784  -68.657  33.306 0.1000000015
19598  48.014  -67.720  31.670 0.5000000000
19599  47.694  -67.808  31.880 0.5000000000
19609  40.014  -68.083  30.347 0.4000000060
19617  39.841  -67.948  30.087 0.4000000060
19642  40.303  -68.376  28.097 0.4000000060
19660  41.221  -68.319  27.161 0.4000000060
19670  44.697  -68.250  26.021 0.4000000060
19731  44.412  -69.083  20.162 0.1000000015
20481  46.923  -68.107  41.455 0.3000000119
20484  43.851  -67.270  41.496 0.1000000015
20485  43.111  -67.122  41.312 0.1000000015
20494  47.632  -68.152  40.924 0.3000000119
20495  47.215  -67.794  41.004 0.3000000119
20500  42.619  -67.025  40.880 0.1000000015
20526  46.785  -67.247  39.670 0.4000000060
20560  49.658  -66.497  35.824 0.5000000000
20580  42.488  -68.689  35.423 0.1000000015
20612  38.971  -67.981  33.892 0.1000000015
20618  49.392  -67.068  32.075 0.5000000000
20638  48.547  -67.346  31.600 0.5000000000
20639  47.626  -67.294  31.527 0.5000000000
20641  45.850  -67.226  31.675 0.5000000000
20643  41.113  -68.376  31.850 0.4000000060
20644  40.860  -67.839  31.589 0.4000000060
20652  40.324  -67.907  30.822 0.4000000060
20653  40.031  -67.561  30.424 0.4000000060
20660  39.878  -68.210  29.176 0.4000000060
20670  39.552  -67.202  29.207 0.5000000000
20681  40.875  -68.197  27.287 0.4000000060
20692  47.672  -68.154  26.223 0.1000000015
20706  48.841  -67.163  25.762 0.1000000015
20707  48.073  -67.570  26.021 0.1000000015
20712  42.431  -67.027  25.976 0.3000000119
21514  39.680  -66.176  43.376 0.1000000015
21515  39.310  -66.087  43.443 0.1000000015
21534  43.356  -66.823  41.716 0.1000000015
21550  46.832  -67.682  41.305 0.3000000119
21551  46.269  -67.524  41.418 0.2000000030
21553  43.917  -66.973  41.826 0.1000000015
21555  42.458  -66.809  41.585 0.1000000015
21568  46.696  -67.365  40.974 0.3000000119
21573  42.096  -66.742  40.803 0.1000000015
21574  41.494  -66.468  41.088 0.1000000015
21642  46.992  -66.210  36.940 0.4000000060
21666  50.484  -65.596  33.806 0.5000000000
21668  49.264  -65.596  35.383 0.5000000000
21669  48.983  -65.611  35.396 0.5000000000
21691  41.377  -67.311  32.291 0.4000000060
21713  50.705  -65.549  31.167 0.5000000000
21714  50.366  -65.833  30.857 0.5000000000
21732  39.790  -67.250  28.152 0.4000000060
21762  48.839  -66.436  25.286 0.1000000015
21777  49.111  -66.178  24.792 0.1000000015
21800  44.458  -66.935  22.143 0.1000000015
21815  44.849  -65.990  21.514 0.1000000015
21839  35.303  -66.290  20.244 0.1000000015
21840  34.845  -66.098  20.263 0.1000000015
22582  40.051  -65.889  43.420 0.1000000015
22607  40.536  -65.909  43.070 0.1000000015
22609  38.905  -65.911  42.661 0.1000000015
22647  40.991  -66.065  40.915 0.1000000015
22649  38.537  -64.881  40.981 0.1000000015
22682  46.049  -66.104  38.185 0.2000000030
22683  45.448  -65.871  38.668 0.2000000030
22712  45.283  -65.480  36.724 0.3000000119
22718  49.717  -65.651  35.281 0.5000000000
22719  49.487  -65.616  35.359 0.5000000000
22735  45.048  -65.387  35.158 0.3000000119
22741  51.541  -64.975  32.907 0.5000000000
22743  50.518  -65.077  33.728 0.5000000000
22758  50.063  -64.894  33.365 0.5000000000
22769  50.993  -65.345  31.736 0.5000000000
22783  51.310  -64.648  31.047 0.5000000000
22784  50.925  -65.098  30.816 0.5000000000
22794  39.794  -65.985  30.674 0.5000000000
22802  50.837  -64.926  30.146 0.5000000000
22803  49.361  -64.983  30.246 0.5000000000
22813  39.352  -65.505  28.798 0.5000000000
22827  39.480  -65.482  27.732 0.5000000000
22839  48.776  -65.922  24.974 0.1000000015
22859  44.821  -64.745  24.796 0.1000000015
22874  45.909  -65.892  21.959 0.1000000015
22886  48.985  -65.221  21.437 0.1000000015
22889  46.380  -65.336  20.898 0.2000000030
22909  48.042  -64.974  20.082 0.2000000030
22910  47.714  -65.190  19.717 0.2000000030
22923  35.066  -65.902  20.339 0.1000000015
22936  47.746  -65.313  18.545 0.1000000015
22954  47.837  -65.417  17.828 0.1000000015
22955  47.335  -65.571  17.938 0.2000000030
22956  46.229  -65.471  17.993 0.1000000015
22957  45.659  -65.465  17.686 0.1000000015
22969  47.949  -65.279  17.514 0.2000000030
22971  46.853  -65.494  17.227 0.1000000015
22981  47.889  -65.271  17.136 0.2000000030
22982  47.325  -65.281  16.767 0.2000000030
22983  46.444  -65.387  16.458 0.2000000030
22984  45.430  -65.413  16.178 0.2000000030
22985  44.828  -65.280  15.768 0.1000000015
22994  46.182  -65.205  15.905 0.1000000015
23718  39.818  -65.660  43.441 0.1000000015
23737  42.483  -65.483  42.083 0.1000000015
23756  42.411  -64.973  41.688 0.1000000015
23758  40.673  -64.344  42.202 0.1000000015
23759  39.482  -65.428  41.228 0.1000000015
23760  39.209  -65.015  41.077 0.1000000015
23791  42.340  -64.018  39.153 0.1000000015
23811  43.477  -64.637  37.221 0.2000000030
23822  43.125  -64.450  36.695 0.2000000030
23836  42.730  -64.161  36.202 0.2000000030
23859  51.338  -64.819  33.039 0.5000000000
23860  50.961  -64.794  33.256 0.5000000000
23861  50.700  -64.801  33.341 0.5000000000
23862  48.537  -65.193  33.317 0.4000000060
23876  51.267  -64.602  32.461 0.5000000000
23888  51.369  -64.428  31.907 0.5000000000
23889  49.673  -63.858  32.074 0.5000000000
23891  43.111  -64.494  31.097 0.4000000060
23894  40.203  -65.093  31.334 0.5000000000
23901  51.294  -64.516  30.689 0.5000000000
23903  49.792  -65.038  30.016 0.5000000000
23905  46.805  -64.713  30.546 0.5000000000
23909  43.711  -64.194  30.826 0.4000000060
23919  51.151  -64.297  30.192 0.5000000000
23921  49.414  -64.518  29.934 0.5000000000
23922  48.461  -64.500  30.099 0.5000000000
23950  41.267  -64.473  25.899 0.3000000119
23952  39.694  -64.352  26.991 0.4000000060
23974  44.542  -64.260  24.489 0.1000000015
23975  43.863  -64.104  24.446 0.1000000015
24002  49.220  -65.100  21.559 0.1000000015
24012  48.101  -64.740  20.142 0.1000000015
24018  39.233  -64.644  20.230 0.1000000015
24021  36.639  -65.125  20.547 0.1000000015
24033  47.948  -64.647  19.690 0.2000000030
24035  45.549  -65.370  18.245 0.1000000015
24058  48.046  -65.141  18.085 0.2000000030
24077  47.866  -64.487  17.050 0.2000000030
24079  45.162  -65.360  17.125 0.1000000015
24096  47.795  -64.984  16.922 0.2000000030
24097  47.282  -64.809  16.491 0.2000000030
24099  45.094  -65.373  16.682 0.1000000015
24110  46.707  -64.907  15.898 0.1000000015
24112  44.985  -64.570  15.487 0.2000000030
24887  34.824  -63.321  43.416 0.1000000015
24952  41.481  -63.534  39.216 0.2000000030
24965  41.523  -63.398  38.501 0.2000000030
24966  41.057  -63.257  38.773 0.2000000030
24972  42.077  -63.824  37.726 0.2000000030
24984  41.610  -63.492  37.075 0.2000000030
24997  42.711  -63.909  35.664 0.2000000030
25005  43.662  -64.199  34.763 0.2000000030
25023  50.316  -63.751  32.093 0.5000000000
25036  47.768  -63.004  31.817 0.2000000030
25038  41.771  -63.985  31.428 0.5000000000
25039  40.990  -64.085  31.393 0.5000000000
25048  46.638  -63.784  30.420 0.5000000000
25064  51.520  -63.426  30.308 0.5000000000
25069  47.103  -63.232  30.088 0.4000000060
25116  42.210  -63.377  24.465 0.3000000119
25133  48.440  -63.985  21.608 0.1000000015
25138  44.024  -63.333  22.449 0.1000000015
25153  48.059  -63.670  21.068 0.1000000015
25158  43.328  -63.128  21.737 0.2000000030
25169  48.029  -63.972  20.284 0.1000000015
25181  47.972  -64.513  19.938 0.1000000015
25183  47.556  -63.903  19.458 0.2000000030
25203  48.026  -64.669  18.323 0.3000000119
25223  48.021  -64.380  17.679 0.2000000030
25237  45.728  -63.855  16.553 0.3000000119
25260  44.126  -63.347  14.944 0.2000000030
26067  38.058  -62.520  41.670 0.1000000015
26111  39.878  -62.853  40.053 0.2000000030
26134  39.458  -62.355  39.465 0.2000000030
26135  38.907  -62.158  39.722 0.1000000015
26162  41.294  -63.097  37.953 0.2000000030
26172  41.232  -63.002  37.290 0.2000000030
26198  42.865  -63.148  34.584 0.2000000030
26210  42.568  -62.136  34.369 0.2000000030
26230  42.253  -63.528  31.360 0.5000000000
26237  51.556  -62.688  30.529 0.4000000060
26260  44.946  -62.029  30.054 0.4000000060
26268  48.666  -62.044  29.002 0.5000000000
26299  39.938  -62.153  25.291 0.5000000000
26307  42.097  -63.182  23.916 0.3000000119
26315  41.688  -62.786  23.359 0.4000000060
26325  41.960  -63.064  22.484 0.2000000030
26337  42.743  -62.841  21.163 0.2000000030
26338  41.937  -62.728  21.397 0.3000000119
26364  46.290  -63.379  19.390 0.2000000030
27235  37.041  -61.100  41.718 0.1000000015
27302  38.613  -61.479  39.648 0.1000000015
27344  40.488  -61.801  36.743 0.2000000030
27359  40.718  -61.681  36.130 0.2000000030
27399  51.103  -61.978  30.728 0.3000000119
27433  39.558  -61.243  29.702 0.4000000060
27435  38.782  -60.518  28.809 0.4000000060
27443  50.874  -60.971  28.700 0.2000000030
27448  46.094  -61.054  29.145 0.3000000119
27461  50.031  -60.509  27.555 0.1000000015
27463  48.966  -61.021  27.895 0.2000000030
27464  38.821  -62.071  27.633 0.4000000060
27465  38.699  -61.440  27.394 0.4000000060
27473  38.970  -61.464  25.995 0.4000000060
27474  38.715  -61.374  26.607 0.4000000060
27489  39.630  -61.287  24.441 0.3000000119
27504  40.022  -61.244  23.172 0.4000000060
27529  42.304  -62.138  19.964 0.2000000030
27538  42.371  -61.674  19.220 0.2000000030
27557  43.491  -61.820  17.960 0.2000000030
27558  42.850  -61.551  18.278 0.2000000030
27594  43.889  -60.958  16.810 0.3000000119
28470  37.299  -60.351  41.702 0.1000000015
28509  38.177  -60.482  40.393 0.1000000015
28510  37.754  -60.430  40.829 0.1000000015
28548  38.945  -60.546  38.815 0.1000000015
28549  38.630  -60.839  39.297 0.1000000015
28634  50.381  -60.619  30.616 0.2000000030
28646  51.360  -60.734  29.765 0.3000000119
28648  50.651  -60.374  30.426 0.2000000030
28649  50.149  -60.112  30.512 0.2000000030
28660  51.065  -60.525  29.106 0.2000000030
28661  50.890  -60.111  28.880 0.2000000030
28667  39.812  -60.515  29.712 0.4000000060
28668  39.071  -60.156  29.048 0.4000000060
28669  38.835  -60.252  28.810 0.4000000060
28679  50.733  -60.399  28.483 0.2000000030
28687  38.727  -60.123  28.500 0.4000000060
28699  48.137  -60.443  27.396 0.1000000015
28711  38.711  -60.895  26.255 0.4000000060
28720  38.676  -60.475  26.274 0.4000000060
28741  39.593  -60.571  23.051 0.3000000119
28763  41.069  -61.247  20.115 0.3000000119
28789  41.505  -60.155  18.698 0.2000000030
28859  46.017  -60.308  13.999 0.1000000015
28860  45.405  -60.605  14.406 0.1000000015
28878  47.233  -60.336  13.013 0.1000000015
28879  46.334  -60.604  13.046 0.1000000015
28897  47.701  -59.938  12.236 0.1000000015
29698  35.507  -59.420  43.265 0.1000000015
29724  35.896  -59.806  42.660 0.1000000015
29742  37.846  -59.177  41.111 0.1000000015
29757  37.703  -59.840  41.055 0.1000000015
29835  42.293  -59.658  34.816 0.1000000015
29849  42.648  -59.361  34.532 0.1000000015
29890  49.860  -59.008  30.813 0.2000000030
29900  51.187  -60.152  29.870 0.2000000030
29903  49.803  -59.629  30.620 0.2000000030
29915  50.742  -59.744  29.329 0.2000000030
29918  42.431  -59.259  29.427 0.3000000119
29938  42.957  -59.157  28.727 0.4000000060
29939  39.280  -59.328  28.855 0.4000000060
29940  38.854  -59.530  28.487 0.4000000060
29963  49.736  -59.220  26.740 0.1000000015
29964  49.136  -59.179  26.451 0.1000000015
29978  38.733  -59.575  25.768 0.4000000060
30026  39.702  -58.974  20.904 0.3000000119
30073  42.867  -58.937  16.351 0.2000000030
30091  44.134  -59.031  15.626 0.2000000030
30106  46.877  -59.540  14.211 0.1000000015
30124  47.382  -59.772  13.610 0.1000000015
30140  49.037  -59.327  12.736 0.1000000015
30141  48.461  -59.540  12.649 0.1000000015
30153  48.922  -59.245  12.471 0.1000000015
31008  35.541  -58.521  43.731 0.1000000015
31035  36.580  -58.662  42.624 0.1000000015
31149  41.160  -58.498  35.319 0.1000000015
31230  50.374  -59.337  30.208 0.2000000030
31244  41.884  -58.758  29.411 0.3000000119
31245  40.953  -58.809  29.440 0.4000000060
31256  42.441  -58.535  28.784 0.3000000119
31259  39.522  -58.306  28.567 0.4000000060
31276  38.609  -59.238  27.385 0.4000000060
31289  45.012  -58.661  25.860 0.1000000015
31291  43.652  -57.979  27.040 0.2000000030
31293  38.576  -59.170  26.880 0.4000000060
31304  45.272  -58.126  25.146 0.1000000015
31306  43.855  -58.123  24.984 0.1000000015
31308  38.605  -59.157  26.224 0.4000000060
31362  39.846  -58.844  20.449 0.3000000119
31373  39.770  -58.504  20.298 0.3000000119
31380  41.090  -58.332  18.551 0.2000000030
31390  41.465  -58.294  17.781 0.1000000015
31426  48.033  -58.820  14.101 0.1000000015
31427  47.397  -58.748  14.317 0.1000000015
31437  49.182  -58.863  13.153 0.1000000015
31455  49.218  -58.870  12.722 0.1000000015
32452  39.132  -58.017  38.648 0.1000000015
32453  38.868  -57.810  39.012 0.1000000015
32519  40.958  -58.000  35.236 0.1000000015
32544  40.728  -57.147  35.325 0.1000000015
32588  48.730  -57.695  30.744 0.2000000030
32607  47.128  -57.462  29.744 0.1000000015
32615  48.282  -58.287  29.090 0.1000000015
32628  40.029  -57.672  28.510 0.4000000060
32653  43.948  -57.935  25.655 0.1000000015
32735  39.604  -57.494  21.963 0.2000000030
32758  39.672  -57.468  20.833 0.2000000030
32775  39.684  -58.074  20.233 0.3000000119
32798  42.411  -57.354  16.987 0.2000000030
32831  45.532  -57.962  14.626 0.1000000015
32832  44.821  -57.601  14.877 0.1000000015
32848  46.036  -57.582  14.263 0.1000000015
33794  39.102  -57.505  38.332 0.1000000015
33968  41.517  -56.408  27.529 0.2000000030
34120  40.673  -56.687  19.243 0.1000000015
34196  48.192  -56.803  13.056 0.1000000015
34198  46.275  -56.407  13.455 0.1000000015
35160  39.784  -55.795  35.995 0.1000000015
35188  44.414  -55.388  33.238 0.1000000015
35222  47.259  -55.900  31.481 0.1000000015
35267  41.044  -55.977  27.196 0.2000000030
35368  40.069  -55.502  21.100 0.1000000015
35369  39.926  -55.476  21.656 0.2000000030
35388  40.340  -55.297  20.709 0.1000000015
35404  41.157  -55.371  19.383 0.1000000015
35405  40.759  -55.407  19.964 0.1000000015
35420  41.774  -54.919  18.410 0.1000000015
35439  41.626  -55.941  18.328 0.1000000015
35469  44.004  -56.109  15.265 0.1000000015
35470  43.554  -55.747  15.545 0.1000000015
36351  40.431  -54.705  35.467 0.1000000015
36391  46.205  -54.227  32.405 0.1000000015
36554  40.280  -54.187  22.629 0.1000000015
36583  39.918  -55.040  21.749 0.1000000015
36602  41.094  -54.201  20.216 0.1000000015
36630  41.666  -54.655  18.787 0.1000000015
36659  43.014  -54.237  16.360 0.1000000015
36684  43.741  -55.167  14.932 0.1000000015
37604  46.129  -53.955  32.497 0.1000000015
40280  42.823  -51.865  17.190 0.1000000015
