#!ascii label  , from subject 3178 vox2ras=TkReg
992
59559  -34.536  -23.467  62.417 0.0000000000
53158  -19.340  -27.487  64.016 0.0000000000
53190  -25.732  -28.880  62.008 0.0000000000
91243  -45.779  0.481  46.849 0.0000000000
93947  -52.233  2.739  40.452 0.0000000000
51715  -12.367  -27.339  68.163 0.0000000000
85503  -42.151  -2.208  49.841 0.0000000000
62119  -36.107  -20.324  60.374 0.0000000000
54495  -30.908  -26.329  62.088 0.0000000000
51760  -15.366  -27.955  65.297 0.0000000000
48078  -16.013  -31.978  69.663 0.0000000000
58322  -29.200  -23.717  57.269 0.0000000000
63448  -30.650  -19.533  55.920 0.0000000000
55687  -21.974  -26.598  63.955 0.0000000000
56988  -26.291  -23.769  59.018 0.0000000000
73347  -39.123  -13.012  50.158 0.0000000000
78832  -43.226  -9.182  49.011 0.0000000000
82937  -46.345  -6.461  47.553 0.0000000000
45668  -9.285  -33.689  69.491 0.0000000000
44231  -5.403  -34.308  70.772 0.0000000000
69078  -30.183  -15.930  55.203 0.0000000000
73281  -31.921  -12.950  53.567 0.0000000000
71940  -35.016  -14.121  51.593 0.0000000000
46924  -12.357  -33.021  69.259 0.0000000000
50456  -19.981  -30.289  66.557 0.0000000000
53120  -21.687  -28.288  66.188 0.0000000000
55717  -32.591  -25.412  62.152 0.0000000000
55644  -16.990  -24.279  65.036 0.0000000000
51794  -16.952  -27.365  64.161 0.0000000000
49262  -18.321  -30.630  66.738 0.0000000000
59592  -27.806  -21.534  60.571 0.0000000000
57006  -27.306  -23.706  58.488 0.0000000000
77569  -38.779  -9.150  50.133 0.0000000000
74761  -42.126  -11.622  49.677 0.0000000000
80135  -40.074  -7.131  50.139 0.0000000000
84243  -43.174  -4.353  47.300 0.0000000000
85558  -44.799  -3.165  46.243 0.0000000000
84248  -48.250  -4.929  46.539 0.0000000000
88536  -47.111  -1.641  44.652 0.0000000000
90014  -48.556  -0.734  43.441 0.0000000000
67616  -28.442  -16.819  59.082 0.0000000000
66213  -30.476  -17.849  56.015 0.0000000000
70429  -28.524  -14.494  58.114 0.0000000000
74655  -29.843  -11.195  54.509 0.0000000000
76062  -31.920  -10.308  52.661 0.0000000000
73298  -32.412  -14.038  53.012 0.0000000000
76113  -33.619  -10.382  51.551 0.0000000000
73344  -36.099  -11.448  50.959 0.0000000000
53187  -23.131  -27.340  62.332 0.0000000000
49224  -10.001  -30.114  68.566 0.0000000000
49241  -11.723  -30.708  67.278 0.0000000000
41330  -5.493  -37.417  72.942 0.0000000000
41328  -3.714  -36.775  72.725 0.0000000000
84194  -40.092  -4.544  51.126 0.0000000000
64743  -36.787  -18.262  60.317 0.0000000000
53193  -28.865  -28.021  62.653 0.0000000000
53098  -13.954  -27.324  66.954 0.0000000000
49258  -13.352  -30.627  66.625 0.0000000000
49260  -15.771  -31.345  66.438 0.0000000000
92622  -54.283  1.128  38.947 0.0000000000
58298  -31.592  -23.916  59.209 0.0000000000
60931  -32.944  -21.948  58.080 0.0000000000
60943  -28.990  -21.531  56.740 0.0000000000
56922  -18.118  -24.052  64.145 0.0000000000
55685  -20.709  -26.133  64.320 0.0000000000
58240  -20.290  -23.032  62.935 0.0000000000
56968  -21.710  -23.701  61.526 0.0000000000
56984  -23.724  -25.234  60.407 0.0000000000
58269  -25.538  -22.569  60.916 0.0000000000
54523  -26.110  -26.872  59.484 0.0000000000
54525  -28.590  -26.658  59.391 0.0000000000
55743  -30.444  -25.435  59.782 0.0000000000
70533  -39.799  -15.549  52.658 0.0000000000
82910  -41.828  -5.871  48.967 0.0000000000
81543  -44.311  -7.219  48.701 0.0000000000
90019  -50.178  -0.754  42.329 0.0000000000
45665  -6.911  -34.018  70.054 0.0000000000
42741  -7.689  -36.317  72.506 0.0000000000
62146  -33.533  -20.836  57.779 0.0000000000
64798  -34.471  -18.254  57.092 0.0000000000
67643  -34.626  -16.625  56.960 0.0000000000
73248  -28.623  -12.259  56.167 0.0000000000
71862  -31.292  -14.311  54.411 0.0000000000
71845  -33.939  -14.574  56.923 0.0000000000
73251  -34.935  -14.630  56.324 0.0000000000
70509  -35.840  -15.905  55.307 0.0000000000
69122  -37.931  -16.187  53.312 0.0000000000
70572  -37.945  -14.470  51.138 0.0000000000
74745  -37.312  -10.422  50.664 0.0000000000
54437  -22.290  -27.186  66.383 0.0000000000
49208  -9.119  -30.302  69.624 0.0000000000
46922  -10.348  -32.649  68.787 0.0000000000
48076  -14.368  -32.268  69.282 0.0000000000
41344  -2.679  -36.631  72.217 0.0000000000
51761  -20.244  -29.540  65.419 0.0000000000
51762  -21.363  -29.362  65.984 0.0000000000
53139  -21.317  -28.257  65.248 0.0000000000
58247  -33.885  -24.531  62.707 0.0000000000
54460  -17.733  -26.391  63.951 0.0000000000
54449  -17.029  -25.697  64.661 0.0000000000
51796  -18.724  -28.173  64.329 0.0000000000
50479  -18.937  -29.905  65.216 0.0000000000
78815  -38.382  -7.959  51.275 0.0000000000
77570  -39.645  -9.257  49.690 0.0000000000
81521  -38.650  -6.823  50.699 0.0000000000
89977  -44.706  -0.432  47.304 0.0000000000
86962  -44.372  -1.916  46.562 0.0000000000
88515  -44.698  -0.959  46.417 0.0000000000
86964  -46.329  -2.292  45.452 0.0000000000
90002  -46.004  -0.366  44.813 0.0000000000
91262  -46.996  0.079  44.470 0.0000000000
67628  -28.648  -16.274  58.292 0.0000000000
77459  -31.385  -8.416  54.495 0.0000000000
76087  -32.815  -10.301  51.900 0.0000000000
77506  -34.025  -8.587  52.588 0.0000000000
74689  -34.794  -9.194  52.082 0.0000000000
53189  -24.596  -28.443  62.041 0.0000000000
53161  -24.821  -28.394  64.057 0.0000000000
53162  -25.853  -28.716  64.082 0.0000000000
50437  -11.319  -29.157  67.974 0.0000000000
50449  -11.821  -28.673  67.603 0.0000000000
91292  -52.427  0.586  40.532 0.0000000000
41329  -4.366  -36.769  72.582 0.0000000000
62102  -36.855  -21.308  62.168 0.0000000000
63375  -36.699  -19.419  61.035 0.0000000000
54494  -29.715  -27.564  62.262 0.0000000000
54466  -31.495  -27.621  64.194 0.0000000000
54433  -15.455  -25.972  66.072 0.0000000000
54416  -15.581  -26.237  66.915 0.0000000000
53076  -14.799  -26.209  67.398 0.0000000000
51740  -14.849  -27.686  65.825 0.0000000000
50452  -14.858  -29.738  65.925 0.0000000000
50464  -15.131  -29.039  65.567 0.0000000000
49247  -19.351  -30.686  67.859 0.0000000000
49246  -18.042  -31.001  67.871 0.0000000000
58314  -30.386  -23.737  57.957 0.0000000000
59625  -31.495  -23.014  57.558 0.0000000000
59636  -29.819  -22.465  56.778 0.0000000000
58215  -18.767  -22.702  64.586 0.0000000000
56940  -19.396  -23.496  63.374 0.0000000000
59553  -20.015  -22.047  63.693 0.0000000000
59565  -21.663  -21.976  62.079 0.0000000000
59578  -22.498  -22.127  61.461 0.0000000000
55725  -22.768  -25.619  61.351 0.0000000000
58267  -23.911  -23.046  61.020 0.0000000000
56958  -26.519  -22.534  61.489 0.0000000000
56973  -25.936  -23.063  60.240 0.0000000000
56986  -24.848  -24.632  59.825 0.0000000000
56987  -25.547  -24.315  59.382 0.0000000000
54524  -27.339  -26.926  59.527 0.0000000000
55740  -26.465  -25.666  58.631 0.0000000000
58312  -28.041  -23.487  57.993 0.0000000000
55781  -28.653  -25.149  57.966 0.0000000000
57026  -29.627  -24.699  57.969 0.0000000000
57009  -31.182  -24.625  59.551 0.0000000000
71942  -39.996  -14.757  51.634 0.0000000000
71944  -41.539  -14.674  51.838 0.0000000000
71970  -40.926  -14.079  50.975 0.0000000000
76128  -42.538  -10.640  49.304 0.0000000000
74762  -43.123  -11.573  49.637 0.0000000000
85485  -40.998  -2.827  50.874 0.0000000000
84218  -40.608  -4.661  49.375 0.0000000000
85519  -41.722  -3.508  48.759 0.0000000000
84234  -44.547  -5.170  47.049 0.0000000000
82935  -43.759  -5.845  47.849 0.0000000000
82914  -46.043  -6.711  48.367 0.0000000000
81525  -46.997  -7.828  49.333 0.0000000000
90018  -49.451  -1.013  42.820 0.0000000000
91268  -49.418  0.933  42.499 0.0000000000
91273  -50.024  0.420  41.776 0.0000000000
48052  -7.936  -31.547  69.778 0.0000000000
46894  -6.942  -32.258  70.348 0.0000000000
44253  -8.359  -34.384  70.038 0.0000000000
42742  -8.688  -35.792  72.305 0.0000000000
41332  -7.270  -36.877  73.581 0.0000000000
62163  -31.258  -20.903  56.035 0.0000000000
60932  -33.799  -21.387  58.373 0.0000000000
62164  -32.483  -20.715  57.038 0.0000000000
67656  -30.956  -16.959  55.286 0.0000000000
64819  -32.638  -18.911  55.340 0.0000000000
66215  -32.835  -17.820  55.514 0.0000000000
66194  -34.325  -17.698  56.681 0.0000000000
67658  -33.236  -16.834  55.714 0.0000000000
74623  -29.182  -11.431  57.128 0.0000000000
73280  -31.113  -12.431  53.615 0.0000000000
73265  -30.385  -12.717  53.908 0.0000000000
71883  -32.251  -14.269  54.335 0.0000000000
71864  -32.824  -14.723  55.269 0.0000000000
73249  -33.332  -14.618  55.523 0.0000000000
73250  -34.063  -14.647  56.098 0.0000000000
73268  -33.709  -14.395  55.036 0.0000000000
71939  -34.082  -14.164  51.968 0.0000000000
70506  -33.813  -15.175  53.515 0.0000000000
70530  -35.196  -15.779  53.276 0.0000000000
69109  -36.303  -16.151  54.625 0.0000000000
70553  -36.016  -15.338  51.897 0.0000000000
70554  -37.487  -15.276  51.716 0.0000000000
70570  -36.212  -14.296  51.145 0.0000000000
74717  -36.343  -10.064  51.550 0.0000000000
73319  -36.634  -10.798  50.992 0.0000000000
74718  -36.969  -9.773  51.486 0.0000000000
55686  -21.403  -26.381  64.268 0.0000000000
55647  -21.884  -26.845  65.682 0.0000000000
55648  -22.266  -26.979  65.606 0.0000000000
48073  -10.809  -32.208  68.108 0.0000000000
48072  -9.852  -31.402  68.432 0.0000000000
46923  -11.426  -33.051  68.923 0.0000000000
49244  -15.441  -31.994  67.856 0.0000000000
49243  -14.056  -31.743  67.218 0.0000000000
48077  -15.253  -31.895  69.468 0.0000000000
49248  -20.494  -30.451  68.357 0.0000000000
50441  -20.888  -29.815  67.908 0.0000000000
51718  -21.642  -28.938  68.598 0.0000000000
54389  -22.485  -27.986  68.414 0.0000000000
54496  -31.724  -25.898  62.449 0.0000000000
54467  -32.324  -27.327  64.194 0.0000000000
55643  -16.491  -24.518  65.579 0.0000000000
54434  -16.059  -25.546  65.766 0.0000000000
51778  -15.888  -27.646  64.991 0.0000000000
50465  -16.203  -29.551  65.470 0.0000000000
50477  -17.197  -29.016  65.054 0.0000000000
50455  -19.067  -30.284  66.479 0.0000000000
59622  -28.059  -22.697  58.275 0.0000000000
60913  -27.405  -20.664  59.158 0.0000000000
56975  -27.098  -22.541  61.421 0.0000000000
57005  -27.070  -24.472  58.557 0.0000000000
58296  -27.835  -22.910  58.974 0.0000000000
74758  -38.895  -11.125  49.530 0.0000000000
73366  -40.651  -12.330  49.958 0.0000000000
76126  -40.291  -10.390  49.197 0.0000000000
77571  -40.653  -9.415  49.177 0.0000000000
78846  -41.970  -8.370  49.141 0.0000000000
85532  -42.599  -3.482  47.848 0.0000000000
86938  -43.448  -1.817  48.035 0.0000000000
85544  -44.496  -3.802  46.497 0.0000000000
84246  -45.786  -4.997  46.442 0.0000000000
82958  -47.999  -5.826  47.168 0.0000000000
84260  -47.076  -4.082  46.169 0.0000000000
85560  -47.166  -3.284  45.526 0.0000000000
86977  -48.254  -2.833  44.957 0.0000000000
90011  -47.974  -0.920  43.823 0.0000000000
91263  -47.494  0.573  43.985 0.0000000000
45644  -9.832  -34.090  70.393 0.0000000000
44235  -9.470  -34.750  70.826 0.0000000000
44210  -10.525  -35.119  71.685 0.0000000000
64777  -28.973  -18.431  57.814 0.0000000000
63471  -31.167  -19.043  55.882 0.0000000000
66191  -29.619  -17.767  57.247 0.0000000000
67654  -28.770  -16.416  56.568 0.0000000000
69077  -28.803  -15.550  55.777 0.0000000000
76003  -30.003  -9.975  56.102 0.0000000000
77458  -30.636  -9.161  54.912 0.0000000000
76043  -31.089  -10.120  53.982 0.0000000000
74672  -31.224  -11.503  53.246 0.0000000000
73297  -32.351  -12.909  53.053 0.0000000000
74688  -31.880  -11.851  52.664 0.0000000000
74740  -33.071  -11.938  51.886 0.0000000000
73342  -34.562  -12.133  51.169 0.0000000000
71965  -35.257  -12.914  50.772 0.0000000000
74742  -34.960  -10.968  51.468 0.0000000000
54477  -22.410  -26.689  63.118 0.0000000000
54452  -22.525  -27.870  64.706 0.0000000000
53160  -23.637  -28.023  64.133 0.0000000000
49240  -10.896  -30.278  67.815 0.0000000000
48093  -12.463  -31.955  67.635 0.0000000000
42739  -5.488  -36.116  71.531 0.0000000000
44230  -4.564  -34.504  70.841 0.0000000000
42738  -4.550  -35.541  71.361 0.0000000000
42737  -3.916  -35.469  71.601 0.0000000000
42721  -3.246  -35.714  72.055 0.0000000000
66139  -36.566  -17.345  59.576 0.0000000000
53191  -26.957  -28.775  62.082 0.0000000000
53164  -27.835  -28.670  64.118 0.0000000000
53052  -13.817  -26.065  68.987 0.0000000000
53097  -13.282  -27.399  67.088 0.0000000000
51737  -12.870  -28.186  67.119 0.0000000000
51738  -13.645  -28.311  66.262 0.0000000000
49259  -14.445  -31.011  66.511 0.0000000000
49261  -17.051  -30.988  66.400 0.0000000000
49245  -16.884  -31.708  67.756 0.0000000000
49227  -16.608  -31.946  69.177 0.0000000000
92620  -52.831  2.070  39.691 0.0000000000
58273  -33.059  -23.849  61.374 0.0000000000
59594  -33.702  -22.784  60.313 0.0000000000
59608  -32.584  -23.014  58.887 0.0000000000
60930  -32.134  -22.397  57.686 0.0000000000
62162  -29.533  -20.442  56.524 0.0000000000
62143  -27.661  -20.228  58.228 0.0000000000
62144  -28.349  -19.724  57.597 0.0000000000
63447  -29.071  -19.133  56.850 0.0000000000
66156  -28.143  -17.495  59.862 0.0000000000
54461  -18.680  -26.323  63.752 0.0000000000
54462  -19.965  -26.695  64.045 0.0000000000
55684  -19.493  -25.545  63.717 0.0000000000
56924  -20.188  -24.962  63.452 0.0000000000
56942  -20.909  -24.401  62.965 0.0000000000
59554  -20.681  -21.921  62.779 0.0000000000
58241  -21.092  -23.067  62.457 0.0000000000
56956  -21.736  -25.025  62.449 0.0000000000
55714  -22.648  -26.196  62.301 0.0000000000
54492  -23.512  -27.154  61.358 0.0000000000
53201  -24.387  -27.660  61.331 0.0000000000
59568  -24.588  -21.686  61.727 0.0000000000
56971  -24.266  -23.645  60.037 0.0000000000
55738  -24.615  -25.764  59.930 0.0000000000
54508  -25.722  -27.619  60.317 0.0000000000
54509  -26.893  -27.660  60.408 0.0000000000
54510  -28.395  -27.684  60.885 0.0000000000
54511  -29.997  -26.850  60.616 0.0000000000
55760  -27.861  -25.426  58.398 0.0000000000
54526  -29.473  -26.184  59.632 0.0000000000
54512  -30.821  -26.435  61.080 0.0000000000
55728  -31.682  -25.642  60.730 0.0000000000
58272  -32.399  -24.318  61.165 0.0000000000
56908  -17.481  -23.760  64.905 0.0000000000
73367  -41.700  -12.387  50.035 0.0000000000
81538  -39.656  -5.761  49.771 0.0000000000
81540  -41.332  -6.327  49.301 0.0000000000
80155  -42.598  -7.650  48.793 0.0000000000
84232  -42.885  -4.785  47.816 0.0000000000
82912  -43.584  -6.407  48.385 0.0000000000
80156  -43.712  -7.870  48.783 0.0000000000
80137  -45.868  -8.539  49.263 0.0000000000
90027  -51.412  -0.658  41.653 0.0000000000
91277  -51.638  0.415  41.105 0.0000000000
93946  -51.609  2.438  40.692 0.0000000000
45643  -6.512  -32.164  70.997 0.0000000000
45642  -6.262  -33.482  70.403 0.0000000000
44234  -8.479  -35.255  70.987 0.0000000000
44233  -7.424  -35.311  70.587 0.0000000000
42753  -5.968  -35.575  71.044 0.0000000000
41347  -5.979  -36.824  72.365 0.0000000000
60906  -34.422  -22.115  60.191 0.0000000000
62117  -34.748  -21.547  59.377 0.0000000000
62129  -35.200  -20.446  59.063 0.0000000000
64796  -33.113  -19.572  55.821 0.0000000000
63426  -34.563  -19.655  57.663 0.0000000000
63409  -35.791  -19.460  59.024 0.0000000000
66157  -35.432  -18.088  58.103 0.0000000000
66176  -35.783  -17.452  57.920 0.0000000000
69053  -35.963  -16.011  57.773 0.0000000000
71843  -28.466  -13.596  57.474 0.0000000000
70489  -29.122  -14.513  55.381 0.0000000000
74654  -29.487  -11.324  55.241 0.0000000000
71881  -30.391  -13.645  54.642 0.0000000000
69097  -31.058  -15.259  54.180 0.0000000000
70472  -33.172  -15.445  55.740 0.0000000000
70452  -33.789  -15.249  56.673 0.0000000000
73283  -33.336  -14.469  54.144 0.0000000000
71884  -35.108  -14.881  55.787 0.0000000000
69123  -39.064  -15.895  53.087 0.0000000000
70555  -38.542  -15.121  51.928 0.0000000000
71968  -38.509  -13.704  50.649 0.0000000000
71966  -36.324  -13.232  50.674 0.0000000000
71967  -37.408  -13.363  50.542 0.0000000000
73364  -38.728  -11.911  49.950 0.0000000000
74757  -38.126  -10.831  50.128 0.0000000000
77558  -38.159  -8.828  50.876 0.0000000000
54451  -21.306  -27.412  64.960 0.0000000000
54419  -21.805  -27.478  66.895 0.0000000000
53121  -23.640  -28.203  66.705 0.0000000000
46896  -8.405  -32.412  69.016 0.0000000000
49223  -9.397  -30.475  68.847 0.0000000000
46921  -9.270  -32.101  68.658 0.0000000000
46897  -9.766  -33.136  69.172 0.0000000000
45670  -10.815  -33.787  70.414 0.0000000000
49242  -12.765  -31.034  67.053 0.0000000000
48094  -13.663  -32.240  67.952 0.0000000000
48075  -13.228  -32.645  69.086 0.0000000000
41311  -3.866  -37.361  73.813 0.0000000000
41327  -3.240  -36.643  72.458 0.0000000000
44180  -2.898  -34.837  71.611 0.0000000000
51797  -19.768  -28.499  64.119 0.0000000000
51782  -20.551  -28.948  64.771 0.0000000000
53159  -20.579  -27.805  64.284 0.0000000000
58248  -34.310  -24.115  63.080 0.0000000000
53157  -18.234  -27.189  64.068 0.0000000000
80118  -38.362  -7.331  51.214 0.0000000000
81510  -38.337  -6.926  50.946 0.0000000000
89978  -45.398  -0.023  47.377 0.0000000000
89989  -44.902  -0.287  46.803 0.0000000000
89990  -45.286  -0.253  46.290 0.0000000000
90001  -45.547  -0.386  45.384 0.0000000000
91252  -45.751  0.343  45.823 0.0000000000
91258  -45.851  0.128  45.204 0.0000000000
77505  -33.419  -8.825  52.699 0.0000000000
53176  -25.230  -28.653  63.075 0.0000000000
53177  -26.340  -28.683  63.074 0.0000000000
51694  -11.776  -26.940  69.067 0.0000000000
51714  -11.737  -27.967  68.219 0.0000000000
51736  -12.135  -28.248  67.500 0.0000000000
92607  -51.968  1.654  40.425 0.0000000000
92608  -52.725  1.498  39.921 0.0000000000
62111  -36.952  -20.028  61.530 0.0000000000
63374  -36.299  -20.010  60.635 0.0000000000
54480  -31.020  -27.409  63.388 0.0000000000
53118  -15.350  -26.824  65.535 0.0000000000
53100  -15.022  -26.961  66.239 0.0000000000
51759  -15.162  -28.497  65.493 0.0000000000
58323  -29.698  -23.195  57.059 0.0000000000
59540  -19.372  -22.261  64.281 0.0000000000
60871  -23.619  -20.437  62.285 0.0000000000
60881  -22.729  -20.992  61.633 0.0000000000
60890  -23.090  -21.503  61.277 0.0000000000
58266  -22.862  -23.220  61.019 0.0000000000
59579  -23.400  -22.076  61.022 0.0000000000
59634  -28.419  -23.282  57.551 0.0000000000
57036  -29.044  -24.261  57.465 0.0000000000
58313  -29.641  -24.094  57.674 0.0000000000
57027  -30.319  -24.359  58.385 0.0000000000
71969  -39.727  -14.278  50.908 0.0000000000
73348  -40.247  -13.238  50.322 0.0000000000
77573  -43.084  -9.687  49.159 0.0000000000
76129  -43.586  -10.725  49.441 0.0000000000
78833  -43.715  -9.222  49.095 0.0000000000
85502  -41.746  -2.542  50.047 0.0000000000
85501  -40.946  -3.194  49.646 0.0000000000
82956  -45.480  -5.588  46.953 0.0000000000
82936  -44.935  -6.047  47.520 0.0000000000
92569  -49.677  1.832  42.419 0.0000000000
45667  -8.244  -33.436  69.519 0.0000000000
67657  -32.233  -17.026  55.001 0.0000000000
73266  -31.688  -13.449  54.027 0.0000000000
73267  -32.844  -14.423  54.539 0.0000000000
70552  -34.680  -15.003  52.329 0.0000000000
70531  -35.898  -16.055  52.960 0.0000000000
71941  -35.718  -14.032  51.161 0.0000000000
56926  -21.489  -26.037  63.827 0.0000000000
55667  -21.830  -26.867  64.922 0.0000000000
55668  -22.223  -27.177  64.938 0.0000000000
48074  -11.961  -32.671  68.193 0.0000000000
46899  -12.076  -33.514  69.893 0.0000000000
49226  -15.720  -31.987  68.983 0.0000000000
48096  -15.280  -31.893  68.718 0.0000000000
45621  -5.471  -32.961  70.726 0.0000000000
60897  -36.123  -21.441  61.812 0.0000000000
50440  -20.234  -30.411  67.417 0.0000000000
53101  -21.529  -28.477  67.063 0.0000000000
53077  -21.550  -28.831  67.802 0.0000000000
53078  -21.836  -28.213  68.009 0.0000000000
53102  -21.749  -27.850  67.291 0.0000000000
55703  -32.275  -25.752  62.508 0.0000000000
54482  -33.010  -26.206  63.324 0.0000000000
56890  -16.872  -23.554  65.658 0.0000000000
53138  -16.549  -26.751  64.758 0.0000000000
53137  -15.935  -27.100  64.842 0.0000000000
51779  -16.638  -27.966  64.394 0.0000000000
50468  -19.505  -29.851  65.763 0.0000000000
50439  -19.568  -30.556  67.056 0.0000000000
59606  -27.334  -21.421  59.601 0.0000000000
56989  -26.503  -22.505  59.969 0.0000000000
58282  -27.420  -21.869  60.335 0.0000000000
59591  -27.260  -21.804  59.875 0.0000000000
59605  -27.134  -22.132  59.009 0.0000000000
74759  -39.945  -11.335  49.472 0.0000000000
76125  -39.233  -10.152  49.376 0.0000000000
78830  -40.083  -8.303  49.943 0.0000000000
78831  -41.052  -8.668  49.291 0.0000000000
78845  -40.833  -7.762  49.412 0.0000000000
85557  -44.116  -2.514  46.742 0.0000000000
84258  -45.113  -4.175  46.325 0.0000000000
84259  -45.945  -4.189  46.045 0.0000000000
85559  -46.047  -3.243  45.752 0.0000000000
86975  -46.563  -1.824  45.216 0.0000000000
86965  -46.974  -2.674  45.337 0.0000000000
86976  -47.173  -2.261  45.031 0.0000000000
86992  -47.700  -2.262  44.512 0.0000000000
88556  -47.542  -1.545  44.322 0.0000000000
91260  -47.058  1.404  44.745 0.0000000000
66174  -28.521  -17.738  58.500 0.0000000000
67629  -28.542  -17.143  57.820 0.0000000000
69062  -28.496  -15.620  57.364 0.0000000000
67640  -28.590  -16.554  57.350 0.0000000000
77481  -31.793  -9.235  53.357 0.0000000000
77533  -33.224  -10.218  51.758 0.0000000000
76112  -33.022  -10.899  51.555 0.0000000000
77556  -33.318  -10.414  51.643 0.0000000000
73341  -33.613  -12.570  51.329 0.0000000000
74741  -33.908  -11.238  51.369 0.0000000000
74715  -34.522  -9.841  51.538 0.0000000000
74690  -35.542  -9.054  52.329 0.0000000000
54478  -22.680  -26.987  62.683 0.0000000000
53174  -23.307  -27.618  62.984 0.0000000000
51798  -25.870  -28.974  64.739 0.0000000000
53142  -25.314  -28.840  64.825 0.0000000000
50436  -10.767  -29.551  68.279 0.0000000000
48092  -11.325  -31.569  67.574 0.0000000000
41346  -4.980  -36.568  72.029 0.0000000000
42722  -3.661  -36.050  72.088 0.0000000000
42736  -3.573  -35.216  71.730 0.0000000000
64721  -37.009  -18.359  60.812 0.0000000000
66140  -37.006  -17.562  60.284 0.0000000000
53192  -27.976  -28.070  62.252 0.0000000000
53179  -28.413  -28.395  63.323 0.0000000000
53075  -14.174  -26.439  67.784 0.0000000000
53074  -13.430  -26.699  68.025 0.0000000000
49272  -17.455  -30.235  66.131 0.0000000000
49228  -17.811  -31.386  69.176 0.0000000000
58284  -32.719  -23.742  60.128 0.0000000000
58299  -32.573  -23.500  59.471 0.0000000000
59637  -30.898  -22.590  56.728 0.0000000000
60944  -30.387  -21.719  56.383 0.0000000000
60929  -28.103  -21.221  57.843 0.0000000000
62126  -27.766  -20.220  59.033 0.0000000000
63406  -28.259  -19.053  60.068 0.0000000000
63424  -28.749  -19.150  58.553 0.0000000000
64760  -28.496  -18.373  59.292 0.0000000000
55683  -18.364  -25.092  63.725 0.0000000000
56923  -19.013  -24.165  63.332 0.0000000000
56941  -19.944  -23.825  63.307 0.0000000000
56925  -21.043  -25.600  63.680 0.0000000000
58253  -21.516  -23.078  61.727 0.0000000000
56955  -21.346  -24.020  61.979 0.0000000000
55713  -22.291  -25.452  61.993 0.0000000000
56970  -23.216  -24.468  60.404 0.0000000000
54505  -23.226  -26.549  60.947 0.0000000000
54506  -23.932  -27.070  60.835 0.0000000000
54520  -23.757  -26.357  60.555 0.0000000000
58243  -26.156  -21.910  62.685 0.0000000000
58255  -25.733  -22.280  61.669 0.0000000000
58254  -25.338  -21.864  62.188 0.0000000000
58268  -24.907  -22.348  60.856 0.0000000000
55739  -25.387  -25.710  59.396 0.0000000000
54522  -25.039  -26.793  59.719 0.0000000000
55780  -28.046  -24.712  58.100 0.0000000000
55762  -29.931  -25.226  59.210 0.0000000000
54534  -29.309  -25.734  59.341 0.0000000000
55742  -29.736  -25.658  59.496 0.0000000000
55726  -30.044  -25.983  60.092 0.0000000000
55727  -30.849  -26.086  60.458 0.0000000000
55715  -31.309  -26.125  61.218 0.0000000000
55744  -31.172  -25.464  60.129 0.0000000000
56991  -31.850  -25.012  59.949 0.0000000000
58283  -32.111  -24.144  60.606 0.0000000000
58214  -17.879  -22.999  64.492 0.0000000000
70510  -40.235  -15.714  53.296 0.0000000000
71919  -42.008  -14.528  52.662 0.0000000000
74760  -41.022  -11.451  49.619 0.0000000000
84193  -39.634  -5.054  51.262 0.0000000000
82880  -39.175  -5.502  51.129 0.0000000000
82892  -39.879  -5.012  50.355 0.0000000000
82909  -41.066  -5.414  49.323 0.0000000000
80154  -41.590  -7.266  49.153 0.0000000000
81541  -42.165  -6.696  48.823 0.0000000000
85531  -42.338  -4.120  48.210 0.0000000000
82913  -44.724  -6.667  48.225 0.0000000000
81542  -43.170  -6.986  48.621 0.0000000000
80136  -45.126  -8.733  49.362 0.0000000000
80158  -45.683  -7.971  49.186 0.0000000000
80138  -46.935  -8.509  49.433 0.0000000000
90015  -49.069  -1.462  43.300 0.0000000000
88576  -50.135  -1.608  42.745 0.0000000000
90020  -50.947  -0.948  42.236 0.0000000000
92577  -50.292  1.780  41.648 0.0000000000
92593  -50.714  0.855  41.235 0.0000000000
92578  -50.867  2.304  41.405 0.0000000000
92594  -51.118  1.658  40.820 0.0000000000
45666  -7.136  -33.307  69.822 0.0000000000
44251  -6.894  -34.476  70.337 0.0000000000
44209  -9.445  -35.567  71.861 0.0000000000
44208  -8.805  -35.616  71.673 0.0000000000
42755  -8.000  -35.819  71.449 0.0000000000
42754  -7.037  -36.181  70.929 0.0000000000
42740  -6.512  -36.372  71.828 0.0000000000
41348  -6.919  -36.774  72.768 0.0000000000
41315  -6.954  -36.987  74.336 0.0000000000
60905  -33.655  -22.554  59.937 0.0000000000
60915  -33.531  -22.479  59.282 0.0000000000
62128  -34.641  -20.952  58.649 0.0000000000
64795  -30.586  -18.652  55.956 0.0000000000
63472  -31.669  -19.282  55.626 0.0000000000
64818  -31.402  -18.640  55.652 0.0000000000
64797  -33.868  -18.900  56.452 0.0000000000
64778  -34.275  -19.310  57.268 0.0000000000
64779  -34.801  -18.805  57.637 0.0000000000
64761  -35.585  -18.795  58.524 0.0000000000
66175  -34.907  -17.628  57.522 0.0000000000
67630  -35.491  -16.695  57.585 0.0000000000
67631  -36.347  -16.753  58.102 0.0000000000
73231  -28.874  -12.167  57.469 0.0000000000
73230  -28.279  -12.791  56.956 0.0000000000
73247  -28.229  -12.852  56.254 0.0000000000
70469  -28.596  -14.438  55.891 0.0000000000
71879  -28.839  -13.981  55.734 0.0000000000
74640  -29.581  -10.630  55.543 0.0000000000
71882  -31.404  -13.803  54.332 0.0000000000
70491  -30.805  -14.653  54.444 0.0000000000
70470  -31.575  -15.016  54.224 0.0000000000
70471  -32.424  -15.317  54.726 0.0000000000
71844  -33.427  -14.932  56.183 0.0000000000
70453  -34.528  -15.083  57.326 0.0000000000
71820  -35.109  -14.508  57.389 0.0000000000
73282  -32.562  -13.990  53.918 0.0000000000
73299  -32.991  -14.391  53.511 0.0000000000
70507  -34.385  -15.509  53.933 0.0000000000
71899  -34.584  -15.054  54.782 0.0000000000
70492  -35.141  -15.260  55.312 0.0000000000
69110  -37.548  -16.424  54.442 0.0000000000
69099  -37.257  -16.427  55.655 0.0000000000
69111  -38.733  -16.032  54.330 0.0000000000
70573  -38.844  -14.686  51.146 0.0000000000
73343  -35.323  -11.669  51.140 0.0000000000
74744  -36.908  -10.664  50.924 0.0000000000
73345  -36.947  -11.743  50.706 0.0000000000
73346  -37.978  -12.183  50.257 0.0000000000
77534  -38.052  -8.938  51.422 0.0000000000
54463  -20.830  -26.971  64.446 0.0000000000
55665  -21.350  -26.914  64.886 0.0000000000
54436  -21.800  -27.070  66.358 0.0000000000
54420  -22.154  -27.365  67.211 0.0000000000
54405  -22.478  -27.693  68.105 0.0000000000
53140  -23.413  -28.333  65.453 0.0000000000
54438  -22.999  -27.317  65.904 0.0000000000
51801  -28.133  -28.703  64.971 0.0000000000
48053  -8.428  -30.923  69.781 0.0000000000
50426  -9.962  -29.546  69.234 0.0000000000
49209  -9.598  -29.851  69.375 0.0000000000
45669  -10.238  -33.797  69.973 0.0000000000
50451  -13.454  -29.574  66.249 0.0000000000
50450  -12.243  -29.405  66.807 0.0000000000
92621  -53.313  1.767  39.469 0.0000000000
39886  -3.288  -37.507  72.808 0.0000000000
41310  -3.575  -37.347  73.217 0.0000000000
42720  -2.887  -35.683  72.109 0.0000000000
50469  -20.361  -29.761  66.133 0.0000000000
50457  -20.751  -29.903  66.863 0.0000000000
56963  -33.170  -24.946  61.895 0.0000000000
55663  -16.828  -24.779  64.757 0.0000000000
53156  -17.323  -26.891  64.235 0.0000000000
51795  -17.613  -27.744  64.239 0.0000000000
51780  -17.958  -28.700  64.548 0.0000000000
51781  -19.294  -29.446  64.596 0.0000000000
59581  -27.975  -21.169  61.831 0.0000000000
78829  -38.912  -8.272  50.409 0.0000000000
80134  -39.043  -7.362  50.436 0.0000000000
88501  -44.043  -0.949  47.191 0.0000000000
86963  -45.202  -2.151  45.900 0.0000000000
88516  -45.453  -1.251  45.579 0.0000000000
88534  -45.784  -1.033  45.017 0.0000000000
88535  -46.509  -1.316  44.801 0.0000000000
90009  -46.692  -0.424  44.560 0.0000000000
91259  -46.516  0.685  45.107 0.0000000000
69041  -29.132  -15.263  59.727 0.0000000000
69051  -28.718  -15.367  58.747 0.0000000000
77504  -32.543  -9.263  52.835 0.0000000000
76063  -33.076  -9.636  52.403 0.0000000000
76064  -34.152  -9.235  52.362 0.0000000000
76044  -34.472  -8.557  52.556 0.0000000000
53175  -24.272  -28.045  63.081 0.0000000000
51799  -26.447  -28.970  64.771 0.0000000000
50438  -11.958  -30.081  67.122 0.0000000000
91278  -52.305  0.117  41.012 0.0000000000
90038  -52.652  -0.147  40.852 0.0000000000
41313  -5.155  -37.581  73.960 0.0000000000
41312  -4.390  -37.330  73.890 0.0000000000
63392  -36.733  -18.827  60.326 0.0000000000
54493  -28.769  -27.945  61.993 0.0000000000
53180  -29.488  -28.179  63.416 0.0000000000
54479  -30.146  -27.812  63.193 0.0000000000
53181  -30.319  -27.978  63.778 0.0000000000
53168  -31.739  -27.781  64.686 0.0000000000
54417  -15.487  -25.162  67.143 0.0000000000
54402  -15.160  -25.265  68.224 0.0000000000
53099  -14.572  -27.124  66.690 0.0000000000
51739  -14.414  -28.149  65.781 0.0000000000
50453  -15.982  -30.460  66.021 0.0000000000
49229  -18.927  -30.771  69.147 0.0000000000
58315  -31.350  -23.504  58.272 0.0000000000
59624  -30.498  -23.102  57.094 0.0000000000
58225  -18.519  -23.371  63.980 0.0000000000
58226  -19.110  -23.048  63.752 0.0000000000
59552  -19.474  -22.540  63.727 0.0000000000
60869  -21.286  -20.592  62.705 0.0000000000
60880  -22.025  -20.982  62.023 0.0000000000
59577  -21.911  -22.580  61.603 0.0000000000
58265  -22.056  -23.184  61.323 0.0000000000
56969  -22.181  -24.467  61.399 0.0000000000
56957  -25.950  -22.649  61.123 0.0000000000
56972  -25.311  -23.326  60.339 0.0000000000
55741  -27.557  -26.373  58.757 0.0000000000
57025  -28.405  -24.370  57.721 0.0000000000
57007  -29.823  -25.030  58.756 0.0000000000
56990  -30.955  -24.980  59.798 0.0000000000
57008  -30.510  -24.730  59.035 0.0000000000
58297  -30.733  -24.212  58.625 0.0000000000
70557  -40.225  -15.173  52.078 0.0000000000
70558  -40.944  -15.271  52.127 0.0000000000
71943  -40.559  -14.720  51.588 0.0000000000
71971  -41.867  -13.738  51.326 0.0000000000
76127  -41.413  -10.555  49.218 0.0000000000
85484  -40.465  -3.666  50.475 0.0000000000
84206  -40.239  -4.478  50.073 0.0000000000
85500  -40.438  -3.911  49.433 0.0000000000
85518  -40.975  -3.857  48.773 0.0000000000
84230  -41.707  -4.884  48.673 0.0000000000
84244  -43.825  -4.384  46.945 0.0000000000
84233  -43.819  -5.154  47.324 0.0000000000
81544  -45.746  -7.449  48.913 0.0000000000
81545  -47.094  -7.393  48.824 0.0000000000
90017  -48.888  -0.651  43.097 0.0000000000
91271  -48.953  -0.382  42.760 0.0000000000
91272  -49.330  -0.095  42.412 0.0000000000
91269  -49.682  1.259  41.967 0.0000000000
46895  -7.465  -32.068  69.968 0.0000000000
41349  -7.487  -36.701  73.089 0.0000000000
60946  -32.559  -21.455  57.417 0.0000000000
62165  -33.262  -20.346  57.175 0.0000000000
66214  -31.746  -17.934  55.303 0.0000000000
64820  -33.370  -18.387  55.668 0.0000000000
66193  -33.737  -17.779  55.916 0.0000000000
67642  -34.032  -16.989  56.250 0.0000000000
69063  -33.974  -16.049  56.129 0.0000000000
74671  -30.540  -11.377  53.769 0.0000000000
71863  -32.061  -14.570  54.390 0.0000000000
71865  -33.532  -14.724  56.021 0.0000000000
73232  -34.772  -14.531  57.063 0.0000000000
71938  -33.203  -14.175  52.501 0.0000000000
71917  -33.064  -14.522  53.151 0.0000000000
70551  -33.802  -14.741  52.580 0.0000000000
70529  -34.135  -15.403  53.026 0.0000000000
69108  -35.700  -15.885  54.058 0.0000000000
69120  -35.968  -15.983  53.643 0.0000000000
69121  -36.664  -16.257  53.283 0.0000000000
69136  -37.253  -15.948  52.426 0.0000000000
70571  -36.881  -14.424  51.050 0.0000000000
73318  -36.515  -10.530  51.279 0.0000000000
55666  -21.529  -26.857  64.876 0.0000000000
48091  -10.459  -30.995  67.925 0.0000000000
46898  -11.006  -33.597  69.756 0.0000000000
48095  -14.680  -32.018  68.457 0.0000000000
62110  -36.362  -20.787  61.092 0.0000000000
49230  -20.077  -30.680  69.161 0.0000000000
49231  -21.036  -30.551  69.214 0.0000000000
49232  -21.641  -30.153  69.216 0.0000000000
50429  -21.729  -29.577  69.068 0.0000000000
51741  -21.326  -29.320  67.277 0.0000000000
51717  -21.357  -29.288  68.028 0.0000000000
55633  -15.783  -24.285  66.783 0.0000000000
53119  -15.862  -26.454  65.394 0.0000000000
50476  -16.293  -28.410  65.085 0.0000000000
50466  -17.725  -29.806  65.737 0.0000000000
50478  -18.282  -29.564  65.084 0.0000000000
50467  -18.640  -29.902  65.788 0.0000000000
50454  -18.338  -30.123  66.248 0.0000000000
49263  -19.092  -30.646  67.018 0.0000000000
59635  -28.546  -22.539  57.248 0.0000000000
59623  -27.595  -21.788  58.443 0.0000000000
56974  -26.458  -22.648  60.671 0.0000000000
58281  -26.953  -22.187  59.777 0.0000000000
73365  -39.604  -12.191  49.884 0.0000000000
77572  -41.892  -9.506  49.118 0.0000000000
77584  -42.602  -9.087  49.009 0.0000000000
85520  -41.803  -2.099  48.970 0.0000000000
85521  -42.388  -1.743  48.705 0.0000000000
85533  -42.768  -2.265  48.188 0.0000000000
85542  -43.222  -3.811  47.128 0.0000000000
86950  -43.741  -1.833  47.203 0.0000000000
85543  -43.733  -3.144  47.120 0.0000000000
84245  -44.668  -4.525  46.657 0.0000000000
82957  -46.710  -5.969  46.812 0.0000000000
84247  -46.988  -5.073  46.402 0.0000000000
84261  -47.921  -4.136  45.904 0.0000000000
88557  -48.412  -2.251  44.209 0.0000000000
90010  -47.330  -0.551  44.334 0.0000000000
91264  -48.167  -0.169  43.613 0.0000000000
91266  -47.950  1.094  43.343 0.0000000000
44254  -9.060  -34.087  70.051 0.0000000000
64794  -29.853  -18.575  56.647 0.0000000000
66192  -30.193  -18.215  56.486 0.0000000000
66212  -29.764  -17.397  56.557 0.0000000000
67641  -29.043  -17.136  56.838 0.0000000000
67655  -29.580  -16.900  55.869 0.0000000000
76020  -30.068  -9.861  54.801 0.0000000000
76021  -30.814  -9.408  54.541 0.0000000000
76042  -30.426  -10.620  54.261 0.0000000000
73316  -32.665  -12.882  52.596 0.0000000000
76086  -32.278  -11.148  51.927 0.0000000000
74739  -32.793  -11.812  52.027 0.0000000000
73317  -32.984  -13.095  52.136 0.0000000000
71963  -33.558  -13.522  51.710 0.0000000000
71964  -34.260  -13.365  51.102 0.0000000000
74743  -35.676  -10.816  51.315 0.0000000000
74716  -35.628  -9.927  51.621 0.0000000000
74692  -37.196  -9.412  52.640 0.0000000000
54464  -22.290  -26.645  63.437 0.0000000000
55688  -22.386  -27.149  64.322 0.0000000000
54465  -22.630  -27.222  63.673 0.0000000000
53141  -24.386  -28.649  65.046 0.0000000000
50427  -10.413  -29.059  69.104 0.0000000000
50428  -10.776  -28.439  68.844 0.0000000000
49239  -10.468  -30.293  68.135 0.0000000000
49210  -16.542  -31.862  70.178 0.0000000000
42752  -5.153  -35.229  71.108 0.0000000000
44206  -4.020  -34.103  71.211 0.0000000000
41345  -4.368  -36.168  71.823 0.0000000000
44205  -3.730  -34.600  71.466 0.0000000000
44204  -3.600  -34.793  71.570 0.0000000000
84178  -40.345  -4.344  52.341 0.0000000000
85467  -41.279  -2.968  51.889 0.0000000000
85486  -41.924  -2.528  51.361 0.0000000000
86887  -42.226  -2.115  50.645 0.0000000000
67602  -37.160  -16.592  59.645 0.0000000000
53178  -27.404  -28.599  63.135 0.0000000000
53073  -12.843  -27.098  67.661 0.0000000000
58260  -33.927  -23.739  62.101 0.0000000000
58274  -33.872  -23.537  61.523 0.0000000000
59583  -33.388  -23.345  60.502 0.0000000000
59593  -33.196  -23.078  59.782 0.0000000000
59607  -31.877  -23.267  58.384 0.0000000000
59626  -32.216  -22.728  58.110 0.0000000000
60945  -31.945  -21.996  56.894 0.0000000000
62161  -28.459  -20.611  57.301 0.0000000000
62127  -28.128  -19.753  59.255 0.0000000000
66137  -28.518  -17.322  60.787 0.0000000000
56943  -21.520  -25.667  63.279 0.0000000000
60856  -20.350  -21.080  64.218 0.0000000000
55701  -22.265  -26.032  62.980 0.0000000000
55702  -22.471  -26.472  62.764 0.0000000000
55724  -22.397  -25.185  61.569 0.0000000000
54491  -23.026  -26.813  61.823 0.0000000000
53200  -23.942  -27.345  61.401 0.0000000000
53202  -25.226  -28.143  61.152 0.0000000000
59567  -23.905  -21.542  61.410 0.0000000000
56985  -24.188  -24.943  60.291 0.0000000000
55737  -24.043  -25.772  60.395 0.0000000000
54521  -24.319  -26.561  60.250 0.0000000000
54507  -24.725  -27.404  60.504 0.0000000000
53203  -26.332  -28.346  61.115 0.0000000000
53204  -27.339  -28.156  61.325 0.0000000000
55759  -26.939  -24.859  58.673 0.0000000000
54533  -28.842  -25.830  59.213 0.0000000000
55716  -31.835  -25.608  61.776 0.0000000000
56976  -31.943  -24.790  61.176 0.0000000000
56962  -32.427  -25.089  61.677 0.0000000000
56977  -32.610  -24.613  61.426 0.0000000000
55664  -17.482  -24.769  64.403 0.0000000000
70535  -41.427  -15.096  52.928 0.0000000000
73349  -41.378  -13.229  50.446 0.0000000000
71972  -42.463  -13.630  51.459 0.0000000000
73368  -42.322  -12.357  50.083 0.0000000000
81511  -38.626  -6.403  51.233 0.0000000000
81522  -39.193  -6.344  50.341 0.0000000000
81523  -39.925  -6.419  49.766 0.0000000000
82908  -40.180  -5.209  49.705 0.0000000000
81539  -40.416  -5.982  49.474 0.0000000000
80153  -40.717  -6.803  49.597 0.0000000000
78847  -43.112  -8.673  48.805 0.0000000000
84231  -42.169  -4.670  48.424 0.0000000000
82933  -42.112  -5.424  48.607 0.0000000000
82934  -42.893  -5.534  48.360 0.0000000000
82911  -42.698  -6.106  48.806 0.0000000000
78848  -44.116  -8.599  49.105 0.0000000000
78835  -45.585  -9.340  49.317 0.0000000000
81524  -46.236  -8.006  49.271 0.0000000000
91276  -50.859  0.096  41.447 0.0000000000
91291  -51.728  1.034  40.569 0.0000000000
93934  -51.768  3.217  41.141 0.0000000000
45622  -6.071  -32.350  71.638 0.0000000000
45641  -5.946  -33.888  70.890 0.0000000000
44252  -7.548  -34.552  70.161 0.0000000000
42756  -8.530  -35.681  71.578 0.0000000000
44232  -6.406  -34.788  70.654 0.0000000000
41331  -6.494  -37.211  73.329 0.0000000000
59584  -33.993  -22.991  61.026 0.0000000000
60916  -34.106  -21.846  58.920 0.0000000000
62118  -35.421  -20.895  59.916 0.0000000000
63449  -32.265  -20.083  55.633 0.0000000000
63450  -33.167  -19.950  56.545 0.0000000000
63425  -33.849  -19.880  57.292 0.0000000000
63407  -34.428  -20.298  57.896 0.0000000000
63390  -35.574  -20.078  59.256 0.0000000000
63391  -36.195  -19.598  59.929 0.0000000000
64762  -36.134  -18.808  59.172 0.0000000000
64742  -36.491  -18.303  59.782 0.0000000000
66158  -36.056  -17.749  58.838 0.0000000000
67617  -36.638  -16.631  58.985 0.0000000000
73207  -28.663  -12.793  57.890 0.0000000000
70451  -28.439  -14.557  56.802 0.0000000000
69095  -29.503  -15.212  54.851 0.0000000000
74639  -29.158  -11.309  55.944 0.0000000000
73264  -29.585  -12.256  55.120 0.0000000000
71880  -29.170  -13.445  55.472 0.0000000000
70490  -29.891  -14.447  54.808 0.0000000000
69096  -30.450  -15.277  54.524 0.0000000000
69079  -31.464  -15.983  54.498 0.0000000000
69080  -32.706  -16.120  55.124 0.0000000000
69081  -33.355  -16.081  55.598 0.0000000000
69064  -34.443  -15.679  56.908 0.0000000000
69052  -35.176  -15.751  57.457 0.0000000000
69042  -35.802  -15.398  57.926 0.0000000000
69043  -36.373  -15.638  58.483 0.0000000000
73210  -35.336  -14.155  57.608 0.0000000000
73269  -34.334  -14.572  55.089 0.0000000000
71898  -33.790  -14.960  54.064 0.0000000000
73284  -34.009  -14.728  54.543 0.0000000000
69112  -39.984  -15.791  54.108 0.0000000000
69124  -39.787  -15.794  53.278 0.0000000000
69137  -38.200  -15.787  52.415 0.0000000000
69138  -38.750  -15.582  52.446 0.0000000000
70532  -39.131  -15.423  52.404 0.0000000000
70556  -39.462  -14.912  51.897 0.0000000000
76124  -38.411  -9.895  50.023 0.0000000000
76114  -37.737  -9.407  50.837 0.0000000000
78814  -38.335  -8.416  51.030 0.0000000000
54435  -21.487  -27.486  65.953 0.0000000000
55646  -21.544  -26.988  65.579 0.0000000000
54418  -21.566  -27.851  66.715 0.0000000000
54404  -21.953  -27.492  67.786 0.0000000000
53103  -23.688  -28.509  67.770 0.0000000000
54421  -22.880  -27.793  67.458 0.0000000000
53079  -23.425  -28.412  68.656 0.0000000000
53163  -26.870  -28.812  63.995 0.0000000000
51800  -27.310  -28.819  64.868 0.0000000000
48071  -8.877  -31.015  68.739 0.0000000000
46920  -8.629  -31.617  68.922 0.0000000000
45645  -10.561  -33.878  70.827 0.0000000000
45646  -11.435  -33.854  71.006 0.0000000000
48057  -15.946  -32.166  70.444 0.0000000000
48056  -14.960  -32.159  70.398 0.0000000000
48055  -14.358  -32.958  70.110 0.0000000000
48054  -13.666  -33.331  69.847 0.0000000000
46900  -13.032  -33.295  70.174 0.0000000000
91293  -53.380  0.409  40.238 0.0000000000
42734  -1.861  -34.969  71.959 0.0000000000
42735  -2.474  -35.535  72.070 0.0000000000
42750  -3.762  -35.133  71.563 0.0000000000
42751  -3.834  -35.042  71.178 0.0000000000
44228  -3.678  -35.032  71.587 0.0000000000
44229  -3.743  -34.942  71.404 0.0000000000
49225  -10.503  -29.825  68.343 0.0000000000
49249  -21.259  -30.182  68.622 0.0000000000
49250  -21.625  -29.949  68.808 0.0000000000
49273  -17.955  -30.161  66.265 0.0000000000
50442  -21.445  -29.634  68.493 0.0000000000
53188  -23.787  -27.555  62.047 0.0000000000
54450  -17.765  -25.657  63.911 0.0000000000
55645  -21.380  -27.134  65.398 0.0000000000
55736  -23.386  -25.701  60.570 0.0000000000
55761  -29.190  -25.294  58.865 0.0000000000
56949  -33.651  -24.889  62.497 0.0000000000
57037  -29.371  -24.212  57.565 0.0000000000
58239  -19.614  -22.947  63.322 0.0000000000
58259  -33.649  -24.326  62.290 0.0000000000
58321  -28.588  -23.859  57.502 0.0000000000
59566  -22.227  -21.510  61.762 0.0000000000
59572  -34.367  -23.282  61.743 0.0000000000
59580  -24.180  -21.938  60.860 0.0000000000
60914  -27.811  -20.201  59.424 0.0000000000
62145  -32.880  -21.225  57.594 0.0000000000
63408  -34.990  -19.769  58.541 0.0000000000
70508  -35.302  -15.690  54.679 0.0000000000
70527  -33.219  -14.611  52.990 0.0000000000
70528  -33.507  -14.882  53.055 0.0000000000
70534  -40.603  -15.457  52.791 0.0000000000
70549  -33.220  -14.475  52.835 0.0000000000
70550  -33.341  -14.545  52.767 0.0000000000
71860  -28.402  -13.592  56.242 0.0000000000
71861  -28.418  -12.998  55.841 0.0000000000
71897  -33.520  -14.800  53.489 0.0000000000
71916  -32.998  -14.396  52.896 0.0000000000
71918  -33.348  -14.584  53.680 0.0000000000
71937  -33.120  -14.288  52.707 0.0000000000
74713  -32.579  -12.044  52.295 0.0000000000
74714  -32.812  -12.479  52.228 0.0000000000
74746  -42.759  -12.191  50.065 0.0000000000
76065  -34.854  -8.822  52.341 0.0000000000
76088  -33.525  -9.874  51.788 0.0000000000
76111  -32.723  -11.569  51.880 0.0000000000
77532  -33.077  -10.435  51.700 0.0000000000
77557  -33.456  -10.197  51.663 0.0000000000
77585  -42.994  -9.159  48.979 0.0000000000
78828  -38.468  -8.516  50.668 0.0000000000
78849  -44.678  -8.632  49.296 0.0000000000
80117  -38.316  -7.176  50.980 0.0000000000
80133  -38.479  -7.147  50.795 0.0000000000
80157  -44.897  -8.082  49.143 0.0000000000
82881  -39.666  -5.139  50.861 0.0000000000
82891  -39.496  -5.501  50.384 0.0000000000
82907  -39.725  -5.329  49.996 0.0000000000
82932  -41.580  -5.265  48.896 0.0000000000
84177  -39.577  -4.964  51.858 0.0000000000
84219  -41.186  -4.664  48.967 0.0000000000
84220  -41.579  -4.321  48.725 0.0000000000
85517  -40.687  -4.265  48.965 0.0000000000
85570  -47.241  -2.808  45.305 0.0000000000
86905  -42.219  -2.207  50.152 0.0000000000
86991  -47.336  -1.969  44.574 0.0000000000
88517  -46.118  -1.546  45.229 0.0000000000
88555  -47.040  -1.104  44.525 0.0000000000
90026  -50.639  -0.425  41.804 0.0000000000
90028  -52.313  -0.536  41.277 0.0000000000
93957  -52.618  2.402  39.947 0.0000000000
