#!ascii label  , from subject 3178 vox2ras=TkReg
1767
48678  15.361  -29.315  75.518 0.0000000000
85147  48.970  -3.086  53.507 0.0000000000
61989  32.735  -19.723  67.493 0.0000000000
67673  41.570  -14.847  73.932 0.0000000000
62017  24.242  -19.239  66.265 0.0000000000
56454  22.055  -22.916  76.150 0.0000000000
99978  55.795  7.317  46.747 0.0000000000
90761  58.357  0.597  55.170 0.0000000000
77702  41.387  -7.602  62.040 0.0000000000
103856  58.657  11.223  39.035 0.0000000000
61876  31.617  -19.577  72.422 0.0000000000
51062  19.529  -27.113  76.538 0.0000000000
93361  58.327  3.111  49.472 0.0000000000
89488  54.301  0.128  48.522 0.0000000000
83583  47.940  -3.977  59.223 0.0000000000
86430  52.510  -1.836  60.545 0.0000000000
79300  44.616  -7.349  58.272 0.0000000000
66179  39.958  -15.882  65.299 0.0000000000
60604  39.413  -20.061  70.303 0.0000000000
63277  25.543  -18.409  71.362 0.0000000000
61791  24.270  -18.942  75.614 0.0000000000
59245  22.937  -21.211  70.458 0.0000000000
53874  19.595  -24.872  70.723 0.0000000000
63346  28.171  -18.544  66.728 0.0000000000
102475  60.079  10.191  48.311 0.0000000000
97230  60.716  5.838  51.478 0.0000000000
87981  53.219  -0.961  54.573 0.0000000000
83507  43.193  -4.688  63.896 0.0000000000
71823  42.658  -11.323  67.514 0.0000000000
98764  57.760  7.976  42.879 0.0000000000
103799  61.827  9.469  43.457 0.0000000000
101302  62.630  8.798  40.240 0.0000000000
61833  30.151  -18.775  74.731 0.0000000000
49862  17.204  -28.681  76.344 0.0000000000
49830  19.230  -28.264  79.240 0.0000000000
48619  17.308  -29.533  79.205 0.0000000000
92180  52.671  2.298  46.830 0.0000000000
84944  49.159  -3.635  62.857 0.0000000000
86397  49.920  -1.995  62.784 0.0000000000
48639  9.331  -28.818  78.073 0.0000000000
79397  44.337  -6.572  54.769 0.0000000000
62034  34.191  -18.883  65.665 0.0000000000
63364  37.013  -18.943  66.391 0.0000000000
61961  35.966  -19.555  68.628 0.0000000000
63334  25.103  -19.241  68.964 0.0000000000
63300  24.820  -18.893  70.903 0.0000000000
60648  23.117  -20.465  68.246 0.0000000000
63370  25.503  -18.027  66.528 0.0000000000
63317  26.933  -18.276  69.246 0.0000000000
60516  22.640  -20.460  75.817 0.0000000000
102465  57.712  8.500  47.257 0.0000000000
99936  60.212  8.276  50.595 0.0000000000
98662  58.874  7.277  48.797 0.0000000000
92090  58.004  1.888  53.243 0.0000000000
93295  59.562  3.013  54.025 0.0000000000
86624  48.758  -2.233  50.385 0.0000000000
88029  51.450  -1.486  51.228 0.0000000000
86567  51.000  -1.900  53.619 0.0000000000
80736  39.565  -7.146  59.162 0.0000000000
82139  41.569  -5.772  60.754 0.0000000000
82075  41.684  -6.033  63.327 0.0000000000
66105  41.588  -16.058  69.443 0.0000000000
69246  41.385  -14.059  66.592 0.0000000000
69187  42.578  -13.503  70.763 0.0000000000
98736  54.790  6.568  44.175 0.0000000000
100023  54.908  8.287  42.667 0.0000000000
99999  56.935  7.765  45.953 0.0000000000
101248  59.421  8.907  45.798 0.0000000000
102593  62.917  11.262  38.684 0.0000000000
105146  61.748  11.228  39.967 0.0000000000
103797  62.382  9.592  42.406 0.0000000000
102563  60.858  10.290  40.907 0.0000000000
61915  32.466  -19.728  70.357 0.0000000000
60590  35.027  -20.312  71.705 0.0000000000
61829  33.665  -20.193  73.507 0.0000000000
53757  20.979  -25.264  76.273 0.0000000000
55077  22.547  -24.313  79.524 0.0000000000
52298  21.389  -26.508  80.322 0.0000000000
97291  54.200  6.032  46.521 0.0000000000
95885  57.249  5.439  47.202 0.0000000000
93388  55.270  3.208  46.859 0.0000000000
90864  56.612  1.485  48.753 0.0000000000
90810  55.754  0.987  52.264 0.0000000000
82224  48.444  -4.290  55.861 0.0000000000
85061  50.905  -2.775  56.429 0.0000000000
86448  50.580  -2.730  59.670 0.0000000000
74716  40.946  -9.743  60.377 0.0000000000
70427  42.516  -12.664  75.131 0.0000000000
48681  11.833  -29.501  75.303 0.0000000000
47259  14.370  -29.951  78.927 0.0000000000
48637  11.899  -29.597  78.507 0.0000000000
83696  45.994  -3.805  52.965 0.0000000000
82226  46.399  -5.223  55.149 0.0000000000
82153  46.564  -5.353  59.227 0.0000000000
80660  47.473  -6.517  63.358 0.0000000000
63402  37.773  -18.234  64.082 0.0000000000
63343  39.735  -18.037  67.211 0.0000000000
63254  41.199  -17.941  72.335 0.0000000000
59217  37.912  -20.995  72.507 0.0000000000
61804  39.714  -19.293  74.845 0.0000000000
63242  28.097  -18.017  73.906 0.0000000000
63203  26.322  -18.063  75.361 0.0000000000
63227  24.863  -18.317  73.919 0.0000000000
61880  23.317  -19.790  72.829 0.0000000000
57821  22.338  -22.124  73.400 0.0000000000
57901  21.691  -22.349  68.057 0.0000000000
56523  21.158  -23.300  70.751 0.0000000000
55164  21.301  -24.342  73.886 0.0000000000
52396  19.504  -26.220  73.650 0.0000000000
51089  17.729  -27.127  73.436 0.0000000000
49898  15.156  -28.019  73.174 0.0000000000
62058  31.326  -18.958  64.142 0.0000000000
63409  28.548  -18.480  63.753 0.0000000000
61991  30.320  -19.551  67.097 0.0000000000
63315  29.022  -18.699  69.382 0.0000000000
63274  28.871  -18.544  72.144 0.0000000000
97237  61.756  6.122  51.038 0.0000000000
94537  59.559  4.899  50.881 0.0000000000
88091  51.130  -1.011  48.309 0.0000000000
90834  53.852  0.061  51.315 0.0000000000
89417  55.547  0.113  54.604 0.0000000000
86480  53.478  -1.655  57.557 0.0000000000
89376  55.396  -0.663  57.326 0.0000000000
79326  41.429  -7.819  57.494 0.0000000000
80697  44.116  -6.683  61.575 0.0000000000
82033  45.945  -5.182  66.183 0.0000000000
71881  41.508  -12.165  63.245 0.0000000000
74649  43.134  -9.815  64.953 0.0000000000
73133  42.913  -10.626  72.484 0.0000000000
74566  43.661  -9.189  69.170 0.0000000000
79169  43.438  -6.851  65.636 0.0000000000
83433  43.274  -4.835  67.417 0.0000000000
84853  44.685  -3.522  68.061 0.0000000000
101328  58.399  9.597  40.919 0.0000000000
100019  60.275  8.096  43.435 0.0000000000
103773  61.106  10.696  46.229 0.0000000000
60509  31.154  -19.269  76.695 0.0000000000
48677  16.177  -29.231  75.843 0.0000000000
48634  17.035  -29.445  78.141 0.0000000000
47287  15.753  -29.812  77.315 0.0000000000
84899  49.211  -4.013  65.140 0.0000000000
86363  50.398  -2.819  64.751 0.0000000000
49853  7.434  -28.296  77.128 0.0000000000
62011  33.490  -19.325  66.529 0.0000000000
62010  34.367  -18.953  66.649 0.0000000000
61962  34.831  -19.682  68.585 0.0000000000
61994  24.475  -18.913  67.559 0.0000000000
61970  24.264  -19.262  68.442 0.0000000000
60657  23.793  -20.203  66.648 0.0000000000
63413  24.862  -18.500  64.407 0.0000000000
63393  24.474  -18.653  65.936 0.0000000000
63371  24.733  -18.421  66.822 0.0000000000
57779  22.590  -21.909  76.522 0.0000000000
57768  22.781  -22.158  77.576 0.0000000000
101213  56.851  8.271  47.281 0.0000000000
99962  58.765  8.002  48.292 0.0000000000
98676  57.235  7.220  47.832 0.0000000000
92078  57.968  1.625  53.847 0.0000000000
92077  58.638  2.197  53.971 0.0000000000
86589  48.449  -2.903  51.893 0.0000000000
86587  49.897  -2.070  52.429 0.0000000000
86552  49.891  -2.295  53.975 0.0000000000
77733  39.998  -8.139  59.868 0.0000000000
79238  40.763  -7.286  60.823 0.0000000000
82124  40.730  -6.149  61.511 0.0000000000
79213  40.996  -6.904  62.911 0.0000000000
66078  41.766  -16.080  71.763 0.0000000000
67731  41.832  -14.864  69.588 0.0000000000
67691  42.133  -14.340  72.437 0.0000000000
98707  54.832  6.997  46.223 0.0000000000
98721  55.278  6.909  45.508 0.0000000000
99989  56.078  7.649  46.255 0.0000000000
101237  56.760  9.098  45.962 0.0000000000
103871  61.131  11.041  38.555 0.0000000000
102594  60.750  10.619  39.321 0.0000000000
103837  61.420  10.691  40.264 0.0000000000
102581  59.987  10.331  39.616 0.0000000000
61896  31.954  -19.758  71.389 0.0000000000
61874  33.253  -20.062  72.071 0.0000000000
61856  32.350  -19.456  73.151 0.0000000000
52354  20.527  -26.019  76.700 0.0000000000
53719  21.414  -25.677  78.185 0.0000000000
51051  20.343  -26.867  77.960 0.0000000000
49820  19.096  -28.293  80.955 0.0000000000
49812  20.737  -27.945  80.504 0.0000000000
95911  52.912  5.422  46.177 0.0000000000
94570  54.842  5.050  46.510 0.0000000000
94582  53.981  4.530  46.631 0.0000000000
89520  53.504  0.801  47.263 0.0000000000
90890  55.254  1.580  47.262 0.0000000000
90865  55.889  0.755  48.982 0.0000000000
90852  56.500  1.311  50.090 0.0000000000
90853  55.375  0.618  50.121 0.0000000000
83622  48.216  -4.212  57.400 0.0000000000
83620  49.713  -3.523  57.892 0.0000000000
84990  49.220  -3.385  59.433 0.0000000000
97307  53.220  5.805  45.768 0.0000000000
48665  12.250  -29.829  76.426 0.0000000000
48666  11.007  -29.677  76.190 0.0000000000
83697  45.400  -4.113  52.740 0.0000000000
83661  46.231  -4.560  54.429 0.0000000000
82238  45.096  -5.370  53.491 0.0000000000
79344  44.470  -6.789  56.418 0.0000000000
80801  45.193  -6.113  56.350 0.0000000000
80750  45.345  -6.538  58.335 0.0000000000
80713  46.872  -6.262  60.657 0.0000000000
79252  46.170  -6.824  60.779 0.0000000000
63449  36.066  -18.367  62.448 0.0000000000
61959  38.241  -19.534  68.246 0.0000000000
61983  38.617  -18.958  67.320 0.0000000000
61934  39.455  -19.350  68.674 0.0000000000
61932  41.013  -18.594  69.487 0.0000000000
60584  40.766  -19.489  71.001 0.0000000000
60559  35.518  -20.811  73.623 0.0000000000
60571  36.590  -20.856  72.587 0.0000000000
59199  36.969  -21.508  73.521 0.0000000000
61757  39.625  -19.374  76.181 0.0000000000
63179  39.802  -18.104  75.788 0.0000000000
63258  26.930  -18.054  72.504 0.0000000000
63244  26.165  -17.928  73.381 0.0000000000
63260  25.083  -18.148  72.190 0.0000000000
60609  23.804  -19.747  70.651 0.0000000000
61901  23.604  -19.524  71.947 0.0000000000
60593  23.076  -20.197  72.007 0.0000000000
60575  22.263  -20.622  73.200 0.0000000000
59237  22.376  -21.506  72.188 0.0000000000
57924  22.162  -22.402  67.307 0.0000000000
55279  19.990  -24.448  68.825 0.0000000000
56541  20.703  -23.984  69.231 0.0000000000
55225  20.775  -23.797  70.962 0.0000000000
55197  21.272  -23.427  72.716 0.0000000000
53849  20.601  -24.559  72.540 0.0000000000
53823  20.568  -24.998  73.219 0.0000000000
53850  20.097  -25.229  71.985 0.0000000000
51091  16.044  -27.463  72.871 0.0000000000
62079  31.249  -19.102  63.392 0.0000000000
63432  29.606  -19.205  62.654 0.0000000000
63390  26.459  -18.196  65.121 0.0000000000
63367  28.212  -18.561  65.674 0.0000000000
63366  29.145  -18.591  65.455 0.0000000000
61992  29.180  -18.962  66.935 0.0000000000
61967  29.736  -18.764  68.048 0.0000000000
61968  28.799  -18.668  67.988 0.0000000000
63296  26.608  -18.251  70.114 0.0000000000
63295  27.509  -18.301  70.293 0.0000000000
63275  27.830  -18.169  71.591 0.0000000000
63257  27.887  -18.409  72.874 0.0000000000
63185  25.425  -17.994  76.058 0.0000000000
48608  14.079  -29.614  80.209 0.0000000000
48607  15.023  -29.590  80.279 0.0000000000
102428  61.313  9.785  49.764 0.0000000000
98641  60.252  7.071  51.008 0.0000000000
98639  61.347  7.117  51.006 0.0000000000
97229  61.088  6.005  51.307 0.0000000000
95821  61.286  5.171  52.419 0.0000000000
94567  58.395  3.984  47.908 0.0000000000
95883  58.620  5.440  48.860 0.0000000000
94538  59.295  4.433  50.453 0.0000000000
93307  60.789  3.985  54.033 0.0000000000
88008  52.224  -0.861  52.270 0.0000000000
88007  52.954  -0.800  51.540 0.0000000000
89433  53.308  -0.258  53.419 0.0000000000
89432  54.139  0.110  53.104 0.0000000000
89405  54.195  -0.480  54.951 0.0000000000
85011  52.056  -2.741  58.667 0.0000000000
86482  52.057  -2.296  56.887 0.0000000000
86463  52.755  -2.173  58.591 0.0000000000
79327  40.599  -7.067  57.356 0.0000000000
82097  42.790  -5.175  62.729 0.0000000000
80716  42.457  -6.508  60.605 0.0000000000
82096  43.710  -5.728  62.728 0.0000000000
80662  45.394  -6.033  63.615 0.0000000000
83485  44.734  -4.548  64.955 0.0000000000
66216  38.821  -16.043  62.972 0.0000000000
67817  40.087  -15.245  63.584 0.0000000000
70543  42.013  -12.841  67.076 0.0000000000
70593  41.558  -12.575  65.104 0.0000000000
71849  42.014  -11.814  65.517 0.0000000000
73226  42.567  -10.660  63.895 0.0000000000
73201  42.758  -10.799  65.694 0.0000000000
70452  42.855  -12.090  73.796 0.0000000000
77574  43.961  -7.720  69.873 0.0000000000
76147  43.802  -8.149  66.894 0.0000000000
79133  43.822  -6.690  68.056 0.0000000000
80598  42.961  -5.557  66.615 0.0000000000
80570  44.067  -5.070  68.518 0.0000000000
100021  57.071  7.910  42.968 0.0000000000
101287  58.257  8.832  42.220 0.0000000000
100049  59.776  8.562  41.841 0.0000000000
98762  59.268  7.547  42.941 0.0000000000
102488  59.915  9.998  46.944 0.0000000000
101247  60.158  9.306  45.557 0.0000000000
105054  60.801  10.521  47.501 0.0000000000
105032  61.919  10.293  47.512 0.0000000000
102562  62.697  10.333  39.880 0.0000000000
103798  62.147  9.585  42.856 0.0000000000
102508  63.147  9.574  44.391 0.0000000000
103780  62.629  9.919  44.850 0.0000000000
61858  30.503  -18.832  73.622 0.0000000000
61831  32.173  -19.375  74.081 0.0000000000
61783  31.899  -19.414  75.868 0.0000000000
51064  18.266  -27.345  75.727 0.0000000000
49839  19.215  -28.042  78.356 0.0000000000
49850  18.386  -28.360  77.838 0.0000000000
48618  18.053  -28.940  79.245 0.0000000000
48591  17.598  -28.948  80.858 0.0000000000
92181  51.623  2.186  46.575 0.0000000000
89521  52.883  0.562  47.323 0.0000000000
83564  48.726  -3.852  61.027 0.0000000000
86417  49.430  -3.012  61.154 0.0000000000
84943  49.665  -2.803  62.863 0.0000000000
87756  50.734  -2.139  64.682 0.0000000000
48652  9.368  -28.788  76.752 0.0000000000
49841  8.740  -28.499  77.164 0.0000000000
48640  8.582  -28.611  78.464 0.0000000000
82239  44.537  -5.809  52.824 0.0000000000
79372  43.212  -7.572  55.618 0.0000000000
63404  35.630  -18.942  64.585 0.0000000000
62033  35.044  -19.141  65.751 0.0000000000
61985  36.653  -19.554  67.627 0.0000000000
60625  37.670  -19.812  69.657 0.0000000000
63319  25.378  -18.674  69.648 0.0000000000
63278  24.765  -18.589  71.417 0.0000000000
63335  24.638  -19.114  69.479 0.0000000000
60627  23.883  -19.856  69.770 0.0000000000
59258  23.078  -20.980  69.594 0.0000000000
53875  18.803  -25.524  71.278 0.0000000000
53895  18.047  -25.523  69.805 0.0000000000
63391  25.535  -17.963  65.383 0.0000000000
63369  26.319  -18.216  66.263 0.0000000000
63331  27.078  -18.412  68.129 0.0000000000
63348  26.312  -17.942  67.353 0.0000000000
63333  25.643  -18.579  68.658 0.0000000000
61813  23.580  -19.671  75.420 0.0000000000
102463  59.056  9.386  48.169 0.0000000000
102449  60.075  9.623  49.464 0.0000000000
101198  58.996  8.845  48.727 0.0000000000
99937  59.489  8.332  50.037 0.0000000000
97249  59.858  6.840  50.850 0.0000000000
92115  58.139  2.342  50.988 0.0000000000
93335  58.906  3.479  51.540 0.0000000000
92089  58.649  2.530  52.836 0.0000000000
92076  59.700  2.121  54.588 0.0000000000
88070  49.805  -1.544  49.211 0.0000000000
88049  49.368  -1.841  50.340 0.0000000000
88009  51.216  -1.597  52.321 0.0000000000
87983  51.970  -1.371  54.251 0.0000000000
87856  53.748  -0.994  60.645 0.0000000000
80755  39.484  -6.968  58.297 0.0000000000
80753  40.634  -6.956  58.708 0.0000000000
82141  40.649  -5.938  60.631 0.0000000000
82123  41.235  -5.552  61.545 0.0000000000
83508  42.527  -4.855  64.119 0.0000000000
66139  40.680  -16.255  66.919 0.0000000000
67779  40.696  -14.890  66.231 0.0000000000
67750  41.168  -14.780  68.169 0.0000000000
69226  41.822  -13.613  68.097 0.0000000000
70505  42.441  -12.704  68.772 0.0000000000
98753  54.250  7.372  43.377 0.0000000000
100024  53.709  8.299  43.028 0.0000000000
98752  55.454  7.433  43.500 0.0000000000
98751  56.569  7.400  43.584 0.0000000000
98750  57.657  7.430  43.563 0.0000000000
98732  59.017  7.645  44.340 0.0000000000
99998  57.799  7.681  45.749 0.0000000000
102490  58.191  8.762  46.561 0.0000000000
103870  62.135  11.279  38.425 0.0000000000
105159  62.615  12.044  39.664 0.0000000000
105123  62.317  11.179  40.171 0.0000000000
102542  62.463  9.812  40.794 0.0000000000
105109  62.102  10.577  40.571 0.0000000000
103808  61.778  9.994  41.880 0.0000000000
102543  61.243  9.757  41.687 0.0000000000
61964  32.869  -19.233  68.545 0.0000000000
61939  34.109  -19.628  69.655 0.0000000000
61914  33.263  -19.935  70.304 0.0000000000
60560  34.616  -20.054  73.150 0.0000000000
60541  34.943  -20.922  74.799 0.0000000000
55119  21.418  -24.436  76.754 0.0000000000
55104  21.914  -23.789  78.155 0.0000000000
55105  21.678  -24.738  77.896 0.0000000000
52306  21.878  -25.670  79.858 0.0000000000
51043  20.344  -27.351  79.855 0.0000000000
51037  21.495  -26.979  80.785 0.0000000000
98679  55.235  6.516  46.610 0.0000000000
97275  56.778  6.422  47.412 0.0000000000
95887  55.447  5.674  46.656 0.0000000000
94568  56.462  4.728  46.962 0.0000000000
93385  57.621  3.302  47.675 0.0000000000
93389  54.300  3.316  46.884 0.0000000000
92176  56.404  2.179  47.124 0.0000000000
92147  57.742  2.360  49.335 0.0000000000
92116  57.276  1.966  50.938 0.0000000000
90809  56.840  1.257  52.405 0.0000000000
90794  56.789  1.085  53.411 0.0000000000
83673  48.291  -3.631  54.721 0.0000000000
85091  49.500  -3.075  55.286 0.0000000000
83657  49.381  -3.669  56.076 0.0000000000
85013  50.506  -3.388  58.346 0.0000000000
86447  51.148  -2.544  59.786 0.0000000000
86416  49.971  -2.558  61.665 0.0000000000
87829  51.790  -1.570  61.725 0.0000000000
87828  52.520  -1.068  61.912 0.0000000000
76238  41.592  -8.683  60.746 0.0000000000
69130  42.001  -14.322  74.611 0.0000000000
98738  52.318  6.895  43.695 0.0000000000
97333  53.266  6.249  44.718 0.0000000000
98708  54.201  6.256  45.848 0.0000000000
105176  58.566  12.648  37.686 0.0000000000
103875  57.697  11.749  38.297 0.0000000000
48679  14.209  -29.731  75.420 0.0000000000
47303  14.563  -30.151  77.054 0.0000000000
48664  13.651  -29.916  76.679 0.0000000000
48636  12.966  -29.865  78.669 0.0000000000
48609  13.069  -29.652  80.125 0.0000000000
48638  10.750  -29.205  78.319 0.0000000000
86590  47.557  -2.949  51.919 0.0000000000
85174  45.594  -2.977  51.355 0.0000000000
85149  47.523  -3.186  53.037 0.0000000000
85094  47.091  -3.641  54.358 0.0000000000
83644  47.430  -4.678  56.025 0.0000000000
82185  46.989  -4.837  57.545 0.0000000000
80835  45.670  -5.634  55.030 0.0000000000
82186  46.274  -5.223  57.296 0.0000000000
83584  47.339  -4.638  59.107 0.0000000000
83554  48.157  -4.900  61.085 0.0000000000
82093  48.316  -5.432  62.602 0.0000000000
82049  48.427  -5.385  64.333 0.0000000000
64714  38.776  -16.981  64.280 0.0000000000
63384  37.836  -18.089  65.320 0.0000000000
63383  38.578  -17.673  65.601 0.0000000000
64694  39.588  -17.076  66.197 0.0000000000
64670  40.730  -17.406  68.313 0.0000000000
63293  41.500  -17.663  70.602 0.0000000000
64637  41.096  -17.109  73.024 0.0000000000
61911  35.600  -19.993  70.451 0.0000000000
60607  36.495  -19.970  70.641 0.0000000000
59232  38.971  -20.808  71.763 0.0000000000
59147  38.606  -20.973  74.975 0.0000000000
59169  39.361  -20.753  73.748 0.0000000000
60557  40.496  -20.163  73.032 0.0000000000
61853  40.291  -19.151  73.508 0.0000000000
64633  40.429  -17.424  74.491 0.0000000000
67654  41.137  -15.979  74.974 0.0000000000
63201  28.425  -18.346  75.596 0.0000000000
63224  27.258  -17.869  74.644 0.0000000000
63204  25.399  -17.852  75.208 0.0000000000
63206  24.281  -18.505  74.478 0.0000000000
63261  24.606  -18.424  72.092 0.0000000000
63228  24.391  -18.782  73.606 0.0000000000
61835  23.682  -18.918  74.109 0.0000000000
60543  22.856  -20.196  74.401 0.0000000000
59179  22.499  -20.999  74.724 0.0000000000
57805  22.196  -22.042  74.397 0.0000000000
59294  23.231  -21.477  66.316 0.0000000000
59271  22.316  -21.779  68.448 0.0000000000
59259  22.594  -21.585  69.494 0.0000000000
56586  21.201  -23.379  67.711 0.0000000000
56560  21.594  -22.789  69.518 0.0000000000
57851  22.217  -22.119  71.314 0.0000000000
57836  22.178  -22.164  72.473 0.0000000000
56482  21.902  -22.883  73.959 0.0000000000
55146  21.621  -23.591  74.819 0.0000000000
55132  21.118  -24.446  75.842 0.0000000000
53779  20.064  -25.471  74.664 0.0000000000
52374  19.228  -26.632  74.883 0.0000000000
53825  18.850  -25.816  72.844 0.0000000000
52387  18.329  -26.795  73.587 0.0000000000
51079  18.673  -27.032  74.685 0.0000000000
49883  17.059  -27.747  74.486 0.0000000000
49884  15.805  -28.651  74.488 0.0000000000
49885  14.431  -28.749  73.945 0.0000000000
49886  13.233  -28.907  73.650 0.0000000000
48696  12.567  -29.244  74.461 0.0000000000
62077  32.883  -18.775  63.761 0.0000000000
62057  32.182  -18.905  64.394 0.0000000000
62012  32.464  -19.514  66.351 0.0000000000
63386  29.862  -19.124  64.177 0.0000000000
62014  30.086  -19.105  65.815 0.0000000000
61990  31.543  -19.641  67.294 0.0000000000
61966  30.692  -19.337  68.260 0.0000000000
61942  31.008  -19.530  69.383 0.0000000000
61917  30.295  -19.299  70.467 0.0000000000
63316  28.164  -18.517  69.017 0.0000000000
63294  28.906  -18.721  70.489 0.0000000000
61898  29.970  -18.844  71.668 0.0000000000
61878  29.699  -18.937  72.880 0.0000000000
61834  29.422  -18.674  74.474 0.0000000000
47257  15.654  -30.329  78.851 0.0000000000
48592  16.594  -29.055  80.865 0.0000000000
99935  60.925  8.306  50.525 0.0000000000
97273  58.444  6.361  48.430 0.0000000000
97250  59.381  6.436  50.488 0.0000000000
97231  60.334  5.751  51.644 0.0000000000
94513  59.796  4.393  52.136 0.0000000000
94504  60.167  4.616  52.908 0.0000000000
95822  60.971  5.338  52.636 0.0000000000
89523  50.813  0.370  47.264 0.0000000000
89503  52.712  -0.593  47.809 0.0000000000
88047  51.633  -1.434  50.050 0.0000000000
89480  52.955  -0.749  50.299 0.0000000000
89462  54.007  -0.018  50.488 0.0000000000
90811  54.677  0.670  52.146 0.0000000000
90778  56.181  0.598  53.996 0.0000000000
89415  57.055  0.395  54.874 0.0000000000
86507  51.108  -2.210  55.616 0.0000000000
86532  52.035  -1.425  55.618 0.0000000000
87954  53.142  -1.407  55.950 0.0000000000
87882  54.432  -1.214  59.280 0.0000000000
87935  54.189  -1.285  57.062 0.0000000000
87952  54.442  -0.772  56.362 0.0000000000
89392  55.897  -0.293  56.489 0.0000000000
89391  56.705  -0.224  56.575 0.0000000000
77817  41.581  -7.975  55.775 0.0000000000
79301  43.507  -7.619  58.464 0.0000000000
79278  41.556  -7.052  59.308 0.0000000000
79276  43.308  -7.351  59.466 0.0000000000
79254  44.131  -7.304  60.367 0.0000000000
80678  45.810  -6.786  62.688 0.0000000000
80625  47.238  -6.040  65.164 0.0000000000
82016  48.059  -5.020  66.234 0.0000000000
69283  41.007  -14.118  64.622 0.0000000000
73234  41.782  -11.205  62.294 0.0000000000
74685  42.345  -9.597  61.806 0.0000000000
76207  42.803  -8.575  62.939 0.0000000000
69151  42.228  -13.450  72.830 0.0000000000
70477  42.832  -12.433  71.551 0.0000000000
71785  43.065  -11.455  70.029 0.0000000000
73152  43.311  -10.580  70.467 0.0000000000
73173  43.235  -10.608  68.602 0.0000000000
74612  43.641  -9.061  66.488 0.0000000000
76176  43.752  -8.285  65.008 0.0000000000
77676  42.173  -7.140  64.113 0.0000000000
79188  42.269  -6.420  64.658 0.0000000000
82035  42.244  -5.478  65.365 0.0000000000
83468  43.232  -4.639  65.873 0.0000000000
83398  43.971  -4.132  69.371 0.0000000000
84871  43.642  -4.055  67.547 0.0000000000
83449  44.350  -4.275  66.504 0.0000000000
84868  45.647  -4.276  67.115 0.0000000000
102584  57.440  11.262  39.499 0.0000000000
102565  59.207  9.921  40.309 0.0000000000
101326  59.909  8.942  41.000 0.0000000000
101303  60.854  9.314  41.876 0.0000000000
102530  61.018  9.270  43.287 0.0000000000
100020  59.987  7.964  44.038 0.0000000000
101261  60.952  9.421  44.591 0.0000000000
103791  61.764  9.676  44.709 0.0000000000
103771  62.493  10.661  45.862 0.0000000000
61786  29.668  -18.891  76.171 0.0000000000
61785  30.342  -18.975  76.256 0.0000000000
48647  16.096  -29.301  77.067 0.0000000000
48662  15.700  -29.522  76.495 0.0000000000
84880  49.363  -4.150  65.626 0.0000000000
86342  50.183  -3.064  65.794 0.0000000000
61988  33.617  -19.123  67.571 0.0000000000
61995  23.928  -19.224  67.249 0.0000000000
63372  24.334  -18.663  66.460 0.0000000000
56444  22.318  -23.138  77.278 0.0000000000
99965  56.350  7.514  47.311 0.0000000000
99964  56.902  7.862  47.852 0.0000000000
98677  56.397  7.077  47.564 0.0000000000
90776  57.919  0.918  54.378 0.0000000000
90775  58.912  1.245  54.687 0.0000000000
90760  58.956  0.827  55.618 0.0000000000
86570  48.828  -3.054  52.764 0.0000000000
86569  49.516  -2.521  53.208 0.0000000000
76239  41.314  -7.720  60.760 0.0000000000
77717  40.305  -7.762  60.327 0.0000000000
77703  40.902  -7.335  61.702 0.0000000000
79214  40.588  -6.991  62.329 0.0000000000
77691  40.903  -7.149  62.498 0.0000000000
66064  41.704  -16.097  72.605 0.0000000000
66063  41.747  -15.225  72.028 0.0000000000
66047  41.991  -15.141  73.029 0.0000000000
99979  55.263  7.092  46.476 0.0000000000
100001  55.688  7.536  45.944 0.0000000000
101226  56.506  7.932  46.643 0.0000000000
102595  60.324  10.906  38.995 0.0000000000
103855  59.537  11.081  39.072 0.0000000000
61875  32.527  -19.770  72.236 0.0000000000
52355  19.948  -26.670  76.210 0.0000000000
52338  20.599  -26.381  77.392 0.0000000000
51052  19.981  -27.103  77.608 0.0000000000
95902  52.542  4.856  46.256 0.0000000000
94583  52.772  4.261  46.665 0.0000000000
89501  54.317  0.434  48.014 0.0000000000
90877  54.924  0.770  48.072 0.0000000000
90866  54.948  0.270  49.207 0.0000000000
83603  48.416  -3.809  58.497 0.0000000000
84991  48.543  -3.561  59.405 0.0000000000
83716  44.607  -4.155  51.634 0.0000000000
83698  45.057  -4.478  52.245 0.0000000000
83677  45.315  -4.727  52.896 0.0000000000
82259  44.898  -5.195  52.467 0.0000000000
79323  44.377  -7.173  57.279 0.0000000000
80776  44.894  -6.519  57.274 0.0000000000
79299  45.038  -7.029  58.575 0.0000000000
80731  46.027  -6.393  59.582 0.0000000000
79274  45.238  -7.184  59.046 0.0000000000
60624  38.760  -19.850  69.328 0.0000000000
61935  38.776  -19.532  68.603 0.0000000000
60623  39.901  -19.652  69.466 0.0000000000
60603  40.355  -19.721  70.329 0.0000000000
60585  39.958  -19.971  71.329 0.0000000000
59200  36.319  -21.255  73.934 0.0000000000
60558  36.377  -21.033  73.444 0.0000000000
59172  36.842  -21.664  74.463 0.0000000000
63259  25.921  -17.979  72.284 0.0000000000
60610  23.377  -20.452  71.055 0.0000000000
59236  22.978  -21.246  71.618 0.0000000000
59222  22.493  -20.801  72.472 0.0000000000
55254  20.397  -24.246  70.078 0.0000000000
55226  20.335  -24.275  71.044 0.0000000000
55198  20.657  -23.925  71.943 0.0000000000
55199  20.203  -24.570  71.424 0.0000000000
63368  27.207  -18.770  65.966 0.0000000000
63389  27.496  -18.140  64.946 0.0000000000
63345  28.834  -18.588  66.209 0.0000000000
61993  28.536  -18.649  67.370 0.0000000000
63276  26.610  -18.327  71.236 0.0000000000
63186  24.521  -17.895  75.837 0.0000000000
48595  13.847  -29.875  80.672 0.0000000000
48594  14.765  -29.584  80.843 0.0000000000
103741  60.801  10.514  48.990 0.0000000000
102447  61.491  10.155  49.563 0.0000000000
102448  60.877  10.050  49.582 0.0000000000
98625  60.472  6.512  51.355 0.0000000000
98624  60.914  6.545  51.303 0.0000000000
97215  61.152  5.573  51.857 0.0000000000
97216  61.089  5.515  52.067 0.0000000000
94550  58.217  3.616  48.788 0.0000000000
94549  58.646  4.298  49.224 0.0000000000
93360  58.964  3.542  50.036 0.0000000000
89434  52.914  -0.688  53.650 0.0000000000
89447  52.816  -0.510  53.049 0.0000000000
89419  53.811  -0.593  54.161 0.0000000000
86446  52.140  -2.416  59.555 0.0000000000
85010  52.382  -2.470  58.584 0.0000000000
86445  53.027  -1.958  59.693 0.0000000000
80802  39.648  -6.916  56.928 0.0000000000
82073  43.110  -4.742  63.243 0.0000000000
82072  43.579  -4.985  63.412 0.0000000000
83505  44.502  -4.953  64.446 0.0000000000
83506  44.012  -4.893  64.313 0.0000000000
66199  39.349  -16.193  63.842 0.0000000000
67818  39.436  -15.684  63.228 0.0000000000
66198  39.835  -15.790  64.504 0.0000000000
71824  42.015  -11.881  67.312 0.0000000000
71836  42.175  -12.068  66.428 0.0000000000
71835  42.678  -11.513  66.600 0.0000000000
73202  42.374  -11.298  65.512 0.0000000000
77575  43.778  -7.506  70.609 0.0000000000
79112  43.981  -6.929  68.601 0.0000000000
79113  44.226  -6.193  68.777 0.0000000000
79134  43.822  -6.008  67.708 0.0000000000
80556  44.284  -5.249  69.667 0.0000000000
100039  56.838  8.300  42.628 0.0000000000
100038  57.404  8.406  42.577 0.0000000000
101288  57.815  8.953  42.286 0.0000000000
100037  58.272  8.450  42.440 0.0000000000
100036  58.988  8.054  42.393 0.0000000000
98763  58.424  7.701  42.908 0.0000000000
102476  59.635  10.078  47.793 0.0000000000
103764  60.293  10.344  47.695 0.0000000000
105035  60.757  10.370  48.194 0.0000000000
101324  62.605  9.462  40.093 0.0000000000
101325  62.598  8.950  39.560 0.0000000000
100048  62.813  8.598  39.957 0.0000000000
100047  63.059  8.143  40.409 0.0000000000
103789  62.573  9.425  43.700 0.0000000000
103790  62.220  9.517  44.229 0.0000000000
61832  31.279  -18.950  74.360 0.0000000000
61809  31.138  -19.028  75.329 0.0000000000
49861  18.031  -28.086  76.534 0.0000000000
48633  17.773  -28.899  78.483 0.0000000000
48604  18.053  -29.028  80.058 0.0000000000
92182  50.542  2.042  46.445 0.0000000000
90893  52.222  1.385  47.075 0.0000000000
90894  51.200  1.235  46.863 0.0000000000
83553  48.589  -4.346  61.723 0.0000000000
84964  49.191  -3.190  61.754 0.0000000000
49851  8.763  -28.247  76.316 0.0000000000
49842  8.292  -28.302  77.803 0.0000000000
49832  8.179  -28.550  78.493 0.0000000000
62055  34.076  -18.749  64.644 0.0000000000
62054  34.951  -18.894  64.825 0.0000000000
61986  35.567  -19.668  67.564 0.0000000000
61960  37.177  -19.781  68.692 0.0000000000
61936  37.018  -19.808  69.509 0.0000000000
63320  24.680  -18.708  69.889 0.0000000000
60638  23.669  -19.771  68.816 0.0000000000
60639  23.361  -20.437  69.201 0.0000000000
63392  24.858  -18.265  65.706 0.0000000000
63350  25.074  -18.773  67.939 0.0000000000
60515  22.775  -19.950  76.090 0.0000000000
59135  22.668  -20.191  76.712 0.0000000000
102464  58.469  8.785  47.488 0.0000000000
101211  58.627  8.469  47.920 0.0000000000
99946  59.235  8.178  49.150 0.0000000000
98652  59.096  7.409  49.835 0.0000000000
98651  59.671  7.457  50.570 0.0000000000
92102  57.940  2.136  52.049 0.0000000000
92101  58.581  2.737  52.261 0.0000000000
88050  48.444  -2.070  49.743 0.0000000000
86568  50.306  -1.982  53.320 0.0000000000
88010  50.549  -1.861  52.529 0.0000000000
87996  50.882  -1.621  53.049 0.0000000000
87995  51.575  -1.424  53.328 0.0000000000
80735  40.119  -6.524  59.551 0.0000000000
82100  41.108  -6.338  62.466 0.0000000000
82099  41.511  -5.852  62.408 0.0000000000
82074  42.175  -5.499  63.303 0.0000000000
82053  42.134  -5.409  64.296 0.0000000000
66121  41.404  -15.975  68.455 0.0000000000
66138  40.965  -15.803  67.564 0.0000000000
67715  42.119  -14.641  70.425 0.0000000000
67749  41.771  -14.477  68.838 0.0000000000
69208  42.173  -13.825  69.476 0.0000000000
70489  42.497  -12.904  69.830 0.0000000000
98720  56.452  7.245  45.306 0.0000000000
98735  55.962  6.895  44.409 0.0000000000
98734  57.054  6.998  44.500 0.0000000000
98718  57.761  7.426  45.336 0.0000000000
98719  57.363  7.311  45.340 0.0000000000
102479  57.270  8.507  47.004 0.0000000000
101224  57.429  8.859  46.401 0.0000000000
102478  58.143  8.857  47.000 0.0000000000
102477  58.996  9.506  47.354 0.0000000000
103854  61.375  10.777  39.580 0.0000000000
103853  61.967  11.153  39.389 0.0000000000
105145  61.956  12.001  40.097 0.0000000000
105144  62.698  11.977  40.333 0.0000000000
105124  62.180  11.355  40.285 0.0000000000
105108  62.194  10.779  40.282 0.0000000000
105125  61.915  10.955  40.229 0.0000000000
103819  61.541  10.397  40.924 0.0000000000
61941  32.142  -19.348  69.474 0.0000000000
61940  33.128  -19.208  69.562 0.0000000000
61854  33.824  -20.197  72.661 0.0000000000
60542  34.315  -20.525  74.151 0.0000000000
52316  21.253  -26.284  78.833 0.0000000000
53704  21.644  -25.350  78.866 0.0000000000
52307  21.515  -26.183  79.719 0.0000000000
52297  21.909  -26.051  80.464 0.0000000000
49829  19.931  -27.760  78.856 0.0000000000
49823  19.790  -27.795  79.650 0.0000000000
97277  55.215  6.218  46.638 0.0000000000
95888  54.723  5.658  46.586 0.0000000000
94581  54.970  4.161  46.610 0.0000000000
94569  55.633  4.886  46.729 0.0000000000
94580  55.866  3.983  46.719 0.0000000000
94578  57.468  3.886  47.298 0.0000000000
93386  57.052  3.003  47.121 0.0000000000
93391  52.100  3.244  46.724 0.0000000000
93390  53.229  3.332  46.960 0.0000000000
92179  53.730  2.259  46.643 0.0000000000
90876  56.040  1.504  47.896 0.0000000000
90889  55.837  1.861  47.244 0.0000000000
90875  56.684  1.658  48.125 0.0000000000
92164  57.102  2.147  48.279 0.0000000000
92148  57.100  1.952  49.208 0.0000000000
92133  57.363  1.929  49.964 0.0000000000
90831  56.485  1.378  51.445 0.0000000000
83658  48.758  -3.826  55.557 0.0000000000
83601  49.797  -3.436  58.662 0.0000000000
84988  50.852  -2.946  59.138 0.0000000000
84963  49.727  -2.666  62.282 0.0000000000
86396  50.637  -2.226  62.445 0.0000000000
87796  51.373  -1.732  62.693 0.0000000000
87795  52.093  -1.033  62.671 0.0000000000
89260  52.808  -0.596  62.701 0.0000000000
74717  40.441  -9.777  59.697 0.0000000000
76255  40.538  -8.690  59.973 0.0000000000
76254  41.297  -9.186  60.370 0.0000000000
98737  53.458  6.561  43.969 0.0000000000
97334  52.615  6.357  44.409 0.0000000000
97292  53.582  5.685  46.188 0.0000000000
98709  53.580  6.038  45.462 0.0000000000
97306  53.989  5.975  46.160 0.0000000000
98694  54.444  6.396  46.300 0.0000000000
105177  57.927  12.051  37.788 0.0000000000
48680  13.031  -29.505  75.518 0.0000000000
48650  11.429  -29.697  77.390 0.0000000000
48649  12.635  -29.889  77.605 0.0000000000
48624  12.419  -29.603  79.456 0.0000000000
48651  10.243  -29.372  77.134 0.0000000000
86608  46.939  -2.363  51.095 0.0000000000
83714  45.599  -3.691  52.320 0.0000000000
85162  46.160  -3.288  52.042 0.0000000000
85161  46.963  -3.112  52.361 0.0000000000
85150  46.780  -3.564  52.975 0.0000000000
85126  47.122  -3.480  53.714 0.0000000000
83675  46.546  -3.952  53.886 0.0000000000
83660  46.908  -4.236  55.039 0.0000000000
82225  46.942  -5.044  55.777 0.0000000000
83623  47.575  -4.669  57.061 0.0000000000
82208  47.034  -5.187  56.694 0.0000000000
80837  44.182  -6.199  53.717 0.0000000000
80836  45.007  -5.890  54.550 0.0000000000
79396  44.872  -6.311  55.051 0.0000000000
82171  45.883  -5.467  58.262 0.0000000000
80800  45.809  -5.582  56.619 0.0000000000
82170  46.594  -4.750  58.268 0.0000000000
83566  47.186  -4.866  59.704 0.0000000000
82138  47.088  -5.287  60.112 0.0000000000
80694  47.432  -6.139  61.503 0.0000000000
82094  48.128  -5.795  62.283 0.0000000000
80659  48.109  -5.979  63.034 0.0000000000
82069  48.417  -5.360  63.451 0.0000000000
80641  48.000  -5.961  63.857 0.0000000000
62092  37.607  -17.668  62.811 0.0000000000
64726  38.199  -16.884  62.903 0.0000000000
64715  38.181  -17.324  63.775 0.0000000000
63385  36.886  -18.839  65.825 0.0000000000
63403  36.540  -18.810  64.695 0.0000000000
63344  39.130  -18.479  67.060 0.0000000000
63362  38.830  -18.142  66.323 0.0000000000
64695  39.029  -17.161  65.682 0.0000000000
63361  39.593  -17.572  66.613 0.0000000000
64677  40.383  -17.305  67.666 0.0000000000
63329  40.548  -18.174  67.947 0.0000000000
61891  41.078  -18.542  71.238 0.0000000000
63313  41.501  -17.779  69.627 0.0000000000
63273  41.509  -17.582  71.469 0.0000000000
64646  41.812  -16.988  72.124 0.0000000000
61912  34.706  -20.024  70.378 0.0000000000
61892  35.091  -20.182  71.050 0.0000000000
59218  37.335  -21.273  72.970 0.0000000000
60588  36.945  -20.370  71.477 0.0000000000
60570  37.362  -20.698  72.006 0.0000000000
60587  38.014  -20.763  71.382 0.0000000000
59233  38.449  -20.914  72.021 0.0000000000
61805  39.612  -19.447  75.315 0.0000000000
60523  39.532  -20.260  74.760 0.0000000000
60522  39.763  -19.698  74.482 0.0000000000
59196  39.658  -20.757  73.144 0.0000000000
60539  39.814  -20.076  73.907 0.0000000000
61828  39.860  -19.109  74.273 0.0000000000
64626  40.182  -17.225  75.247 0.0000000000
66036  40.737  -16.565  74.767 0.0000000000
63223  28.209  -18.191  74.838 0.0000000000
63245  25.327  -17.984  73.158 0.0000000000
63225  26.276  -17.906  74.436 0.0000000000
63226  25.431  -17.943  74.195 0.0000000000
63205  24.661  -17.899  74.852 0.0000000000
63279  24.669  -18.413  71.482 0.0000000000
63280  24.844  -18.853  71.455 0.0000000000
61879  24.102  -19.344  72.347 0.0000000000
61860  24.015  -19.438  73.314 0.0000000000
61861  23.134  -19.470  73.792 0.0000000000
61836  23.412  -19.609  74.633 0.0000000000
59205  22.573  -21.221  73.708 0.0000000000
57923  22.521  -22.003  67.377 0.0000000000
59283  22.035  -21.858  67.853 0.0000000000
57883  22.100  -22.285  69.019 0.0000000000
56610  20.294  -23.281  66.630 0.0000000000
56562  20.458  -23.933  68.312 0.0000000000
56540  21.038  -23.420  69.931 0.0000000000
56539  21.581  -22.728  70.482 0.0000000000
56522  21.480  -22.834  71.208 0.0000000000
55180  20.903  -24.057  73.011 0.0000000000
55179  21.570  -23.572  73.473 0.0000000000
55163  21.715  -23.654  74.373 0.0000000000
55147  21.179  -23.926  74.981 0.0000000000
53800  20.202  -25.754  73.848 0.0000000000
52373  19.787  -25.979  75.315 0.0000000000
52385  19.687  -26.190  74.412 0.0000000000
52423  17.889  -25.932  70.942 0.0000000000
51103  17.435  -26.997  72.854 0.0000000000
52398  18.177  -26.803  72.934 0.0000000000
51080  17.986  -27.167  74.246 0.0000000000
49882  17.740  -27.486  74.774 0.0000000000
51081  17.313  -27.355  73.856 0.0000000000
51092  15.484  -27.789  72.420 0.0000000000
49897  16.334  -27.808  73.662 0.0000000000
49899  13.895  -28.311  73.011 0.0000000000
62036  32.308  -19.246  65.314 0.0000000000
62037  31.299  -19.323  65.063 0.0000000000
63408  29.259  -18.986  63.551 0.0000000000
63387  29.145  -18.720  64.467 0.0000000000
62015  29.339  -18.722  66.120 0.0000000000
62013  31.336  -19.409  66.152 0.0000000000
61965  31.838  -19.540  68.437 0.0000000000
61943  29.827  -18.969  69.262 0.0000000000
63241  28.877  -18.439  74.246 0.0000000000
63222  29.135  -18.609  75.051 0.0000000000
63183  27.658  -18.717  75.839 0.0000000000
55090  22.075  -23.884  79.061 0.0000000000
55089  22.475  -23.505  79.324 0.0000000000
47289  14.508  -30.078  77.736 0.0000000000
47272  15.024  -30.371  78.238 0.0000000000
47258  14.848  -30.134  78.944 0.0000000000
48593  15.596  -29.103  80.882 0.0000000000
48606  15.965  -29.405  80.239 0.0000000000
48583  16.259  -29.229  81.432 0.0000000000
48582  17.244  -29.200  81.418 0.0000000000
47233  16.940  -29.557  81.857 0.0000000000
101181  59.875  9.252  50.021 0.0000000000
101180  60.732  9.358  50.204 0.0000000000
98638  61.631  6.569  51.015 0.0000000000
97274  57.714  6.387  47.732 0.0000000000
95884  58.236  5.316  47.856 0.0000000000
95867  59.064  5.416  49.844 0.0000000000
95857  59.509  5.438  50.691 0.0000000000
97239  59.584  5.979  50.954 0.0000000000
95845  59.895  5.304  51.600 0.0000000000
93322  59.136  3.366  52.310 0.0000000000
94514  59.341  3.962  51.689 0.0000000000
93321  59.736  3.879  52.863 0.0000000000
94503  60.885  4.635  53.249 0.0000000000
95823  60.570  5.157  52.637 0.0000000000
94502  61.403  4.172  53.190 0.0000000000
89505  50.457  -0.437  47.698 0.0000000000
89524  49.759  0.352  47.302 0.0000000000
89504  51.497  -0.370  47.786 0.0000000000
88090  52.040  -0.951  48.236 0.0000000000
88048  50.573  -1.610  50.253 0.0000000000
88069  50.848  -1.392  49.173 0.0000000000
89464  52.961  -0.800  50.824 0.0000000000
89463  53.354  -0.486  50.981 0.0000000000
89479  53.524  -0.459  49.911 0.0000000000
90833  54.609  0.384  51.051 0.0000000000
90812  54.008  0.417  51.805 0.0000000000
90796  55.082  0.642  53.159 0.0000000000
90779  55.480  0.517  53.856 0.0000000000
89416  56.329  0.281  54.787 0.0000000000
85062  50.061  -3.276  56.195 0.0000000000
85090  50.452  -2.602  55.344 0.0000000000
86481  52.650  -2.197  57.395 0.0000000000
86506  51.618  -2.014  56.174 0.0000000000
86505  52.460  -1.722  56.291 0.0000000000
86504  53.126  -1.705  56.676 0.0000000000
89358  55.405  -0.658  58.292 0.0000000000
87906  54.932  -1.024  58.135 0.0000000000
87934  54.850  -1.105  57.165 0.0000000000
89393  55.152  -0.471  56.391 0.0000000000
79348  40.765  -7.822  56.161 0.0000000000
79347  41.921  -7.760  56.550 0.0000000000
79346  42.916  -7.821  56.466 0.0000000000
79325  42.497  -7.730  57.638 0.0000000000
80734  40.609  -6.562  59.615 0.0000000000
80733  41.500  -6.626  59.881 0.0000000000
80698  43.315  -6.433  61.471 0.0000000000
79255  43.110  -6.825  60.425 0.0000000000
79237  43.895  -6.837  61.027 0.0000000000
79236  44.763  -6.932  61.317 0.0000000000
79223  45.364  -6.906  62.014 0.0000000000
82050  45.885  -5.641  65.406 0.0000000000
80643  46.140  -6.024  64.670 0.0000000000
80626  46.449  -5.814  65.577 0.0000000000
82032  47.219  -5.545  66.019 0.0000000000
82017  47.211  -4.782  66.818 0.0000000000
67799  40.714  -14.698  65.377 0.0000000000
69264  41.295  -14.137  65.588 0.0000000000
70616  41.575  -12.324  64.444 0.0000000000
70617  41.254  -12.926  64.147 0.0000000000
70636  41.054  -13.143  62.817 0.0000000000
71892  41.639  -11.936  62.190 0.0000000000
71891  41.781  -11.493  62.760 0.0000000000
73225  43.024  -10.187  64.338 0.0000000000
73233  42.197  -10.710  62.542 0.0000000000
74668  42.656  -9.702  62.864 0.0000000000
76222  42.565  -8.993  62.301 0.0000000000
74666  43.734  -9.037  63.887 0.0000000000
69112  42.014  -13.374  74.860 0.0000000000
69129  41.940  -13.529  73.859 0.0000000000
71757  42.874  -11.549  73.232 0.0000000000
71758  42.864  -12.151  72.678 0.0000000000
71764  42.922  -11.777  72.136 0.0000000000
71773  43.040  -11.554  71.045 0.0000000000
76108  43.733  -8.953  69.564 0.0000000000
74553  43.387  -9.587  70.851 0.0000000000
74567  43.479  -9.608  69.801 0.0000000000
73163  43.336  -10.599  69.483 0.0000000000
74578  43.493  -9.841  68.930 0.0000000000
74613  43.578  -9.953  67.095 0.0000000000
74593  43.734  -9.082  67.491 0.0000000000
77654  43.748  -7.169  66.210 0.0000000000
76165  43.883  -8.191  65.873 0.0000000000
77665  43.464  -7.435  65.193 0.0000000000
77675  43.152  -7.624  64.197 0.0000000000
77666  42.796  -7.072  64.813 0.0000000000
77667  42.441  -6.770  64.686 0.0000000000
79187  42.750  -6.387  65.067 0.0000000000
82003  43.276  -5.112  67.093 0.0000000000
80611  42.012  -5.776  66.131 0.0000000000
82019  42.640  -5.327  66.364 0.0000000000
83469  42.762  -4.964  66.089 0.0000000000
83451  43.419  -4.641  66.801 0.0000000000
81963  44.264  -4.297  70.018 0.0000000000
83385  44.018  -3.699  70.135 0.0000000000
84836  44.203  -3.575  68.985 0.0000000000
84854  44.001  -3.516  68.189 0.0000000000
83450  43.746  -4.398  66.661 0.0000000000
84870  44.114  -4.003  67.434 0.0000000000
84882  45.059  -4.289  66.417 0.0000000000
84869  44.858  -4.210  67.349 0.0000000000
103858  57.082  11.815  38.914 0.0000000000
100041  53.812  8.711  42.280 0.0000000000
102566  58.236  10.240  40.181 0.0000000000
101327  59.340  9.306  41.027 0.0000000000
100035  59.871  8.189  42.427 0.0000000000
101304  60.290  8.880  41.570 0.0000000000
101286  60.710  8.989  42.692 0.0000000000
100009  58.746  7.886  45.019 0.0000000000
98731  59.400  7.738  44.221 0.0000000000
101263  59.843  8.695  45.082 0.0000000000
102499  60.623  10.045  45.991 0.0000000000
102511  60.701  9.586  45.183 0.0000000000
102498  61.099  10.152  45.523 0.0000000000
102509  61.281  9.683  44.782 0.0000000000
103782  61.347  10.341  45.585 0.0000000000
103781  62.069  10.216  45.232 0.0000000000
103772  61.773  10.935  45.880 0.0000000000
103753  62.188  10.157  47.485 0.0000000000
103869  62.691  11.446  38.560 0.0000000000
102528  62.566  9.438  41.882 0.0000000000
61784  31.102  -18.994  76.224 0.0000000000
49872  16.873  -28.585  75.572 0.0000000000
48660  17.222  -28.807  76.828 0.0000000000
48661  16.536  -29.004  76.510 0.0000000000
47286  16.221  -29.572  77.348 0.0000000000
47256  16.474  -30.071  78.577 0.0000000000
84920  49.252  -4.077  64.031 0.0000000000
84919  49.919  -3.254  63.780 0.0000000000
84898  49.784  -3.477  64.862 0.0000000000
62035  33.290  -19.107  65.500 0.0000000000
61987  34.538  -19.379  67.567 0.0000000000
61969  24.720  -19.081  68.209 0.0000000000
60647  23.534  -19.821  67.772 0.0000000000
63414  24.701  -18.749  65.112 0.0000000000
59158  22.456  -21.002  75.693 0.0000000000
59136  22.664  -20.736  76.490 0.0000000000
59113  22.929  -21.310  77.149 0.0000000000
59089  22.745  -21.329  77.738 0.0000000000
57752  22.913  -22.127  78.282 0.0000000000
101212  57.725  8.260  47.632 0.0000000000
99963  57.836  7.899  47.932 0.0000000000
98675  58.172  7.241  48.102 0.0000000000
90774  59.495  1.333  55.031 0.0000000000
86606  48.934  -2.470  51.118 0.0000000000
86605  49.580  -2.132  51.705 0.0000000000
86588  49.256  -2.546  52.181 0.0000000000
79257  39.625  -7.506  59.623 0.0000000000
80719  39.984  -7.105  60.213 0.0000000000
80718  40.372  -6.623  60.298 0.0000000000
80701  40.569  -6.895  61.032 0.0000000000
80665  40.922  -6.651  62.646 0.0000000000
80664  41.420  -6.525  63.111 0.0000000000
64661  41.784  -16.274  70.349 0.0000000000
66104  41.745  -15.457  69.539 0.0000000000
66077  42.166  -15.567  71.089 0.0000000000
67703  42.305  -14.505  71.458 0.0000000000
100000  56.212  7.713  45.889 0.0000000000
101252  56.641  8.435  45.932 0.0000000000
101238  56.517  8.290  46.141 0.0000000000
101225  56.842  8.589  46.549 0.0000000000
102580  60.725  10.497  40.087 0.0000000000
102564  60.195  9.611  40.623 0.0000000000
61916  31.440  -19.641  70.424 0.0000000000
61895  32.837  -19.869  71.281 0.0000000000
61855  33.074  -19.897  72.936 0.0000000000
53737  21.124  -25.563  77.316 0.0000000000
52326  20.971  -26.342  78.045 0.0000000000
51045  20.838  -26.874  79.475 0.0000000000
49824  19.168  -28.567  80.134 0.0000000000
49819  20.029  -27.840  80.374 0.0000000000
95900  54.156  5.502  46.565 0.0000000000
95901  53.415  5.231  46.478 0.0000000000
90892  53.193  1.426  47.103 0.0000000000
90891  54.208  1.149  47.156 0.0000000000
90832  55.531  0.956  51.194 0.0000000000
83643  48.144  -4.440  56.344 0.0000000000
83642  48.819  -4.136  56.522 0.0000000000
83621  49.009  -3.938  57.674 0.0000000000
83602  49.191  -3.584  58.607 0.0000000000
84989  50.077  -3.164  59.386 0.0000000000
87797  50.728  -2.033  63.088 0.0000000000
83715  45.149  -3.908  52.009 0.0000000000
83676  45.661  -4.432  53.617 0.0000000000
82237  45.678  -5.145  54.388 0.0000000000
79370  44.718  -6.530  55.573 0.0000000000
82154  45.986  -5.946  58.841 0.0000000000
80730  46.574  -5.773  59.932 0.0000000000
80714  46.125  -6.696  60.331 0.0000000000
80695  46.895  -6.840  61.662 0.0000000000
63425  36.963  -18.557  63.260 0.0000000000
61984  37.671  -19.431  67.533 0.0000000000
62006  38.070  -19.067  66.716 0.0000000000
61958  39.020  -19.138  68.048 0.0000000000
61957  39.807  -18.794  67.953 0.0000000000
61933  40.440  -18.938  68.781 0.0000000000
60602  40.852  -19.078  70.386 0.0000000000
61871  40.844  -18.678  72.100 0.0000000000
60572  35.354  -20.361  72.470 0.0000000000
60589  35.847  -20.339  71.465 0.0000000000
61781  39.579  -19.211  75.862 0.0000000000
63197  39.822  -18.340  74.910 0.0000000000
63243  27.113  -17.974  73.628 0.0000000000
60608  23.988  -19.560  70.865 0.0000000000
61900  24.379  -19.347  71.375 0.0000000000
60592  23.654  -19.722  71.332 0.0000000000
60561  22.695  -20.152  73.520 0.0000000000
60574  22.618  -20.210  72.793 0.0000000000
59223  22.194  -21.345  72.914 0.0000000000
57902  21.633  -22.802  67.451 0.0000000000
55253  20.862  -23.690  70.445 0.0000000000
56509  21.105  -23.329  71.395 0.0000000000
53824  19.475  -25.584  73.064 0.0000000000
51104  16.718  -27.066  72.408 0.0000000000
51090  16.905  -27.275  73.288 0.0000000000
62080  30.683  -19.226  63.248 0.0000000000
62059  30.634  -19.119  63.850 0.0000000000
63388  28.401  -18.325  64.740 0.0000000000
61944  29.140  -18.658  68.748 0.0000000000
48622  14.412  -29.820  79.496 0.0000000000
48584  15.368  -29.456  81.419 0.0000000000
99921  60.657  7.638  50.773 0.0000000000
98640  60.787  7.121  51.136 0.0000000000
98623  61.304  6.481  51.237 0.0000000000
97228  61.387  6.057  51.308 0.0000000000
95832  61.344  5.441  51.772 0.0000000000
95833  61.425  5.115  52.150 0.0000000000
95898  57.738  4.641  47.396 0.0000000000
94566  58.537  4.764  48.421 0.0000000000
93294  60.339  3.164  54.216 0.0000000000
93308  60.157  3.793  53.532 0.0000000000
88092  50.129  -1.133  48.304 0.0000000000
89446  53.463  -0.276  52.232 0.0000000000
89445  54.001  0.350  52.357 0.0000000000
89418  54.702  0.039  54.196 0.0000000000
85037  51.211  -3.263  57.483 0.0000000000
85060  51.543  -2.626  56.942 0.0000000000
85036  51.976  -2.823  57.704 0.0000000000
85035  52.417  -2.551  58.194 0.0000000000
89375  55.981  -0.344  57.513 0.0000000000
82122  41.937  -5.603  61.565 0.0000000000
80717  41.919  -6.009  60.583 0.0000000000
82121  42.860  -5.876  62.019 0.0000000000
82120  43.388  -6.051  62.111 0.0000000000
80680  43.733  -6.142  62.176 0.0000000000
80679  44.507  -6.420  62.434 0.0000000000
82071  44.580  -5.352  63.812 0.0000000000
82051  45.154  -5.375  65.019 0.0000000000
82034  45.352  -4.845  65.673 0.0000000000
70544  41.615  -13.269  66.555 0.0000000000
70570  41.412  -13.298  65.854 0.0000000000
70569  41.766  -12.650  66.095 0.0000000000
71863  41.844  -11.673  64.506 0.0000000000
71880  41.935  -11.487  63.486 0.0000000000
73213  42.106  -10.938  65.051 0.0000000000
73212  42.697  -10.467  64.787 0.0000000000
70440  42.707  -12.413  74.310 0.0000000000
71746  42.858  -11.681  74.875 0.0000000000
73120  42.683  -11.171  74.359 0.0000000000
73126  42.869  -10.556  73.271 0.0000000000
76107  43.924  -8.390  69.055 0.0000000000
76125  43.821  -8.227  67.945 0.0000000000
77621  43.871  -7.464  68.373 0.0000000000
77640  43.709  -7.170  67.355 0.0000000000
77641  43.542  -6.567  67.107 0.0000000000
79170  43.114  -6.380  65.973 0.0000000000
79153  43.239  -6.106  66.915 0.0000000000
80597  43.349  -5.545  67.288 0.0000000000
81986  43.094  -5.043  67.733 0.0000000000
100022  56.204  8.138  42.807 0.0000000000
101274  55.874  8.447  42.323 0.0000000000
101273  56.253  8.424  42.426 0.0000000000
101307  57.556  9.422  41.599 0.0000000000
101306  58.598  8.942  41.807 0.0000000000
101305  59.552  8.768  41.476 0.0000000000
100050  59.281  8.488  42.002 0.0000000000
98761  59.894  7.650  43.120 0.0000000000
102501  58.857  9.003  46.290 0.0000000000
102500  59.667  9.465  46.270 0.0000000000
102487  60.374  10.224  46.617 0.0000000000
105070  60.875  10.713  46.855 0.0000000000
105069  61.476  10.688  46.605 0.0000000000
105053  61.261  10.546  47.353 0.0000000000
103852  63.014  11.743  39.476 0.0000000000
102579  63.007  10.854  39.118 0.0000000000
101340  63.158  9.739  38.926 0.0000000000
102516  62.912  9.293  43.123 0.0000000000
101259  63.318  8.978  43.808 0.0000000000
61857  31.490  -19.034  73.346 0.0000000000
61808  31.928  -19.514  75.011 0.0000000000
51063  19.033  -27.269  76.155 0.0000000000
49848  19.743  -27.368  77.504 0.0000000000
49849  19.154  -27.666  77.352 0.0000000000
49840  18.580  -28.598  78.788 0.0000000000
48645  17.543  -28.844  77.510 0.0000000000
49831  18.654  -28.774  79.587 0.0000000000
48603  18.580  -28.771  80.280 0.0000000000
48590  18.472  -28.699  80.698 0.0000000000
48581  18.383  -28.842  81.661 0.0000000000
89502  53.753  0.242  47.741 0.0000000000
84972  48.262  -3.735  59.854 0.0000000000
84971  48.915  -3.402  60.430 0.0000000000
86383  50.236  -2.441  63.702 0.0000000000
87775  50.625  -1.989  63.730 0.0000000000
48667  10.112  -28.931  75.993 0.0000000000
48668  9.274  -28.553  75.751 0.0000000000
49852  8.094  -28.269  76.744 0.0000000000
48627  8.745  -28.899  79.327 0.0000000000
79371  43.842  -6.881  55.559 0.0000000000
79345  43.780  -7.408  56.461 0.0000000000
62053  35.625  -18.919  65.126 0.0000000000
62032  35.973  -19.236  65.735 0.0000000000
62009  35.291  -19.283  66.644 0.0000000000
62008  36.376  -19.316  66.628 0.0000000000
60637  38.048  -19.971  68.883 0.0000000000
60605  38.373  -20.076  70.430 0.0000000000
63297  25.891  -18.462  70.385 0.0000000000
63298  25.085  -18.869  70.557 0.0000000000
63299  24.714  -18.857  70.611 0.0000000000
63321  24.593  -18.849  70.140 0.0000000000
61945  24.252  -19.319  69.513 0.0000000000
61919  24.342  -19.366  70.450 0.0000000000
60628  23.476  -20.477  70.117 0.0000000000
53911  19.170  -24.762  68.228 0.0000000000
53894  19.312  -24.966  69.289 0.0000000000
63347  27.217  -18.145  67.043 0.0000000000
63332  26.258  -18.164  68.415 0.0000000000
63349  25.572  -18.230  67.615 0.0000000000
63318  26.125  -18.371  69.412 0.0000000000
102462  59.712  9.882  48.642 0.0000000000
102450  59.364  9.467  49.072 0.0000000000
101182  59.316  9.002  49.510 0.0000000000
98626  59.968  6.599  51.400 0.0000000000
93346  58.492  2.952  50.484 0.0000000000
93345  58.871  3.573  50.844 0.0000000000
93323  58.522  2.999  51.924 0.0000000000
93309  59.308  3.155  53.282 0.0000000000
88071  48.769  -1.584  49.103 0.0000000000
88031  49.513  -1.958  51.203 0.0000000000
88030  50.279  -1.810  51.509 0.0000000000
87994  52.402  -1.003  53.475 0.0000000000
87982  52.707  -1.128  54.284 0.0000000000
87857  52.813  -1.145  61.035 0.0000000000
86429  53.237  -1.529  60.438 0.0000000000
80779  39.140  -7.056  57.478 0.0000000000
80778  39.913  -6.881  57.587 0.0000000000
80754  39.920  -6.676  58.528 0.0000000000
82157  40.708  -6.192  60.260 0.0000000000
82140  41.148  -5.492  60.724 0.0000000000
82098  41.996  -5.371  62.455 0.0000000000
83533  42.497  -4.877  63.248 0.0000000000
66158  40.298  -16.093  66.161 0.0000000000
67780  40.348  -15.283  65.593 0.0000000000
66157  40.721  -15.545  66.818 0.0000000000
67764  40.891  -14.802  67.193 0.0000000000
69227  41.212  -14.099  67.499 0.0000000000
67732  41.736  -15.294  68.948 0.0000000000
70521  41.996  -12.517  67.917 0.0000000000
71810  42.147  -11.770  68.205 0.0000000000
98749  58.676  7.462  43.680 0.0000000000
98733  58.075  7.390  44.789 0.0000000000
100010  58.302  7.697  45.354 0.0000000000
99997  58.549  7.951  45.729 0.0000000000
101251  57.213  8.553  45.903 0.0000000000
101250  58.118  8.195  46.161 0.0000000000
102489  58.905  9.396  46.713 0.0000000000
105160  62.219  11.729  39.074 0.0000000000
103836  62.973  11.173  40.179 0.0000000000
101301  62.554  8.916  41.106 0.0000000000
103806  62.318  9.989  41.320 0.0000000000
105100  62.132  10.288  40.921 0.0000000000
105110  61.905  10.520  40.709 0.0000000000
105101  61.978  10.316  41.093 0.0000000000
103807  62.128  10.155  41.509 0.0000000000
61963  33.805  -19.417  68.582 0.0000000000
61913  33.950  -20.144  70.475 0.0000000000
61893  34.373  -20.328  71.268 0.0000000000
61894  33.524  -20.225  71.208 0.0000000000
61873  33.881  -20.301  71.921 0.0000000000
60573  34.523  -20.263  72.227 0.0000000000
61830  33.013  -19.649  73.827 0.0000000000
61806  33.545  -20.178  74.380 0.0000000000
60525  34.091  -20.197  75.513 0.0000000000
60524  34.743  -20.927  75.371 0.0000000000
60669  24.246  -20.350  65.330 0.0000000000
56445  21.718  -23.562  76.710 0.0000000000
55118  21.677  -23.868  77.400 0.0000000000
53703  21.926  -24.812  79.143 0.0000000000
53692  22.192  -25.077  79.603 0.0000000000
52296  22.849  -25.793  80.716 0.0000000000
49838  19.888  -27.444  78.068 0.0000000000
51049  20.400  -27.490  78.834 0.0000000000
51042  20.770  -26.926  80.268 0.0000000000
51038  20.902  -27.148  80.626 0.0000000000
51041  21.274  -26.710  80.544 0.0000000000
98678  55.671  6.847  47.000 0.0000000000
97276  55.999  6.397  46.965 0.0000000000
95886  56.292  5.646  46.878 0.0000000000
95899  57.141  4.518  47.107 0.0000000000
93377  57.774  2.946  48.490 0.0000000000
92178  54.723  2.306  46.935 0.0000000000
92177  55.607  2.363  46.986 0.0000000000
93387  56.209  3.026  46.456 0.0000000000
92175  57.047  2.281  47.483 0.0000000000
92132  57.891  2.439  50.209 0.0000000000
92103  57.159  1.625  51.690 0.0000000000
90808  57.404  1.535  52.966 0.0000000000
90793  57.486  1.319  53.680 0.0000000000
85124  48.570  -3.147  54.127 0.0000000000
85123  49.350  -2.866  54.201 0.0000000000
85092  48.904  -3.307  54.761 0.0000000000
83641  49.620  -3.814  56.921 0.0000000000
85038  50.395  -3.513  57.192 0.0000000000
85012  51.418  -3.200  58.475 0.0000000000
84987  51.491  -2.746  59.122 0.0000000000
84970  49.615  -3.018  60.092 0.0000000000
86432  50.423  -2.595  60.475 0.0000000000
86415  51.022  -2.233  61.669 0.0000000000
86431  51.629  -2.072  60.813 0.0000000000
87858  52.049  -1.350  61.123 0.0000000000
89291  52.910  -0.767  62.210 0.0000000000
76256  39.820  -8.373  59.653 0.0000000000
67653  41.743  -15.324  74.996 0.0000000000
69100  41.861  -13.370  75.655 0.0000000000
98754  53.087  7.547  43.359 0.0000000000
98722  53.854  6.218  45.020 0.0000000000
97321  53.074  6.082  45.110 0.0000000000
98723  53.483  6.094  45.239 0.0000000000
103873  59.064  11.457  38.370 0.0000000000
103874  58.289  11.471  38.358 0.0000000000
48663  14.804  -29.903  76.294 0.0000000000
47304  14.126  -29.962  77.339 0.0000000000
48648  13.733  -29.900  77.892 0.0000000000
48635  13.873  -29.870  78.831 0.0000000000
48623  13.440  -29.766  79.521 0.0000000000
48625  11.374  -29.219  79.367 0.0000000000
48610  12.000  -29.421  80.131 0.0000000000
48596  12.659  -30.088  80.509 0.0000000000
86625  48.162  -2.475  50.382 0.0000000000
86607  47.857  -2.398  51.190 0.0000000000
86571  48.118  -2.999  52.632 0.0000000000
86591  46.738  -2.821  51.717 0.0000000000
85148  48.254  -2.980  53.406 0.0000000000
85125  47.711  -3.313  54.152 0.0000000000
83674  47.812  -3.747  54.687 0.0000000000
83659  47.929  -4.216  55.276 0.0000000000
83604  47.330  -3.989  58.102 0.0000000000
80819  45.196  -5.996  55.396 0.0000000000
80818  45.769  -5.616  55.803 0.0000000000
82209  46.371  -5.319  56.239 0.0000000000
83565  47.857  -4.316  60.354 0.0000000000
82137  47.649  -5.364  60.808 0.0000000000
82119  48.122  -5.503  61.694 0.0000000000
83531  48.681  -4.612  62.972 0.0000000000
83504  48.715  -4.793  63.915 0.0000000000
83483  48.745  -4.643  64.762 0.0000000000
83463  48.891  -4.515  65.806 0.0000000000
64725  38.681  -16.698  63.555 0.0000000000
66180  39.628  -16.790  64.850 0.0000000000
63426  35.406  -18.952  63.726 0.0000000000
63363  37.652  -18.736  66.201 0.0000000000
64704  38.260  -17.610  64.508 0.0000000000
64703  38.734  -17.439  65.044 0.0000000000
66159  39.734  -16.630  65.648 0.0000000000
64685  40.179  -17.029  66.852 0.0000000000
64676  40.785  -16.651  68.115 0.0000000000
64669  41.050  -16.918  69.029 0.0000000000
63314  41.144  -18.042  68.724 0.0000000000
64662  41.400  -16.759  70.054 0.0000000000
64655  41.864  -16.656  71.011 0.0000000000
66048  41.403  -15.955  73.523 0.0000000000
61938  35.240  -19.732  69.562 0.0000000000
61937  36.336  -19.756  69.650 0.0000000000
60606  37.415  -19.988  70.655 0.0000000000
60586  39.037  -20.426  71.102 0.0000000000
59171  37.860  -21.628  74.270 0.0000000000
59198  37.961  -21.412  73.391 0.0000000000
59170  38.822  -21.010  74.103 0.0000000000
59197  38.773  -20.982  73.240 0.0000000000
59216  38.943  -20.912  72.483 0.0000000000
59215  39.763  -20.510  72.221 0.0000000000
60569  40.357  -19.863  72.212 0.0000000000
61872  40.691  -19.163  72.640 0.0000000000
63255  40.885  -18.490  72.557 0.0000000000
63220  40.386  -18.303  74.074 0.0000000000
63239  41.191  -17.764  72.891 0.0000000000
64632  40.815  -16.683  73.984 0.0000000000
66035  41.171  -15.863  74.361 0.0000000000
63181  29.203  -18.549  76.214 0.0000000000
63202  27.373  -18.243  75.435 0.0000000000
63187  24.168  -18.276  75.205 0.0000000000
63246  24.801  -18.413  72.938 0.0000000000
63262  24.486  -18.808  71.901 0.0000000000
63247  24.497  -18.924  72.706 0.0000000000
61812  23.885  -18.943  74.924 0.0000000000
60529  22.907  -20.188  75.253 0.0000000000
60544  22.894  -20.671  73.950 0.0000000000
59178  22.812  -20.545  74.905 0.0000000000
59157  22.656  -20.653  75.223 0.0000000000
57792  22.118  -21.952  75.450 0.0000000000
59293  23.826  -20.808  65.983 0.0000000000
60658  23.258  -20.657  67.339 0.0000000000
59282  22.664  -21.511  67.656 0.0000000000
59270  22.841  -21.107  68.763 0.0000000000
59246  22.528  -21.616  70.169 0.0000000000
56585  21.602  -22.876  68.637 0.0000000000
56561  21.234  -23.509  68.901 0.0000000000
57867  22.212  -22.139  70.088 0.0000000000
57866  22.524  -21.719  70.608 0.0000000000
56508  21.563  -22.955  72.018 0.0000000000
56495  21.818  -22.841  73.012 0.0000000000
56466  21.900  -23.196  75.051 0.0000000000
56455  21.458  -23.651  75.850 0.0000000000
53799  20.608  -24.887  74.337 0.0000000000
53778  20.560  -25.064  75.343 0.0000000000
52372  20.385  -25.796  75.954 0.0000000000
52356  19.428  -26.789  75.520 0.0000000000
53851  18.956  -25.690  72.296 0.0000000000
52403  18.490  -26.235  72.563 0.0000000000
52397  18.809  -26.273  73.234 0.0000000000
52386  18.877  -26.610  74.100 0.0000000000
51071  18.866  -27.177  75.286 0.0000000000
49871  17.687  -27.732  75.354 0.0000000000
49896  16.887  -27.509  73.833 0.0000000000
49873  16.077  -28.992  75.325 0.0000000000
48694  14.680  -28.939  74.900 0.0000000000
48695  13.669  -28.942  74.763 0.0000000000
49887  12.041  -28.831  73.478 0.0000000000
48697  11.407  -29.181  74.211 0.0000000000
63428  33.603  -18.696  63.716 0.0000000000
62056  33.154  -18.807  64.524 0.0000000000
62078  32.116  -18.916  63.428 0.0000000000
63407  30.051  -19.264  63.398 0.0000000000
62038  30.487  -19.184  64.674 0.0000000000
63365  29.741  -18.923  64.947 0.0000000000
61897  30.862  -19.689  71.537 0.0000000000
63330  27.977  -18.503  67.722 0.0000000000
61877  30.701  -19.109  72.579 0.0000000000
61859  29.569  -18.749  73.887 0.0000000000
63256  28.758  -18.728  73.359 0.0000000000
63221  29.748  -18.716  75.436 0.0000000000
56433  22.285  -22.926  78.317 0.0000000000
56421  22.307  -22.798  79.052 0.0000000000
47302  15.224  -30.026  76.896 0.0000000000
47271  15.797  -30.349  77.988 0.0000000000
48620  16.321  -29.941  79.524 0.0000000000
48621  15.359  -29.885  79.589 0.0000000000
48605  17.017  -29.528  80.269 0.0000000000
101196  60.531  9.630  49.798 0.0000000000
97260  58.827  6.417  49.412 0.0000000000
97238  59.864  6.258  51.267 0.0000000000
95834  60.172  5.122  52.254 0.0000000000
97218  60.457  5.387  52.210 0.0000000000
97217  60.716  5.506  52.140 0.0000000000
90895  50.142  1.272  47.078 0.0000000000
89522  51.881  0.412  47.338 0.0000000000
89489  53.472  -0.441  48.749 0.0000000000
88068  51.801  -1.251  49.006 0.0000000000
88028  52.415  -0.917  50.891 0.0000000000
88046  52.410  -1.028  49.723 0.0000000000
88066  52.960  -0.638  48.802 0.0000000000
89478  54.143  -0.036  49.501 0.0000000000
90854  54.605  0.276  50.082 0.0000000000
90795  56.017  0.842  53.182 0.0000000000
90777  56.978  0.693  54.136 0.0000000000
89401  57.513  0.135  55.540 0.0000000000
85122  49.958  -2.594  54.621 0.0000000000
86551  50.617  -2.261  54.273 0.0000000000
86534  51.082  -2.183  54.915 0.0000000000
86533  51.624  -1.730  55.122 0.0000000000
87970  52.142  -1.231  54.952 0.0000000000
87969  52.744  -1.293  55.265 0.0000000000
87968  53.531  -0.873  55.303 0.0000000000
86444  53.657  -1.530  59.926 0.0000000000
86462  53.589  -1.620  58.845 0.0000000000
89341  54.785  -1.167  59.628 0.0000000000
87907  54.262  -1.328  58.008 0.0000000000
87953  53.730  -1.205  56.355 0.0000000000
87967  54.107  -0.646  55.702 0.0000000000
89404  54.849  -0.400  55.371 0.0000000000
89403  55.722  -0.176  55.524 0.0000000000
89402  56.526  0.017  55.621 0.0000000000
89400  58.236  0.234  55.899 0.0000000000
77815  42.784  -7.877  55.783 0.0000000000
79324  43.755  -7.959  57.421 0.0000000000
80777  40.418  -6.988  57.962 0.0000000000
79304  40.650  -7.175  58.155 0.0000000000
79303  41.197  -7.657  58.653 0.0000000000
80732  42.145  -6.765  60.083 0.0000000000
79277  42.227  -7.034  59.557 0.0000000000
79302  42.395  -7.697  58.653 0.0000000000
79275  44.391  -7.501  59.342 0.0000000000
79253  45.406  -7.203  60.293 0.0000000000
79235  45.904  -7.012  61.446 0.0000000000
80677  46.822  -6.887  62.683 0.0000000000
80661  46.448  -6.737  63.687 0.0000000000
80642  47.240  -6.319  64.273 0.0000000000
80624  47.892  -5.888  64.607 0.0000000000
67800  40.312  -15.045  64.749 0.0000000000
69284  40.480  -14.494  63.989 0.0000000000
70594  41.216  -13.348  65.099 0.0000000000
69304  40.701  -13.774  63.669 0.0000000000
73249  41.270  -10.620  60.740 0.0000000000
73241  42.148  -10.328  61.838 0.0000000000
74702  41.831  -9.731  60.879 0.0000000000
74686  42.100  -8.987  61.209 0.0000000000
76223  42.051  -8.169  61.812 0.0000000000
76208  42.310  -7.813  62.663 0.0000000000
67672  41.767  -14.200  73.183 0.0000000000
69169  42.636  -13.543  71.909 0.0000000000
70453  42.717  -12.607  73.302 0.0000000000
70466  42.770  -12.611  72.303 0.0000000000
69168  42.721  -13.063  71.434 0.0000000000
70488  42.778  -12.406  70.549 0.0000000000
70504  42.714  -12.110  69.520 0.0000000000
71797  43.088  -11.378  69.088 0.0000000000
74542  43.251  -9.624  71.898 0.0000000000
73142  43.099  -10.616  71.485 0.0000000000
71809  42.751  -11.220  68.343 0.0000000000
73183  43.119  -10.621  67.742 0.0000000000
74631  43.299  -9.909  66.080 0.0000000000
74630  43.665  -9.072  65.485 0.0000000000
74648  43.784  -9.013  64.478 0.0000000000
76191  43.444  -8.241  63.920 0.0000000000
77689  42.580  -7.645  63.319 0.0000000000
77690  41.648  -7.240  62.788 0.0000000000
77677  41.785  -7.023  63.655 0.0000000000
79202  41.641  -6.704  63.476 0.0000000000
80645  41.633  -6.267  63.883 0.0000000000
79171  42.402  -6.112  65.648 0.0000000000
80627  42.397  -5.966  65.283 0.0000000000
82054  41.927  -5.839  64.403 0.0000000000
83488  42.541  -4.877  65.127 0.0000000000
83487  43.181  -4.527  64.906 0.0000000000
81975  44.043  -4.459  68.947 0.0000000000
83414  43.606  -4.165  68.523 0.0000000000
84817  44.115  -3.498  69.630 0.0000000000
84855  43.627  -3.827  68.283 0.0000000000
83432  43.316  -4.445  67.689 0.0000000000
83467  43.830  -4.275  65.688 0.0000000000
83486  43.931  -4.369  64.854 0.0000000000
83466  44.593  -4.096  65.645 0.0000000000
83465  45.432  -4.319  65.962 0.0000000000
83447  45.915  -4.280  66.762 0.0000000000
84867  46.032  -4.063  67.323 0.0000000000
82018  46.334  -4.545  66.822 0.0000000000
103857  57.862  11.366  38.931 0.0000000000
102583  58.097  10.923  39.596 0.0000000000
102582  58.975  10.627  39.639 0.0000000000
102544  60.699  9.587  41.323 0.0000000000
101285  61.068  9.433  42.278 0.0000000000
102529  61.289  9.528  42.899 0.0000000000
98748  59.593  7.662  43.745 0.0000000000
101262  60.469  9.105  44.761 0.0000000000
101272  60.904  8.920  43.876 0.0000000000
101271  61.235  9.291  44.214 0.0000000000
102518  61.497  9.344  44.155 0.0000000000
102497  63.126  10.039  45.440 0.0000000000
105051  62.111  10.283  46.982 0.0000000000
102474  62.407  10.015  47.049 0.0000000000
47270  16.359  -29.833  77.758 0.0000000000
47273  14.409  -29.972  78.419 0.0000000000
47288  15.154  -30.257  77.503 0.0000000000
48646  16.719  -29.281  77.301 0.0000000000
49818  20.603  -27.456  80.405 0.0000000000
49825  18.651  -28.873  80.049 0.0000000000
49828  20.292  -27.436  78.545 0.0000000000
49837  20.329  -27.218  78.309 0.0000000000
49860  18.826  -27.512  76.734 0.0000000000
51046  20.411  -27.462  79.255 0.0000000000
51048  20.673  -27.041  78.661 0.0000000000
51054  20.204  -26.818  77.394 0.0000000000
51055  19.761  -27.075  77.046 0.0000000000
51056  19.240  -27.280  76.785 0.0000000000
51072  18.221  -27.348  75.005 0.0000000000
52339  20.235  -26.606  76.945 0.0000000000
53693  21.828  -25.401  79.471 0.0000000000
55076  22.961  -23.797  79.476 0.0000000000
55091  21.866  -24.482  78.645 0.0000000000
56467  21.537  -23.594  75.313 0.0000000000
56634  21.900  -22.598  66.695 0.0000000000
57850  22.693  -21.572  71.008 0.0000000000
59231  39.470  -20.510  71.582 0.0000000000
60530  22.654  -20.567  75.505 0.0000000000
60540  39.440  -20.574  74.167 0.0000000000
60562  22.588  -20.635  73.580 0.0000000000
60568  40.697  -19.346  71.759 0.0000000000
60591  24.034  -19.540  71.082 0.0000000000
60621  40.864  -18.815  69.948 0.0000000000
60622  40.633  -19.205  69.708 0.0000000000
60626  36.962  -19.778  70.038 0.0000000000
60636  38.447  -19.748  68.753 0.0000000000
61899  24.225  -19.494  70.877 0.0000000000
61910  41.221  -18.468  70.210 0.0000000000
61918  24.110  -19.509  70.653 0.0000000000
61982  39.285  -18.714  67.484 0.0000000000
62007  37.233  -19.181  66.830 0.0000000000
62016  24.219  -18.758  66.867 0.0000000000
62075  34.723  -18.937  64.285 0.0000000000
62094  33.280  -18.721  63.321 0.0000000000
62095  32.891  -18.732  63.091 0.0000000000
63198  39.651  -18.940  75.150 0.0000000000
63240  40.882  -18.206  73.150 0.0000000000
63406  33.721  -18.697  64.227 0.0000000000
63424  37.691  -17.770  63.148 0.0000000000
63431  30.343  -19.313  62.767 0.0000000000
63447  37.661  -17.474  62.502 0.0000000000
64638  40.711  -17.532  73.768 0.0000000000
64654  41.934  -16.031  70.649 0.0000000000
64684  40.659  -16.648  67.417 0.0000000000
66090  41.807  -15.618  70.148 0.0000000000
66091  41.638  -16.182  69.999 0.0000000000
69186  42.778  -12.864  71.075 0.0000000000
69245  41.616  -13.590  67.170 0.0000000000
70439  42.855  -12.085  74.074 0.0000000000
70465  42.839  -12.273  72.007 0.0000000000
70478  42.709  -12.912  71.810 0.0000000000
71751  42.831  -11.740  74.016 0.0000000000
71752  42.787  -11.483  74.401 0.0000000000
71765  42.854  -12.180  72.374 0.0000000000
71798  42.646  -11.845  68.774 0.0000000000
71848  42.529  -11.593  65.891 0.0000000000
71864  41.655  -12.134  63.974 0.0000000000
73110  42.681  -11.183  74.581 0.0000000000
73119  42.698  -10.908  74.069 0.0000000000
73192  43.214  -10.802  66.767 0.0000000000
73242  41.778  -10.798  61.611 0.0000000000
74577  43.756  -9.125  68.451 0.0000000000
74594  43.544  -9.900  68.059 0.0000000000
74667  43.360  -9.586  63.768 0.0000000000
74701  42.136  -10.143  61.453 0.0000000000
76087  43.988  -8.041  69.580 0.0000000000
76190  43.632  -8.246  64.353 0.0000000000
76205  43.697  -8.632  64.016 0.0000000000
76206  43.467  -8.710  63.586 0.0000000000
76224  41.437  -7.540  61.591 0.0000000000
77598  44.212  -7.416  69.141 0.0000000000
77655  43.503  -6.630  66.720 0.0000000000
77674  43.570  -7.857  64.661 0.0000000000
77688  43.108  -8.129  63.564 0.0000000000
77771  42.148  -7.815  58.137 0.0000000000
77772  41.810  -7.900  58.336 0.0000000000
77795  41.871  -7.842  57.948 0.0000000000
77796  41.503  -7.963  58.121 0.0000000000
77816  42.291  -7.960  55.841 0.0000000000
79152  43.652  -6.475  67.422 0.0000000000
79154  42.509  -6.066  66.376 0.0000000000
79186  43.134  -6.753  65.288 0.0000000000
79189  41.784  -6.479  64.178 0.0000000000
79201  41.789  -6.789  64.091 0.0000000000
79222  45.842  -7.088  62.102 0.0000000000
79224  40.541  -7.064  61.649 0.0000000000
79234  46.480  -6.785  61.133 0.0000000000
79239  40.069  -7.447  60.267 0.0000000000
79256  42.480  -6.776  60.173 0.0000000000
79328  39.955  -6.893  57.038 0.0000000000
80584  43.508  -5.276  67.920 0.0000000000
80585  43.315  -5.197  67.347 0.0000000000
80628  41.992  -6.124  64.534 0.0000000000
80644  45.456  -5.770  64.387 0.0000000000
80663  44.753  -5.857  63.186 0.0000000000
80675  48.106  -5.884  62.565 0.0000000000
80676  47.717  -6.278  62.333 0.0000000000
80681  40.631  -6.668  61.987 0.0000000000
80696  46.279  -7.140  62.150 0.0000000000
80699  42.419  -5.946  61.181 0.0000000000
80700  41.942  -5.768  61.012 0.0000000000
80702  40.360  -7.179  60.565 0.0000000000
80712  47.529  -5.819  61.164 0.0000000000
80715  42.952  -6.597  60.845 0.0000000000
80751  44.779  -6.887  57.806 0.0000000000
80752  41.201  -7.063  59.171 0.0000000000
80775  45.527  -5.855  57.363 0.0000000000
81985  43.325  -4.710  68.178 0.0000000000
82001  46.807  -4.483  67.340 0.0000000000
82002  43.183  -4.830  67.704 0.0000000000
82031  48.216  -5.428  65.331 0.0000000000
82036  42.396  -5.876  64.845 0.0000000000
82052  44.739  -5.009  64.557 0.0000000000
82070  45.234  -5.531  64.163 0.0000000000
82076  41.228  -6.400  62.898 0.0000000000
82095  44.411  -5.799  63.010 0.0000000000
82118  48.541  -4.992  62.222 0.0000000000
82155  41.507  -6.072  60.385 0.0000000000
82156  41.142  -6.056  60.275 0.0000000000
82206  48.726  -4.194  56.313 0.0000000000
82207  48.518  -4.292  56.227 0.0000000000
82223  48.699  -4.214  56.067 0.0000000000
83431  46.337  -4.203  67.431 0.0000000000
83448  45.678  -4.441  66.488 0.0000000000
83452  43.279  -4.969  66.849 0.0000000000
83462  49.442  -4.201  65.921 0.0000000000
83464  45.857  -4.498  66.436 0.0000000000
83484  45.143  -4.666  65.379 0.0000000000
83532  42.845  -4.704  63.238 0.0000000000
83581  49.522  -3.451  59.037 0.0000000000
83582  49.306  -3.478  59.030 0.0000000000
84837  43.939  -3.837  68.908 0.0000000000
84851  46.383  -3.588  67.820 0.0000000000
84879  49.735  -3.814  65.754 0.0000000000
84881  45.425  -4.392  66.433 0.0000000000
85014  49.081  -3.506  59.014 0.0000000000
85015  48.839  -3.545  58.990 0.0000000000
85093  47.443  -3.771  54.717 0.0000000000
85163  45.393  -3.434  51.670 0.0000000000
86428  53.558  -1.365  60.369 0.0000000000
86433  49.654  -2.913  60.772 0.0000000000
86464  52.315  -2.428  58.852 0.0000000000
86550  51.380  -1.877  54.239 0.0000000000
87859  51.832  -1.607  61.215 0.0000000000
87881  55.032  -1.022  58.759 0.0000000000
88027  52.968  -0.822  51.082 0.0000000000
88045  52.953  -0.649  49.372 0.0000000000
88067  52.566  -0.921  48.682 0.0000000000
88089  52.525  -1.098  48.121 0.0000000000
89290  53.160  -0.584  62.345 0.0000000000
89420  53.193  -0.706  53.982 0.0000000000
89490  53.005  -0.819  48.466 0.0000000000
90878  54.302  0.634  47.731 0.0000000000
92163  57.515  2.262  48.790 0.0000000000
92165  56.705  1.883  47.722 0.0000000000
93336  58.483  2.920  51.318 0.0000000000
93378  57.400  2.689  47.742 0.0000000000
94526  59.580  4.589  51.296 0.0000000000
94527  59.171  4.029  51.171 0.0000000000
94571  54.384  5.227  46.557 0.0000000000
94579  56.674  3.855  47.000 0.0000000000
95820  61.235  5.463  52.080 0.0000000000
95846  59.702  5.663  51.170 0.0000000000
95856  59.690  5.184  51.129 0.0000000000
97278  54.547  5.938  46.627 0.0000000000
97290  54.834  6.283  46.560 0.0000000000
97320  53.391  6.153  44.977 0.0000000000
98692  55.516  6.887  46.802 0.0000000000
98693  55.098  6.702  46.514 0.0000000000
98747  59.972  7.736  43.421 0.0000000000
99990  55.418  7.345  46.235 0.0000000000
100007  60.249  8.419  44.327 0.0000000000
100008  59.535  7.999  44.554 0.0000000000
100051  58.790  8.486  42.156 0.0000000000
101197  60.319  9.504  49.908 0.0000000000
101214  56.396  7.764  47.047 0.0000000000
101236  57.610  9.026  46.012 0.0000000000
101249  58.886  8.398  46.013 0.0000000000
101260  61.184  9.544  44.599 0.0000000000
101264  59.170  8.319  45.394 0.0000000000
101270  61.337  9.441  44.424 0.0000000000
102429  59.843  9.431  49.682 0.0000000000
102430  59.643  9.374  49.548 0.0000000000
102461  60.350  10.131  48.926 0.0000000000
102485  62.607  9.854  46.689 0.0000000000
102502  58.250  8.604  46.364 0.0000000000
102510  61.240  9.758  45.020 0.0000000000
102517  61.419  9.585  44.610 0.0000000000
102519  61.246  9.250  43.663 0.0000000000
103755  60.527  10.326  48.468 0.0000000000
103763  62.337  10.347  46.674 0.0000000000
103765  59.980  10.242  47.394 0.0000000000
103774  60.528  10.502  46.795 0.0000000000
103775  60.158  10.337  47.203 0.0000000000
103783  60.882  10.464  46.154 0.0000000000
103817  62.335  10.533  40.403 0.0000000000
103818  62.173  10.290  40.905 0.0000000000
103888  58.506  11.731  37.789 0.0000000000
103889  58.035  11.653  37.935 0.0000000000
105018  60.792  10.463  48.621 0.0000000000
105034  61.113  10.367  48.069 0.0000000000
105052  61.695  10.464  47.100 0.0000000000
105067  62.173  10.623  46.467 0.0000000000
105068  61.977  10.790  46.398 0.0000000000
