#!ascii label  , from subject 3178 vox2ras=TkReg
1548
129604  40.094  35.498  28.208 0.0000000000
132110  44.475  37.589  31.159 0.0000000000
127649  51.476  32.897  33.050 0.0000000000
129530  36.614  34.304  32.100 0.0000000000
129510  41.854  34.240  33.658 0.0000000000
133969  41.945  38.936  24.647 0.0000000000
135538  41.275  41.345  39.750 0.0000000000
138103  42.607  44.279  34.302 0.0000000000
127552  51.385  33.469  40.920 0.0000000000
126662  43.962  32.042  38.002 0.0000000000
129679  45.076  34.718  24.315 0.0000000000
129597  47.530  34.277  28.521 0.0000000000
133026  50.291  37.664  29.761 0.0000000000
131221  48.018  36.301  36.262 0.0000000000
139477  45.706  46.667  34.082 0.0000000000
134808  45.172  40.839  26.641 0.0000000000
124968  45.319  29.529  30.928 0.0000000000
130474  38.157  35.247  30.333 0.0000000000
130398  39.054  35.361  33.767 0.0000000000
130453  41.499  35.547  31.375 0.0000000000
131380  39.683  36.219  25.014 0.0000000000
130525  37.242  35.523  27.951 0.0000000000
137198  40.806  43.951  39.406 0.0000000000
126589  51.067  32.415  44.189 0.0000000000
126603  48.253  31.262  42.861 0.0000000000
123924  48.385  28.736  45.314 0.0000000000
140617  44.143  48.336  29.553 0.0000000000
131352  44.969  36.153  26.600 0.0000000000
130534  48.065  35.242  26.179 0.0000000000
131289  47.221  36.494  30.522 0.0000000000
135534  46.475  41.368  39.851 0.0000000000
133800  48.611  40.341  36.707 0.0000000000
132898  47.704  38.068  38.619 0.0000000000
131182  49.554  36.318  39.931 0.0000000000
134748  42.282  40.351  31.943 0.0000000000
137305  44.099  42.720  30.151 0.0000000000
133037  43.384  38.687  27.744 0.0000000000
131366  43.282  37.334  25.185 0.0000000000
128661  50.420  32.912  29.978 0.0000000000
128648  47.766  32.692  31.110 0.0000000000
126727  48.737  31.500  31.489 0.0000000000
128586  40.103  32.854  35.027 0.0000000000
126711  41.680  31.026  33.518 0.0000000000
136599  44.489  42.301  23.410 0.0000000000
135701  42.141  41.495  25.731 0.0000000000
132938  42.707  38.814  35.264 0.0000000000
132934  46.373  39.158  35.032 0.0000000000
141137  41.121  49.563  38.596 0.0000000000
139428  43.972  47.273  38.239 0.0000000000
135593  40.368  41.717  35.933 0.0000000000
128563  50.939  33.193  36.312 0.0000000000
128583  46.979  33.439  35.476 0.0000000000
127570  47.120  33.296  40.014 0.0000000000
124877  44.390  29.391  41.355 0.0000000000
129670  42.291  35.008  25.379 0.0000000000
129601  43.515  35.089  28.472 0.0000000000
128724  46.316  33.331  25.085 0.0000000000
129644  51.130  34.714  27.049 0.0000000000
130465  50.855  35.300  30.420 0.0000000000
134729  49.077  40.368  33.566 0.0000000000
131246  49.391  37.546  33.043 0.0000000000
130393  51.580  34.549  34.480 0.0000000000
129465  51.943  34.406  38.075 0.0000000000
129406  52.334  34.170  42.390 0.0000000000
139515  43.311  46.580  31.485 0.0000000000
138920  45.046  45.522  30.568 0.0000000000
137302  45.951  43.845  30.404 0.0000000000
136564  45.882  42.401  26.224 0.0000000000
133988  44.741  39.659  23.657 0.0000000000
131388  42.831  36.643  23.606 0.0000000000
130450  44.469  35.039  31.420 0.0000000000
127669  44.526  32.203  32.505 0.0000000000
125852  42.430  30.273  31.042 0.0000000000
125816  45.219  30.802  34.141 0.0000000000
129582  39.215  35.326  29.116 0.0000000000
130455  39.423  35.406  31.060 0.0000000000
130488  40.147  35.556  29.485 0.0000000000
129655  40.112  35.529  26.230 0.0000000000
130539  38.352  35.790  26.779 0.0000000000
129606  38.276  34.759  28.206 0.0000000000
129584  37.396  34.930  29.169 0.0000000000
125713  51.686  31.208  46.061 0.0000000000
125715  49.796  30.454  45.436 0.0000000000
124824  49.899  29.595  46.982 0.0000000000
124933  39.939  29.741  33.837 0.0000000000
132149  44.587  37.075  28.806 0.0000000000
131318  46.247  35.911  28.571 0.0000000000
131290  46.183  36.631  30.450 0.0000000000
133791  45.568  39.463  39.557 0.0000000000
133790  46.666  39.658  38.979 0.0000000000
133018  43.038  38.480  30.820 0.0000000000
133899  43.239  39.503  30.032 0.0000000000
132138  43.642  37.838  29.117 0.0000000000
131321  43.732  36.869  27.926 0.0000000000
127676  51.386  32.570  31.321 0.0000000000
126738  49.591  31.657  30.662 0.0000000000
127678  50.161  32.388  31.983 0.0000000000
128625  35.525  33.542  33.341 0.0000000000
129500  36.875  34.417  33.963 0.0000000000
129512  40.259  35.015  33.642 0.0000000000
128605  39.391  33.959  34.724 0.0000000000
129496  40.961  33.960  34.286 0.0000000000
127640  40.689  32.157  34.579 0.0000000000
128602  42.082  32.979  34.225 0.0000000000
134868  43.075  40.746  23.625 0.0000000000
135733  42.508  41.592  24.389 0.0000000000
134829  42.291  39.877  25.468 0.0000000000
129545  36.396  34.566  31.349 0.0000000000
129531  35.170  34.217  32.071 0.0000000000
134683  42.409  40.481  37.680 0.0000000000
133803  44.045  39.912  37.224 0.0000000000
135536  43.385  41.738  39.926 0.0000000000
136413  40.375  42.894  39.896 0.0000000000
136429  39.816  43.002  38.330 0.0000000000
134685  40.340  41.239  37.336 0.0000000000
133833  41.611  39.973  35.472 0.0000000000
128532  51.512  33.433  38.651 0.0000000000
128534  49.548  33.472  38.543 0.0000000000
127553  49.646  33.220  40.327 0.0000000000
123944  46.477  28.651  43.295 0.0000000000
125747  46.099  30.383  42.360 0.0000000000
123951  45.080  28.369  42.136 0.0000000000
129680  44.100  34.654  24.476 0.0000000000
128716  44.677  33.974  25.596 0.0000000000
128740  45.991  33.635  24.523 0.0000000000
131315  49.605  36.361  28.356 0.0000000000
130546  49.847  34.722  25.872 0.0000000000
131330  50.556  35.781  27.737 0.0000000000
129595  51.488  34.602  28.916 0.0000000000
131284  50.591  36.365  30.318 0.0000000000
135585  47.135  41.263  37.013 0.0000000000
133845  47.415  39.488  34.584 0.0000000000
135591  47.948  41.358  35.789 0.0000000000
132033  47.804  38.101  36.085 0.0000000000
132048  49.341  38.803  35.118 0.0000000000
131238  48.177  37.055  34.154 0.0000000000
130409  49.333  35.596  33.404 0.0000000000
130386  49.655  35.287  35.529 0.0000000000
129482  51.401  34.620  35.835 0.0000000000
130365  49.882  35.430  37.614 0.0000000000
131155  49.993  36.287  41.364 0.0000000000
130328  51.147  35.428  40.985 0.0000000000
139501  43.859  46.234  32.649 0.0000000000
139513  45.145  46.570  31.398 0.0000000000
139499  46.179  46.545  32.130 0.0000000000
138865  43.459  45.772  35.865 0.0000000000
139469  44.983  46.601  36.071 0.0000000000
138102  43.905  44.863  34.347 0.0000000000
135672  44.971  41.467  28.208 0.0000000000
137303  45.255  43.431  30.342 0.0000000000
134772  46.250  41.810  28.024 0.0000000000
137336  46.234  42.849  28.168 0.0000000000
135711  46.322  41.646  26.536 0.0000000000
135731  46.019  41.318  25.104 0.0000000000
133967  45.955  39.772  24.830 0.0000000000
131376  44.189  35.816  24.748 0.0000000000
131387  43.264  36.829  23.513 0.0000000000
130576  43.455  35.763  23.892 0.0000000000
129695  42.273  35.258  24.332 0.0000000000
129599  45.543  34.450  28.577 0.0000000000
129560  44.314  35.132  29.996 0.0000000000
129576  46.682  34.454  29.557 0.0000000000
126741  46.534  31.010  30.762 0.0000000000
127667  46.060  32.318  31.948 0.0000000000
125849  44.962  30.559  31.148 0.0000000000
126732  43.826  30.750  31.663 0.0000000000
125865  43.889  30.024  30.759 0.0000000000
128568  45.717  33.465  37.079 0.0000000000
127637  45.829  32.279  34.582 0.0000000000
126675  44.016  32.151  36.162 0.0000000000
129544  37.180  34.814  31.396 0.0000000000
129514  37.683  34.797  33.214 0.0000000000
130434  38.602  35.567  31.846 0.0000000000
130433  39.614  35.606  32.084 0.0000000000
130431  41.675  35.313  32.309 0.0000000000
132177  41.254  37.327  25.510 0.0000000000
129564  36.524  34.722  30.228 0.0000000000
126609  51.794  31.979  42.626 0.0000000000
127524  49.247  32.626  42.110 0.0000000000
126591  49.535  31.524  43.891 0.0000000000
124861  48.293  29.710  43.959 0.0000000000
130551  45.090  35.313  24.908 0.0000000000
130561  46.441  34.480  25.029 0.0000000000
131350  46.458  35.884  26.815 0.0000000000
131317  47.527  35.988  28.634 0.0000000000
131301  49.379  37.136  29.979 0.0000000000
137173  48.033  42.932  40.085 0.0000000000
135572  48.620  41.653  37.606 0.0000000000
135553  47.830  41.532  38.862 0.0000000000
133796  47.556  39.802  37.838 0.0000000000
131194  47.730  36.843  37.982 0.0000000000
130353  49.061  35.578  38.543 0.0000000000
131999  48.316  37.357  39.566 0.0000000000
131983  49.464  37.020  40.746 0.0000000000
132849  49.239  37.891  42.617 0.0000000000
140033  44.642  47.151  34.912 0.0000000000
136489  41.777  42.539  32.880 0.0000000000
137277  43.166  43.322  32.008 0.0000000000
135633  42.891  41.535  31.022 0.0000000000
134776  43.688  40.423  28.444 0.0000000000
133918  44.263  39.887  26.859 0.0000000000
133064  43.830  38.947  25.397 0.0000000000
132159  43.444  38.065  26.913 0.0000000000
131353  44.081  36.425  26.398 0.0000000000
128675  49.265  33.808  29.589 0.0000000000
129556  47.773  33.955  30.598 0.0000000000
127690  49.091  32.207  30.311 0.0000000000
125860  48.054  30.709  30.760 0.0000000000
124954  47.253  30.126  31.229 0.0000000000
124893  42.986  29.493  38.752 0.0000000000
125790  42.569  29.967  37.134 0.0000000000
127610  37.624  32.385  36.291 0.0000000000
129499  37.801  34.578  34.228 0.0000000000
128588  38.220  33.302  35.478 0.0000000000
127608  38.953  32.235  35.899 0.0000000000
126691  40.149  31.683  35.099 0.0000000000
125820  40.426  30.358  34.298 0.0000000000
125830  41.232  30.376  33.023 0.0000000000
137405  43.753  43.307  24.387 0.0000000000
136579  42.419  42.475  25.177 0.0000000000
132988  43.607  37.898  32.277 0.0000000000
132076  45.525  37.748  32.939 0.0000000000
132936  44.777  38.672  35.510 0.0000000000
134680  45.323  40.633  37.556 0.0000000000
136410  45.882  42.664  39.203 0.0000000000
137154  46.862  43.504  41.450 0.0000000000
136352  46.573  42.657  42.581 0.0000000000
140519  42.580  48.726  39.580 0.0000000000
139429  43.039  46.617  38.416 0.0000000000
138074  41.906  44.992  36.299 0.0000000000
136466  41.035  43.048  34.839 0.0000000000
134741  41.569  40.671  33.259 0.0000000000
133861  42.120  39.509  33.624 0.0000000000
128596  51.044  33.472  34.876 0.0000000000
128616  49.587  33.288  33.691 0.0000000000
129474  48.982  33.487  36.011 0.0000000000
128551  47.717  33.510  37.616 0.0000000000
127583  45.498  32.713  38.907 0.0000000000
127539  47.708  32.193  41.735 0.0000000000
127557  46.070  31.854  40.723 0.0000000000
126637  44.136  30.960  40.025 0.0000000000
129630  41.368  35.271  27.403 0.0000000000
130521  42.335  35.375  27.838 0.0000000000
129629  42.629  35.136  27.151 0.0000000000
129650  45.490  34.282  26.712 0.0000000000
128702  46.955  34.000  27.003 0.0000000000
129665  47.790  34.098  24.884 0.0000000000
129647  48.896  33.872  25.950 0.0000000000
128700  48.996  34.282  27.373 0.0000000000
128698  50.805  33.949  28.139 0.0000000000
128672  51.290  33.588  30.185 0.0000000000
128647  51.873  33.377  32.092 0.0000000000
132985  46.987  38.103  32.908 0.0000000000
132090  48.292  37.826  31.904 0.0000000000
132999  49.618  38.665  31.407 0.0000000000
134703  48.941  40.633  35.544 0.0000000000
133858  49.700  39.484  33.263 0.0000000000
132982  50.032  38.425  31.756 0.0000000000
131272  49.984  36.867  31.872 0.0000000000
130446  50.764  34.922  32.194 0.0000000000
129523  52.430  33.920  33.635 0.0000000000
129492  52.333  34.001  35.275 0.0000000000
128546  52.170  33.713  37.475 0.0000000000
129454  52.090  33.918  39.385 0.0000000000
130351  50.806  35.302  38.743 0.0000000000
129446  52.243  34.304  40.080 0.0000000000
128505  52.696  33.125  41.182 0.0000000000
127510  52.952  32.731  43.041 0.0000000000
140048  43.887  47.304  31.128 0.0000000000
139526  44.762  46.855  30.393 0.0000000000
138191  44.592  44.886  28.340 0.0000000000
137276  44.116  44.202  32.371 0.0000000000
138895  46.688  45.660  32.334 0.0000000000
138155  45.946  44.949  30.382 0.0000000000
137338  45.349  43.466  28.201 0.0000000000
136557  45.270  43.398  26.523 0.0000000000
136587  45.426  42.664  24.236 0.0000000000
134866  44.485  40.568  23.347 0.0000000000
133094  43.151  39.136  23.193 0.0000000000
132186  44.030  38.330  24.067 0.0000000000
132212  43.481  37.709  23.007 0.0000000000
133096  42.052  37.892  24.014 0.0000000000
131378  41.590  36.458  24.685 0.0000000000
129671  41.308  35.432  25.355 0.0000000000
130486  42.196  35.572  29.557 0.0000000000
130452  42.547  35.478  31.477 0.0000000000
129528  43.081  34.650  32.782 0.0000000000
129541  45.873  34.324  31.620 0.0000000000
129526  44.921  33.957  32.393 0.0000000000
128622  42.945  33.089  33.593 0.0000000000
127671  43.077  31.595  32.915 0.0000000000
125829  41.983  30.576  32.743 0.0000000000
127653  47.597  32.444  33.223 0.0000000000
125825  47.054  30.943  32.872 0.0000000000
125837  45.687  30.384  32.654 0.0000000000
125810  43.714  30.332  35.363 0.0000000000
124957  44.301  29.618  31.588 0.0000000000
122945  48.790  27.747  46.330 0.0000000000
121904  48.409  26.645  44.437 0.0000000000
129605  39.160  35.204  28.180 0.0000000000
130489  39.652  35.434  29.389 0.0000000000
129581  40.101  35.329  28.972 0.0000000000
129631  40.177  35.335  27.274 0.0000000000
129632  39.165  35.191  27.333 0.0000000000
125699  50.075  30.301  46.197 0.0000000000
132136  44.914  37.131  29.427 0.0000000000
131305  45.748  36.573  29.506 0.0000000000
132123  45.204  37.113  30.344 0.0000000000
133002  43.507  37.966  31.121 0.0000000000
133017  43.426  38.457  30.048 0.0000000000
133016  43.745  37.833  30.147 0.0000000000
132137  44.175  37.441  29.322 0.0000000000
127662  51.591  32.721  32.285 0.0000000000
127677  50.783  32.322  31.710 0.0000000000
127663  50.882  32.516  32.526 0.0000000000
128640  36.106  33.845  32.719 0.0000000000
128624  36.310  33.734  33.586 0.0000000000
129515  36.765  34.330  32.984 0.0000000000
129511  40.934  34.637  33.631 0.0000000000
128603  41.059  33.064  34.808 0.0000000000
129495  41.664  33.593  34.221 0.0000000000
133968  42.376  39.476  24.453 0.0000000000
134850  42.682  40.630  24.260 0.0000000000
133949  41.943  39.298  25.335 0.0000000000
128651  36.062  33.895  31.987 0.0000000000
128652  35.684  34.136  31.806 0.0000000000
128641  35.387  33.807  32.491 0.0000000000
134672  42.131  40.703  38.648 0.0000000000
135558  42.809  41.135  38.844 0.0000000000
135537  42.447  41.350  39.544 0.0000000000
135539  40.442  41.895  39.830 0.0000000000
135560  40.254  41.734  38.916 0.0000000000
134673  41.251  40.954  38.726 0.0000000000
133806  41.402  40.429  36.896 0.0000000000
128521  51.324  33.531  39.982 0.0000000000
128522  50.147  33.395  39.712 0.0000000000
128509  50.227  33.351  40.695 0.0000000000
123945  45.843  28.339  42.871 0.0000000000
128726  44.714  34.072  24.876 0.0000000000
128741  44.989  34.265  24.490 0.0000000000
132146  49.836  36.858  28.992 0.0000000000
131331  50.054  35.840  27.408 0.0000000000
131300  50.415  36.672  29.048 0.0000000000
131299  50.735  36.393  29.392 0.0000000000
132132  50.449  37.314  29.656 0.0000000000
136444  46.920  42.316  37.871 0.0000000000
135584  47.679  41.714  36.768 0.0000000000
136456  47.986  42.239  37.234 0.0000000000
131222  47.665  37.188  36.161 0.0000000000
131232  47.834  37.463  35.182 0.0000000000
131231  47.997  36.567  35.178 0.0000000000
130387  48.685  35.790  35.326 0.0000000000
130377  49.752  35.288  36.596 0.0000000000
131141  50.644  35.960  42.972 0.0000000000
139478  44.866  46.627  34.275 0.0000000000
139491  44.120  46.246  33.728 0.0000000000
139490  44.997  46.460  33.383 0.0000000000
139500  45.151  46.534  32.398 0.0000000000
139489  45.913  46.526  33.130 0.0000000000
138091  43.055  45.353  35.354 0.0000000000
138118  42.765  44.270  33.825 0.0000000000
134791  45.157  41.210  27.436 0.0000000000
134774  45.535  41.451  27.929 0.0000000000
134807  45.733  41.208  26.929 0.0000000000
134823  46.464  41.520  26.959 0.0000000000
134825  45.781  41.204  26.253 0.0000000000
134848  45.964  40.943  25.505 0.0000000000
134826  45.301  40.363  25.513 0.0000000000
130562  44.714  35.320  24.350 0.0000000000
130563  43.941  35.794  24.172 0.0000000000
129692  44.167  35.022  23.871 0.0000000000
129693  43.257  34.958  23.874 0.0000000000
129598  46.464  34.373  28.608 0.0000000000
129577  45.704  34.605  29.461 0.0000000000
125882  45.982  29.433  29.461 0.0000000000
126742  45.758  30.723  31.028 0.0000000000
125863  45.396  30.042  30.671 0.0000000000
125850  44.232  30.403  31.144 0.0000000000
125864  44.717  30.068  30.766 0.0000000000
127594  44.633  32.441  37.980 0.0000000000
127606  44.601  33.001  36.840 0.0000000000
127607  43.807  32.333  37.170 0.0000000000
130457  37.724  35.204  30.801 0.0000000000
130435  37.747  35.357  31.607 0.0000000000
130456  38.442  35.431  30.932 0.0000000000
130454  40.460  35.487  31.236 0.0000000000
130432  40.661  35.441  32.221 0.0000000000
131368  40.452  36.536  25.460 0.0000000000
132178  40.414  37.010  26.080 0.0000000000
131369  39.488  36.399  25.964 0.0000000000
130524  37.605  35.729  27.435 0.0000000000
131344  37.895  36.315  27.346 0.0000000000
129563  37.536  34.860  30.258 0.0000000000
126600  51.149  31.882  43.284 0.0000000000
126601  50.251  32.007  43.377 0.0000000000
127496  50.445  32.038  43.676 0.0000000000
124848  49.255  29.829  45.167 0.0000000000
125729  48.683  30.294  44.094 0.0000000000
124849  48.566  29.505  44.703 0.0000000000
123937  47.406  28.739  44.296 0.0000000000
123926  47.226  28.125  44.492 0.0000000000
140609  43.893  48.603  30.213 0.0000000000
141241  43.379  49.386  29.956 0.0000000000
131363  45.577  36.073  25.957 0.0000000000
130536  46.274  36.023  26.104 0.0000000000
131351  45.782  36.049  26.749 0.0000000000
131304  46.817  36.291  29.562 0.0000000000
131303  47.948  36.331  29.656 0.0000000000
131316  48.717  36.429  28.689 0.0000000000
131288  48.226  36.694  30.638 0.0000000000
136392  46.915  42.417  40.902 0.0000000000
135532  48.084  42.189  39.347 0.0000000000
135533  47.605  41.934  39.616 0.0000000000
133789  47.270  39.268  38.492 0.0000000000
133797  47.200  39.770  38.462 0.0000000000
132899  47.579  38.585  38.041 0.0000000000
132007  47.813  37.359  38.695 0.0000000000
132889  47.945  37.968  39.135 0.0000000000
131984  48.649  37.572  40.881 0.0000000000
133752  49.256  37.370  41.398 0.0000000000
132864  49.058  37.561  42.043 0.0000000000
135623  41.954  41.126  32.320 0.0000000000
136497  42.552  41.950  31.503 0.0000000000
135648  42.787  40.931  30.970 0.0000000000
133907  43.339  39.452  29.200 0.0000000000
134763  43.421  40.293  29.657 0.0000000000
133913  43.485  39.445  28.228 0.0000000000
134793  43.705  40.016  27.837 0.0000000000
133919  43.745  39.560  27.404 0.0000000000
133042  43.471  38.952  27.016 0.0000000000
131337  44.311  36.526  27.332 0.0000000000
131338  43.634  37.071  27.153 0.0000000000
131364  44.723  35.698  25.595 0.0000000000
128674  50.238  33.481  29.568 0.0000000000
128662  49.634  33.066  30.173 0.0000000000
125845  48.875  31.318  31.044 0.0000000000
125859  48.753  31.343  30.830 0.0000000000
125846  48.283  30.702  31.186 0.0000000000
124953  47.734  30.055  31.072 0.0000000000
125847  47.618  30.489  31.481 0.0000000000
128571  37.209  32.910  36.052 0.0000000000
128570  37.656  32.971  35.862 0.0000000000
129513  38.396  35.008  33.749 0.0000000000
128604  40.129  33.586  34.726 0.0000000000
129485  38.719  33.850  34.964 0.0000000000
128587  39.280  33.249  35.244 0.0000000000
127626  38.760  32.672  35.711 0.0000000000
127625  39.525  32.267  35.518 0.0000000000
127624  40.211  32.335  35.063 0.0000000000
126702  41.265  31.542  34.125 0.0000000000
126703  40.618  31.218  34.506 0.0000000000
125819  41.065  30.698  33.899 0.0000000000
137415  44.822  43.031  23.744 0.0000000000
137416  44.050  42.890  23.779 0.0000000000
136590  42.043  42.148  24.825 0.0000000000
136580  41.815  42.189  25.359 0.0000000000
135690  41.714  41.486  26.722 0.0000000000
132972  43.543  38.484  33.370 0.0000000000
132954  44.191  38.462  34.368 0.0000000000
132937  43.637  38.564  35.325 0.0000000000
134681  44.527  40.523  37.796 0.0000000000
135575  45.637  41.263  37.829 0.0000000000
137155  45.868  43.725  41.318 0.0000000000
136334  47.752  43.472  43.067 0.0000000000
141126  42.255  50.450  39.357 0.0000000000
141136  41.924  49.796  39.190 0.0000000000
139970  42.232  47.641  39.448 0.0000000000
139430  42.298  46.548  38.585 0.0000000000
138832  42.116  45.687  37.061 0.0000000000
135587  39.750  42.589  37.092 0.0000000000
136462  40.449  42.911  35.525 0.0000000000
135603  40.689  42.284  35.104 0.0000000000
136465  41.157  42.366  34.470 0.0000000000
135602  40.891  41.412  35.081 0.0000000000
133832  42.130  39.481  35.044 0.0000000000
133847  41.979  39.596  34.280 0.0000000000
132956  42.475  39.157  34.350 0.0000000000
132989  42.795  38.712  32.527 0.0000000000
128579  51.358  33.313  35.744 0.0000000000
128580  50.502  33.388  35.646 0.0000000000
128564  50.154  33.373  36.491 0.0000000000
128535  48.443  33.384  38.667 0.0000000000
128550  48.802  33.432  37.543 0.0000000000
128536  47.437  33.283  38.436 0.0000000000
128537  46.621  33.209  38.562 0.0000000000
127582  46.445  33.091  39.219 0.0000000000
127513  48.370  31.783  42.755 0.0000000000
127538  48.764  32.545  41.447 0.0000000000
127526  48.078  31.850  42.408 0.0000000000
125748  45.444  30.013  41.988 0.0000000000
126628  46.252  30.985  41.048 0.0000000000
125761  45.640  30.548  40.989 0.0000000000
127558  45.372  31.609  40.432 0.0000000000
125757  44.487  30.006  40.960 0.0000000000
124880  43.797  29.490  40.084 0.0000000000
124879  44.064  29.450  40.713 0.0000000000
129653  42.427  34.868  26.274 0.0000000000
128715  45.491  33.667  25.825 0.0000000000
129651  44.616  34.428  26.468 0.0000000000
128714  46.470  33.762  26.079 0.0000000000
129649  46.154  34.163  27.020 0.0000000000
130549  47.198  34.691  25.402 0.0000000000
129677  46.869  34.012  24.893 0.0000000000
130548  48.430  34.720  25.650 0.0000000000
129662  50.005  34.581  26.087 0.0000000000
129663  49.482  34.369  25.850 0.0000000000
129646  49.680  34.285  26.295 0.0000000000
128712  48.574  34.064  26.633 0.0000000000
129622  49.876  34.278  26.945 0.0000000000
128699  49.977  34.273  27.828 0.0000000000
129621  50.665  34.291  27.334 0.0000000000
129573  51.278  34.524  29.846 0.0000000000
128659  51.550  33.456  31.126 0.0000000000
129554  51.205  34.434  30.887 0.0000000000
132970  45.894  37.976  33.609 0.0000000000
132092  46.185  37.578  32.509 0.0000000000
132969  46.741  38.408  33.551 0.0000000000
133844  48.142  39.877  34.383 0.0000000000
133874  48.225  39.226  33.044 0.0000000000
133000  49.037  38.597  31.607 0.0000000000
133873  48.902  39.834  32.712 0.0000000000
134677  49.055  40.909  37.268 0.0000000000
135582  49.152  41.330  36.785 0.0000000000
134689  49.076  40.698  36.492 0.0000000000
132060  49.304  38.588  34.539 0.0000000000
132950  49.415  39.129  34.064 0.0000000000
132967  49.819  38.766  33.285 0.0000000000
132966  50.051  38.796  32.652 0.0000000000
132087  49.767  37.868  32.371 0.0000000000
132105  50.278  37.636  31.291 0.0000000000
131273  49.811  36.874  32.218 0.0000000000
130408  50.407  35.112  33.630 0.0000000000
130426  50.146  35.284  32.712 0.0000000000
130407  51.423  34.618  33.755 0.0000000000
129524  52.105  34.146  32.967 0.0000000000
129507  52.174  34.298  34.000 0.0000000000
129506  52.472  33.984  34.400 0.0000000000
129493  51.996  34.378  34.974 0.0000000000
129472  51.938  34.469  36.998 0.0000000000
129480  52.416  34.013  36.229 0.0000000000
129471  52.318  34.076  37.255 0.0000000000
128531  52.007  33.656  38.547 0.0000000000
129464  52.255  33.989  38.305 0.0000000000
130341  49.418  35.720  39.248 0.0000000000
130352  49.989  35.447  38.562 0.0000000000
130340  50.079  35.595  39.459 0.0000000000
130327  51.707  34.869  41.262 0.0000000000
130338  51.724  34.859  40.162 0.0000000000
129436  52.223  34.540  40.939 0.0000000000
128507  52.398  33.620  41.008 0.0000000000
128494  52.407  34.129  41.924 0.0000000000
127523  52.531  32.721  42.464 0.0000000000
139502  42.478  46.008  32.130 0.0000000000
138898  41.636  45.590  32.812 0.0000000000
138912  44.950  45.969  31.066 0.0000000000
138921  44.625  45.922  29.950 0.0000000000
138926  44.315  45.964  28.727 0.0000000000
138174  44.573  45.399  29.240 0.0000000000
137292  43.787  42.926  30.765 0.0000000000
137291  44.504  43.787  31.253 0.0000000000
136509  45.860  42.905  29.596 0.0000000000
137290  45.399  44.051  31.027 0.0000000000
137289  45.881  44.257  31.201 0.0000000000
138139  46.193  44.826  31.614 0.0000000000
138905  46.653  45.471  31.406 0.0000000000
138154  46.214  44.642  30.538 0.0000000000
137372  45.987  42.567  27.036 0.0000000000
137356  45.650  42.979  27.586 0.0000000000
137357  45.047  43.554  27.169 0.0000000000
136556  45.497  42.939  26.751 0.0000000000
136577  45.403  42.590  25.185 0.0000000000
134865  45.382  40.606  23.806 0.0000000000
133989  43.942  39.551  23.030 0.0000000000
132176  43.589  38.148  25.070 0.0000000000
133063  44.649  39.128  24.834 0.0000000000
132187  43.639  37.759  24.442 0.0000000000
131397  43.257  37.134  22.919 0.0000000000
132213  42.971  37.268  22.801 0.0000000000
132198  42.521  37.555  23.302 0.0000000000
132199  42.355  36.987  24.209 0.0000000000
131389  41.988  36.081  24.015 0.0000000000
129654  41.256  35.077  26.315 0.0000000000
129602  42.922  35.209  27.849 0.0000000000
130503  42.390  35.465  28.586 0.0000000000
130502  42.816  35.416  29.048 0.0000000000
130468  44.305  35.222  30.748 0.0000000000
130469  43.444  35.320  30.466 0.0000000000
130451  43.576  35.236  31.585 0.0000000000
129543  43.991  34.785  31.937 0.0000000000
129539  47.620  33.340  31.075 0.0000000000
129540  46.932  33.817  31.293 0.0000000000
128649  46.858  32.870  31.515 0.0000000000
127668  45.370  32.241  32.080 0.0000000000
129525  45.671  33.602  32.240 0.0000000000
128638  44.990  33.036  32.744 0.0000000000
128639  44.251  33.571  32.763 0.0000000000
128621  43.978  32.987  33.125 0.0000000000
127656  43.400  32.368  33.139 0.0000000000
127670  43.776  31.861  32.656 0.0000000000
125838  42.989  30.688  31.639 0.0000000000
126721  42.748  30.829  32.497 0.0000000000
125839  42.163  30.440  31.824 0.0000000000
125840  41.316  30.179  32.079 0.0000000000
125853  41.463  30.061  31.244 0.0000000000
128598  48.894  33.404  34.636 0.0000000000
128617  48.321  33.062  33.589 0.0000000000
128599  47.761  33.309  34.549 0.0000000000
126700  45.519  31.508  34.359 0.0000000000
126699  46.085  31.853  33.888 0.0000000000
126709  45.839  31.126  33.705 0.0000000000
125826  46.270  30.705  33.160 0.0000000000
125827  45.449  30.516  33.427 0.0000000000
124916  42.157  29.108  36.707 0.0000000000
124914  42.957  29.909  36.210 0.0000000000
124925  42.750  29.167  35.311 0.0000000000
129562  38.495  35.320  29.691 0.0000000000
130473  39.167  35.548  29.967 0.0000000000
130472  40.265  35.699  30.242 0.0000000000
130471  41.328  35.723  30.380 0.0000000000
130554  39.074  35.765  25.380 0.0000000000
131370  38.943  35.965  26.072 0.0000000000
129657  38.653  35.568  26.781 0.0000000000
129633  38.273  35.227  27.373 0.0000000000
129634  37.518  35.199  27.673 0.0000000000
129607  37.449  34.831  28.268 0.0000000000
129583  38.213  35.299  29.023 0.0000000000
126573  51.511  31.608  45.080 0.0000000000
126574  50.779  31.551  44.796 0.0000000000
125714  50.658  31.094  45.695 0.0000000000
124837  48.837  29.209  45.432 0.0000000000
131336  45.222  36.195  27.655 0.0000000000
130519  45.557  35.860  28.032 0.0000000000
131319  45.295  36.513  28.581 0.0000000000
131277  46.634  36.694  31.204 0.0000000000
135535  45.828  41.123  39.938 0.0000000000
134653  46.883  40.870  39.178 0.0000000000
134654  46.017  40.465  39.699 0.0000000000
132890  47.308  38.558  39.161 0.0000000000
133888  42.466  39.416  31.712 0.0000000000
134756  42.716  40.358  31.084 0.0000000000
133900  42.838  39.238  30.751 0.0000000000
133029  43.439  38.572  28.755 0.0000000000
132151  43.412  37.689  28.066 0.0000000000
132150  43.916  37.207  28.616 0.0000000000
131320  44.467  36.664  28.195 0.0000000000
126736  50.975  32.319  30.434 0.0000000000
127689  50.026  32.409  30.338 0.0000000000
126725  50.655  31.847  31.029 0.0000000000
126726  49.765  31.838  31.358 0.0000000000
126714  49.311  32.101  32.030 0.0000000000
130397  39.637  35.143  33.978 0.0000000000
129497  40.033  34.462  34.258 0.0000000000
128585  40.514  32.633  34.884 0.0000000000
127639  41.572  32.309  34.356 0.0000000000
127658  42.035  31.730  33.942 0.0000000000
135749  43.339  41.377  23.496 0.0000000000
136601  42.854  41.946  23.772 0.0000000000
135750  42.795  41.275  23.815 0.0000000000
135714  42.583  41.165  25.067 0.0000000000
134811  42.149  40.389  25.977 0.0000000000
129546  35.509  34.656  31.345 0.0000000000
128642  34.727  34.003  32.534 0.0000000000
128626  34.648  33.618  33.273 0.0000000000
133816  42.233  39.331  36.254 0.0000000000
133815  43.409  39.489  36.734 0.0000000000
134693  43.305  40.047  37.021 0.0000000000
134671  43.069  40.785  38.371 0.0000000000
136414  39.971  43.050  39.144 0.0000000000
135586  39.847  41.751  36.997 0.0000000000
134708  40.492  40.848  36.093 0.0000000000
134707  41.006  40.595  35.708 0.0000000000
134695  40.959  40.587  36.573 0.0000000000
133817  41.529  40.160  36.342 0.0000000000
128548  50.979  33.294  37.324 0.0000000000
128549  49.901  33.485  37.486 0.0000000000
128533  50.617  33.409  38.595 0.0000000000
128523  49.270  33.474  39.322 0.0000000000
127569  48.189  33.167  39.637 0.0000000000
125739  47.646  30.127  43.136 0.0000000000
125746  47.090  30.439  42.775 0.0000000000
124869  46.409  29.479  42.989 0.0000000000
124870  45.566  29.357  42.464 0.0000000000
124876  44.938  29.323  41.888 0.0000000000
129669  43.480  34.637  25.262 0.0000000000
128717  44.156  34.372  25.421 0.0000000000
128727  44.143  34.426  25.111 0.0000000000
128725  45.676  33.439  24.906 0.0000000000
127728  46.369  33.007  24.535 0.0000000000
130516  49.100  35.377  26.950 0.0000000000
130533  49.135  35.307  26.339 0.0000000000
131348  49.623  35.536  26.851 0.0000000000
130515  50.694  35.581  27.001 0.0000000000
130514  51.109  35.351  27.523 0.0000000000
129620  51.229  34.560  27.937 0.0000000000
130499  51.172  35.393  28.571 0.0000000000
130484  51.152  35.450  29.553 0.0000000000
133829  46.400  39.559  35.562 0.0000000000
133846  46.772  39.400  34.983 0.0000000000
133828  47.211  39.979  35.359 0.0000000000
134719  47.808  40.380  34.947 0.0000000000
134718  48.536  40.455  34.691 0.0000000000
132913  48.216  39.018  35.974 0.0000000000
132912  48.502  39.495  35.886 0.0000000000
132933  48.603  38.712  35.381 0.0000000000
132062  48.527  37.859  34.762 0.0000000000
131247  48.969  37.349  33.251 0.0000000000
130428  49.136  36.810  32.859 0.0000000000
130396  48.665  36.104  34.263 0.0000000000
130395  49.547  35.437  34.452 0.0000000000
130394  50.635  34.847  34.661 0.0000000000
129494  51.265  34.590  35.127 0.0000000000
130385  50.551  34.792  35.757 0.0000000000
130376  50.773  34.989  36.744 0.0000000000
130363  51.366  34.774  37.936 0.0000000000
131171  49.731  36.263  40.744 0.0000000000
131181  50.086  35.874  40.181 0.0000000000
131170  50.316  35.773  40.879 0.0000000000
130314  51.248  35.186  41.898 0.0000000000
138887  42.900  45.675  33.897 0.0000000000
138897  42.761  45.634  33.070 0.0000000000
139514  44.357  46.642  31.656 0.0000000000
138906  46.041  46.025  31.151 0.0000000000
139454  43.830  46.572  36.847 0.0000000000
139439  44.254  47.075  37.309 0.0000000000
138846  43.881  46.430  36.363 0.0000000000
138090  44.516  45.493  34.925 0.0000000000
136528  44.462  42.084  29.353 0.0000000000
137304  44.535  43.077  30.287 0.0000000000
135658  45.085  41.959  28.937 0.0000000000
135656  46.019  42.333  29.147 0.0000000000
136525  46.196  42.562  29.045 0.0000000000
136542  46.299  43.181  28.917 0.0000000000
136540  46.616  42.185  27.739 0.0000000000
135698  46.764  42.025  26.856 0.0000000000
135699  46.360  42.025  26.466 0.0000000000
135713  45.698  41.812  25.234 0.0000000000
134849  45.859  40.554  24.706 0.0000000000
133091  46.224  39.135  23.741 0.0000000000
131377  43.420  36.623  24.378 0.0000000000
130564  43.447  36.197  23.990 0.0000000000
130577  42.635  35.573  23.898 0.0000000000
129681  42.938  34.819  24.536 0.0000000000
129600  44.644  34.729  28.507 0.0000000000
129579  43.977  35.072  29.388 0.0000000000
129578  44.850  34.806  29.347 0.0000000000
129559  45.022  35.079  30.133 0.0000000000
129558  45.748  34.673  30.511 0.0000000000
126728  46.873  31.535  31.155 0.0000000000
127680  46.547  32.052  31.618 0.0000000000
126729  46.171  31.408  31.307 0.0000000000
126718  45.452  31.861  31.752 0.0000000000
127682  44.824  31.759  31.839 0.0000000000
126719  44.195  31.413  32.138 0.0000000000
126731  44.588  31.004  31.598 0.0000000000
125851  43.371  30.397  31.006 0.0000000000
128584  46.056  33.604  36.102 0.0000000000
127621  46.308  32.873  34.787 0.0000000000
127622  45.769  32.879  35.392 0.0000000000
126688  45.232  31.975  35.046 0.0000000000
126689  44.517  31.628  35.410 0.0000000000
129529  37.250  34.853  32.291 0.0000000000
130416  37.907  35.356  32.413 0.0000000000
130415  38.678  35.463  32.937 0.0000000000
130414  39.821  35.359  33.123 0.0000000000
130413  40.901  35.356  33.129 0.0000000000
130412  41.802  35.094  33.185 0.0000000000
133079  41.623  38.287  24.810 0.0000000000
133065  41.484  38.392  25.840 0.0000000000
132171  40.490  37.225  26.778 0.0000000000
131359  38.582  36.246  26.731 0.0000000000
129585  36.655  34.845  29.179 0.0000000000
138004  40.153  44.492  40.349 0.0000000000
137178  40.462  43.598  40.640 0.0000000000
136397  40.565  42.523  40.796 0.0000000000
126623  51.247  32.885  42.091 0.0000000000
127536  50.832  33.392  41.404 0.0000000000
126610  50.907  32.190  42.567 0.0000000000
126602  48.883  31.942  43.354 0.0000000000
125728  49.378  30.708  44.546 0.0000000000
125737  49.030  30.939  43.786 0.0000000000
125738  48.346  30.491  43.388 0.0000000000
124862  47.575  29.425  43.677 0.0000000000
123938  46.804  28.416  43.947 0.0000000000
129667  45.360  35.065  24.635 0.0000000000
129666  45.728  34.659  24.815 0.0000000000
130550  45.901  35.176  25.455 0.0000000000
130535  46.997  35.531  26.279 0.0000000000
130518  47.788  35.600  26.899 0.0000000000
131334  47.046  35.800  27.484 0.0000000000
131333  48.154  35.858  27.691 0.0000000000
132147  49.396  36.844  29.049 0.0000000000
132134  49.670  37.420  29.673 0.0000000000
137192  48.222  43.124  39.541 0.0000000000
136442  48.274  42.532  37.816 0.0000000000
136423  48.412  42.592  38.699 0.0000000000
135552  48.215  41.874  38.754 0.0000000000
134678  48.306  40.552  37.468 0.0000000000
134669  47.278  40.376  38.578 0.0000000000
133801  48.041  39.783  36.833 0.0000000000
132902  47.753  38.860  36.975 0.0000000000
132018  47.907  37.867  37.111 0.0000000000
131208  48.021  36.130  37.341 0.0000000000
130366  48.832  35.536  37.536 0.0000000000
131193  48.234  36.353  38.505 0.0000000000
131183  48.849  36.328  39.369 0.0000000000
131998  49.105  37.080  39.987 0.0000000000
131968  49.695  36.660  41.240 0.0000000000
131967  49.901  36.798  41.940 0.0000000000
131955  50.416  36.785  42.959 0.0000000000
137269  41.851  43.172  33.221 0.0000000000
137268  42.597  43.848  33.458 0.0000000000
137278  42.336  43.146  32.655 0.0000000000
136487  42.760  42.643  31.725 0.0000000000
136512  43.682  42.193  29.886 0.0000000000
134755  43.031  40.101  30.397 0.0000000000
135647  43.147  41.112  30.554 0.0000000000
135660  43.757  41.201  29.144 0.0000000000
135673  44.276  40.936  28.271 0.0000000000
134792  44.373  40.491  27.535 0.0000000000
134809  44.669  40.324  26.410 0.0000000000
134827  44.664  40.175  25.845 0.0000000000
133947  43.784  39.582  25.941 0.0000000000
133051  43.489  38.908  26.294 0.0000000000
132168  43.431  38.107  25.832 0.0000000000
131354  43.550  37.209  26.158 0.0000000000
131365  43.728  36.384  25.425 0.0000000000
131375  44.681  35.487  24.849 0.0000000000
129596  48.299  34.257  28.803 0.0000000000
129575  47.749  34.251  29.617 0.0000000000
128676  48.400  33.916  29.930 0.0000000000
128663  48.527  33.160  30.505 0.0000000000
127691  48.263  32.088  30.923 0.0000000000
126739  48.569  31.539  30.746 0.0000000000
126740  47.553  31.308  30.779 0.0000000000
124966  46.312  30.021  30.553 0.0000000000
124036  46.351  29.749  31.147 0.0000000000
126651  43.395  31.209  38.738 0.0000000000
126663  43.421  31.587  37.724 0.0000000000
124894  42.595  29.350  37.976 0.0000000000
129487  37.141  34.226  34.787 0.0000000000
129498  38.861  34.673  34.453 0.0000000000
129486  37.956  34.134  35.023 0.0000000000
127627  38.129  32.702  35.872 0.0000000000
127609  38.451  32.211  36.068 0.0000000000
126678  38.207  31.483  36.346 0.0000000000
126677  38.986  31.706  36.017 0.0000000000
125811  40.025  30.815  34.965 0.0000000000
136588  43.225  42.668  23.995 0.0000000000
136578  43.130  42.817  24.828 0.0000000000
133932  41.585  39.377  26.516 0.0000000000
132111  43.899  37.675  31.613 0.0000000000
132093  45.011  37.582  32.244 0.0000000000
132987  44.348  37.672  32.459 0.0000000000
132953  45.311  38.355  34.430 0.0000000000
132915  43.979  38.808  36.169 0.0000000000
133831  44.923  39.187  36.156 0.0000000000
133830  45.546  39.326  35.886 0.0000000000
134679  45.990  40.951  37.370 0.0000000000
135554  46.436  42.034  38.080 0.0000000000
137175  46.829  43.380  40.440 0.0000000000
137153  47.122  43.251  41.548 0.0000000000
136368  47.136  43.001  42.080 0.0000000000
135497  46.333  42.214  41.137 0.0000000000
139981  43.988  47.799  38.999 0.0000000000
140520  41.845  48.274  39.415 0.0000000000
139969  43.260  47.969  39.449 0.0000000000
139414  43.427  47.275  38.931 0.0000000000
139440  43.493  46.542  37.526 0.0000000000
138073  42.676  45.374  36.057 0.0000000000
138092  41.837  44.260  35.002 0.0000000000
137214  40.743  43.947  38.401 0.0000000000
138075  41.349  44.184  35.584 0.0000000000
138093  41.475  44.025  35.233 0.0000000000
137261  41.736  43.536  34.335 0.0000000000
136476  41.572  42.469  33.659 0.0000000000
135624  41.670  41.757  33.006 0.0000000000
134740  41.863  40.288  32.607 0.0000000000
134730  41.359  40.453  34.092 0.0000000000
133876  41.745  39.896  33.146 0.0000000000
133875  42.210  39.537  32.689 0.0000000000
128614  51.589  33.333  34.003 0.0000000000
127650  50.866  32.840  33.315 0.0000000000
128615  50.619  33.302  33.979 0.0000000000
128597  50.019  33.598  34.745 0.0000000000
128582  48.392  33.683  35.536 0.0000000000
128565  49.131  33.481  36.529 0.0000000000
128566  48.085  33.826  36.502 0.0000000000
128567  46.863  33.591  36.761 0.0000000000
128553  45.715  33.214  38.156 0.0000000000
127584  44.627  32.109  39.067 0.0000000000
127537  49.830  33.167  41.484 0.0000000000
127554  48.940  32.960  40.543 0.0000000000
127555  47.968  32.754  40.685 0.0000000000
126626  47.089  31.625  41.890 0.0000000000
127540  46.773  31.903  41.367 0.0000000000
127571  46.084  32.848  40.052 0.0000000000
127573  44.631  31.808  39.556 0.0000000000
126640  44.003  31.391  39.485 0.0000000000
125767  43.338  30.523  39.241 0.0000000000
129603  40.804  35.590  28.477 0.0000000000
129628  43.643  34.825  27.278 0.0000000000
129652  43.657  34.606  26.193 0.0000000000
129627  44.567  34.663  27.519 0.0000000000
129626  45.458  34.490  27.673 0.0000000000
129625  46.290  34.329  27.758 0.0000000000
129624  47.062  34.306  27.787 0.0000000000
129678  46.131  34.141  24.583 0.0000000000
128738  47.079  33.356  24.267 0.0000000000
128723  47.070  33.662  24.836 0.0000000000
129664  48.685  34.288  25.650 0.0000000000
129648  48.088  33.957  25.426 0.0000000000
128713  47.725  34.070  26.136 0.0000000000
128701  47.918  33.897  27.361 0.0000000000
128688  48.395  34.045  28.106 0.0000000000
128687  49.113  34.274  28.536 0.0000000000
128686  50.085  33.934  28.763 0.0000000000
128685  50.870  33.656  28.967 0.0000000000
128697  51.340  33.976  28.563 0.0000000000
128684  51.377  33.843  29.324 0.0000000000
128673  50.955  33.259  29.741 0.0000000000
127687  51.302  32.735  30.449 0.0000000000
132109  45.738  37.164  31.409 0.0000000000
132108  46.657  36.984  31.894 0.0000000000
131276  47.509  36.866  31.464 0.0000000000
132951  47.247  38.894  33.960 0.0000000000
132091  47.379  37.478  32.274 0.0000000000
131260  47.926  37.384  31.755 0.0000000000
131274  48.687  37.571  31.073 0.0000000000
132122  49.266  37.961  30.799 0.0000000000
133013  50.021  38.278  30.433 0.0000000000
135583  48.576  41.818  36.810 0.0000000000
135600  48.844  40.842  35.431 0.0000000000
134717  49.114  40.410  34.631 0.0000000000
133827  49.091  39.772  35.403 0.0000000000
133843  49.528  39.891  34.121 0.0000000000
134738  49.484  40.007  33.170 0.0000000000
133872  49.618  39.546  32.565 0.0000000000
133885  50.218  38.619  31.263 0.0000000000
133896  50.323  38.321  30.710 0.0000000000
132119  50.467  37.412  30.418 0.0000000000
131285  50.211  36.821  31.004 0.0000000000
130466  50.231  35.966  31.014 0.0000000000
130427  49.169  36.045  32.426 0.0000000000
130447  50.000  35.566  31.807 0.0000000000
129538  50.793  34.808  31.599 0.0000000000
129537  51.361  34.197  31.976 0.0000000000
128633  51.971  33.459  33.125 0.0000000000
128632  52.234  33.651  33.959 0.0000000000
128595  51.808  33.378  35.141 0.0000000000
128578  51.943  33.447  36.031 0.0000000000
129481  52.052  34.413  35.948 0.0000000000
128577  52.234  33.685  36.082 0.0000000000
127591  51.585  33.483  36.857 0.0000000000
128547  51.728  33.424  37.508 0.0000000000
127565  52.007  33.369  40.693 0.0000000000
130364  50.724  35.173  37.776 0.0000000000
130350  51.507  34.889  38.975 0.0000000000
130339  50.862  35.459  39.894 0.0000000000
129455  51.874  34.293  39.156 0.0000000000
128520  52.069  33.492  40.097 0.0000000000
127551  51.889  33.325  41.376 0.0000000000
126622  52.111  32.304  42.492 0.0000000000
126608  52.474  32.280  43.066 0.0000000000
126599  51.871  32.205  43.485 0.0000000000
126588  51.947  32.254  44.506 0.0000000000
140608  44.267  48.135  30.101 0.0000000000
140047  44.486  47.097  31.237 0.0000000000
140057  44.303  47.558  30.613 0.0000000000
140071  44.444  47.672  29.848 0.0000000000
139536  44.390  46.879  29.351 0.0000000000
138205  44.805  45.054  27.267 0.0000000000
140032  45.550  47.176  34.703 0.0000000000
138117  43.274  44.482  33.666 0.0000000000
138116  44.532  44.696  33.195 0.0000000000
139476  46.339  46.491  33.993 0.0000000000
139488  46.519  46.223  32.807 0.0000000000
139498  47.005  46.261  31.820 0.0000000000
139524  46.524  45.709  30.974 0.0000000000
137337  46.057  43.283  28.510 0.0000000000
138172  45.813  44.183  29.491 0.0000000000
138190  44.996  43.917  28.952 0.0000000000
137339  44.827  43.940  28.017 0.0000000000
137358  44.722  44.337  27.358 0.0000000000
137373  45.164  44.079  26.228 0.0000000000
137390  45.398  43.789  25.317 0.0000000000
136598  45.221  42.412  23.700 0.0000000000
135732  45.753  41.718  24.307 0.0000000000
135747  45.009  41.526  23.442 0.0000000000
135748  44.100  41.451  23.151 0.0000000000
134867  43.676  40.587  23.332 0.0000000000
133990  43.074  39.799  23.554 0.0000000000
133095  42.559  38.645  23.520 0.0000000000
133945  45.487  39.322  24.891 0.0000000000
133062  45.360  38.966  24.474 0.0000000000
133093  44.403  39.015  23.689 0.0000000000
132197  43.644  37.555  23.704 0.0000000000
132196  43.937  38.069  23.447 0.0000000000
133107  44.137  38.639  22.968 0.0000000000
133108  43.703  38.582  22.860 0.0000000000
132188  41.646  37.274  24.679 0.0000000000
131367  41.197  36.673  25.145 0.0000000000
131379  40.714  36.162  25.068 0.0000000000
130565  41.364  35.848  24.867 0.0000000000
130552  40.583  35.722  25.185 0.0000000000
130553  39.778  35.665  25.295 0.0000000000
130487  41.166  35.757  29.232 0.0000000000
130485  43.064  35.362  29.571 0.0000000000
130470  42.352  35.535  30.482 0.0000000000
130430  42.691  35.187  32.468 0.0000000000
130411  42.480  34.692  33.128 0.0000000000
129557  46.821  34.330  30.565 0.0000000000
128650  46.248  33.512  31.746 0.0000000000
129542  44.748  34.641  31.961 0.0000000000
129527  43.851  34.273  32.559 0.0000000000
129509  42.934  34.118  33.382 0.0000000000
127657  42.639  32.169  33.546 0.0000000000
126710  42.408  31.271  33.256 0.0000000000
126720  43.476  31.106  32.311 0.0000000000
127664  49.890  32.892  32.695 0.0000000000
127665  48.689  32.602  32.519 0.0000000000
127666  47.923  32.092  32.670 0.0000000000
128619  46.720  32.794  33.861 0.0000000000
126707  47.309  31.678  33.073 0.0000000000
126716  47.690  31.336  32.457 0.0000000000
125835  47.351  30.742  32.147 0.0000000000
124944  46.013  30.298  31.893 0.0000000000
124956  45.504  29.750  31.333 0.0000000000
126676  43.432  31.458  36.623 0.0000000000
126690  43.840  31.152  35.770 0.0000000000
125809  44.295  30.839  35.109 0.0000000000
124932  42.926  29.130  34.756 0.0000000000
124930  44.044  30.215  34.180 0.0000000000
125828  44.670  30.315  33.791 0.0000000000
124937  44.881  29.889  33.063 0.0000000000
124945  45.070  29.869  32.157 0.0000000000
124969  44.558  29.706  30.948 0.0000000000
124970  43.519  29.637  31.072 0.0000000000
123911  49.239  28.846  46.678 0.0000000000
123912  48.628  28.486  46.056 0.0000000000
122954  48.609  27.377  45.581 0.0000000000
122955  47.872  27.772  45.271 0.0000000000
122967  48.390  27.000  44.876 0.0000000000
123896  49.034  28.109  46.705 0.0000000000
123913  48.120  28.153  45.530 0.0000000000
123925  47.754  28.466  44.918 0.0000000000
123954  44.182  28.639  40.894 0.0000000000
123955  43.861  28.719  40.334 0.0000000000
123996  41.960  29.074  36.879 0.0000000000
124034  47.513  29.928  31.111 0.0000000000
124035  47.109  29.890  31.119 0.0000000000
124037  45.842  29.607  31.011 0.0000000000
124047  47.324  29.797  31.036 0.0000000000
124048  46.878  29.804  31.082 0.0000000000
124049  46.407  29.681  30.920 0.0000000000
124050  45.715  29.393  30.621 0.0000000000
124059  47.091  29.742  30.944 0.0000000000
124060  46.774  29.751  30.854 0.0000000000
124061  46.312  29.940  30.475 0.0000000000
124062  46.220  28.855  29.894 0.0000000000
124063  46.108  28.827  29.132 0.0000000000
124067  46.435  29.255  29.853 0.0000000000
124068  46.722  28.913  29.024 0.0000000000
124069  46.161  28.909  28.964 0.0000000000
124836  49.383  29.534  45.985 0.0000000000
124850  47.906  29.175  44.307 0.0000000000
124863  46.887  29.150  43.425 0.0000000000
124868  47.126  29.755  43.238 0.0000000000
124884  43.427  29.514  39.493 0.0000000000
124904  42.187  29.264  36.894 0.0000000000
124915  42.496  29.373  36.421 0.0000000000
124924  43.174  29.761  35.704 0.0000000000
124931  43.445  29.608  34.595 0.0000000000
124955  46.464  30.058  31.334 0.0000000000
124965  47.018  30.043  31.128 0.0000000000
124967  45.947  30.117  30.112 0.0000000000
124978  47.055  29.911  30.761 0.0000000000
124979  46.669  29.990  30.430 0.0000000000
124980  46.017  29.620  30.243 0.0000000000
124981  45.818  28.906  30.060 0.0000000000
124982  45.790  28.840  29.388 0.0000000000
124987  46.268  29.333  29.532 0.0000000000
124988  46.135  29.340  28.974 0.0000000000
124989  45.902  28.961  28.913 0.0000000000
125727  50.120  31.199  44.993 0.0000000000
125745  47.842  30.696  42.879 0.0000000000
125755  45.780  30.546  41.575 0.0000000000
125756  45.072  30.109  41.398 0.0000000000
125762  44.975  30.562  40.759 0.0000000000
125763  44.184  30.333  40.327 0.0000000000
125764  43.726  30.115  39.785 0.0000000000
125766  43.835  30.686  39.811 0.0000000000
125776  42.769  30.394  38.056 0.0000000000
125777  42.526  29.769  37.603 0.0000000000
125789  42.890  30.730  36.997 0.0000000000
125800  43.321  30.448  36.201 0.0000000000
125801  42.811  30.093  36.561 0.0000000000
125817  44.550  30.599  34.468 0.0000000000
125818  43.968  30.372  34.723 0.0000000000
125834  48.013  31.055  31.756 0.0000000000
125836  46.562  30.565  32.416 0.0000000000
125848  46.876  30.459  31.740 0.0000000000
125861  46.933  30.492  30.628 0.0000000000
125862  46.016  30.029  30.625 0.0000000000
125874  45.847  29.480  30.172 0.0000000000
125875  45.715  29.102  29.912 0.0000000000
125876  45.616  28.967  29.601 0.0000000000
125881  46.155  29.391  29.761 0.0000000000
125883  45.554  29.244  29.145 0.0000000000
126590  50.260  31.760  44.173 0.0000000000
126611  49.891  32.654  42.556 0.0000000000
126612  49.130  32.465  42.649 0.0000000000
126613  47.632  31.353  42.438 0.0000000000
126614  46.735  31.121  42.219 0.0000000000
126615  46.227  30.960  41.774 0.0000000000
126624  50.568  32.970  42.105 0.0000000000
126625  50.139  33.135  42.134 0.0000000000
126627  46.557  31.396  41.589 0.0000000000
126633  52.115  32.901  41.626 0.0000000000
126634  51.712  33.097  42.115 0.0000000000
126635  45.573  31.093  40.636 0.0000000000
126636  44.733  31.263  40.241 0.0000000000
126639  44.646  31.645  39.800 0.0000000000
126641  43.489  31.093  39.208 0.0000000000
126650  43.963  31.875  38.508 0.0000000000
126701  44.919  31.184  34.778 0.0000000000
126708  46.589  31.368  33.409 0.0000000000
126715  48.439  31.705  32.199 0.0000000000
126717  45.847  31.854  31.752 0.0000000000
126724  51.071  32.194  30.718 0.0000000000
126730  45.357  31.377  31.514 0.0000000000
126737  50.542  32.119  30.551 0.0000000000
127495  50.610  32.225  43.812 0.0000000000
127511  50.895  32.224  43.639 0.0000000000
127512  50.693  32.023  43.524 0.0000000000
127514  48.119  31.542  42.598 0.0000000000
127522  52.279  32.869  42.267 0.0000000000
127525  48.558  32.297  42.404 0.0000000000
127533  52.411  33.143  41.699 0.0000000000
127534  52.069  32.991  42.251 0.0000000000
127535  51.455  33.355  41.479 0.0000000000
127541  46.459  31.516  41.164 0.0000000000
127549  52.555  32.992  41.210 0.0000000000
127550  52.272  33.215  41.447 0.0000000000
127556  46.943  32.549  40.815 0.0000000000
127564  52.184  33.350  40.767 0.0000000000
127566  51.700  33.424  40.713 0.0000000000
127567  49.563  33.329  39.783 0.0000000000
127568  49.069  33.315  39.844 0.0000000000
127572  45.146  32.087  39.913 0.0000000000
127580  47.843  33.199  38.942 0.0000000000
127581  47.298  33.076  39.099 0.0000000000
127592  51.389  33.407  37.064 0.0000000000
127593  45.247  32.802  38.253 0.0000000000
127595  43.901  32.166  37.732 0.0000000000
127603  51.632  33.404  36.401 0.0000000000
127604  51.309  33.326  36.657 0.0000000000
127605  45.336  33.204  36.196 0.0000000000
127619  51.602  33.312  36.071 0.0000000000
127620  51.384  33.274  36.206 0.0000000000
127623  44.877  32.508  35.794 0.0000000000
127636  46.338  32.567  34.120 0.0000000000
127638  42.218  32.363  34.096 0.0000000000
127651  50.300  33.137  33.373 0.0000000000
127652  48.175  32.640  32.975 0.0000000000
127654  46.760  32.268  33.497 0.0000000000
127655  44.006  32.446  32.864 0.0000000000
127679  47.405  32.044  31.380 0.0000000000
127681  45.203  31.853  31.752 0.0000000000
127688  50.771  32.534  30.195 0.0000000000
127697  51.311  33.028  29.994 0.0000000000
127698  51.102  32.795  29.990 0.0000000000
127726  47.136  33.028  24.523 0.0000000000
127727  46.857  32.918  24.540 0.0000000000
127739  47.160  32.944  24.230 0.0000000000
127740  46.721  32.801  24.098 0.0000000000
127741  46.209  33.008  24.185 0.0000000000
127753  47.050  32.918  23.824 0.0000000000
127754  46.597  32.932  23.759 0.0000000000
127755  46.272  33.056  23.877 0.0000000000
128479  52.391  32.980  42.046 0.0000000000
128480  52.764  33.287  42.566 0.0000000000
128481  52.628  34.100  42.479 0.0000000000
128492  52.902  33.090  41.811 0.0000000000
128493  52.385  33.707  42.155 0.0000000000
128495  50.567  33.438  40.963 0.0000000000
128496  50.368  33.373  41.139 0.0000000000
128506  52.246  33.229  41.175 0.0000000000
128508  50.773  33.487  40.612 0.0000000000
128519  52.042  33.298  40.907 0.0000000000
128524  48.745  33.406  39.369 0.0000000000
128538  46.037  33.195  38.746 0.0000000000
128552  46.672  33.457  37.787 0.0000000000
128554  45.170  32.876  38.028 0.0000000000
128561  52.192  33.762  36.618 0.0000000000
128562  51.918  33.603  36.802 0.0000000000
128569  45.105  33.099  37.650 0.0000000000
128581  49.355  33.476  35.689 0.0000000000
128594  52.187  33.651  35.563 0.0000000000
128600  46.838  33.075  34.391 0.0000000000
128601  42.463  32.666  33.879 0.0000000000
128613  52.159  33.648  34.702 0.0000000000
128618  47.275  32.936  33.759 0.0000000000
128620  44.376  32.691  32.838 0.0000000000
128623  42.302  33.624  33.843 0.0000000000
128634  48.958  33.207  32.980 0.0000000000
128635  48.509  32.917  32.997 0.0000000000
128636  46.339  32.557  31.765 0.0000000000
128637  45.986  32.890  32.106 0.0000000000
128660  50.837  32.836  29.935 0.0000000000
128739  46.619  33.438  24.281 0.0000000000
128751  46.873  33.193  23.713 0.0000000000
128752  46.461  33.212  23.908 0.0000000000
128753  46.262  33.233  24.057 0.0000000000
129420  52.363  34.183  41.658 0.0000000000
129421  52.072  34.485  41.761 0.0000000000
129435  52.469  34.119  40.908 0.0000000000
129445  52.418  33.924  40.191 0.0000000000
129473  51.532  34.641  36.528 0.0000000000
129475  48.691  33.639  36.020 0.0000000000
129483  48.860  33.548  35.829 0.0000000000
129484  48.645  33.661  35.774 0.0000000000
129508  43.597  33.628  33.116 0.0000000000
129555  50.530  35.129  31.101 0.0000000000
129561  38.938  35.436  29.570 0.0000000000
129574  48.605  34.236  29.318 0.0000000000
129580  40.546  35.576  29.048 0.0000000000
129623  49.215  34.175  26.581 0.0000000000
129635  37.326  35.345  27.799 0.0000000000
129645  50.419  34.599  26.598 0.0000000000
129656  39.090  35.471  26.666 0.0000000000
129668  44.127  34.497  24.877 0.0000000000
129672  40.437  35.552  25.469 0.0000000000
129682  42.256  35.223  24.673 0.0000000000
129683  41.955  35.454  24.682 0.0000000000
129691  44.577  35.034  23.898 0.0000000000
129694  42.482  35.053  24.125 0.0000000000
130375  51.307  34.814  37.174 0.0000000000
130378  48.743  35.598  36.426 0.0000000000
130410  48.678  36.416  33.258 0.0000000000
130425  51.086  34.677  32.869 0.0000000000
130429  43.480  34.924  32.333 0.0000000000
130448  49.675  36.525  32.130 0.0000000000
130449  45.197  34.858  31.308 0.0000000000
130467  44.996  35.158  30.850 0.0000000000
130475  37.769  35.100  30.435 0.0000000000
130500  45.861  35.746  28.203 0.0000000000
130501  45.660  36.035  28.350 0.0000000000
130504  41.673  35.534  28.153 0.0000000000
130517  48.590  35.437  26.948 0.0000000000
130520  45.410  36.160  28.169 0.0000000000
130522  41.996  35.350  27.589 0.0000000000
130523  37.901  35.455  27.299 0.0000000000
130531  50.912  35.114  26.692 0.0000000000
130532  50.120  35.200  26.345 0.0000000000
130537  39.430  35.822  25.958 0.0000000000
130538  38.943  35.866  26.239 0.0000000000
130540  37.922  35.752  27.060 0.0000000000
130547  49.381  34.823  25.717 0.0000000000
130555  38.961  35.941  25.705 0.0000000000
130560  46.847  34.384  25.100 0.0000000000
130566  40.113  35.890  24.913 0.0000000000
130567  39.203  35.855  24.800 0.0000000000
130568  38.832  35.888  25.078 0.0000000000
130574  44.750  35.122  24.020 0.0000000000
130575  44.311  35.320  23.972 0.0000000000
130578  42.109  35.441  24.265 0.0000000000
131209  47.700  36.968  37.151 0.0000000000
131239  48.306  37.660  34.709 0.0000000000
131256  49.816  37.313  32.257 0.0000000000
131257  49.569  37.175  32.616 0.0000000000
131258  49.250  37.118  32.896 0.0000000000
131259  48.168  37.524  31.681 0.0000000000
131275  48.339  37.402  31.345 0.0000000000
131286  49.434  37.496  30.140 0.0000000000
131287  48.984  37.399  30.610 0.0000000000
131302  48.902  36.688  29.781 0.0000000000
131313  50.661  35.955  28.442 0.0000000000
131314  50.199  36.394  28.470 0.0000000000
131332  49.186  35.722  27.512 0.0000000000
131335  46.017  35.731  27.614 0.0000000000
131341  41.187  37.259  27.287 0.0000000000
131349  49.323  35.463  26.895 0.0000000000
131356  41.251  36.990  26.899 0.0000000000
131357  40.815  37.205  27.123 0.0000000000
131360  37.915  36.012  26.932 0.0000000000
131381  38.933  36.186  25.218 0.0000000000
131398  43.073  36.860  22.999 0.0000000000
131969  48.361  37.521  42.029 0.0000000000
131982  49.593  36.950  41.411 0.0000000000
132008  47.588  37.623  37.964 0.0000000000
132049  48.988  38.485  35.065 0.0000000000
132050  48.362  38.142  35.179 0.0000000000
132061  48.813  37.875  34.295 0.0000000000
132072  49.953  38.372  32.971 0.0000000000
132073  49.514  38.001  33.379 0.0000000000
132074  49.069  37.785  33.601 0.0000000000
132075  45.971  37.848  33.034 0.0000000000
132088  49.628  37.686  32.820 0.0000000000
132089  48.659  38.313  31.762 0.0000000000
132094  44.233  37.573  31.960 0.0000000000
132104  50.506  37.904  30.967 0.0000000000
132106  48.764  37.914  31.290 0.0000000000
132107  48.442  37.713  31.515 0.0000000000
132120  50.362  37.107  30.722 0.0000000000
132121  49.491  37.812  30.320 0.0000000000
132124  44.304  37.559  30.105 0.0000000000
132125  43.780  37.765  29.779 0.0000000000
132133  50.152  37.236  29.321 0.0000000000
132135  49.358  36.935  29.509 0.0000000000
132148  49.079  36.800  29.205 0.0000000000
132211  43.794  38.278  22.980 0.0000000000
132848  49.817  37.491  42.711 0.0000000000
132850  48.775  37.713  42.454 0.0000000000
132863  49.416  37.341  41.876 0.0000000000
132865  48.789  37.533  41.688 0.0000000000
132876  49.440  37.151  41.211 0.0000000000
132877  49.197  37.479  41.001 0.0000000000
132878  48.906  37.559  41.218 0.0000000000
132914  44.540  38.971  36.138 0.0000000000
132916  43.112  38.737  36.080 0.0000000000
132931  49.560  39.212  35.065 0.0000000000
132932  48.862  39.199  35.418 0.0000000000
132935  45.840  38.900  35.181 0.0000000000
132952  46.469  38.786  34.428 0.0000000000
132955  43.150  38.585  34.356 0.0000000000
132968  47.490  38.741  33.311 0.0000000000
132971  44.645  37.893  33.265 0.0000000000
132973  42.687  38.950  33.477 0.0000000000
132983  48.612  38.810  32.230 0.0000000000
132984  47.858  38.356  32.647 0.0000000000
132986  46.348  37.989  33.120 0.0000000000
132997  50.453  38.186  30.845 0.0000000000
132998  50.377  38.213  31.229 0.0000000000
133001  43.823  37.815  30.540 0.0000000000
133003  42.815  38.464  31.506 0.0000000000
133012  50.345  38.012  30.276 0.0000000000
133014  49.654  38.289  30.715 0.0000000000
133015  49.328  38.282  31.173 0.0000000000
133027  50.065  37.871  29.871 0.0000000000
133028  49.770  37.996  30.173 0.0000000000
133060  46.085  38.642  24.134 0.0000000000
133061  45.787  38.716  24.238 0.0000000000
133073  46.324  38.807  24.014 0.0000000000
133074  45.930  38.740  23.779 0.0000000000
133075  45.202  38.817  23.855 0.0000000000
133076  44.549  39.121  24.263 0.0000000000
133077  43.968  38.625  24.618 0.0000000000
133078  42.097  38.637  24.242 0.0000000000
133090  46.618  39.051  23.950 0.0000000000
133092  45.459  39.149  23.855 0.0000000000
133109  43.036  38.118  22.838 0.0000000000
133753  49.117  37.469  41.652 0.0000000000
133754  48.963  37.481  41.849 0.0000000000
133774  49.302  37.331  41.166 0.0000000000
133775  49.134  37.481  41.268 0.0000000000
133776  48.962  37.532  41.507 0.0000000000
133802  44.930  39.945  37.267 0.0000000000
133804  43.550  39.979  37.111 0.0000000000
133805  41.790  39.956  37.117 0.0000000000
133809  48.915  40.405  36.004 0.0000000000
133810  48.643  39.968  35.989 0.0000000000
133811  48.403  39.731  36.288 0.0000000000
133812  46.130  39.896  36.415 0.0000000000
133813  45.308  39.611  36.618 0.0000000000
133814  44.438  39.419  36.616 0.0000000000
133826  49.379  39.980  34.964 0.0000000000
133848  41.571  39.919  34.590 0.0000000000
133857  49.908  39.232  32.643 0.0000000000
133859  48.485  39.952  33.647 0.0000000000
133860  47.862  39.385  33.802 0.0000000000
133862  41.574  39.895  33.801 0.0000000000
133871  50.042  39.001  32.097 0.0000000000
133884  50.347  38.475  30.897 0.0000000000
133886  49.860  39.012  31.710 0.0000000000
133887  49.303  39.161  32.010 0.0000000000
133897  50.237  38.461  30.747 0.0000000000
133898  49.989  38.760  30.949 0.0000000000
133930  44.221  39.978  26.181 0.0000000000
133931  43.814  39.491  26.642 0.0000000000
133943  46.029  38.666  24.378 0.0000000000
133944  45.928  38.785  24.636 0.0000000000
133946  44.532  39.713  25.438 0.0000000000
133948  42.350  39.684  25.149 0.0000000000
133965  46.238  38.777  24.397 0.0000000000
133966  46.389  39.022  24.893 0.0000000000
133985  46.583  38.920  24.337 0.0000000000
133986  46.383  39.287  24.275 0.0000000000
133987  45.704  39.652  24.157 0.0000000000
134000  44.298  39.133  23.097 0.0000000000
134001  44.115  38.953  22.755 0.0000000000
134637  45.373  40.879  40.061 0.0000000000
134652  47.502  41.164  38.875 0.0000000000
134655  41.661  40.944  39.239 0.0000000000
134656  41.213  41.083  39.232 0.0000000000
134667  48.473  41.228  37.873 0.0000000000
134668  47.873  40.993  38.268 0.0000000000
134676  49.400  41.037  36.817 0.0000000000
134682  43.451  40.359  37.541 0.0000000000
134684  41.160  40.827  37.602 0.0000000000
134688  49.307  40.937  36.241 0.0000000000
134690  47.243  40.971  36.532 0.0000000000
134691  46.606  40.722  36.935 0.0000000000
134692  45.760  40.221  37.115 0.0000000000
134694  42.771  40.020  36.999 0.0000000000
134696  40.377  41.020  36.760 0.0000000000
134704  48.066  41.007  35.285 0.0000000000
134705  47.569  40.879  35.786 0.0000000000
134706  46.865  40.362  36.073 0.0000000000
134720  41.292  40.606  34.836 0.0000000000
134728  49.448  40.117  33.714 0.0000000000
134739  49.341  40.070  32.947 0.0000000000
134771  46.620  41.805  27.951 0.0000000000
134773  45.939  41.606  28.032 0.0000000000
134775  44.129  40.591  28.073 0.0000000000
134788  46.453  41.746  27.687 0.0000000000
134789  46.123  41.492  27.599 0.0000000000
134790  45.786  41.361  27.477 0.0000000000
134805  46.468  41.588  27.300 0.0000000000
134806  45.938  41.165  26.806 0.0000000000
134810  42.391  40.482  25.629 0.0000000000
134824  46.173  41.436  26.771 0.0000000000
134828  42.533  40.285  25.243 0.0000000000
135479  46.248  42.239  41.888 0.0000000000
135516  47.377  42.279  40.166 0.0000000000
135517  46.905  42.055  40.420 0.0000000000
135540  40.080  42.349  39.323 0.0000000000
135555  45.977  41.804  38.259 0.0000000000
135559  40.784  41.313  39.171 0.0000000000
135561  39.844  42.299  38.617 0.0000000000
135571  49.173  41.237  37.096 0.0000000000
135573  47.331  42.003  37.371 0.0000000000
135574  46.712  41.765  37.583 0.0000000000
135577  40.718  41.283  38.463 0.0000000000
135578  40.156  41.542  37.974 0.0000000000
135579  39.743  42.340  37.768 0.0000000000
135589  49.047  41.224  36.050 0.0000000000
135590  48.488  41.232  35.693 0.0000000000
135592  40.589  41.066  35.653 0.0000000000
135601  48.681  40.690  34.913 0.0000000000
135613  41.362  41.391  34.057 0.0000000000
135634  42.570  41.327  31.365 0.0000000000
135644  45.964  42.555  29.370 0.0000000000
135645  45.691  42.493  29.335 0.0000000000
135646  45.317  42.356  29.244 0.0000000000
135657  45.687  42.114  28.989 0.0000000000
135659  44.447  41.598  28.852 0.0000000000
135669  46.463  42.021  28.029 0.0000000000
135670  46.141  42.050  28.556 0.0000000000
135671  45.604  41.754  28.463 0.0000000000
135674  43.883  40.873  28.592 0.0000000000
135686  46.721  41.900  27.506 0.0000000000
135687  46.881  42.033  27.236 0.0000000000
135688  44.629  41.021  27.812 0.0000000000
135689  44.450  40.792  27.859 0.0000000000
135697  46.811  41.756  27.012 0.0000000000
135700  42.470  40.774  25.603 0.0000000000
135710  46.560  41.676  26.838 0.0000000000
135712  45.946  41.656  25.899 0.0000000000
135715  42.064  41.746  24.935 0.0000000000
135734  42.175  41.948  24.579 0.0000000000
136333  48.079  43.679  42.958 0.0000000000
136335  46.993  43.150  43.175 0.0000000000
136350  48.004  43.444  42.956 0.0000000000
136351  47.389  43.313  42.815 0.0000000000
136353  45.877  42.463  42.915 0.0000000000
136369  46.825  42.530  41.528 0.0000000000
136390  47.920  42.725  40.057 0.0000000000
136391  47.445  42.682  40.481 0.0000000000
136407  48.134  42.560  39.657 0.0000000000
136408  47.793  42.498  39.905 0.0000000000
136424  47.237  42.639  38.262 0.0000000000
136425  46.626  42.451  38.455 0.0000000000
136426  45.416  42.175  38.869 0.0000000000
136443  47.480  42.452  37.761 0.0000000000
136445  39.810  43.068  37.543 0.0000000000
136457  47.691  42.146  37.257 0.0000000000
136458  40.047  42.661  36.421 0.0000000000
136488  42.295  42.313  32.073 0.0000000000
136496  42.973  42.162  31.195 0.0000000000
136508  46.140  42.629  29.278 0.0000000000
136510  45.146  42.798  29.636 0.0000000000
136511  44.456  42.582  29.739 0.0000000000
136526  46.214  43.101  29.326 0.0000000000
136527  44.890  42.387  29.349 0.0000000000
136529  44.099  41.769  29.317 0.0000000000
136541  46.287  42.605  28.328 0.0000000000
136554  46.814  42.082  27.488 0.0000000000
136555  46.632  42.295  27.414 0.0000000000
136563  46.454  42.345  26.834 0.0000000000
136565  45.496  43.196  26.021 0.0000000000
136576  45.775  42.103  25.629 0.0000000000
136589  42.545  42.256  24.454 0.0000000000
136600  43.626  42.167  23.457 0.0000000000
137120  47.914  43.616  43.089 0.0000000000
137121  47.468  43.611  43.171 0.0000000000
137137  47.748  43.601  42.902 0.0000000000
137138  47.128  43.381  42.653 0.0000000000
137139  46.911  43.476  42.427 0.0000000000
137140  46.438  43.694  42.385 0.0000000000
137174  47.427  43.103  40.382 0.0000000000
137193  47.569  43.147  39.496 0.0000000000
137195  45.515  43.066  39.771 0.0000000000
137199  40.225  43.543  38.705 0.0000000000
137210  48.201  43.230  38.654 0.0000000000
137213  40.873  44.439  38.742 0.0000000000
137215  40.059  43.636  37.993 0.0000000000
137253  41.601  43.818  34.811 0.0000000000
137254  41.274  43.644  35.172 0.0000000000
137260  42.343  43.851  34.088 0.0000000000
137262  41.336  43.403  34.775 0.0000000000
137266  44.111  44.355  32.860 0.0000000000
137267  43.605  44.219  32.919 0.0000000000
137279  42.003  42.832  32.666 0.0000000000
137321  46.064  43.680  29.539 0.0000000000
137355  46.200  42.670  27.739 0.0000000000
137371  46.400  42.485  27.177 0.0000000000
137374  44.811  44.123  26.794 0.0000000000
137414  45.269  42.995  23.854 0.0000000000
137953  47.714  43.798  43.079 0.0000000000
137970  47.934  43.836  42.990 0.0000000000
137971  47.489  43.795  42.896 0.0000000000
138104  42.065  44.017  34.512 0.0000000000
138140  45.544  44.494  31.634 0.0000000000
138141  45.057  44.314  31.439 0.0000000000
138173  45.075  44.934  29.853 0.0000000000
138189  45.634  43.711  28.785 0.0000000000
138231  44.989  44.699  26.730 0.0000000000
138816  42.398  46.392  38.172 0.0000000000
138831  42.604  46.247  37.604 0.0000000000
138847  43.058  45.856  36.494 0.0000000000
138848  42.337  45.529  36.603 0.0000000000
138864  44.214  46.210  35.693 0.0000000000
138875  42.322  45.995  34.385 0.0000000000
138886  43.524  46.024  34.083 0.0000000000
138896  43.491  45.839  33.475 0.0000000000
138907  45.714  46.114  31.197 0.0000000000
138910  46.518  45.422  30.804 0.0000000000
138911  45.925  45.701  30.850 0.0000000000
139415  42.700  46.964  39.197 0.0000000000
139453  44.562  46.780  36.517 0.0000000000
139511  46.707  45.868  31.243 0.0000000000
139512  46.244  46.168  31.379 0.0000000000
139525  46.451  45.897  31.121 0.0000000000
140020  46.058  47.374  35.137 0.0000000000
140031  46.195  47.092  34.613 0.0000000000
140530  42.129  48.957  39.305 0.0000000000
141135  42.365  49.328  39.428 0.0000000000
141242  42.911  49.399  30.160 0.0000000000
