#!ascii label  , from subject 3178 vox2ras=TkReg
945
95227  20.958  4.399  -2.693 0.2500000000
95254  20.883  4.731  -3.188 0.2500000000
95253  21.416  4.036  -3.358 0.7500000000
99316  18.945  7.245  -1.441 0.2500000000
97939  19.348  6.735  -1.958 0.1250000000
99343  19.257  7.487  -2.420 0.3750000000
96564  19.514  5.989  -2.075 0.2500000000
96543  20.009  5.281  -2.073 0.2500000000
95278  21.441  4.640  -3.791 0.7500000000
96542  20.413  4.983  -2.648 0.3750000000
94087  21.778  3.441  -3.813 0.8750000000
94110  21.769  4.199  -4.229 0.8750000000
94108  23.068  2.990  -3.828 0.8750000000
97938  19.708  6.598  -2.542 0.3750000000
96588  20.181  6.284  -2.938 0.3750000000
96586  21.131  5.395  -3.765 0.8750000000
96587  20.616  5.642  -3.283 0.7500000000
95296  22.986  4.319  -4.659 1.0000000000
95297  22.175  4.654  -4.434 1.0000000000
94109  22.222  3.682  -4.327 1.0000000000
95298  21.754  4.739  -4.201 0.8750000000
94107  24.317  3.050  -4.600 1.0000000000
100637  18.758  8.445  -1.949 0.2500000000
99356  19.920  7.294  -3.314 0.7500000000
97979  20.675  6.893  -4.016 0.8750000000
97956  21.007  6.162  -3.867 0.8750000000
97957  20.413  6.634  -3.416 0.7500000000
96607  23.804  5.138  -4.772 1.0000000000
96608  22.806  5.494  -4.783 1.0000000000
95310  24.877  4.502  -4.981 1.0000000000
96606  24.277  4.958  -4.827 1.0000000000
95295  24.148  4.275  -4.665 1.0000000000
99377  19.690  7.691  -3.411 0.6250000000
97978  21.364  6.845  -4.557 1.0000000000
99355  20.356  7.278  -3.688 0.8750000000
97977  22.208  6.385  -5.086 1.0000000000
96621  24.731  5.312  -5.384 1.0000000000
96622  23.658  5.801  -5.476 1.0000000000
96623  22.995  6.291  -5.405 1.0000000000
95309  25.548  4.543  -5.138 1.0000000000
95307  27.451  4.595  -5.733 1.0000000000
104473  21.253  11.056  -4.263 0.2500000000
101898  18.605  9.339  -2.507 0.2500000000
101914  18.876  9.267  -3.169 0.3750000000
100654  18.947  8.465  -3.252 0.5000000000
99374  21.509  7.997  -4.934 1.0000000000
100666  19.967  8.616  -3.763 0.6250000000
99375  20.616  7.706  -4.233 1.0000000000
97994  22.768  7.046  -5.619 1.0000000000
97995  22.047  7.343  -5.223 1.0000000000
96632  25.650  5.810  -6.306 1.0000000000
97992  24.198  6.083  -6.120 1.0000000000
97993  23.613  6.744  -5.954 1.0000000000
96640  26.212  6.078  -6.423 1.0000000000
96619  26.954  5.152  -5.789 1.0000000000
96639  26.763  5.990  -6.261 1.0000000000
96630  27.576  5.430  -6.252 1.0000000000
104472  21.570  10.860  -5.023 0.5000000000
103169  20.446  10.871  -3.959 0.3750000000
103170  19.714  10.403  -3.736 0.3750000000
103185  19.965  9.749  -4.159 0.5000000000
103184  20.805  10.289  -4.468 0.5000000000
100664  21.559  8.744  -4.990 0.8750000000
100706  22.738  9.430  -5.637 1.0000000000
98006  23.988  7.441  -6.039 1.0000000000
100685  23.209  8.440  -5.639 1.0000000000
98004  25.488  6.679  -6.231 1.0000000000
98005  24.482  6.963  -6.333 1.0000000000
98002  27.093  6.533  -5.838 1.0000000000
98015  26.427  6.376  -6.189 1.0000000000
96629  28.765  5.552  -6.027 0.8750000000
105710  21.675  11.634  -5.184 0.5000000000
103183  21.564  10.408  -5.260 0.6250000000
103200  22.043  10.149  -6.001 0.6250000000
103222  22.714  9.916  -5.881 1.0000000000
101920  21.491  9.527  -5.068 0.7500000000
100705  23.185  9.155  -5.839 1.0000000000
100701  26.341  8.970  -6.314 1.0000000000
100702  25.578  9.038  -6.290 1.0000000000
100703  24.723  8.995  -6.081 1.0000000000
99408  26.756  7.758  -5.594 1.0000000000
99409  25.777  7.863  -5.599 1.0000000000
99410  25.033  7.836  -5.709 1.0000000000
100699  28.442  8.208  -5.889 0.8750000000
99394  28.565  7.102  -5.875 0.8750000000
104491  21.938  11.088  -5.693 0.5000000000
104490  22.488  10.937  -6.193 0.8750000000
103219  24.831  10.108  -7.494 1.0000000000
103241  23.775  9.871  -7.401 1.0000000000
101949  26.669  9.891  -7.079 1.0000000000
103217  26.063  9.765  -8.566 1.0000000000
100704  23.823  8.649  -6.055 1.0000000000
101969  26.373  10.150  -8.023 1.0000000000
100700  27.355  8.723  -5.924 1.0000000000
101948  28.055  9.502  -6.033 1.0000000000
105733  21.916  11.751  -5.871 0.5000000000
104513  23.157  11.407  -6.350 0.8750000000
105771  25.389  11.913  -7.453 1.0000000000
104511  25.043  10.921  -7.041 1.0000000000
104512  23.884  11.212  -6.872 1.0000000000
105748  27.382  11.622  -6.300 1.0000000000
104526  26.814  11.448  -7.977 1.0000000000
104507  27.716  11.142  -6.175 1.0000000000
104508  27.032  11.246  -6.950 1.0000000000
103237  26.817  10.555  -7.820 1.0000000000
101934  28.528  9.974  -5.731 1.0000000000
103216  27.409  10.428  -6.719 1.0000000000
108353  24.659  14.563  -7.933 1.0000000000
108336  24.681  14.211  -6.720 0.3750000000
108352  24.984  14.327  -8.491 0.8750000000
107006  25.237  13.041  -6.549 1.0000000000
105749  26.846  12.106  -6.324 1.0000000000
105750  25.920  12.142  -7.017 1.0000000000
109710  24.243  14.885  -8.745 0.8750000000
108367  24.970  13.997  -9.233 1.0000000000
108335  25.209  14.316  -6.907 1.0000000000
109694  25.255  14.798  -7.749 1.0000000000
107004  26.813  12.844  -5.642 1.0000000000
108333  26.904  13.939  -5.846 1.0000000000
106978  27.401  13.013  -5.470 1.0000000000
152555  24.313  15.935  -8.688 0.7500000000
109708  25.250  14.505  -9.015 1.0000000000
109676  27.400  15.003  -6.378 1.0000000000
109677  26.347  14.589  -6.399 1.0000000000
111019  25.015  15.206  -9.268 1.0000000000
111010  25.368  15.361  -8.511 1.0000000000
109693  25.552  15.053  -6.588 1.0000000000
119156  23.132  23.368  -9.109 0.1250000000
119157  22.675  23.639  -8.564 0.1250000000
118059  22.753  22.298  -10.708 0.2500000000
119170  22.128  23.072  -10.413 0.1250000000
118060  22.195  22.566  -11.070 0.3750000000
119171  21.619  23.626  -10.599 0.2500000000
118070  22.101  22.345  -12.089 0.5000000000
118071  21.584  23.048  -12.524 0.2500000000
118081  21.844  23.000  -13.263 0.3750000000
120348  21.554  24.660  -9.749 0.2500000000
119179  21.622  24.011  -11.829 0.2500000000
120356  20.975  25.033  -10.903 0.2500000000
121401  20.316  26.215  -11.939 0.2500000000
119189  21.306  23.935  -12.880 0.2500000000
120372  21.448  25.131  -12.399 0.2500000000
119203  21.819  23.406  -13.367 0.3750000000
120365  21.185  24.947  -12.024 0.2500000000
119201  23.020  23.001  -13.851 0.3750000000
120375  22.606  23.838  -13.432 0.2500000000
95228  20.544  4.652  -2.195 0.1250000000
96563  20.064  5.696  -2.654 0.2500000000
97915  19.383  6.370  -1.542 0.1250000000
94122  25.906  3.563  -5.313 1.0000000000
103221  23.009  10.501  -6.317 0.8750000000
103256  26.590  10.889  -8.360 1.0000000000
92817  21.263  3.956  -1.955 0.1250000000
92864  22.039  2.001  -4.398 0.7500000000
92863  22.740  2.210  -4.304 1.0000000000
95229  20.234  4.936  -1.575 0.1250000000
94106  25.237  3.032  -4.841 1.0000000000
94121  26.874  3.737  -5.353 1.0000000000
104457  19.904  11.369  -3.437 0.2500000000
103148  19.266  10.833  -2.716 0.2500000000
97991  28.861  6.153  -5.707 0.8750000000
100698  29.186  8.255  -5.722 0.8750000000
109680  24.144  14.219  -6.165 0.1250000000
106983  22.361  12.097  -5.880 0.3750000000
105754  23.343  11.961  -6.105 0.6250000000
103215  28.173  10.418  -5.923 1.0000000000
101947  28.999  8.890  -5.674 0.8750000000
108369  24.384  14.443  -8.581 0.8750000000
107008  24.420  12.868  -6.603 0.8750000000
105727  27.866  12.054  -5.742 1.0000000000
106977  28.269  13.105  -4.906 1.0000000000
108311  27.648  14.406  -5.124 1.0000000000
109709  24.738  14.513  -9.274 1.0000000000
152559  24.257  16.657  -9.199 1.0000000000
112233  25.375  16.549  -8.234 1.0000000000
109692  26.335  15.320  -6.365 1.0000000000
119146  23.559  23.097  -7.075 0.1250000000
116906  24.253  21.298  -8.597 0.1250000000
115739  23.222  20.333  -10.493 0.6250000000
116942  22.577  21.629  -11.622 0.6250000000
116960  23.202  21.367  -12.995 0.5000000000
120347  21.879  24.024  -9.519 0.2500000000
116994  22.816  21.631  -14.268 0.5000000000
120339  21.710  24.885  -8.833 0.2500000000
121388  20.656  25.569  -9.924 0.2500000000
118093  22.566  22.420  -13.756 0.5000000000
119216  22.964  22.478  -14.262 0.5000000000
121389  19.924  26.190  -9.983 0.1250000000
121403  21.334  26.016  -12.759 0.2500000000
120363  22.606  24.140  -11.866 0.2500000000
118092  23.440  22.463  -13.430 0.3750000000
119169  23.207  23.907  -11.399 0.2500000000
123451  20.481  27.336  -12.005 0.1250000000
94038  21.126  4.083  -2.236 0.1250000000
94063  21.357  4.060  -3.001 0.3750000000
94062  21.688  3.343  -3.019 0.5000000000
96544  19.592  5.632  -1.481 0.1250000000
94086  22.114  2.722  -4.059 0.7500000000
94085  22.346  2.374  -4.265 1.0000000000
96609  21.670  5.509  -4.381 1.0000000000
95294  25.022  3.824  -4.874 1.0000000000
100667  19.532  8.018  -3.513 0.8750000000
96620  26.022  5.268  -5.596 1.0000000000
95308  26.493  4.515  -5.393 1.0000000000
101897  19.150  9.884  -2.925 0.3750000000
101922  19.963  9.274  -3.942 0.5000000000
100665  20.975  8.669  -4.493 0.8750000000
99397  22.168  7.994  -5.119 1.0000000000
99396  22.695  7.886  -5.379 1.0000000000
96631  26.531  5.611  -6.178 1.0000000000
96633  24.887  6.117  -6.290 1.0000000000
98017  25.732  6.425  -6.378 1.0000000000
98001  28.171  6.393  -6.204 1.0000000000
101921  20.541  9.377  -4.268 0.6250000000
100686  22.316  8.769  -5.320 1.0000000000
101954  23.250  9.878  -5.734 1.0000000000
99411  24.370  7.925  -5.788 1.0000000000
99412  23.967  7.918  -5.799 1.0000000000
98003  26.143  6.802  -5.717 1.0000000000
99407  27.783  7.446  -5.903 0.8750000000
101952  24.198  9.549  -7.022 1.0000000000
101950  26.083  9.505  -7.861 1.0000000000
104510  25.607  10.558  -7.857 1.0000000000
103220  23.840  10.337  -7.350 1.0000000000
103218  25.766  10.006  -8.264 1.0000000000
101970  26.247  9.947  -8.093 1.0000000000
101951  25.374  10.122  -6.955 1.0000000000
103238  26.452  10.104  -8.810 1.0000000000
105732  22.812  11.778  -6.242 0.6250000000
104529  25.301  11.607  -7.337 1.0000000000
105752  24.746  12.030  -7.085 1.0000000000
104528  25.644  11.399  -7.956 1.0000000000
105751  25.241  12.340  -7.099 1.0000000000
105769  26.087  12.079  -7.855 1.0000000000
104509  26.469  11.671  -7.195 1.0000000000
104541  26.270  11.670  -8.297 1.0000000000
107007  24.915  13.209  -7.713 1.0000000000
107005  26.143  12.971  -6.101 1.0000000000
152558  24.683  15.823  -8.912 0.8750000000
109678  25.766  14.468  -6.899 1.0000000000
108334  26.234  13.809  -6.832 1.0000000000
111009  25.507  15.771  -7.248 1.0000000000
152564  24.901  15.791  -9.038 1.0000000000
152563  24.740  15.613  -9.106 1.0000000000
118031  23.573  22.537  -7.729 0.1250000000
118049  22.893  22.384  -9.913 0.1250000000
118040  23.652  22.709  -9.014 0.1250000000
120338  22.159  24.306  -9.089 0.2500000000
118061  21.747  23.087  -11.652 0.2500000000
116912  23.593  21.448  -9.799 0.3750000000
116923  23.163  21.567  -10.955 0.5000000000
118080  22.379  22.418  -12.988 0.5000000000
116961  22.758  21.573  -12.560 0.7500000000
120371  22.087  24.766  -12.595 0.2500000000
120370  23.191  24.232  -13.002 0.2500000000
94037  21.509  3.624  -2.542 0.2500000000
92793  21.763  3.459  -1.723 0.1250000000
92816  21.568  3.424  -2.071 0.1250000000
92865  21.763  2.434  -4.045 0.7500000000
92888  23.629  2.104  -4.879 1.0000000000
108337  23.907  13.399  -6.285 0.5000000000
107009  23.484  12.445  -6.252 0.6250000000
105753  23.766  12.025  -6.602 0.8750000000
152576  24.794  17.532  -8.634 1.0000000000
110995  25.891  16.531  -7.042 1.0000000000
114600  23.237  19.922  -11.030 0.7500000000
115752  22.856  20.786  -11.588 0.7500000000
115767  22.747  21.032  -12.280 0.7500000000
118079  23.775  22.802  -12.722 0.2500000000
118091  24.077  22.012  -13.056 0.3750000000
88819  25.401  -0.831  -2.799 0.7500000000
87396  27.496  -1.037  -3.095 0.7500000000
88820  24.612  -0.957  -2.485 0.7500000000
88840  24.240  0.468  -2.900 0.7500000000
87407  26.539  -0.309  -3.467 0.7500000000
88838  25.791  -0.402  -3.141 0.7500000000
90271  25.278  0.200  -2.988 0.7500000000
87406  27.347  -0.184  -3.665 0.7500000000
87413  26.526  0.094  -3.840 0.7500000000
88867  25.136  0.672  -3.963 0.7500000000
91596  22.202  1.453  -4.079 0.7500000000
92840  21.616  1.783  -3.960 0.6250000000
90284  24.403  0.522  -4.738 0.7500000000
91616  23.647  1.029  -5.022 0.8750000000
91595  23.166  2.036  -3.890 0.8750000000
88855  27.612  0.076  -3.976 0.7500000000
88865  26.556  0.317  -3.948 0.7500000000
90282  26.074  1.046  -3.959 0.7500000000
91615  24.522  1.494  -4.912 0.8750000000
90269  26.780  1.120  -4.140 0.7500000000
91628  26.467  1.262  -4.042 0.7500000000
91614  25.510  1.731  -4.249 0.8750000000
92887  24.871  2.292  -4.578 0.8750000000
92885  27.373  2.195  -4.733 0.7500000000
92886  26.161  2.596  -4.690 0.8750000000
92898  28.581  2.784  -4.850 0.8750000000
92900  27.103  2.997  -5.127 0.8750000000
94120  27.717  3.614  -5.421 0.8750000000
95290  30.958  4.931  -5.015 0.3750000000
95291  30.039  4.479  -4.923 0.6250000000
95306  28.437  4.363  -5.561 0.7500000000
95304  30.351  5.187  -5.496 0.5000000000
96616  29.951  5.452  -5.635 0.7500000000
96628  29.357  5.277  -5.869 0.7500000000
97976  32.372  6.286  -4.745 0.1250000000
97987  31.901  6.160  -5.131 0.3750000000
96615  30.788  5.568  -5.734 0.6250000000
97990  29.639  6.051  -5.547 0.6250000000
99372  33.316  6.926  -4.470 0.1250000000
99373  32.746  6.651  -4.636 0.1250000000
99391  31.052  7.107  -5.287 0.1250000000
99392  30.054  6.976  -5.547 0.6250000000
100682  29.509  7.699  -5.414 0.6250000000
100683  28.995  7.626  -5.815 0.7500000000
99389  33.655  7.874  -4.737 0.1250000000
100679  32.973  8.660  -5.057 0.1250000000
100680  31.737  8.282  -5.311 0.1250000000
100681  30.412  8.143  -5.097 0.5000000000
100697  29.667  8.408  -5.448 0.6250000000
101946  29.445  8.689  -5.629 0.7500000000
101931  31.214  9.236  -5.594 0.5000000000
101932  29.934  9.177  -5.616 0.6250000000
101933  29.021  9.661  -5.574 0.7500000000
152554  23.736  16.039  -8.178 0.6250000000
152561  22.954  17.641  -9.382 0.5000000000
152557  23.471  17.019  -8.856 0.7500000000
103195  29.765  10.195  -5.274 0.6250000000
104486  29.393  11.008  -4.899 0.6250000000
104487  28.469  11.137  -5.422 0.8750000000
104485  30.485  10.922  -4.858 0.5000000000
105725  30.012  12.029  -4.795 0.6250000000
105726  29.114  12.004  -4.774 0.7500000000
108310  28.914  14.409  -4.602 0.8750000000
109659  28.004  15.009  -5.719 0.8750000000
109675  28.008  15.540  -5.779 0.8750000000
105724  31.108  11.931  -4.605 0.3750000000
106976  29.431  13.141  -4.492 0.6250000000
106975  30.527  13.120  -4.343 0.5000000000
113441  22.671  18.124  -9.744 0.6250000000
113450  22.222  17.983  -10.520 0.7500000000
152560  22.959  17.449  -9.893 0.7500000000
110994  26.511  16.103  -6.566 0.8750000000
112204  26.394  16.766  -6.571 0.7500000000
110993  27.651  16.167  -6.128 0.8750000000
108308  30.958  14.268  -4.525 0.5000000000
110958  28.705  15.883  -4.802 0.7500000000
106974  31.846  13.378  -4.540 0.2500000000
114601  22.638  19.011  -10.523 0.6250000000
152566  23.305  17.781  -10.031 0.8750000000
152565  24.368  18.040  -9.447 0.8750000000
152573  25.055  17.732  -7.963 0.8750000000
113410  26.567  17.721  -6.792 0.8750000000
112222  28.317  17.136  -6.081 0.7500000000
109647  29.008  15.451  -4.456 0.5000000000
109644  31.346  15.469  -4.478 0.2500000000
109645  30.631  15.626  -4.378 0.5000000000
108289  30.343  14.964  -4.518 0.5000000000
115740  23.050  19.621  -9.777 0.5000000000
114615  22.024  18.718  -11.330 0.6250000000
113460  23.121  18.960  -10.897 0.7500000000
113449  23.683  18.608  -10.196 0.7500000000
113459  24.192  19.387  -10.617 0.7500000000
113448  25.091  19.165  -9.988 0.7500000000
113440  26.266  19.315  -8.812 0.7500000000
113432  25.535  18.683  -8.557 0.7500000000
114565  26.535  18.620  -7.696 0.7500000000
114551  27.031  18.614  -7.155 0.7500000000
114564  27.429  18.839  -7.592 0.7500000000
112202  29.417  17.265  -5.354 0.5000000000
112221  29.095  17.549  -6.260 0.3750000000
113408  28.615  17.911  -6.846 0.6250000000
110955  31.097  16.273  -4.595 0.2500000000
112187  30.308  16.924  -4.776 0.3750000000
113395  29.964  17.951  -5.494 0.3750000000
114614  23.334  19.834  -11.535 0.6250000000
114613  24.480  19.816  -11.604 0.7500000000
114586  25.668  19.392  -10.637 0.7500000000
152571  25.982  19.604  -9.362 0.7500000000
114574  27.626  19.153  -8.504 0.6250000000
113407  29.665  18.343  -6.344 0.3750000000
113421  28.886  18.553  -7.673 0.3750000000
112185  31.747  17.058  -5.086 0.1250000000
113393  31.038  18.473  -5.619 0.1250000000
113394  30.484  18.281  -5.522 0.2500000000
114599  25.113  19.394  -10.950 0.6250000000
152578  28.434  18.768  -8.629 0.3750000000
152575  26.874  19.458  -9.181 0.3750000000
114575  26.707  19.131  -8.336 0.7500000000
113420  29.644  18.888  -7.340 0.2500000000
114563  28.152  18.847  -7.904 0.6250000000
113404  32.538  18.912  -6.846 0.1250000000
113405  31.546  18.493  -6.112 0.1250000000
112199  32.395  17.287  -5.313 0.1250000000
115766  23.262  20.892  -12.756 0.6250000000
114628  23.742  20.517  -12.696 0.6250000000
114612  25.587  19.494  -11.777 0.3750000000
152581  26.684  18.891  -11.601 0.3750000000
113439  29.046  18.768  -9.522 0.2500000000
152577  27.841  19.094  -9.583 0.3750000000
114585  26.594  19.198  -10.604 0.3750000000
114560  31.224  19.507  -7.733 0.1250000000
113431  29.575  18.689  -8.323 0.3750000000
152582  28.994  18.603  -8.544 0.3750000000
113403  33.655  18.694  -7.267 0.1250000000
114561  30.501  19.310  -7.331 0.1250000000
115780  24.143  20.607  -14.243 0.3750000000
115781  23.212  20.828  -13.964 0.3750000000
114627  24.508  20.386  -13.031 0.3750000000
114626  25.639  19.708  -12.910 0.3750000000
152587  27.282  18.708  -11.876 0.3750000000
113458  26.691  18.912  -12.371 0.3750000000
114625  26.140  19.292  -12.460 0.3750000000
152586  28.176  18.796  -11.043 0.3750000000
114582  31.259  19.904  -9.450 0.1250000000
114573  29.638  19.025  -8.933 0.1250000000
114584  29.817  19.166  -9.530 0.2500000000
114559  32.133  19.521  -7.869 0.1250000000
115779  25.232  20.405  -14.012 0.2500000000
113478  26.311  18.722  -14.740 0.2500000000
113471  25.947  19.239  -14.044 0.3750000000
114637  25.714  19.808  -13.815 0.3750000000
152591  28.889  18.850  -12.236 0.1250000000
152593  27.303  18.502  -13.094 0.3750000000
113470  26.347  18.828  -13.474 0.3750000000
152585  29.212  18.962  -10.917 0.1250000000
152592  28.167  18.373  -12.593 0.2500000000
114596  30.468  19.699  -10.445 0.1250000000
152584  29.539  18.986  -10.144 0.1250000000
116976  24.712  21.266  -13.694 0.3750000000
114636  26.497  19.342  -14.698 0.2500000000
152606  28.708  18.263  -14.422 0.1250000000
152607  27.713  19.125  -14.911 0.1250000000
152599  29.415  18.960  -13.223 0.1250000000
152604  28.832  19.186  -14.876 0.1250000000
115737  30.806  19.996  -10.787 0.1250000000
114610  29.383  19.691  -11.876 0.1250000000
152594  27.597  20.457  -12.475 0.1250000000
152596  29.507  19.724  -12.953 0.1250000000
152598  28.408  19.689  -13.831 0.1250000000
115750  30.115  20.423  -11.887 0.1250000000
115736  31.158  20.749  -10.768 0.1250000000
95293  28.553  4.045  -4.879 0.6250000000
103194  30.825  10.152  -5.435 0.6250000000
108290  29.600  14.961  -4.565 0.5000000000
114602  21.839  18.330  -10.875 0.6250000000
112253  22.516  17.772  -10.849 0.8750000000
112262  23.108  17.927  -10.948 0.7500000000
114552  26.650  18.282  -7.065 0.7500000000
110957  29.143  16.399  -4.589 0.5000000000
112188  29.718  16.805  -4.649 0.5000000000
112203  28.812  16.833  -5.517 0.7500000000
110956  30.100  16.364  -4.276 0.5000000000
114583  30.486  19.642  -9.568 0.1250000000
113488  27.377  18.659  -14.790 0.2500000000
152597  29.088  19.344  -13.770 0.1250000000
99393  29.210  6.885  -5.574 0.7500000000
103193  31.921  10.233  -5.580 0.3750000000
105723  32.357  12.174  -5.185 0.2500000000
110974  28.482  16.257  -5.383 0.7500000000
87382  26.600  -1.982  -2.289 0.7500000000
87383  25.653  -1.516  -2.311 0.7500000000
88797  24.111  -1.008  -1.846 0.7500000000
88821  23.603  -0.176  -2.285 0.7500000000
87381  27.428  -1.961  -2.675 0.7500000000
87398  25.994  -1.198  -2.815 0.7500000000
91575  22.706  1.773  -3.640 0.6250000000
90253  23.911  1.081  -3.875 0.7500000000
87405  28.239  -0.522  -4.021 0.6250000000
90268  27.497  0.758  -3.994 0.7500000000
90267  28.726  0.527  -4.214 0.6250000000
92884  28.297  2.186  -4.494 0.6250000000
94105  28.846  3.462  -4.631 0.5000000000
94103  30.229  3.565  -4.314 0.3750000000
94104  29.614  3.485  -4.540 0.5000000000
96604  32.322  5.779  -4.348 0.1250000000
97975  32.940  6.323  -4.297 0.1250000000
99371  34.341  7.311  -4.304 0.1250000000
99388  34.758  7.957  -5.119 0.1250000000
100677  35.165  8.422  -5.854 0.1250000000
100678  34.233  8.798  -5.510 0.1250000000
100696  34.289  9.369  -6.301 0.1250000000
101930  32.410  9.433  -5.522 0.1250000000
104484  31.590  10.976  -5.010 0.2500000000
114588  23.050  18.951  -9.043 0.5000000000
107003  32.522  13.613  -5.094 0.1250000000
106973  32.517  13.072  -5.023 0.2500000000
108306  32.486  14.894  -5.164 0.1250000000
110971  32.047  16.742  -4.807 0.1250000000
112198  33.281  17.254  -5.719 0.1250000000
112218  33.681  17.898  -6.464 0.1250000000
112217  34.510  18.150  -7.180 0.1250000000
114570  32.129  19.960  -8.899 0.1250000000
115734  33.142  20.564  -10.401 0.1250000000
120329  22.136  24.665  -7.948 0.1250000000
116958  25.576  21.296  -12.762 0.2500000000
116957  26.075  20.895  -12.831 0.1250000000
116938  26.338  20.984  -11.825 0.1250000000
152590  28.992  20.165  -12.752 0.1250000000
116934  31.595  21.036  -11.423 0.1250000000
95317  28.032  4.712  -6.193 0.7500000000
103196  28.891  10.385  -5.453 0.7500000000
109696  23.961  15.048  -8.027 0.3750000000
92901  26.499  3.171  -5.228 0.8750000000
95316  28.638  5.005  -6.188 0.7500000000
113423  25.900  17.858  -7.528 0.8750000000
115793  23.538  21.065  -14.326 0.3750000000
118105  23.920  21.801  -13.675 0.3750000000
118078  24.249  22.393  -12.246 0.1250000000
88839  25.007  0.036  -2.861 0.7500000000
88837  26.237  -0.306  -3.431 0.7500000000
87397  26.620  -0.938  -2.883 0.7500000000
87395  28.303  -1.150  -3.626 0.7500000000
88857  25.841  0.113  -3.583 0.7500000000
88859  24.273  0.658  -3.550 0.7500000000
90283  25.114  0.861  -4.320 0.7500000000
91576  22.574  1.785  -3.241 0.6250000000
91631  24.444  0.943  -5.063 0.8750000000
90281  26.560  1.051  -4.057 0.7500000000
91630  25.221  1.150  -4.362 0.8750000000
91613  26.718  1.528  -4.237 0.7500000000
91612  27.928  1.486  -4.118 0.7500000000
92899  27.948  2.756  -5.180 0.7500000000
95277  30.572  4.323  -4.305 0.2500000000
95292  29.134  4.400  -4.807 0.6250000000
95305  29.454  4.916  -5.771 0.7500000000
95303  30.914  5.246  -5.565 0.5000000000
96613  31.997  5.769  -4.949 0.2500000000
96605  31.662  5.373  -4.658 0.1250000000
97988  31.368  6.238  -5.478 0.2500000000
97989  30.497  6.166  -5.684 0.6250000000
99390  32.318  7.129  -4.913 0.1250000000
109658  28.342  15.311  -5.054 0.7500000000
108309  29.990  14.167  -4.741 0.5000000000
113462  21.966  18.119  -11.338 0.6250000000
112223  26.950  17.054  -6.323 0.7500000000
108288  31.105  15.048  -4.398 0.3750000000
113409  27.490  17.970  -6.920 0.7500000000
109646  29.766  15.627  -4.255 0.5000000000
109657  31.845  15.894  -4.487 0.1250000000
109656  32.581  15.677  -4.660 0.1250000000
108307  31.803  14.885  -4.635 0.2500000000
108332  32.355  14.194  -4.883 0.1250000000
113422  28.116  18.287  -7.488 0.6250000000
112186  31.094  16.995  -5.078 0.1250000000
112201  30.419  17.660  -5.044 0.3750000000
114598  25.825  19.243  -11.111 0.3750000000
114550  30.227  18.832  -6.421 0.3750000000
112200  31.390  17.853  -5.279 0.1250000000
114549  30.706  19.047  -6.552 0.1250000000
112220  31.971  17.809  -5.723 0.1250000000
113430  30.098  18.868  -7.710 0.2500000000
114547  31.838  19.314  -7.334 0.1250000000
113418  33.044  19.297  -7.582 0.1250000000
112219  32.597  17.937  -6.002 0.1250000000
114548  31.405  19.220  -6.926 0.1250000000
115765  23.724  20.563  -13.444 0.3750000000
114571  31.231  19.701  -8.641 0.1250000000
114572  30.337  19.189  -8.473 0.1250000000
114638  24.771  19.965  -14.215 0.3750000000
152601  28.139  18.380  -13.832 0.3750000000
115725  30.723  20.064  -10.015 0.1250000000
114581  31.696  20.029  -9.531 0.1250000000
114558  32.869  19.671  -8.211 0.1250000000
116975  25.637  20.684  -13.332 0.2500000000
152608  26.919  18.925  -14.870 0.2500000000
114609  30.352  19.565  -11.261 0.1250000000
114597  30.058  19.137  -10.591 0.1250000000
115778  26.336  20.130  -13.567 0.1250000000
152602  27.479  19.636  -14.074 0.1250000000
152595  26.544  20.709  -12.849 0.1250000000
87359  25.705  -1.988  -1.675 0.7500000000
87384  25.144  -1.632  -1.992 0.7500000000
90232  22.847  0.799  -2.184 0.5000000000
90231  23.344  1.161  -3.125 0.6250000000
91611  28.769  1.462  -4.065 0.6250000000
92883  29.074  2.445  -3.982 0.5000000000
101929  33.487  9.614  -5.989 0.1250000000
115714  32.702  20.392  -9.295 0.1250000000
115723  32.111  20.241  -9.741 0.1250000000
87360  24.865  -1.645  -1.192 0.7500000000
88822  23.175  -0.105  -1.572 0.5000000000
84589  26.639  -3.355  -2.030 0.6250000000
86011  27.327  -2.954  -2.362 0.6250000000
87357  28.603  -2.061  -1.512 0.3750000000
86010  27.844  -2.549  -2.520 0.6250000000
87356  29.321  -1.410  -2.096 0.2500000000
87379  29.257  -1.582  -3.475 0.3750000000
92882  30.020  2.723  -4.176 0.3750000000
152562  22.910  17.901  -8.937 0.3750000000
115728  23.260  19.594  -9.390 0.2500000000
86012  26.744  -2.939  -2.284 0.6250000000
87394  28.875  -0.989  -4.206 0.5000000000
90266  29.288  -0.023  -4.307 0.5000000000
90250  29.137  0.914  -4.150 0.3750000000
85992  28.050  -2.915  -1.931 0.6250000000
83140  26.530  -4.230  -1.486 0.6250000000
88799  23.222  -0.410  -0.921 0.3750000000
87361  24.256  -1.331  -0.687 0.3750000000
84573  26.199  -3.770  -1.686 0.6250000000
85994  26.212  -2.761  -1.959 0.6250000000
85996  25.189  -2.522  -0.851 0.6250000000
85975  28.418  -2.590  -0.630 0.3750000000
84557  27.721  -3.336  -1.086 0.5000000000
84572  27.087  -3.692  -1.665 0.6250000000
90208  22.902  0.360  -1.236 0.2500000000
87336  29.126  -1.595  -0.687 0.3750000000
88818  29.858  -0.984  -2.796 0.2500000000
92841  22.086  2.522  -3.260 0.3750000000
88836  29.554  -0.512  -3.781 0.2500000000
90249  29.573  0.468  -3.976 0.3750000000
92861  29.796  2.001  -3.609 0.2500000000
104412  18.989  11.789  -1.600 0.1250000000
106959  21.633  12.022  -4.805 0.2500000000
94084  30.671  3.538  -3.470 0.2500000000
108338  23.382  12.886  -6.091 0.3750000000
106982  22.984  12.100  -6.025 0.2500000000
108354  24.287  14.661  -8.389 0.2500000000
115727  23.593  20.254  -9.473 0.2500000000
105694  20.218  11.575  -3.272 0.1250000000
103128  18.655  10.790  -1.214 0.2500000000
92815  21.782  2.771  -2.325 0.2500000000
87404  28.639  -0.551  -4.282 0.5000000000
87380  28.348  -1.969  -2.733 0.5000000000
92881  30.359  3.041  -3.918 0.2500000000
85995  25.574  -2.938  -1.241 0.6250000000
91594  29.324  1.324  -3.969 0.2500000000
84571  27.601  -3.338  -1.711 0.6250000000
87355  29.775  -0.947  -1.842 0.2500000000
85974  28.792  -2.050  -0.467 0.3750000000
88798  23.797  -0.858  -1.130 0.3750000000
84539  27.809  -3.261  0.101 0.3750000000
88835  30.024  0.031  -3.558 0.2500000000
91592  30.463  1.431  -3.478 0.2500000000
105654  18.227  12.082  0.121 0.1250000000
84560  24.877  -3.564  0.042 0.5000000000
84558  27.265  -3.937  -0.476 0.2500000000
83113  26.688  -4.465  0.261 0.3750000000
83129  26.773  -4.610  -0.968 0.5000000000
84574  25.585  -4.115  -1.114 0.5000000000
83133  24.607  -3.733  0.737 0.3750000000
84541  24.186  -2.812  0.234 0.5000000000
84559  25.277  -3.501  -0.609 0.5000000000
85977  24.815  -2.651  -0.351 0.3750000000
85976  25.247  -2.928  -0.754 0.5000000000
83049  23.413  -4.288  2.865 0.1250000000
83117  24.190  -3.994  0.911 0.3750000000
87323  24.121  -1.663  0.175 0.2500000000
81656  24.230  -5.220  3.488 0.1250000000
83074  23.574  -4.645  1.994 0.2500000000
83093  25.275  -3.826  1.302 0.3750000000
84521  27.652  -3.985  1.270 0.2500000000
81708  25.971  -4.828  0.423 0.3750000000
81717  25.778  -4.851  -0.139 0.5000000000
81658  23.594  -4.630  3.199 0.1250000000
83094  24.263  -4.161  1.506 0.3750000000
81709  25.661  -4.587  0.447 0.3750000000
84501  23.207  -3.658  2.358 0.1250000000
85946  23.393  -2.490  1.349 0.1250000000
104483  32.478  11.043  -5.383 0.1250000000
87338  24.417  -1.745  -0.284 0.3750000000
83141  26.103  -4.542  -1.213 0.5000000000
87339  23.947  -1.321  -0.241 0.2500000000
88779  23.498  -0.964  -0.280 0.2500000000
83132  24.988  -3.812  0.443 0.5000000000
83131  25.387  -4.456  -0.212 0.5000000000
84561  24.479  -3.620  0.604 0.5000000000
84540  27.400  -3.897  0.666 0.3750000000
83130  26.042  -4.810  -0.365 0.3750000000
83114  26.221  -4.769  0.212 0.3750000000
83116  24.964  -3.951  1.134 0.3750000000
84542  23.834  -3.552  0.812 0.2500000000
85960  23.724  -2.751  0.759 0.1250000000
85959  24.244  -2.219  0.303 0.1250000000
83048  23.763  -4.612  2.714 0.1250000000
83075  23.148  -4.208  1.994 0.1250000000
83096  23.242  -4.049  1.751 0.1250000000
81631  23.638  -5.441  3.700 0.1250000000
81657  23.734  -4.931  3.278 0.1250000000
84524  24.640  -3.898  1.866 0.3750000000
81693  26.889  -4.911  1.060 0.2500000000
84525  23.474  -3.325  1.388 0.1250000000
84500  23.314  -3.077  1.933 0.1250000000
84498  24.854  -3.670  2.459 0.2500000000
81694  25.879  -4.615  1.382 0.2500000000
91577  22.053  1.564  -2.218 0.2500000000
83091  27.399  -4.431  1.199 0.2500000000
83046  24.704  -4.727  3.393 0.1250000000
83073  24.206  -4.564  2.173 0.1250000000
81695  25.570  -4.297  0.891 0.2500000000
84523  25.363  -3.594  1.926 0.2500000000
83092  25.778  -4.267  2.038 0.1250000000
90209  22.323  0.996  -1.315 0.1250000000
152556  23.425  16.862  -8.249 0.1250000000
110997  23.538  16.772  -7.884 0.1250000000
112226  23.526  17.782  -8.093 0.1250000000
152567  24.558  18.550  -7.462 0.1250000000
112225  24.415  17.882  -6.966 0.1250000000
115720  23.913  19.964  -8.827 0.1250000000
111011  23.886  15.698  -7.616 0.1250000000
115719  24.227  19.458  -7.975 0.1250000000
114554  25.054  19.631  -6.461 0.1250000000
109695  24.297  15.270  -7.266 0.1250000000
106958  21.985  12.226  -5.343 0.1250000000
88780  23.204  -0.359  -0.384 0.1250000000
109679  23.853  15.240  -6.322 0.1250000000
110996  24.124  16.562  -7.102 0.1250000000
112207  25.108  17.839  -5.875 0.1250000000
113411  25.454  19.306  -6.208 0.1250000000
115708  25.128  20.471  -6.233 0.1250000000
116897  24.498  20.778  -7.593 0.1250000000
94036  21.704  3.175  -2.623 0.1250000000
152568  23.015  18.171  -8.676 0.1250000000
114587  23.442  19.665  -9.202 0.1250000000
90187  23.068  0.439  -0.606 0.1250000000
91529  22.183  1.825  -0.889 0.1250000000
90188  22.536  1.165  -0.796 0.1250000000
116905  24.222  20.388  -8.247 0.1250000000
152574  24.710  19.306  -7.065 0.1250000000
112190  25.295  17.728  -4.573 0.1250000000
85957  29.109  -2.108  0.211 0.1250000000
87322  29.397  -1.594  0.066 0.1250000000
87335  29.722  -0.906  -1.141 0.1250000000
88795  30.349  -0.633  -1.858 0.1250000000
88817  30.535  -0.312  -3.018 0.1250000000
90248  30.537  0.527  -3.428 0.1250000000
90228  32.633  1.025  -2.463 0.1250000000
90247  30.949  0.988  -3.220 0.1250000000
92839  32.156  2.554  -2.519 0.1250000000
92860  30.454  2.408  -3.454 0.1250000000
94059  32.523  3.067  -2.584 0.1250000000
92859  31.190  2.556  -2.725 0.1250000000
80270  26.216  -4.812  1.244 0.1250000000
83071  27.907  -4.468  1.714 0.1250000000
83090  27.905  -4.140  1.512 0.1250000000
85943  28.748  -3.049  1.185 0.1250000000
85941  29.892  -1.948  1.129 0.1250000000
87321  29.925  -1.135  0.182 0.1250000000
88759  31.057  -0.318  0.089 0.1250000000
90207  31.940  0.122  -1.602 0.1250000000
88794  31.254  -0.224  -2.207 0.1250000000
90206  32.716  0.472  -1.819 0.1250000000
91573  32.714  1.797  -2.555 0.1250000000
94083  31.781  3.621  -2.623 0.1250000000
95275  32.518  4.550  -2.978 0.1250000000
94082  32.956  3.441  -2.633 0.1250000000
95276  31.406  4.783  -3.759 0.1250000000
85958  28.522  -2.797  0.605 0.1250000000
88778  30.489  -0.621  -0.591 0.1250000000
91591  31.122  1.575  -3.090 0.1250000000
84520  28.202  -3.538  1.332 0.1250000000
81676  27.313  -4.676  1.944 0.1250000000
85942  29.208  -2.681  1.076 0.1250000000
88760  30.528  -0.662  0.122 0.1250000000
88777  31.362  -0.132  -0.965 0.1250000000
90230  31.002  0.123  -3.040 0.1250000000
91574  31.891  1.643  -2.628 0.1250000000
90229  31.595  0.541  -2.713 0.1250000000
92858  33.263  2.962  -2.681 0.1250000000
83070  28.439  -4.174  1.724 0.1250000000
87320  30.797  -0.842  0.644 0.1250000000
95274  33.640  4.379  -2.719 0.1250000000
80283  26.481  -4.882  1.045 0.1250000000
80284  26.258  -4.811  0.815 0.1250000000
81707  26.384  -4.792  0.636 0.2500000000
81718  25.628  -4.866  0.073 0.5000000000
83047  24.149  -4.607  2.966 0.1250000000
83095  23.542  -4.059  1.484 0.1250000000
83115  25.294  -4.131  0.604 0.3750000000
83142  25.743  -4.625  -0.788 0.5000000000
84468  24.636  -4.102  3.074 0.2500000000
84469  24.422  -4.291  2.537 0.2500000000
84496  28.511  -3.867  1.614 0.1250000000
84499  24.461  -4.158  2.204 0.2500000000
84519  29.109  -3.321  1.463 0.1250000000
84522  25.832  -3.919  2.406 0.1250000000
84526  23.246  -3.792  1.822 0.1250000000
84588  26.965  -3.307  -2.165 0.6250000000
85919  25.688  -3.431  2.755 0.2500000000
85920  25.307  -3.315  2.716 0.2500000000
85944  25.831  -3.685  2.620 0.1250000000
85945  25.550  -3.463  2.348 0.2500000000
85956  29.542  -1.654  0.453 0.1250000000
85993  27.537  -3.290  -1.977 0.6250000000
87337  28.700  -2.052  -0.829 0.5000000000
87358  26.142  -1.998  -1.952 0.7500000000
87408  25.923  -0.331  -3.931 0.7500000000
87412  26.616  0.120  -4.260 0.7500000000
87414  26.130  -0.045  -3.657 0.7500000000
87418  26.872  -0.005  -4.449 0.7500000000
87419  26.622  -0.008  -4.461 0.7500000000
88796  29.804  -0.973  -2.189 0.2500000000
88816  31.139  -0.027  -2.774 0.1250000000
88853  28.956  -0.365  -4.425 0.5000000000
88854  28.325  -0.070  -4.212 0.5000000000
88856  26.127  -0.494  -3.928 0.7500000000
88858  24.859  0.434  -3.335 0.7500000000
88864  27.001  0.071  -4.303 0.7500000000
88866  25.887  0.597  -3.865 0.7500000000
88868  24.515  0.629  -4.134 0.7500000000
88876  26.804  0.169  -4.163 0.7500000000
88877  26.760  -0.078  -4.588 0.7500000000
88878  24.882  0.809  -4.082 0.7500000000
88879  24.702  0.614  -4.244 0.7500000000
90233  22.395  0.866  -1.734 0.1250000000
90251  25.696  -0.019  -3.196 0.7500000000
90252  25.416  0.003  -2.955 0.7500000000
90270  25.635  0.020  -3.062 0.7500000000
90272  23.910  0.530  -4.476 0.7500000000
90280  27.147  0.471  -4.038 0.7500000000
90291  24.965  0.730  -4.167 0.7500000000
90292  24.808  0.692  -4.381 0.7500000000
91593  29.921  1.227  -3.879 0.2500000000
91629  26.031  1.304  -3.887 0.7500000000
92838  32.957  2.654  -2.671 0.1250000000
92862  29.477  1.701  -3.802 0.2500000000
94058  32.806  3.051  -2.673 0.1250000000
94119  28.388  3.456  -5.193 0.8750000000
95279  20.946  5.069  -3.552 0.7500000000
95315  29.125  5.204  -6.049 0.7500000000
96562  20.435  5.244  -2.955 0.3750000000
96614  31.435  5.539  -5.366 0.2500000000
96617  29.325  5.529  -5.718 0.8750000000
96618  27.336  5.039  -6.007 1.0000000000
96641  25.848  6.239  -6.429 1.0000000000
97958  19.967  6.800  -3.013 0.3750000000
98016  25.968  6.422  -6.314 1.0000000000
99342  19.670  7.189  -2.873 0.3750000000
99357  19.419  7.658  -3.181 0.6250000000
99376  20.017  7.781  -3.622 0.6250000000
99395  23.508  7.780  -5.712 1.0000000000
100653  19.445  8.802  -3.515 0.6250000000
100684  23.587  8.311  -5.726 1.0000000000
101913  19.482  9.313  -3.552 0.5000000000
101935  22.298  9.624  -5.637 1.0000000000
101953  23.672  9.733  -6.644 1.0000000000
101955  22.736  9.761  -5.673 1.0000000000
101971  23.878  9.658  -7.307 1.0000000000
101972  23.657  9.695  -7.193 1.0000000000
103127  18.962  11.211  -1.753 0.2500000000
103149  18.736  10.319  -2.094 0.3750000000
103199  22.488  10.569  -6.134 0.8750000000
103239  25.884  10.712  -8.546 1.0000000000
103240  24.043  9.821  -7.460 1.0000000000
103257  26.248  11.011  -8.513 1.0000000000
103258  25.954  11.377  -8.510 1.0000000000
104399  18.081  11.617  -0.129 0.1250000000
104413  18.424  11.788  -0.955 0.1250000000
104434  19.402  11.590  -2.245 0.1250000000
104456  20.639  11.130  -3.835 0.2500000000
104527  26.337  11.916  -7.809 1.0000000000
104540  26.487  11.269  -8.349 1.0000000000
104542  25.884  11.822  -8.324 1.0000000000
105647  17.948  12.126  0.846 0.1250000000
105655  17.969  12.224  0.615 0.1250000000
105663  18.675  12.339  -0.610 0.1250000000
105728  27.215  12.445  -5.801 1.0000000000
105770  25.748  12.025  -7.785 1.0000000000
105785  26.279  12.022  -8.101 1.0000000000
105786  26.050  12.038  -8.184 1.0000000000
108287  31.434  15.130  -4.501 0.2500000000
108368  24.437  13.997  -8.935 0.8750000000
110954  31.588  16.669  -4.806 0.1250000000
110972  31.710  16.373  -4.624 0.2500000000
110973  28.938  16.720  -5.180 0.7500000000
110975  26.177  16.614  -6.704 0.8750000000
110976  26.145  16.768  -6.953 1.0000000000
111008  25.871  15.672  -6.505 1.0000000000
111020  24.572  15.257  -9.142 1.0000000000
112205  26.249  16.859  -6.780 0.7500000000
112224  26.218  17.023  -7.058 1.0000000000
112254  22.117  17.852  -11.342 0.6250000000
112263  22.564  17.930  -11.491 0.6250000000
112264  22.164  18.031  -11.441 0.6250000000
112287  28.832  17.993  -14.750 0.1250000000
112288  28.330  18.492  -14.344 0.1250000000
113396  25.669  19.038  -5.638 0.1250000000
113406  30.607  18.594  -6.086 0.2500000000
113419  29.984  19.216  -7.276 0.2500000000
113451  21.852  17.853  -11.069 0.6250000000
113461  22.422  18.503  -11.349 0.6250000000
113477  27.307  18.533  -14.192 0.2500000000
113479  25.768  19.187  -14.666 0.3750000000
113487  28.235  18.303  -14.528 0.2500000000
113489  26.727  18.808  -14.999 0.2500000000
114562  29.993  19.210  -6.750 0.3750000000
114611  26.278  19.210  -11.642 0.3750000000
114616  21.792  18.189  -11.186 0.6250000000
114646  26.466  18.987  -15.104 0.2500000000
115711  24.594  20.179  -6.887 0.1250000000
115715  32.541  20.309  -9.117 0.1250000000
115722  32.855  20.433  -9.674 0.1250000000
115724  31.260  20.218  -10.021 0.1250000000
115753  22.558  21.176  -12.039 0.7500000000
115782  22.950  21.301  -14.106 0.5000000000
115792  23.779  20.947  -14.430 0.3750000000
115794  23.175  21.281  -14.239 0.3750000000
116924  22.772  22.066  -11.170 0.5000000000
116941  22.826  21.297  -11.424 0.6250000000
116974  26.131  20.570  -13.123 0.1250000000
116977  23.173  21.012  -13.430 0.5000000000
116978  22.893  21.550  -13.635 0.5000000000
116992  23.823  21.277  -14.246 0.3750000000
116993  23.216  21.552  -14.275 0.3750000000
118032  23.115  23.076  -8.244 0.1250000000
118041  23.206  23.269  -8.701 0.1250000000
118050  22.463  22.754  -10.360 0.2500000000
118069  23.817  22.869  -12.008 0.1250000000
118094  22.153  22.976  -13.424 0.5000000000
118106  23.253  22.090  -14.136 0.5000000000
118107  22.828  22.132  -14.449 0.5000000000
119163  23.072  23.020  -9.454 0.1250000000
119164  22.381  23.426  -9.685 0.2500000000
119165  21.713  23.846  -9.807 0.2500000000
119178  23.399  23.461  -12.120 0.2500000000
119188  23.453  23.354  -13.236 0.3750000000
119202  22.387  23.150  -13.575 0.3750000000
119217  22.780  22.585  -14.028 0.5000000000
120357  20.427  25.711  -10.959 0.2500000000
120366  20.546  25.630  -11.558 0.2500000000
120373  20.671  25.564  -12.313 0.2500000000
120374  23.058  23.614  -13.474 0.2500000000
120376  21.794  24.127  -13.326 0.3750000000
121381  20.593  26.113  -9.574 0.1250000000
121396  20.288  25.760  -10.501 0.2500000000
121397  20.083  26.203  -10.965 0.2500000000
121404  20.636  26.135  -12.903 0.2500000000
121405  20.794  26.614  -12.921 0.2500000000
121406  20.802  26.526  -13.042 0.2500000000
122477  19.965  26.805  -10.521 0.1250000000
122480  21.244  27.245  -12.326 0.1250000000
122481  20.028  26.905  -11.481 0.1250000000
122483  21.180  26.884  -12.752 0.2500000000
122484  20.373  26.784  -12.418 0.1250000000
122485  20.931  26.830  -13.047 0.2500000000
122486  20.767  26.708  -12.940 0.2500000000
123450  21.086  27.425  -11.678 0.1250000000
123452  20.947  27.474  -12.578 0.1250000000
123453  20.737  27.105  -12.694 0.1250000000
123454  20.962  27.222  -12.984 0.1250000000
123455  20.906  26.990  -12.935 0.1250000000
152569  24.876  15.466  -9.229 1.0000000000
152570  25.180  15.667  -8.853 1.0000000000
152600  28.762  18.541  -13.552 0.1250000000
152603  28.986  18.541  -14.294 0.1250000000
152605  28.176  19.409  -14.551 0.1250000000
