#!ascii label  , from subject 3178 vox2ras=TkReg
233
97989  30.497  6.166  -5.684 0.0000000000
87356  29.321  -1.410  -2.096 0.0000000000
103215  28.173  10.418  -5.923 0.0000000000
113459  24.192  19.387  -10.617 0.0000000000
85992  28.050  -2.915  -1.931 0.0000000000
106975  30.527  13.120  -4.343 0.0000000000
110958  28.705  15.883  -4.802 0.0000000000
95306  28.437  4.363  -5.561 0.0000000000
92883  29.074  2.445  -3.982 0.0000000000
95290  30.958  4.931  -5.015 0.0000000000
100680  31.737  8.282  -5.311 0.0000000000
99372  33.316  6.926  -4.470 0.0000000000
100698  29.186  8.255  -5.722 0.0000000000
103194  30.825  10.152  -5.435 0.0000000000
152573  25.055  17.732  -7.963 0.0000000000
113422  28.116  18.287  -7.488 0.0000000000
90230  31.002  0.123  -3.040 0.0000000000
108311  27.648  14.406  -5.124 0.0000000000
109675  28.008  15.540  -5.779 0.0000000000
96628  29.357  5.277  -5.869 0.0000000000
95291  30.039  4.479  -4.923 0.0000000000
95303  30.914  5.246  -5.565 0.0000000000
87357  28.603  -2.061  -1.512 0.0000000000
101948  28.055  9.502  -6.033 0.0000000000
101932  29.934  9.177  -5.616 0.0000000000
103195  29.765  10.195  -5.274 0.0000000000
108288  31.105  15.048  -4.398 0.0000000000
106974  31.846  13.378  -4.540 0.0000000000
113462  21.966  18.119  -11.338 0.0000000000
152559  24.257  16.657  -9.199 0.0000000000
152565  24.368  18.040  -9.447 0.0000000000
152587  27.282  18.708  -11.876 0.0000000000
152577  27.841  19.094  -9.583 0.0000000000
114574  27.626  19.153  -8.504 0.0000000000
152582  28.994  18.603  -8.544 0.0000000000
113407  29.665  18.343  -6.344 0.0000000000
92860  30.454  2.408  -3.454 0.0000000000
91592  30.463  1.431  -3.478 0.0000000000
84572  27.087  -3.692  -1.665 0.0000000000
105726  29.114  12.004  -4.774 0.0000000000
106977  28.269  13.105  -4.906 0.0000000000
108290  29.600  14.961  -4.565 0.0000000000
110956  30.100  16.364  -4.276 0.0000000000
92899  27.948  2.756  -5.180 0.0000000000
95293  28.553  4.045  -4.879 0.0000000000
94103  30.229  3.565  -4.314 0.0000000000
94083  31.781  3.621  -2.623 0.0000000000
99391  31.052  7.107  -5.287 0.0000000000
97988  31.368  6.238  -5.478 0.0000000000
99389  33.655  7.874  -4.737 0.0000000000
97991  28.861  6.153  -5.707 0.0000000000
99407  27.783  7.446  -5.903 0.0000000000
99393  29.210  6.885  -5.574 0.0000000000
100681  30.412  8.143  -5.097 0.0000000000
101931  31.214  9.236  -5.594 0.0000000000
103192  33.037  10.426  -5.841 0.0000000000
105724  31.108  11.931  -4.605 0.0000000000
105723  32.357  12.174  -5.185 0.0000000000
110995  25.891  16.531  -7.042 0.0000000000
114586  25.668  19.392  -10.637 0.0000000000
113440  26.266  19.315  -8.812 0.0000000000
114552  26.650  18.282  -7.065 0.0000000000
112223  26.950  17.054  -6.323 0.0000000000
112222  28.317  17.136  -6.081 0.0000000000
113395  29.964  17.951  -5.494 0.0000000000
87394  28.875  -0.989  -4.206 0.0000000000
91611  28.769  1.462  -4.065 0.0000000000
96604  32.322  5.779  -4.348 0.0000000000
96583  33.239  5.241  -3.240 0.0000000000
109676  27.400  15.003  -6.378 0.0000000000
96616  29.951  5.452  -5.635 0.0000000000
96615  30.788  5.568  -5.734 0.0000000000
83130  26.042  -4.810  -0.365 0.0000000000
83129  26.773  -4.610  -0.968 0.0000000000
101934  28.528  9.974  -5.731 0.0000000000
103196  28.891  10.385  -5.453 0.0000000000
109644  31.346  15.469  -4.478 0.0000000000
108307  31.803  14.885  -4.635 0.0000000000
113460  23.121  18.960  -10.897 0.0000000000
112253  22.516  17.772  -10.849 0.0000000000
113449  23.683  18.608  -10.196 0.0000000000
152578  28.434  18.768  -8.629 0.0000000000
113431  29.575  18.689  -8.323 0.0000000000
92859  31.190  2.556  -2.725 0.0000000000
87381  27.428  -1.961  -2.675 0.0000000000
105727  27.866  12.054  -5.742 0.0000000000
109658  28.342  15.311  -5.054 0.0000000000
108310  28.914  14.409  -4.602 0.0000000000
109647  29.008  15.451  -4.456 0.0000000000
109646  29.766  15.627  -4.255 0.0000000000
110957  29.143  16.399  -4.589 0.0000000000
114614  23.334  19.834  -11.535 0.0000000000
94120  27.717  3.614  -5.421 0.0000000000
95277  30.572  4.323  -4.305 0.0000000000
94084  30.671  3.538  -3.470 0.0000000000
95276  31.406  4.783  -3.759 0.0000000000
84571  27.601  -3.338  -1.711 0.0000000000
84557  27.721  -3.336  -1.086 0.0000000000
100679  32.973  8.660  -5.057 0.0000000000
96629  28.765  5.552  -6.027 0.0000000000
100699  28.442  8.208  -5.889 0.0000000000
99394  28.565  7.102  -5.875 0.0000000000
100683  28.995  7.626  -5.815 0.0000000000
100682  29.509  7.699  -5.414 0.0000000000
100697  29.667  8.408  -5.448 0.0000000000
103193  31.921  10.233  -5.580 0.0000000000
105725  30.012  12.029  -4.795 0.0000000000
104506  33.038  11.551  -6.095 0.0000000000
152576  24.794  17.532  -8.634 0.0000000000
152564  24.901  15.791  -9.038 0.0000000000
112233  25.375  16.549  -8.234 0.0000000000
113423  25.900  17.858  -7.528 0.0000000000
113458  26.691  18.912  -12.371 0.0000000000
152571  25.982  19.604  -9.362 0.0000000000
114563  28.152  18.847  -7.904 0.0000000000
114564  27.429  18.839  -7.592 0.0000000000
114551  27.031  18.614  -7.155 0.0000000000
113410  26.567  17.721  -6.792 0.0000000000
113409  27.490  17.970  -6.920 0.0000000000
113408  28.615  17.911  -6.846 0.0000000000
114550  30.227  18.832  -6.421 0.0000000000
113394  30.484  18.281  -5.522 0.0000000000
112201  30.419  17.660  -5.044 0.0000000000
87405  28.239  -0.522  -4.021 0.0000000000
92898  28.581  2.784  -4.850 0.0000000000
92884  28.297  2.186  -4.494 0.0000000000
90247  30.949  0.988  -3.220 0.0000000000
90249  29.573  0.468  -3.976 0.0000000000
90248  30.537  0.527  -3.428 0.0000000000
88835  30.024  0.031  -3.558 0.0000000000
99373  32.746  6.651  -4.636 0.0000000000
97976  32.372  6.286  -4.745 0.0000000000
97975  32.940  6.323  -4.297 0.0000000000
109659  28.004  15.009  -5.719 0.0000000000
110974  28.482  16.257  -5.383 0.0000000000
95316  28.638  5.005  -6.188 0.0000000000
95305  29.454  4.916  -5.771 0.0000000000
95304  30.351  5.187  -5.496 0.0000000000
85975  28.418  -2.590  -0.630 0.0000000000
87336  29.126  -1.595  -0.687 0.0000000000
101930  32.410  9.433  -5.522 0.0000000000
101947  28.999  8.890  -5.674 0.0000000000
101946  29.445  8.689  -5.629 0.0000000000
101933  29.021  9.661  -5.574 0.0000000000
108308  30.958  14.268  -4.525 0.0000000000
152586  28.176  18.796  -11.043 0.0000000000
152575  26.874  19.458  -9.181 0.0000000000
113421  28.886  18.553  -7.673 0.0000000000
113420  29.644  18.888  -7.340 0.0000000000
92882  30.020  2.723  -4.176 0.0000000000
92861  29.796  2.001  -3.609 0.0000000000
91591  31.122  1.575  -3.090 0.0000000000
83140  26.530  -4.230  -1.486 0.0000000000
84589  26.639  -3.355  -2.030 0.0000000000
86010  27.844  -2.549  -2.520 0.0000000000
87380  28.348  -1.969  -2.733 0.0000000000
87379  29.257  -1.582  -3.475 0.0000000000
104507  27.716  11.142  -6.175 0.0000000000
104487  28.469  11.137  -5.422 0.0000000000
106976  29.431  13.141  -4.492 0.0000000000
108309  29.990  14.167  -4.741 0.0000000000
108289  30.343  14.964  -4.518 0.0000000000
109645  30.631  15.626  -4.378 0.0000000000
110955  31.097  16.273  -4.595 0.0000000000
114615  22.024  18.718  -11.330 0.0000000000
94105  28.846  3.462  -4.631 0.0000000000
95292  29.134  4.400  -4.807 0.0000000000
94104  29.614  3.485  -4.540 0.0000000000
92881  30.359  3.041  -3.918 0.0000000000
99390  32.318  7.129  -4.913 0.0000000000
100678  34.233  8.798  -5.510 0.0000000000
99388  34.758  7.957  -5.119 0.0000000000
97990  29.639  6.051  -5.547 0.0000000000
99392  30.054  6.976  -5.547 0.0000000000
104486  29.393  11.008  -4.899 0.0000000000
104485  30.485  10.922  -4.858 0.0000000000
104484  31.590  10.976  -5.010 0.0000000000
104483  32.478  11.043  -5.383 0.0000000000
110994  26.511  16.103  -6.566 0.0000000000
114613  24.480  19.816  -11.604 0.0000000000
114599  25.113  19.394  -10.950 0.0000000000
113448  25.091  19.165  -9.988 0.0000000000
113432  25.535  18.683  -8.557 0.0000000000
114575  26.707  19.131  -8.336 0.0000000000
114565  26.535  18.620  -7.696 0.0000000000
112204  26.394  16.766  -6.571 0.0000000000
110993  27.651  16.167  -6.128 0.0000000000
112203  28.812  16.833  -5.517 0.0000000000
112221  29.095  17.549  -6.260 0.0000000000
112202  29.417  17.265  -5.354 0.0000000000
112188  29.718  16.805  -4.649 0.0000000000
112187  30.308  16.924  -4.776 0.0000000000
112186  31.094  16.995  -5.078 0.0000000000
87395  28.303  -1.150  -3.626 0.0000000000
90267  28.726  0.527  -4.214 0.0000000000
91594  29.324  1.324  -3.969 0.0000000000
90250  29.137  0.914  -4.150 0.0000000000
90266  29.288  -0.023  -4.307 0.0000000000
88836  29.554  -0.512  -3.781 0.0000000000
97987  31.901  6.160  -5.131 0.0000000000
96613  31.997  5.769  -4.949 0.0000000000
96605  31.662  5.373  -4.658 0.0000000000
97974  33.853  6.425  -3.748 0.0000000000
96603  33.061  5.855  -3.785 0.0000000000
96584  32.356  5.356  -3.652 0.0000000000
95275  32.518  4.550  -2.978 0.0000000000
84588  26.965  -3.307  -2.165 0.0000000000
85993  27.537  -3.290  -1.977 0.0000000000
87337  28.700  -2.052  -0.829 0.0000000000
91593  29.921  1.227  -3.879 0.0000000000
92862  29.477  1.701  -3.802 0.0000000000
94119  28.388  3.456  -5.193 0.0000000000
95315  29.125  5.204  -6.049 0.0000000000
96585  31.852  5.439  -4.090 0.0000000000
96614  31.435  5.539  -5.366 0.0000000000
96617  29.325  5.529  -5.718 0.0000000000
108287  31.434  15.130  -4.501 0.0000000000
110972  31.710  16.373  -4.624 0.0000000000
110973  28.938  16.720  -5.180 0.0000000000
110975  26.177  16.614  -6.704 0.0000000000
110976  26.145  16.768  -6.953 0.0000000000
112205  26.249  16.859  -6.780 0.0000000000
112224  26.218  17.023  -7.058 0.0000000000
112254  22.117  17.852  -11.342 0.0000000000
112262  23.108  17.927  -10.948 0.0000000000
112263  22.564  17.930  -11.491 0.0000000000
112264  22.164  18.031  -11.441 0.0000000000
113406  30.607  18.594  -6.086 0.0000000000
113419  29.984  19.216  -7.276 0.0000000000
113451  21.852  17.853  -11.069 0.0000000000
113461  22.422  18.503  -11.349 0.0000000000
114562  29.993  19.210  -6.750 0.0000000000
114616  21.792  18.189  -11.186 0.0000000000
