#!ascii label  , from subject 3804 vox2ras=TkReg
422
91791  -30.613  -4.113  11.857 0.0000000000
87400  -27.253  -8.328  11.799 0.0000000000
86245  -32.718  -9.683  13.299 0.0000000000
83019  -28.109  -12.472  14.003 0.0000000000
108441  -27.194  10.696  12.319 0.0000000000
103143  -29.565  5.989  13.696 0.0000000000
97683  -28.333  0.377  8.945 0.0000000000
79539  -26.244  -15.636  16.134 0.0000000000
85171  -28.091  -10.520  13.343 0.0000000000
84081  -26.348  -12.028  15.172 0.0000000000
105368  -28.747  8.033  13.122 0.0000000000
104334  -27.215  6.146  10.280 0.0000000000
91822  -27.938  -4.735  10.320 0.0000000000
94093  -26.721  -2.209  9.691 0.0000000000
95251  -29.207  -1.468  10.638 0.0000000000
98731  -29.771  1.175  12.269 0.0000000000
95207  -31.798  -1.525  13.107 0.0000000000
91775  -33.132  -4.272  13.947 0.0000000000
89662  -26.774  -6.599  12.500 0.0000000000
89699  -28.830  -6.472  10.578 0.0000000000
89666  -31.625  -6.786  12.820 0.0000000000
86267  -29.735  -9.021  11.384 0.0000000000
84118  -30.461  -11.204  12.680 0.0000000000
81973  -30.749  -13.994  13.263 0.0000000000
100954  -26.632  3.382  8.464 0.0000000000
100929  -28.582  3.422  10.928 0.0000000000
100904  -31.147  3.458  14.140 0.0000000000
81937  -25.456  -13.387  16.461 0.0000000000
81949  -27.408  -13.956  15.102 0.0000000000
85151  -25.872  -10.486  14.905 0.0000000000
84072  -25.261  -11.388  16.083 0.0000000000
105435  -26.489  7.418  9.945 0.0000000000
104345  -25.493  6.340  8.670 0.0000000000
91824  -29.435  -4.579  10.482 0.0000000000
94096  -28.667  -2.810  9.799 0.0000000000
92902  -30.208  -3.491  11.370 0.0000000000
95227  -30.771  -1.520  11.945 0.0000000000
94033  -31.608  -2.615  12.818 0.0000000000
92862  -32.902  -3.356  13.668 0.0000000000
91793  -32.022  -4.581  12.858 0.0000000000
88544  -26.939  -7.476  11.920 0.0000000000
89697  -27.711  -6.539  10.916 0.0000000000
88563  -28.117  -7.895  10.935 0.0000000000
87448  -29.528  -7.757  10.841 0.0000000000
87402  -28.641  -9.048  11.654 0.0000000000
83038  -28.277  -11.861  13.562 0.0000000000
85181  -29.215  -10.511  12.638 0.0000000000
83040  -29.960  -12.572  13.280 0.0000000000
83041  -31.034  -13.023  12.925 0.0000000000
83021  -29.838  -13.280  14.136 0.0000000000
108451  -25.164  10.861  11.290 0.0000000000
109447  -25.055  11.338  11.877 0.0000000000
109440  -26.866  11.715  11.975 0.0000000000
111299  -27.629  13.088  12.445 0.0000000000
108433  -28.689  10.624  13.597 0.0000000000
105389  -28.955  7.343  13.003 0.0000000000
95285  -27.675  -1.000  8.563 0.0000000000
97702  -27.336  0.428  8.638 0.0000000000
98772  -27.414  1.423  8.687 0.0000000000
100939  -27.372  3.442  9.260 0.0000000000
99798  -28.328  2.497  10.388 0.0000000000
98726  -32.026  1.154  14.077 0.0000000000
99778  -30.809  2.755  13.343 0.0000000000
99763  -32.784  2.471  15.169 0.0000000000
87405  -31.890  -8.392  13.028 0.0000000000
89655  -32.974  -6.772  14.015 0.0000000000
79538  -25.434  -15.541  16.805 0.0000000000
80779  -25.795  -14.565  16.370 0.0000000000
81948  -26.620  -13.576  15.457 0.0000000000
79554  -26.985  -15.616  15.673 0.0000000000
87369  -26.091  -8.963  13.813 0.0000000000
86243  -27.399  -9.688  13.061 0.0000000000
85169  -26.711  -10.359  13.903 0.0000000000
85153  -26.901  -11.097  14.283 0.0000000000
83018  -27.215  -12.525  14.518 0.0000000000
107448  -25.860  9.417  10.548 0.0000000000
107417  -27.625  9.625  12.632 0.0000000000
106393  -26.877  8.450  11.329 0.0000000000
104296  -27.235  6.999  11.677 0.0000000000
104297  -27.895  6.505  12.153 0.0000000000
91800  -27.160  -4.597  11.170 0.0000000000
92941  -27.825  -3.120  9.653 0.0000000000
94095  -28.243  -2.258  9.462 0.0000000000
96491  -28.560  -0.496  9.707 0.0000000000
97655  -29.288  0.588  11.421 0.0000000000
96474  -29.426  -0.631  11.208 0.0000000000
97645  -31.031  0.032  12.638 0.0000000000
97638  -32.668  -0.189  14.085 0.0000000000
95179  -33.329  -1.308  14.472 0.0000000000
78431  -27.148  -16.648  16.105 0.0000000000
78446  -27.837  -16.661  15.301 0.0000000000
91801  -27.713  -5.209  10.939 0.0000000000
90806  -28.590  -5.348  10.227 0.0000000000
90794  -29.912  -5.375  11.215 0.0000000000
90759  -31.439  -5.329  11.766 0.0000000000
88546  -30.255  -6.901  12.152 0.0000000000
87424  -31.052  -8.039  11.672 0.0000000000
86257  -31.355  -9.464  12.230 0.0000000000
86254  -28.625  -9.638  12.215 0.0000000000
85182  -30.066  -10.414  12.433 0.0000000000
85184  -31.862  -10.523  12.605 0.0000000000
84120  -31.719  -11.506  13.024 0.0000000000
83042  -31.897  -13.178  12.746 0.0000000000
107407  -29.119  9.656  13.713 0.0000000000
102058  -26.572  4.951  8.919 0.0000000000
102046  -27.534  4.516  10.770 0.0000000000
102026  -28.805  4.879  12.359 0.0000000000
99791  -29.491  2.417  11.783 0.0000000000
100916  -29.964  3.500  13.064 0.0000000000
102011  -30.482  4.426  14.074 0.0000000000
90746  -32.356  -5.017  13.457 0.0000000000
89631  -33.607  -6.073  14.694 0.0000000000
83000  -24.823  -12.251  16.595 0.0000000000
83001  -25.512  -12.366  15.926 0.0000000000
81956  -27.059  -13.271  14.844 0.0000000000
81957  -27.846  -13.546  14.616 0.0000000000
79556  -28.300  -16.187  14.790 0.0000000000
80793  -28.648  -15.606  14.508 0.0000000000
80808  -29.645  -14.453  13.892 0.0000000000
103212  -25.561  5.345  8.561 0.0000000000
91802  -30.643  -4.333  11.038 0.0000000000
92920  -29.929  -3.856  10.708 0.0000000000
94031  -30.559  -2.763  11.903 0.0000000000
92886  -31.007  -3.487  12.438 0.0000000000
92887  -31.780  -3.729  12.876 0.0000000000
91792  -31.347  -4.570  12.296 0.0000000000
87388  -26.639  -8.496  12.920 0.0000000000
88533  -25.925  -7.523  13.241 0.0000000000
88561  -27.329  -7.782  11.610 0.0000000000
87420  -27.879  -8.125  11.385 0.0000000000
87401  -28.085  -8.817  11.895 0.0000000000
83039  -28.805  -12.153  13.445 0.0000000000
83020  -29.203  -12.932  14.104 0.0000000000
107415  -26.059  10.305  11.787 0.0000000000
108452  -25.762  10.856  11.626 0.0000000000
108440  -26.426  10.831  11.850 0.0000000000
109441  -27.679  11.646  12.434 0.0000000000
109434  -28.358  11.633  13.044 0.0000000000
108442  -27.898  10.646  13.010 0.0000000000
104284  -29.193  6.470  12.939 0.0000000000
104271  -29.597  6.975  13.480 0.0000000000
104272  -30.196  6.607  14.184 0.0000000000
103130  -30.725  6.096  14.526 0.0000000000
96511  -28.364  -0.296  8.830 0.0000000000
96527  -27.279  -0.414  8.767 0.0000000000
97703  -27.954  0.368  8.718 0.0000000000
98759  -28.060  1.135  8.975 0.0000000000
98745  -27.595  2.170  9.426 0.0000000000
98746  -27.936  1.524  9.888 0.0000000000
97623  -32.332  0.955  14.185 0.0000000000
98712  -32.293  1.634  14.499 0.0000000000
87390  -32.457  -8.690  13.647 0.0000000000
86246  -33.053  -9.436  14.141 0.0000000000
78430  -26.122  -16.600  16.670 0.0000000000
80780  -26.498  -14.650  15.867 0.0000000000
86224  -26.031  -9.653  14.412 0.0000000000
86242  -26.596  -9.793  13.705 0.0000000000
84088  -26.216  -11.035  14.828 0.0000000000
84089  -26.557  -11.638  14.647 0.0000000000
84090  -27.288  -11.624  14.158 0.0000000000
107432  -26.617  9.342  11.036 0.0000000000
107467  -26.173  8.507  10.349 0.0000000000
104315  -26.619  7.002  10.322 0.0000000000
105413  -26.545  7.436  10.584 0.0000000000
104316  -27.002  6.680  10.799 0.0000000000
103171  -27.589  5.920  11.511 0.0000000000
91821  -27.426  -4.125  10.540 0.0000000000
92917  -27.585  -3.705  10.171 0.0000000000
94074  -28.876  -2.339  10.043 0.0000000000
95250  -28.625  -1.640  9.782 0.0000000000
95271  -28.405  -1.211  8.965 0.0000000000
96492  -28.964  -0.569  10.521 0.0000000000
95225  -29.521  -1.266  11.069 0.0000000000
95206  -31.134  -1.800  12.637 0.0000000000
96476  -30.764  -0.891  12.118 0.0000000000
96463  -31.770  -0.833  13.063 0.0000000000
96448  -31.546  -0.220  13.172 0.0000000000
96449  -32.276  -0.738  13.584 0.0000000000
96450  -32.739  -0.714  14.126 0.0000000000
95192  -32.854  -1.335  14.113 0.0000000000
92838  -33.496  -3.083  14.271 0.0000000000
91751  -34.194  -4.249  15.108 0.0000000000
77235  -26.587  -17.605  16.649 0.0000000000
77236  -27.527  -17.926  16.589 0.0000000000
90757  -26.211  -5.684  12.686 0.0000000000
90770  -26.888  -5.335  11.932 0.0000000000
90758  -27.124  -5.946  12.263 0.0000000000
89698  -28.194  -6.484  10.612 0.0000000000
90792  -28.494  -5.795  10.574 0.0000000000
90793  -29.063  -5.489  10.509 0.0000000000
89700  -29.393  -6.497  11.134 0.0000000000
89679  -30.137  -6.167  11.685 0.0000000000
87422  -29.954  -8.271  11.035 0.0000000000
87423  -30.676  -8.034  11.094 0.0000000000
87403  -30.917  -8.675  11.730 0.0000000000
87404  -31.471  -8.457  12.286 0.0000000000
86244  -28.098  -9.932  12.775 0.0000000000
85180  -28.560  -10.272  12.844 0.0000000000
84117  -29.811  -11.356  12.725 0.0000000000
85183  -30.908  -10.372  12.464 0.0000000000
84119  -31.153  -11.268  12.864 0.0000000000
81974  -31.656  -14.140  12.871 0.0000000000
106361  -28.282  8.710  12.863 0.0000000000
107406  -28.508  9.653  13.172 0.0000000000
106362  -29.033  8.683  13.612 0.0000000000
92939  -26.647  -2.870  10.036 0.0000000000
99814  -25.822  2.594  8.635 0.0000000000
100970  -25.949  3.579  8.348 0.0000000000
102076  -26.447  4.307  8.566 0.0000000000
102090  -26.365  3.854  8.426 0.0000000000
100928  -27.669  3.468  10.110 0.0000000000
102047  -28.129  4.108  11.293 0.0000000000
102041  -28.167  4.812  11.587 0.0000000000
100922  -28.683  3.918  11.593 0.0000000000
97643  -29.622  0.788  12.102 0.0000000000
98747  -28.827  1.489  10.826 0.0000000000
98732  -30.011  1.643  12.378 0.0000000000
100903  -30.530  3.664  13.569 0.0000000000
102028  -30.095  4.192  13.416 0.0000000000
102012  -31.155  4.335  14.530 0.0000000000
100889  -31.795  3.904  14.771 0.0000000000
89665  -31.045  -6.254  12.082 0.0000000000
90760  -31.888  -5.566  12.555 0.0000000000
89654  -32.282  -6.195  13.441 0.0000000000
81947  -25.911  -13.145  15.839 0.0000000000
80791  -27.292  -14.694  15.500 0.0000000000
80807  -28.951  -14.947  13.962 0.0000000000
85141  -25.441  -10.506  15.608 0.0000000000
84080  -25.904  -11.486  15.342 0.0000000000
106428  -25.559  8.248  9.458 0.0000000000
105444  -25.685  7.298  8.952 0.0000000000
105445  -26.251  7.074  9.413 0.0000000000
104346  -26.101  6.367  9.123 0.0000000000
91823  -28.696  -4.386  10.140 0.0000000000
92918  -28.257  -3.759  10.102 0.0000000000
92919  -29.026  -3.438  10.198 0.0000000000
94075  -29.557  -2.623  10.930 0.0000000000
95226  -29.966  -1.670  11.279 0.0000000000
94055  -30.640  -2.076  11.572 0.0000000000
94032  -30.811  -2.500  12.126 0.0000000000
94010  -32.207  -2.235  13.316 0.0000000000
92861  -32.328  -3.050  13.278 0.0000000000
91774  -32.485  -4.005  13.290 0.0000000000
88534  -26.435  -7.341  12.696 0.0000000000
89663  -27.300  -6.575  11.930 0.0000000000
88545  -27.255  -7.045  11.538 0.0000000000
88583  -27.898  -6.971  10.687 0.0000000000
88584  -28.443  -7.339  10.703 0.0000000000
88586  -29.727  -7.315  10.860 0.0000000000
87447  -29.035  -7.660  10.782 0.0000000000
87421  -28.854  -8.345  11.158 0.0000000000
84108  -28.537  -11.290  13.476 0.0000000000
85172  -28.779  -10.732  13.214 0.0000000000
84109  -29.201  -11.417  13.152 0.0000000000
83058  -30.200  -11.806  12.805 0.0000000000
83059  -30.679  -12.007  12.890 0.0000000000
108471  -24.819  10.659  10.637 0.0000000000
109439  -25.829  11.728  11.910 0.0000000000
110395  -27.362  12.583  12.114 0.0000000000
109425  -28.827  11.630  13.783 0.0000000000
105388  -28.580  7.930  12.325 0.0000000000
105369  -29.332  7.796  13.468 0.0000000000
97701  -26.652  0.280  8.947 0.0000000000
98771  -26.537  1.486  8.652 0.0000000000
99816  -27.151  2.609  8.616 0.0000000000
100955  -27.139  3.421  8.730 0.0000000000
99806  -27.430  2.699  9.060 0.0000000000
99797  -27.637  2.606  9.714 0.0000000000
97636  -30.984  0.752  13.201 0.0000000000
98724  -30.536  1.737  13.087 0.0000000000
98725  -31.517  1.654  13.737 0.0000000000
98711  -31.737  2.143  14.244 0.0000000000
99762  -32.060  2.834  14.439 0.0000000000
88548  -31.608  -7.738  12.797 0.0000000000
88535  -32.236  -7.488  13.403 0.0000000000
88536  -32.755  -7.789  14.143 0.0000000000
80778  -25.089  -14.372  16.900 0.0000000000
81938  -26.134  -13.825  16.103 0.0000000000
87389  -27.328  -9.074  12.292 0.0000000000
85170  -27.109  -10.670  13.739 0.0000000000
85152  -26.506  -10.580  14.324 0.0000000000
84107  -27.874  -11.407  13.685 0.0000000000
108469  -23.720  10.193  9.870 0.0000000000
108489  -24.715  10.229  10.137 0.0000000000
107431  -25.769  10.100  11.254 0.0000000000
107416  -26.653  9.700  11.958 0.0000000000
106380  -27.146  9.139  11.384 0.0000000000
106381  -27.682  8.687  11.888 0.0000000000
106406  -26.365  8.086  10.730 0.0000000000
105397  -27.231  7.780  11.561 0.0000000000
105398  -28.004  7.606  11.727 0.0000000000
104283  -28.516  6.986  12.488 0.0000000000
103155  -28.603  5.974  12.562 0.0000000000
92940  -27.134  -3.021  9.822 0.0000000000
92942  -28.434  -3.122  9.728 0.0000000000
94094  -27.348  -2.454  9.394 0.0000000000
94113  -28.013  -1.926  8.123 0.0000000000
97667  -28.309  0.567  9.545 0.0000000000
97668  -28.724  0.341  10.467 0.0000000000
96460  -29.779  -0.015  12.046 0.0000000000
96475  -30.175  -0.877  11.889 0.0000000000
96461  -30.576  -0.334  12.292 0.0000000000
97644  -30.257  0.649  12.511 0.0000000000
97637  -32.060  0.492  13.782 0.0000000000
97624  -32.895  0.603  14.455 0.0000000000
96440  -33.339  -0.570  14.506 0.0000000000
95180  -33.751  -1.389  14.877 0.0000000000
94011  -32.823  -2.377  13.781 0.0000000000
85173  -32.551  -10.295  12.922 0.0000000000
90771  -27.549  -5.804  11.473 0.0000000000
90791  -27.922  -5.748  10.757 0.0000000000
91838  -28.555  -4.965  9.922 0.0000000000
91839  -29.028  -4.915  9.925 0.0000000000
91825  -30.296  -4.646  10.893 0.0000000000
91826  -30.853  -4.846  10.982 0.0000000000
91803  -31.279  -4.769  11.251 0.0000000000
90773  -30.748  -5.426  11.470 0.0000000000
88564  -30.119  -7.254  11.290 0.0000000000
88565  -30.621  -7.572  11.664 0.0000000000
88547  -30.971  -7.446  12.324 0.0000000000
86258  -32.227  -9.350  12.636 0.0000000000
86253  -27.897  -9.436  12.450 0.0000000000
86255  -29.537  -9.669  12.082 0.0000000000
86256  -30.440  -9.455  11.950 0.0000000000
84110  -32.362  -11.396  13.211 0.0000000000
83060  -31.379  -12.211  12.995 0.0000000000
83061  -31.978  -12.267  13.052 0.0000000000
108434  -29.283  10.261  13.988 0.0000000000
106347  -29.344  9.125  14.003 0.0000000000
103213  -26.143  5.488  8.728 0.0000000000
103197  -26.561  5.523  9.344 0.0000000000
102077  -27.122  3.962  8.917 0.0000000000
102059  -27.072  4.464  9.429 0.0000000000
103186  -27.536  5.730  10.666 0.0000000000
102040  -27.682  5.242  11.142 0.0000000000
103172  -28.093  5.579  12.157 0.0000000000
103156  -29.329  5.464  12.947 0.0000000000
99799  -29.028  2.386  11.126 0.0000000000
100930  -29.013  2.807  11.380 0.0000000000
99792  -29.920  2.167  12.056 0.0000000000
99785  -29.334  2.881  12.125 0.0000000000
100915  -29.189  3.656  12.324 0.0000000000
102027  -29.543  4.431  12.939 0.0000000000
103144  -30.204  5.523  14.192 0.0000000000
103145  -30.951  5.185  14.485 0.0000000000
90747  -32.837  -5.527  14.190 0.0000000000
90721  -33.558  -4.889  14.703 0.0000000000
83010  -26.194  -12.499  15.519 0.0000000000
83011  -26.636  -12.590  15.005 0.0000000000
81958  -28.679  -13.627  14.380 0.0000000000
78445  -27.415  -16.203  15.598 0.0000000000
79555  -27.711  -15.720  15.360 0.0000000000
80792  -28.158  -14.837  14.899 0.0000000000
80806  -28.444  -14.217  14.546 0.0000000000
81959  -29.516  -13.857  14.297 0.0000000000
81972  -30.240  -13.908  14.066 0.0000000000
86266  -29.063  -9.223  11.591 0.0000000000
86268  -30.418  -8.707  11.322 0.0000000000
87419  -27.515  -7.908  11.505 0.0000000000
87449  -30.084  -7.738  10.925 0.0000000000
88562  -27.589  -7.407  11.163 0.0000000000
88585  -29.221  -7.185  10.633 0.0000000000
89664  -30.512  -6.391  11.906 0.0000000000
89678  -27.456  -6.688  11.349 0.0000000000
89680  -30.615  -6.060  11.788 0.0000000000
90772  -30.250  -5.643  11.498 0.0000000000
90795  -30.551  -5.086  11.012 0.0000000000
90805  -28.226  -5.375  10.370 0.0000000000
90807  -28.888  -5.150  9.952 0.0000000000
91837  -28.290  -5.139  10.119 0.0000000000
92885  -30.507  -3.186  11.958 0.0000000000
92953  -27.733  -1.930  8.795 0.0000000000
92954  -27.861  -2.054  8.341 0.0000000000
92955  -28.008  -2.316  7.927 0.0000000000
92965  -27.657  -1.964  8.571 0.0000000000
92966  -27.741  -2.110  8.119 0.0000000000
92967  -27.849  -2.078  7.881 0.0000000000
93992  -33.320  -1.975  14.466 0.0000000000
94054  -30.314  -2.611  11.613 0.0000000000
94073  -28.600  -2.077  9.751 0.0000000000
94111  -27.522  -1.901  9.037 0.0000000000
94112  -28.117  -1.815  9.126 0.0000000000
94126  -27.258  -1.992  8.696 0.0000000000
94127  -27.726  -1.937  7.752 0.0000000000
94128  -28.020  -1.960  7.849 0.0000000000
95191  -32.431  -1.633  13.547 0.0000000000
95252  -29.608  -1.916  10.933 0.0000000000
95286  -28.186  -1.143  8.382 0.0000000000
95287  -28.140  -1.623  8.047 0.0000000000
95307  -27.974  -1.630  8.244 0.0000000000
95308  -28.045  -1.818  8.020 0.0000000000
96462  -31.283  -0.861  12.520 0.0000000000
96528  -27.930  -0.507  8.596 0.0000000000
97635  -30.407  1.185  12.840 0.0000000000
98737  -29.524  1.576  11.706 0.0000000000
98738  -29.866  1.974  11.888 0.0000000000
98758  -27.575  1.918  9.039 0.0000000000
98773  -27.999  0.818  8.776 0.0000000000
99779  -31.518  2.583  13.895 0.0000000000
99786  -29.939  2.586  12.494 0.0000000000
99815  -26.477  2.665  8.466 0.0000000000
99831  -25.957  3.031  8.410 0.0000000000
99832  -26.165  3.174  8.387 0.0000000000
100914  -28.724  4.309  11.952 0.0000000000
100923  -28.948  3.110  11.743 0.0000000000
100971  -26.241  3.420  8.387 0.0000000000
102089  -26.110  3.887  8.314 0.0000000000
103157  -29.901  5.004  13.512 0.0000000000
103198  -27.078  5.478  10.069 0.0000000000
104333  -26.666  6.472  9.887 0.0000000000
105414  -26.678  7.558  11.271 0.0000000000
105434  -26.113  7.676  9.493 0.0000000000
106394  -27.522  8.163  11.559 0.0000000000
106405  -26.433  7.806  10.290 0.0000000000
106429  -26.293  8.170  10.034 0.0000000000
106430  -26.314  8.359  10.479 0.0000000000
107394  -29.551  9.611  14.234 0.0000000000
107430  -25.281  10.529  10.832 0.0000000000
107449  -26.376  8.756  10.614 0.0000000000
107466  -25.863  8.707  10.198 0.0000000000
108470  -24.212  10.553  10.300 0.0000000000
109448  -25.432  11.222  11.681 0.0000000000
