#!ascii label  , from subject 3804 vox2ras=TkReg
1150
62132  20.705  -25.666  74.571 0.0000000000
60513  33.280  -25.817  82.424 0.0000000000
82210  39.560  -11.263  63.913 0.0000000000
69814  32.218  -21.469  69.000 0.0000000000
63516  37.824  -25.515  73.646 0.0000000000
95295  50.740  0.328  57.840 0.0000000000
76108  41.529  -14.217  66.257 0.0000000000
76133  35.907  -14.514  64.328 0.0000000000
56814  16.735  -30.580  73.080 0.0000000000
62020  27.306  -25.091  78.774 0.0000000000
62073  31.350  -25.093  76.475 0.0000000000
63541  24.341  -24.111  72.688 0.0000000000
87751  46.021  -5.631  62.042 0.0000000000
60577  24.389  -25.744  80.732 0.0000000000
63407  19.130  -25.393  78.727 0.0000000000
87692  43.955  -6.375  66.423 0.0000000000
54282  15.500  -31.137  78.299 0.0000000000
53061  10.203  -33.912  76.581 0.0000000000
76045  33.849  -15.782  70.226 0.0000000000
69755  36.146  -23.286  71.283 0.0000000000
62263  36.065  -27.380  68.665 0.0000000000
60722  34.187  -27.148  73.488 0.0000000000
77255  40.948  -13.131  68.138 0.0000000000
74959  38.603  -14.828  65.582 0.0000000000
77291  37.541  -14.155  66.763 0.0000000000
78513  43.115  -12.911  68.598 0.0000000000
62220  20.381  -27.494  71.517 0.0000000000
58124  18.637  -29.833  71.258 0.0000000000
59342  18.333  -27.630  73.845 0.0000000000
62078  24.571  -25.239  76.977 0.0000000000
62104  26.134  -24.464  76.223 0.0000000000
62184  23.191  -24.833  73.702 0.0000000000
62249  22.261  -25.950  70.681 0.0000000000
85466  39.443  -8.743  62.645 0.0000000000
82191  42.523  -11.262  66.350 0.0000000000
85447  41.721  -8.145  64.856 0.0000000000
86604  41.940  -6.790  63.188 0.0000000000
63392  17.524  -25.335  80.156 0.0000000000
59284  17.458  -28.378  78.688 0.0000000000
60539  16.470  -28.276  80.926 0.0000000000
54240  11.245  -31.679  81.544 0.0000000000
54287  12.245  -31.363  79.501 0.0000000000
52995  10.167  -32.052  79.666 0.0000000000
51704  7.330  -34.197  77.983 0.0000000000
52973  6.872  -33.368  79.961 0.0000000000
68492  36.148  -22.204  73.964 0.0000000000
67332  37.484  -24.065  72.618 0.0000000000
66134  37.043  -24.602  69.769 0.0000000000
63557  38.197  -26.395  71.606 0.0000000000
63519  30.605  -24.086  73.888 0.0000000000
60679  32.923  -26.262  74.766 0.0000000000
62180  31.918  -25.279  72.126 0.0000000000
62242  32.598  -26.230  70.178 0.0000000000
72517  31.972  -19.029  69.697 0.0000000000
74944  31.893  -16.817  67.644 0.0000000000
71210  30.486  -20.525  66.149 0.0000000000
97553  54.553  2.513  56.987 0.0000000000
95308  51.771  0.860  55.500 0.0000000000
79812  41.021  -13.225  64.663 0.0000000000
76171  39.367  -14.496  64.136 0.0000000000
78591  43.968  -12.847  66.922 0.0000000000
61968  30.349  -25.532  80.613 0.0000000000
60572  32.212  -26.102  79.997 0.0000000000
62048  28.873  -24.799  77.912 0.0000000000
64751  27.932  -24.334  75.070 0.0000000000
66086  27.191  -23.252  72.074 0.0000000000
86560  47.722  -5.408  63.980 0.0000000000
87779  48.590  -5.361  61.275 0.0000000000
89981  48.537  -3.280  59.564 0.0000000000
93220  48.546  -1.788  57.813 0.0000000000
62024  23.186  -24.991  78.407 0.0000000000
62082  19.811  -25.494  76.487 0.0000000000
61998  21.840  -24.662  79.726 0.0000000000
61995  26.013  -25.898  79.963 0.0000000000
87730  45.395  -5.749  63.910 0.0000000000
59304  17.640  -27.966  76.376 0.0000000000
55550  16.171  -30.760  75.517 0.0000000000
53056  13.656  -31.890  75.129 0.0000000000
55459  14.825  -30.360  80.584 0.0000000000
54330  12.917  -31.737  77.632 0.0000000000
54266  5.138  -32.894  79.911 0.0000000000
79702  36.254  -12.814  69.413 0.0000000000
71140  32.790  -20.406  71.765 0.0000000000
69742  33.927  -21.452  72.864 0.0000000000
69792  34.410  -22.506  69.985 0.0000000000
68574  35.268  -23.356  69.346 0.0000000000
64912  35.013  -25.291  67.845 0.0000000000
63657  34.615  -26.852  66.756 0.0000000000
60618  33.229  -25.952  77.675 0.0000000000
60675  35.311  -27.798  75.701 0.0000000000
62152  37.006  -28.204  73.315 0.0000000000
62210  34.967  -27.871  70.706 0.0000000000
62293  33.413  -27.096  68.176 0.0000000000
77313  34.654  -14.653  66.816 0.0000000000
76114  33.046  -15.563  64.296 0.0000000000
79717  40.370  -12.473  68.275 0.0000000000
77270  39.525  -13.526  67.394 0.0000000000
79719  38.968  -12.705  68.131 0.0000000000
79700  41.618  -12.566  68.710 0.0000000000
60731  20.225  -26.425  72.738 0.0000000000
60732  19.160  -26.921  72.917 0.0000000000
62159  19.218  -26.611  73.648 0.0000000000
62108  22.854  -25.576  75.862 0.0000000000
62130  23.165  -25.190  75.202 0.0000000000
62131  22.013  -25.366  74.813 0.0000000000
62186  21.528  -26.207  72.291 0.0000000000
84361  39.603  -9.418  63.318 0.0000000000
83295  41.164  -10.556  65.314 0.0000000000
83279  41.832  -10.442  66.033 0.0000000000
84359  40.915  -9.737  65.209 0.0000000000
85457  40.774  -8.223  63.950 0.0000000000
54241  10.347  -32.008  81.752 0.0000000000
54265  10.656  -31.746  80.814 0.0000000000
52970  9.924  -31.765  80.967 0.0000000000
54313  8.752  -33.292  77.966 0.0000000000
52971  9.058  -31.900  80.196 0.0000000000
51679  7.161  -33.698  78.679 0.0000000000
67322  37.634  -23.887  73.215 0.0000000000
66094  37.656  -24.455  72.928 0.0000000000
66095  37.581  -24.651  72.165 0.0000000000
63538  38.316  -26.034  73.014 0.0000000000
60549  33.822  -26.388  80.980 0.0000000000
64812  30.438  -23.913  72.284 0.0000000000
63539  31.522  -24.882  72.470 0.0000000000
63580  30.984  -24.619  70.732 0.0000000000
63579  31.413  -25.249  70.331 0.0000000000
71173  31.489  -20.685  69.332 0.0000000000
72541  30.675  -19.350  67.987 0.0000000000
94248  50.678  -0.438  59.354 0.0000000000
95271  52.181  0.054  60.591 0.0000000000
96386  52.346  1.300  58.889 0.0000000000
96407  52.569  1.622  56.847 0.0000000000
95294  51.320  0.900  57.606 0.0000000000
77359  41.242  -14.114  64.937 0.0000000000
78630  40.047  -13.633  64.352 0.0000000000
76131  40.049  -14.843  64.945 0.0000000000
74980  37.517  -14.614  65.012 0.0000000000
74999  37.978  -14.782  64.500 0.0000000000
75019  37.079  -14.897  63.490 0.0000000000
76062  42.434  -14.050  67.864 0.0000000000
77326  42.636  -13.408  66.406 0.0000000000
79794  41.729  -13.053  65.740 0.0000000000
56837  18.096  -30.411  71.783 0.0000000000
56815  16.018  -31.139  72.766 0.0000000000
61992  29.349  -25.417  79.671 0.0000000000
61991  30.455  -25.560  79.426 0.0000000000
62019  28.473  -25.174  78.706 0.0000000000
63496  25.982  -24.239  74.888 0.0000000000
63472  27.040  -24.242  75.501 0.0000000000
64795  26.216  -23.535  74.246 0.0000000000
64794  27.719  -23.247  73.640 0.0000000000
64815  26.323  -23.339  72.625 0.0000000000
64833  23.984  -24.004  71.444 0.0000000000
67410  34.792  -24.396  66.798 0.0000000000
86600  46.500  -5.725  62.663 0.0000000000
86598  48.261  -5.514  62.764 0.0000000000
87763  47.239  -5.443  61.362 0.0000000000
89967  47.448  -4.315  59.394 0.0000000000
91045  47.422  -3.507  58.149 0.0000000000
92120  48.384  -2.271  58.344 0.0000000000
60622  23.696  -24.874  79.111 0.0000000000
62025  22.432  -24.933  78.575 0.0000000000
60557  23.534  -24.917  80.927 0.0000000000
60598  24.615  -25.855  80.152 0.0000000000
62023  24.022  -24.950  78.592 0.0000000000
87711  46.104  -5.495  64.940 0.0000000000
87731  44.295  -6.140  64.413 0.0000000000
86619  42.894  -6.415  62.407 0.0000000000
63438  19.102  -26.069  77.384 0.0000000000
62083  18.753  -26.493  76.433 0.0000000000
62058  18.395  -27.066  77.409 0.0000000000
55523  16.703  -30.069  78.308 0.0000000000
56737  16.814  -29.987  76.999 0.0000000000
55525  16.322  -31.203  77.244 0.0000000000
54354  14.968  -31.154  75.549 0.0000000000
54342  14.171  -31.665  76.054 0.0000000000
55440  14.132  -30.751  81.637 0.0000000000
53018  11.658  -31.687  78.130 0.0000000000
54331  12.471  -31.584  77.962 0.0000000000
53040  11.796  -32.078  77.436 0.0000000000
53059  11.812  -32.734  76.025 0.0000000000
72486  33.410  -18.619  71.822 0.0000000000
68506  36.471  -23.231  72.529 0.0000000000
68493  35.372  -22.064  73.587 0.0000000000
69740  35.150  -23.070  72.246 0.0000000000
69758  33.800  -22.114  71.915 0.0000000000
69772  34.868  -22.865  70.562 0.0000000000
69791  35.092  -22.768  69.885 0.0000000000
68537  35.883  -23.347  70.384 0.0000000000
64863  36.599  -25.841  69.171 0.0000000000
64889  36.592  -25.100  69.126 0.0000000000
63623  36.056  -26.458  68.340 0.0000000000
63655  35.185  -26.032  67.744 0.0000000000
62291  35.287  -27.051  68.073 0.0000000000
62016  31.548  -25.934  77.921 0.0000000000
60595  32.329  -25.947  78.505 0.0000000000
60619  32.390  -26.209  77.285 0.0000000000
60723  33.553  -26.564  73.551 0.0000000000
60677  33.665  -27.203  75.128 0.0000000000
60695  34.161  -27.700  74.423 0.0000000000
60693  36.077  -28.505  75.053 0.0000000000
60721  34.522  -28.202  73.478 0.0000000000
60747  35.866  -28.255  72.033 0.0000000000
60749  33.909  -27.920  72.506 0.0000000000
62295  31.900  -26.625  68.591 0.0000000000
62266  33.382  -27.051  69.212 0.0000000000
78518  34.573  -14.112  69.581 0.0000000000
78542  35.229  -13.601  68.747 0.0000000000
77274  33.950  -14.612  68.495 0.0000000000
74964  31.094  -17.625  65.480 0.0000000000
74982  32.437  -15.990  64.951 0.0000000000
96404  55.093  2.138  55.707 0.0000000000
76053  41.015  -13.598  67.485 0.0000000000
74957  40.023  -14.841  65.887 0.0000000000
76066  39.658  -14.052  66.359 0.0000000000
76067  38.711  -14.195  66.374 0.0000000000
76069  37.059  -14.451  66.355 0.0000000000
79681  43.522  -12.117  69.611 0.0000000000
77253  41.973  -13.476  68.355 0.0000000000
59404  19.469  -28.936  71.525 0.0000000000
59385  18.642  -29.011  72.339 0.0000000000
58056  17.296  -28.879  73.561 0.0000000000
62050  26.325  -24.641  77.932 0.0000000000
62076  26.378  -24.412  76.870 0.0000000000
62106  24.698  -24.834  76.268 0.0000000000
63498  24.131  -24.590  74.958 0.0000000000
63542  23.877  -24.685  73.187 0.0000000000
63562  23.354  -24.611  71.613 0.0000000000
62217  22.430  -25.707  71.820 0.0000000000
62218  21.391  -26.551  70.962 0.0000000000
86633  44.905  -5.486  60.558 0.0000000000
61953  23.463  -25.431  82.063 0.0000000000
83266  43.295  -10.346  67.148 0.0000000000
84333  42.622  -9.208  66.823 0.0000000000
86563  42.459  -7.320  66.096 0.0000000000
87732  43.272  -6.528  64.932 0.0000000000
86565  41.804  -7.723  64.616 0.0000000000
86586  40.678  -7.687  63.275 0.0000000000
63391  18.945  -25.040  79.515 0.0000000000
60624  17.999  -27.549  78.313 0.0000000000
60602  17.599  -27.150  79.398 0.0000000000
59279  16.717  -28.390  79.392 0.0000000000
56673  15.995  -29.596  79.742 0.0000000000
54214  13.360  -31.153  81.321 0.0000000000
54239  12.091  -31.473  81.254 0.0000000000
52994  10.859  -31.616  79.493 0.0000000000
53042  9.540  -33.551  77.140 0.0000000000
53043  8.602  -34.205  76.916 0.0000000000
68491  36.971  -23.167  73.550 0.0000000000
68522  36.706  -23.699  71.676 0.0000000000
68536  36.437  -23.577  70.773 0.0000000000
67344  37.226  -24.171  71.147 0.0000000000
64861  38.225  -24.993  70.463 0.0000000000
63578  37.062  -26.994  69.826 0.0000000000
63469  30.590  -24.370  75.304 0.0000000000
62072  32.277  -25.536  75.874 0.0000000000
62127  31.425  -25.521  73.918 0.0000000000
62153  31.848  -26.011  73.453 0.0000000000
60751  33.040  -26.400  72.869 0.0000000000
60779  33.608  -27.153  71.629 0.0000000000
62243  32.275  -25.911  70.660 0.0000000000
62269  31.723  -25.770  69.821 0.0000000000
73783  32.696  -17.444  69.656 0.0000000000
74937  32.588  -16.547  68.646 0.0000000000
73799  31.492  -17.679  68.045 0.0000000000
73801  30.682  -18.405  66.696 0.0000000000
97546  53.738  2.324  58.176 0.0000000000
96419  53.042  1.516  55.947 0.0000000000
81025  39.877  -12.238  64.267 0.0000000000
81026  39.000  -12.183  63.426 0.0000000000
79814  39.536  -12.988  63.822 0.0000000000
75017  38.813  -14.921  64.358 0.0000000000
75037  38.353  -14.899  63.613 0.0000000000
78511  44.778  -12.463  69.298 0.0000000000
78558  44.719  -12.859  68.079 0.0000000000
80962  44.526  -11.877  67.747 0.0000000000
80991  42.903  -12.017  66.547 0.0000000000
80993  41.825  -12.053  64.896 0.0000000000
60551  31.925  -26.300  81.313 0.0000000000
60550  32.897  -26.345  81.018 0.0000000000
61967  31.190  -25.821  80.001 0.0000000000
62017  30.652  -25.497  78.400 0.0000000000
62047  29.932  -24.775  77.856 0.0000000000
63453  27.718  -23.999  76.547 0.0000000000
63452  28.800  -24.140  76.642 0.0000000000
63470  29.618  -24.271  75.986 0.0000000000
63493  29.952  -23.872  74.964 0.0000000000
66075  29.066  -23.609  72.988 0.0000000000
66096  28.819  -23.272  71.403 0.0000000000
88884  49.345  -4.787  61.332 0.0000000000
88871  47.491  -4.891  60.199 0.0000000000
89953  48.131  -4.496  60.073 0.0000000000
89951  49.485  -3.816  60.709 0.0000000000
92118  49.373  -2.385  59.673 0.0000000000
93212  49.329  -1.427  59.172 0.0000000000
94262  49.517  -0.640  57.399 0.0000000000
94264  50.259  -0.004  56.116 0.0000000000
62109  21.642  -25.422  75.648 0.0000000000
62110  20.290  -25.710  75.523 0.0000000000
62081  21.279  -25.210  76.531 0.0000000000
63418  20.746  -24.511  78.077 0.0000000000
63406  20.316  -24.429  79.139 0.0000000000
61955  22.604  -24.391  81.412 0.0000000000
64697  20.597  -24.183  80.438 0.0000000000
64687  19.326  -23.787  80.572 0.0000000000
60514  32.290  -25.972  82.829 0.0000000000
60552  31.013  -25.696  81.629 0.0000000000
61948  29.749  -25.298  81.912 0.0000000000
61970  27.887  -25.363  80.766 0.0000000000
61971  26.994  -25.770  80.756 0.0000000000
61994  27.102  -25.464  79.813 0.0000000000
62022  25.068  -25.185  79.074 0.0000000000
62079  23.612  -25.325  76.821 0.0000000000
87710  47.192  -5.357  65.381 0.0000000000
86562  46.198  -5.580  63.603 0.0000000000
86601  45.747  -5.794  62.711 0.0000000000
87742  43.529  -6.341  64.016 0.0000000000
87753  44.566  -5.634  62.403 0.0000000000
87766  44.318  -5.535  61.417 0.0000000000
62134  18.926  -26.696  74.874 0.0000000000
59343  17.431  -27.843  74.036 0.0000000000
58033  16.908  -28.784  74.773 0.0000000000
57998  17.449  -28.775  77.155 0.0000000000
56775  16.668  -29.155  75.771 0.0000000000
55578  16.686  -30.652  74.229 0.0000000000
54388  15.746  -31.373  74.128 0.0000000000
54371  14.015  -32.584  73.727 0.0000000000
57940  16.415  -30.090  81.067 0.0000000000
55498  15.103  -30.749  79.225 0.0000000000
54285  13.612  -30.941  78.907 0.0000000000
54308  14.447  -31.544  78.022 0.0000000000
53038  13.207  -32.149  76.288 0.0000000000
52957  5.911  -33.205  80.206 0.0000000000
80928  38.068  -11.979  69.364 0.0000000000
74931  34.113  -16.757  70.791 0.0000000000
73765  33.293  -17.732  70.450 0.0000000000
72498  31.831  -19.360  70.676 0.0000000000
71172  32.034  -21.191  69.819 0.0000000000
69759  33.242  -21.117  72.239 0.0000000000
69774  33.177  -21.587  71.287 0.0000000000
69813  32.830  -21.926  69.452 0.0000000000
69831  34.013  -22.845  68.611 0.0000000000
68575  34.811  -23.381  68.847 0.0000000000
67397  34.871  -24.260  67.935 0.0000000000
67365  36.571  -24.027  70.030 0.0000000000
66178  35.486  -24.568  68.614 0.0000000000
66179  34.909  -24.756  67.737 0.0000000000
63683  35.294  -26.180  66.353 0.0000000000
63684  34.653  -26.512  65.951 0.0000000000
63491  37.327  -26.276  74.579 0.0000000000
60571  33.389  -26.246  80.060 0.0000000000
60593  34.078  -26.170  79.095 0.0000000000
60616  34.787  -26.407  78.171 0.0000000000
60654  33.323  -26.443  75.678 0.0000000000
60652  34.844  -26.496  75.792 0.0000000000
60651  35.660  -26.564  76.006 0.0000000000
60674  36.210  -27.770  76.066 0.0000000000
62125  37.502  -27.627  74.743 0.0000000000
62176  38.188  -27.044  73.422 0.0000000000
62177  37.535  -27.581  72.854 0.0000000000
62208  36.551  -27.860  71.299 0.0000000000
62240  35.252  -27.453  69.827 0.0000000000
60811  33.478  -27.444  70.687 0.0000000000
62241  34.435  -27.730  70.253 0.0000000000
62264  35.026  -27.190  68.738 0.0000000000
62292  34.383  -27.129  67.750 0.0000000000
79721  36.912  -12.872  68.545 0.0000000000
77292  36.501  -14.245  67.123 0.0000000000
76093  35.460  -14.475  66.047 0.0000000000
74943  32.664  -15.836  67.111 0.0000000000
76094  34.119  -14.966  66.381 0.0000000000
76134  34.854  -14.849  63.938 0.0000000000
94270  50.508  -0.298  55.131 0.0000000000
82133  40.109  -11.714  68.668 0.0000000000
80945  39.234  -12.076  68.421 0.0000000000
80927  40.521  -11.931  68.479 0.0000000000
62158  19.951  -26.221  73.627 0.0000000000
62157  21.157  -25.473  73.361 0.0000000000
83297  39.987  -10.274  64.036 0.0000000000
83311  39.401  -10.387  63.206 0.0000000000
82203  40.183  -10.954  64.565 0.0000000000
83296  40.617  -10.348  64.757 0.0000000000
84360  40.545  -9.248  64.221 0.0000000000
52952  9.903  -32.120  81.617 0.0000000000
52972  7.759  -32.818  79.592 0.0000000000
64791  37.539  -25.024  74.007 0.0000000000
66083  37.592  -24.448  73.635 0.0000000000
64810  37.771  -25.022  73.226 0.0000000000
64811  37.950  -25.391  73.017 0.0000000000
63537  37.922  -25.432  73.258 0.0000000000
60512  34.079  -26.585  82.401 0.0000000000
60531  33.584  -26.132  81.694 0.0000000000
64830  29.755  -23.538  71.725 0.0000000000
64829  30.439  -24.052  71.171 0.0000000000
64846  30.244  -24.453  70.250 0.0000000000
71189  30.935  -20.503  68.364 0.0000000000
94257  50.743  0.013  58.709 0.0000000000
95284  51.468  0.075  59.891 0.0000000000
95291  51.345  0.498  58.742 0.0000000000
96387  51.883  0.949  58.706 0.0000000000
96397  51.825  1.188  58.236 0.0000000000
77345  41.636  -14.191  65.578 0.0000000000
76151  41.023  -14.359  65.221 0.0000000000
76129  41.169  -14.305  65.657 0.0000000000
76132  36.814  -14.511  64.679 0.0000000000
75000  37.406  -14.580  64.416 0.0000000000
76154  36.661  -14.454  63.967 0.0000000000
76155  35.936  -15.015  63.443 0.0000000000
76085  42.415  -13.784  67.300 0.0000000000
77311  42.653  -13.629  67.071 0.0000000000
77327  42.252  -13.983  66.299 0.0000000000
77344  42.014  -13.742  65.673 0.0000000000
56813  17.522  -29.860  72.915 0.0000000000
56838  17.382  -30.765  72.011 0.0000000000
56839  16.749  -31.385  71.967 0.0000000000
61993  28.181  -25.280  79.771 0.0000000000
63521  24.851  -24.092  74.099 0.0000000000
63520  25.573  -23.832  74.450 0.0000000000
64796  25.404  -23.630  74.132 0.0000000000
64816  25.168  -23.389  73.381 0.0000000000
64832  24.718  -23.418  71.784 0.0000000000
63561  24.098  -24.070  71.902 0.0000000000
66191  35.224  -24.832  66.626 0.0000000000
87750  46.875  -5.412  62.001 0.0000000000
91060  47.851  -2.855  57.901 0.0000000000
60599  23.929  -25.418  79.827 0.0000000000
60600  23.251  -24.956  79.385 0.0000000000
60578  23.486  -25.247  80.332 0.0000000000
86507  44.031  -7.263  67.516 0.0000000000
87691  45.133  -5.626  66.301 0.0000000000
87713  43.848  -6.378  65.355 0.0000000000
63420  19.073  -25.849  78.039 0.0000000000
63439  18.646  -26.689  77.434 0.0000000000
62028  18.281  -26.743  78.021 0.0000000000
55512  16.206  -30.330  78.514 0.0000000000
55524  16.624  -30.454  77.682 0.0000000000
54306  15.704  -31.329  77.712 0.0000000000
54341  15.259  -31.376  76.600 0.0000000000
54327  15.327  -31.473  77.346 0.0000000000
53041  10.512  -32.771  77.311 0.0000000000
53060  10.922  -33.153  76.304 0.0000000000
69739  35.836  -23.229  72.009 0.0000000000
69756  35.358  -23.210  71.271 0.0000000000
69757  34.512  -22.930  71.553 0.0000000000
69771  35.514  -23.170  70.449 0.0000000000
69770  36.004  -23.278  70.714 0.0000000000
63597  36.782  -26.711  69.340 0.0000000000
62290  35.800  -26.961  68.068 0.0000000000
62046  30.888  -25.435  77.412 0.0000000000
62045  31.732  -26.057  76.826 0.0000000000
60696  33.802  -26.852  74.327 0.0000000000
60748  34.904  -28.096  72.374 0.0000000000
77257  34.059  -14.784  69.743 0.0000000000
78543  34.516  -14.237  68.886 0.0000000000
76056  33.380  -15.525  69.215 0.0000000000
76065  40.545  -13.914  66.693 0.0000000000
76054  40.169  -13.748  67.065 0.0000000000
77271  38.354  -13.759  67.049 0.0000000000
76055  39.315  -13.743  66.712 0.0000000000
77290  38.146  -14.108  66.561 0.0000000000
76068  37.910  -14.366  66.261 0.0000000000
80907  43.803  -11.628  70.366 0.0000000000
78516  41.165  -12.903  68.394 0.0000000000
78515  41.812  -13.006  68.638 0.0000000000
77254  41.434  -13.299  68.259 0.0000000000
77268  41.599  -13.513  68.033 0.0000000000
59363  18.945  -27.769  73.463 0.0000000000
59384  19.324  -28.246  72.796 0.0000000000
59364  18.373  -28.429  73.346 0.0000000000
58081  17.847  -29.038  72.726 0.0000000000
62051  25.300  -25.010  77.960 0.0000000000
62077  25.437  -24.753  77.036 0.0000000000
62155  23.525  -24.774  74.678 0.0000000000
62129  24.126  -24.751  75.488 0.0000000000
63522  24.068  -24.570  74.326 0.0000000000
62216  22.962  -24.959  72.687 0.0000000000
62185  22.369  -25.480  73.044 0.0000000000
60758  20.985  -26.465  72.189 0.0000000000
62219  20.727  -27.259  71.247 0.0000000000
82181  43.066  -10.976  66.810 0.0000000000
83267  42.536  -10.293  66.603 0.0000000000
84347  41.425  -9.370  65.644 0.0000000000
84334  41.973  -9.333  66.303 0.0000000000
85435  42.178  -8.650  66.338 0.0000000000
85434  42.387  -8.050  66.389 0.0000000000
85446  42.119  -8.026  65.555 0.0000000000
85455  42.099  -7.432  64.940 0.0000000000
85458  39.982  -8.400  63.216 0.0000000000
85465  39.744  -8.194  62.118 0.0000000000
64699  18.667  -24.549  80.157 0.0000000000
61976  17.520  -26.322  79.456 0.0000000000
60579  16.571  -27.769  79.770 0.0000000000
59272  15.978  -28.510  80.037 0.0000000000
57955  15.969  -29.111  79.691 0.0000000000
56652  16.261  -29.788  80.099 0.0000000000
54216  12.034  -31.658  82.222 0.0000000000
54289  10.890  -31.625  80.082 0.0000000000
53019  11.088  -31.806  78.569 0.0000000000
53020  9.791  -32.645  78.146 0.0000000000
52998  8.100  -33.446  78.344 0.0000000000
53022  8.215  -33.824  77.979 0.0000000000
51680  6.692  -33.762  79.147 0.0000000000
67314  37.489  -23.496  73.416 0.0000000000
67323  37.536  -23.563  72.831 0.0000000000
68505  37.068  -23.625  72.387 0.0000000000
68521  36.983  -23.934  71.722 0.0000000000
67333  37.232  -24.082  72.017 0.0000000000
64844  38.297  -25.310  71.298 0.0000000000
63576  38.116  -26.005  70.877 0.0000000000
63577  37.492  -26.515  70.303 0.0000000000
63492  30.924  -24.678  74.405 0.0000000000
62102  31.529  -25.117  75.106 0.0000000000
62154  31.628  -25.495  73.028 0.0000000000
62179  32.115  -25.716  72.676 0.0000000000
60752  32.416  -26.151  73.125 0.0000000000
60781  32.623  -25.988  72.316 0.0000000000
62211  32.295  -25.621  71.753 0.0000000000
73784  32.033  -18.057  68.971 0.0000000000
73800  30.735  -18.226  67.475 0.0000000000
72542  30.530  -19.278  66.745 0.0000000000
95298  52.234  1.433  55.963 0.0000000000
96429  53.279  1.411  55.194 0.0000000000
95307  52.564  1.185  55.244 0.0000000000
79813  40.414  -12.970  64.523 0.0000000000
77370  39.793  -13.972  64.256 0.0000000000
78631  39.257  -13.672  63.278 0.0000000000
77371  39.283  -14.175  63.455 0.0000000000
77372  38.475  -14.477  62.619 0.0000000000
74958  39.310  -15.070  65.830 0.0000000000
74977  39.398  -15.064  65.388 0.0000000000
75018  38.094  -14.968  63.944 0.0000000000
75038  37.442  -15.212  62.850 0.0000000000
76173  37.997  -14.974  62.787 0.0000000000
78486  43.801  -12.401  69.219 0.0000000000
78485  44.526  -12.313  69.602 0.0000000000
78512  43.895  -12.699  68.667 0.0000000000
77309  43.683  -13.243  67.001 0.0000000000
78559  44.181  -13.251  67.750 0.0000000000
78575  44.573  -12.881  67.736 0.0000000000
79746  44.711  -12.352  67.955 0.0000000000
79763  44.144  -12.451  67.042 0.0000000000
80977  44.010  -12.003  66.905 0.0000000000
80978  43.518  -12.381  66.663 0.0000000000
79795  41.582  -13.118  64.973 0.0000000000
79778  41.795  -12.630  65.500 0.0000000000
80995  41.251  -12.675  64.613 0.0000000000
81012  40.934  -12.271  64.594 0.0000000000
60573  31.356  -25.975  80.739 0.0000000000
62018  29.601  -25.326  78.644 0.0000000000
62049  27.584  -24.484  77.629 0.0000000000
63454  26.714  -24.329  76.249 0.0000000000
64752  27.636  -24.258  75.248 0.0000000000
63471  28.294  -24.072  75.610 0.0000000000
63451  29.466  -24.374  76.922 0.0000000000
63494  29.061  -24.338  75.269 0.0000000000
64772  28.612  -24.049  74.667 0.0000000000
64814  27.330  -23.018  72.747 0.0000000000
66076  28.648  -23.202  73.074 0.0000000000
66085  28.093  -23.023  72.417 0.0000000000
66084  28.997  -23.458  72.415 0.0000000000
66097  27.694  -23.302  71.266 0.0000000000
63563  22.656  -25.362  71.088 0.0000000000
63586  22.452  -26.151  70.107 0.0000000000
86538  48.510  -5.586  64.867 0.0000000000
86615  48.210  -5.485  62.109 0.0000000000
86614  48.886  -5.640  62.277 0.0000000000
87761  48.688  -5.498  61.696 0.0000000000
86631  49.365  -5.426  62.167 0.0000000000
87778  48.987  -5.207  61.369 0.0000000000
88872  46.659  -5.311  60.328 0.0000000000
91028  47.838  -3.720  59.272 0.0000000000
89966  48.367  -3.803  59.693 0.0000000000
89952  48.803  -4.290  60.356 0.0000000000
89965  49.019  -3.601  60.212 0.0000000000
91027  49.204  -3.060  60.124 0.0000000000
91043  48.885  -2.848  59.662 0.0000000000
92119  48.907  -2.201  59.166 0.0000000000
93219  48.902  -1.513  58.508 0.0000000000
94259  49.402  -0.884  58.301 0.0000000000
93222  49.001  -1.292  57.622 0.0000000000
62080  22.542  -25.198  76.656 0.0000000000
62054  22.296  -25.174  77.582 0.0000000000
61997  22.598  -24.883  79.529 0.0000000000
62026  21.415  -24.818  78.704 0.0000000000
62027  21.001  -24.890  79.095 0.0000000000
61954  23.231  -24.748  81.436 0.0000000000
63356  21.522  -24.200  81.254 0.0000000000
63373  21.190  -24.277  80.673 0.0000000000
64686  20.628  -24.110  80.957 0.0000000000
64698  19.818  -24.209  80.152 0.0000000000
60533  31.680  -25.881  82.309 0.0000000000
61969  28.997  -25.412  80.781 0.0000000000
61972  26.364  -26.279  80.860 0.0000000000
62021  26.196  -25.382  78.848 0.0000000000
62053  23.345  -25.197  77.652 0.0000000000
79815  38.614  -13.057  62.946 0.0000000000
88828  45.441  -5.666  64.388 0.0000000000
88827  45.638  -5.580  64.149 0.0000000000
86581  45.945  -5.822  63.208 0.0000000000
87740  45.381  -5.837  63.360 0.0000000000
86583  42.472  -6.878  64.757 0.0000000000
86603  42.801  -6.727  63.623 0.0000000000
87754  43.724  -6.176  62.963 0.0000000000
87767  43.619  -5.722  61.929 0.0000000000
87782  43.810  -5.764  60.985 0.0000000000
62111  19.034  -26.398  75.457 0.0000000000
60656  18.159  -27.326  76.755 0.0000000000
60680  18.122  -27.133  75.819 0.0000000000
59324  17.623  -27.965  75.284 0.0000000000
59288  17.722  -28.255  77.875 0.0000000000
55535  16.631  -30.545  76.729 0.0000000000
56755  16.884  -29.306  76.655 0.0000000000
55549  16.492  -30.375  75.821 0.0000000000
56776  16.607  -29.652  75.166 0.0000000000
55562  16.212  -30.818  74.731 0.0000000000
54368  15.612  -30.795  75.138 0.0000000000
54355  14.234  -31.597  74.902 0.0000000000
53082  13.785  -32.025  74.720 0.0000000000
53083  13.434  -32.598  74.407 0.0000000000
55438  15.249  -30.238  80.993 0.0000000000
55458  15.451  -30.356  80.339 0.0000000000
55457  15.793  -30.278  79.942 0.0000000000
55479  14.892  -30.583  79.808 0.0000000000
54238  12.776  -31.025  80.960 0.0000000000
54262  12.851  -30.966  80.073 0.0000000000
54310  13.000  -31.472  78.432 0.0000000000
54309  13.702  -31.523  78.185 0.0000000000
54284  14.302  -31.094  78.754 0.0000000000
54329  13.664  -31.678  77.041 0.0000000000
52956  6.646  -32.853  80.466 0.0000000000
54246  6.264  -32.380  80.874 0.0000000000
54247  5.577  -32.823  80.394 0.0000000000
52958  5.418  -33.281  79.883 0.0000000000
78493  35.256  -13.963  70.503 0.0000000000
73764  33.892  -17.587  71.030 0.0000000000
72487  32.505  -19.246  71.599 0.0000000000
71156  31.763  -20.403  70.180 0.0000000000
71155  32.440  -20.839  70.712 0.0000000000
68494  34.997  -22.006  73.227 0.0000000000
69773  34.015  -22.429  70.860 0.0000000000
69793  33.387  -22.106  70.285 0.0000000000
69812  33.754  -22.611  69.389 0.0000000000
69810  35.006  -22.986  69.496 0.0000000000
67385  35.008  -23.723  68.628 0.0000000000
67384  35.338  -23.824  68.901 0.0000000000
67345  36.865  -23.981  70.784 0.0000000000
64911  35.811  -24.978  68.726 0.0000000000
66160  36.225  -24.549  69.282 0.0000000000
63656  35.117  -26.591  66.973 0.0000000000
63706  34.247  -26.790  65.733 0.0000000000
60594  33.230  -25.774  78.927 0.0000000000
60617  33.998  -26.342  77.989 0.0000000000
62101  32.517  -25.716  74.896 0.0000000000
60640  32.745  -25.989  76.335 0.0000000000
60655  32.892  -26.127  75.414 0.0000000000
60676  34.454  -27.480  75.285 0.0000000000
60653  33.982  -26.563  75.790 0.0000000000
60719  36.965  -28.352  74.294 0.0000000000
62151  37.684  -27.783  73.806 0.0000000000
60777  35.229  -28.143  71.414 0.0000000000
62209  35.753  -27.909  70.762 0.0000000000
60812  32.947  -26.640  70.830 0.0000000000
60839  33.317  -26.831  70.341 0.0000000000
60837  33.748  -27.269  69.691 0.0000000000
62265  34.160  -27.271  69.274 0.0000000000
80948  36.894  -12.500  69.302 0.0000000000
79722  36.067  -13.232  68.842 0.0000000000
78562  34.615  -13.815  67.896 0.0000000000
78561  35.682  -13.868  67.687 0.0000000000
77293  35.310  -14.439  67.010 0.0000000000
76070  36.188  -14.411  66.452 0.0000000000
77312  34.876  -14.589  66.544 0.0000000000
74981  33.086  -15.608  64.969 0.0000000000
74962  32.909  -15.580  65.745 0.0000000000
76113  33.834  -15.180  64.862 0.0000000000
76135  33.875  -15.434  63.668 0.0000000000
97561  55.477  2.625  55.625 0.0000000000
97560  55.962  2.747  55.297 0.0000000000
97550  56.684  3.616  55.626 0.0000000000
93230  50.020  -0.833  55.020 0.0000000000
78537  40.594  -12.967  68.132 0.0000000000
78538  39.737  -13.119  67.852 0.0000000000
78539  38.712  -13.322  67.806 0.0000000000
78540  37.653  -13.609  68.005 0.0000000000
79701  40.973  -12.532  68.392 0.0000000000
60759  20.583  -26.744  72.183 0.0000000000
60760  19.932  -27.465  72.012 0.0000000000
60703  18.682  -26.952  73.704 0.0000000000
62107  23.861  -25.294  76.093 0.0000000000
62156  22.542  -25.055  74.133 0.0000000000
60730  20.836  -26.096  72.491 0.0000000000
84362  39.321  -9.071  62.946 0.0000000000
83280  41.842  -10.719  65.296 0.0000000000
83294  41.383  -10.309  65.743 0.0000000000
84358  41.070  -10.020  65.683 0.0000000000
84348  41.189  -8.908  64.798 0.0000000000
85459  39.465  -8.846  63.107 0.0000000000
64689  17.076  -24.692  81.617 0.0000000000
63374  16.603  -25.410  81.434 0.0000000000
52996  8.867  -32.806  78.754 0.0000000000
54290  8.605  -33.199  78.392 0.0000000000
52997  7.988  -33.357  78.510 0.0000000000
52955  7.504  -32.325  80.693 0.0000000000
64827  37.737  -24.817  72.706 0.0000000000
64828  38.065  -25.274  72.467 0.0000000000
64792  30.221  -23.681  73.305 0.0000000000
63518  31.277  -24.859  73.432 0.0000000000
63540  31.021  -24.247  72.876 0.0000000000
63560  31.056  -24.469  71.826 0.0000000000
63559  31.571  -24.938  71.433 0.0000000000
62212  31.878  -25.439  71.143 0.0000000000
63599  30.549  -24.993  69.692 0.0000000000
72518  31.204  -19.366  69.101 0.0000000000
93210  50.773  -1.331  60.172 0.0000000000
93205  51.410  -1.135  60.518 0.0000000000
94241  51.317  -0.660  60.153 0.0000000000
96385  53.074  1.827  58.509 0.0000000000
96396  52.464  1.618  57.923 0.0000000000
96408  51.862  1.446  57.433 0.0000000000
95299  51.541  1.201  56.542 0.0000000000
78616  41.145  -13.601  64.786 0.0000000000
78629  40.664  -13.376  64.586 0.0000000000
78617  40.730  -13.904  64.636 0.0000000000
76170  39.927  -14.397  64.477 0.0000000000
74978  38.721  -14.940  65.199 0.0000000000
74979  38.072  -14.736  65.018 0.0000000000
77251  43.061  -13.396  68.207 0.0000000000
78536  43.626  -13.306  68.214 0.0000000000
77310  43.167  -13.441  66.853 0.0000000000
78592  43.499  -13.069  66.592 0.0000000000
78604  42.632  -12.926  66.418 0.0000000000
77343  42.163  -13.173  66.210 0.0000000000
78615  41.754  -13.436  65.347 0.0000000000
56840  16.293  -31.912  72.352 0.0000000000
56816  15.701  -31.726  72.684 0.0000000000
63473  25.943  -24.480  75.665 0.0000000000
63495  26.726  -24.232  75.027 0.0000000000
64773  27.302  -24.060  74.821 0.0000000000
64831  25.724  -23.256  71.648 0.0000000000
64848  24.731  -23.561  70.729 0.0000000000
67411  34.304  -24.005  67.002 0.0000000000
86579  47.596  -5.540  63.304 0.0000000000
86578  48.328  -5.455  63.431 0.0000000000
86599  47.441  -5.526  62.596 0.0000000000
86616  47.603  -5.410  61.921 0.0000000000
87762  48.058  -5.418  61.327 0.0000000000
88885  47.205  -4.633  59.739 0.0000000000
89968  46.780  -4.644  58.698 0.0000000000
91044  48.156  -3.116  58.994 0.0000000000
92133  48.262  -2.351  57.462 0.0000000000
61973  22.874  -24.834  80.463 0.0000000000
60597  25.229  -26.289  80.258 0.0000000000
61996  25.293  -25.771  79.741 0.0000000000
60621  24.367  -25.271  79.434 0.0000000000
87712  44.921  -5.780  65.017 0.0000000000
63455  19.642  -25.547  77.064 0.0000000000
63456  19.133  -26.030  76.909 0.0000000000
62057  18.701  -26.812  77.110 0.0000000000
56716  16.793  -29.593  78.560 0.0000000000
57984  17.411  -29.092  78.210 0.0000000000
55536  16.366  -31.047  76.333 0.0000000000
54353  15.799  -31.171  75.989 0.0000000000
54340  16.015  -31.431  76.676 0.0000000000
55439  14.763  -30.459  81.401 0.0000000000
55460  14.281  -30.739  80.829 0.0000000000
54312  11.760  -31.574  79.080 0.0000000000
54311  12.132  -31.554  78.530 0.0000000000
53039  12.687  -32.156  76.701 0.0000000000
73746  33.379  -18.267  71.204 0.0000000000
72474  33.099  -19.451  71.992 0.0000000000
68507  35.744  -22.775  72.868 0.0000000000
68508  35.257  -22.373  72.856 0.0000000000
69741  34.622  -22.222  72.626 0.0000000000
69790  35.326  -23.049  69.837 0.0000000000
68557  35.600  -23.297  69.929 0.0000000000
64862  37.614  -25.379  69.677 0.0000000000
64890  35.816  -25.563  68.555 0.0000000000
63624  35.364  -26.651  67.811 0.0000000000
63625  35.061  -26.998  67.426 0.0000000000
60697  33.242  -26.395  74.278 0.0000000000
60678  33.072  -26.876  74.950 0.0000000000
60694  35.008  -28.244  74.610 0.0000000000
60720  35.881  -28.508  73.421 0.0000000000
62178  36.788  -28.137  72.400 0.0000000000
60778  34.165  -28.036  71.207 0.0000000000
62267  32.864  -26.571  69.642 0.0000000000
62294  32.620  -26.923  68.416 0.0000000000
62320  33.381  -27.211  67.031 0.0000000000
62321  32.584  -27.215  67.325 0.0000000000
78517  34.950  -13.608  69.835 0.0000000000
77294  34.266  -14.512  67.366 0.0000000000
74963  31.747  -16.615  66.166 0.0000000000
96405  54.567  2.036  56.156 0.0000000000
76064  41.420  -13.831  67.183 0.0000000000
76087  40.833  -14.130  66.354 0.0000000000
76088  39.919  -14.424  66.103 0.0000000000
76089  39.098  -14.732  66.132 0.0000000000
76090  38.330  -14.568  65.899 0.0000000000
76091  37.523  -14.530  65.746 0.0000000000
76110  37.051  -14.568  65.288 0.0000000000
78487  43.127  -12.571  69.044 0.0000000000
79682  42.720  -12.370  69.276 0.0000000000
78514  42.447  -12.971  68.675 0.0000000000
77252  42.439  -13.491  68.219 0.0000000000
77267  42.049  -13.692  68.010 0.0000000000
76063  42.093  -13.762  67.594 0.0000000000
59405  18.707  -29.370  71.751 0.0000000000
58125  18.493  -29.716  71.722 0.0000000000
58101  18.287  -29.651  72.183 0.0000000000
56794  17.251  -29.551  73.717 0.0000000000
62105  25.519  -24.577  76.197 0.0000000000
62128  24.892  -24.672  75.746 0.0000000000
63474  25.310  -24.593  75.651 0.0000000000
63497  24.935  -24.652  75.075 0.0000000000
87765  45.236  -5.488  61.326 0.0000000000
87764  46.373  -5.630  61.078 0.0000000000
87781  45.599  -5.502  60.198 0.0000000000
60556  23.837  -25.589  81.501 0.0000000000
60538  23.823  -25.693  82.235 0.0000000000
83251  43.930  -10.212  67.596 0.0000000000
84315  43.428  -9.363  67.434 0.0000000000
85421  43.076  -8.318  66.988 0.0000000000
86541  42.771  -7.404  66.565 0.0000000000
86521  43.171  -6.840  66.459 0.0000000000
87714  43.119  -6.637  65.551 0.0000000000
86564  42.462  -6.944  65.562 0.0000000000
86584  41.930  -7.329  64.407 0.0000000000
85448  41.340  -8.225  64.361 0.0000000000
86585  41.359  -7.561  63.792 0.0000000000
86605  41.200  -7.183  62.675 0.0000000000
62000  18.246  -26.589  78.587 0.0000000000
61975  18.208  -26.010  78.939 0.0000000000
62001  17.831  -26.840  79.114 0.0000000000
60601  17.667  -27.610  79.262 0.0000000000
60580  17.143  -27.222  79.787 0.0000000000
57970  16.871  -29.096  79.018 0.0000000000
55495  15.943  -29.666  78.972 0.0000000000
55497  15.582  -30.613  78.870 0.0000000000
54215  12.855  -31.507  81.677 0.0000000000
54263  12.156  -31.309  80.372 0.0000000000
54288  11.475  -31.488  79.683 0.0000000000
53021  8.818  -33.460  77.701 0.0000000000
68535  36.864  -23.908  71.271 0.0000000000
67364  37.063  -24.302  70.473 0.0000000000
66110  38.006  -24.419  71.182 0.0000000000
66133  37.785  -24.450  70.297 0.0000000000
63596  37.206  -26.120  69.535 0.0000000000
62103  30.719  -24.567  76.017 0.0000000000
62126  31.954  -25.961  74.231 0.0000000000
60698  32.648  -26.200  74.274 0.0000000000
60724  32.896  -26.263  73.651 0.0000000000
60750  33.705  -26.816  72.646 0.0000000000
60780  33.161  -26.423  71.944 0.0000000000
60813  32.656  -26.078  71.496 0.0000000000
62244  31.828  -25.598  70.486 0.0000000000
62268  32.096  -26.229  69.627 0.0000000000
74932  33.227  -16.596  69.924 0.0000000000
74938  32.038  -17.283  68.325 0.0000000000
73785  31.148  -18.497  68.388 0.0000000000
73816  31.282  -17.355  67.226 0.0000000000
73817  30.961  -17.736  66.532 0.0000000000
97545  54.525  2.609  57.928 0.0000000000
96395  53.254  1.917  57.569 0.0000000000
96406  53.638  2.043  56.622 0.0000000000
82209  40.268  -11.617  64.515 0.0000000000
74976  40.024  -14.927  65.446 0.0000000000
74997  39.452  -14.996  64.992 0.0000000000
75036  39.024  -14.781  64.086 0.0000000000
74998  38.763  -14.958  64.751 0.0000000000
76172  38.761  -14.672  63.458 0.0000000000
78535  44.325  -12.982  68.396 0.0000000000
78534  45.114  -12.455  69.081 0.0000000000
80963  44.333  -11.722  67.491 0.0000000000
82189  43.794  -11.670  66.963 0.0000000000
79777  42.250  -12.697  66.231 0.0000000000
80992  42.136  -12.009  65.926 0.0000000000
82192  42.193  -11.228  65.376 0.0000000000
82201  41.793  -11.153  64.782 0.0000000000
82202  40.915  -11.250  64.803 0.0000000000
60532  32.658  -25.816  81.858 0.0000000000
61990  31.435  -25.778  79.079 0.0000000000
63435  28.465  -24.320  77.248 0.0000000000
63434  29.164  -24.574  77.344 0.0000000000
63433  29.668  -24.543  77.341 0.0000000000
62074  30.281  -24.559  76.970 0.0000000000
64771  29.810  -23.519  74.222 0.0000000000
64793  29.166  -23.400  73.602 0.0000000000
64813  29.648  -23.607  72.744 0.0000000000
66111  28.316  -23.587  70.268 0.0000000000
63584  23.419  -24.752  70.576 0.0000000000
69833  32.575  -22.327  68.324 0.0000000000
88867  50.157  -4.097  61.660 0.0000000000
88852  46.940  -5.477  60.902 0.0000000000
88851  47.414  -5.366  60.805 0.0000000000
88850  47.904  -5.294  60.727 0.0000000000
88870  48.457  -5.066  60.716 0.0000000000
88869  49.165  -4.649  60.897 0.0000000000
88868  49.617  -4.223  61.240 0.0000000000
89950  50.066  -3.448  61.248 0.0000000000
91013  50.073  -3.025  60.695 0.0000000000
92090  50.181  -2.500  60.538 0.0000000000
92101  49.914  -2.090  60.140 0.0000000000
92102  49.509  -1.906  59.561 0.0000000000
93211  50.017  -1.354  59.561 0.0000000000
94249  49.662  -0.726  59.064 0.0000000000
94258  50.164  -0.208  58.305 0.0000000000
94261  50.099  0.004  57.145 0.0000000000
62055  20.909  -24.595  77.478 0.0000000000
62056  19.920  -24.860  77.008 0.0000000000
63437  19.779  -24.945  77.537 0.0000000000
63419  20.145  -24.534  78.385 0.0000000000
61974  22.412  -24.492  80.750 0.0000000000
63355  22.315  -24.202  81.772 0.0000000000
63372  21.984  -24.264  81.046 0.0000000000
63389  21.589  -24.408  80.297 0.0000000000
63405  21.159  -24.491  79.678 0.0000000000
63390  20.573  -24.272  79.936 0.0000000000
65961  18.875  -23.432  81.386 0.0000000000
64688  17.844  -24.367  80.861 0.0000000000
62052  24.329  -25.139  77.826 0.0000000000
82211  38.621  -11.199  62.844 0.0000000000
87709  48.001  -5.586  65.492 0.0000000000
86539  47.851  -5.613  64.705 0.0000000000
86540  47.172  -5.467  64.557 0.0000000000
86561  46.823  -5.502  63.918 0.0000000000
86580  46.794  -5.721  63.216 0.0000000000
87741  44.714  -5.976  63.367 0.0000000000
86602  45.171  -5.761  62.811 0.0000000000
88838  44.897  -5.543  62.233 0.0000000000
86617  44.962  -5.391  60.934 0.0000000000
62133  19.368  -26.416  74.505 0.0000000000
60704  18.341  -27.089  74.637 0.0000000000
58057  17.033  -29.328  74.149 0.0000000000
60625  18.150  -27.213  77.840 0.0000000000
60641  18.084  -27.417  77.555 0.0000000000
59294  17.647  -27.904  77.186 0.0000000000
58012  17.113  -28.625  76.011 0.0000000000
58034  16.809  -29.416  74.549 0.0000000000
56795  17.134  -30.010  74.203 0.0000000000
55579  16.213  -31.140  73.890 0.0000000000
55580  15.463  -31.482  73.481 0.0000000000
55564  14.936  -31.892  73.469 0.0000000000
54369  15.161  -31.330  74.470 0.0000000000
54370  14.590  -31.988  74.060 0.0000000000
54389  14.629  -32.472  73.245 0.0000000000
57939  16.433  -29.540  80.645 0.0000000000
55477  15.683  -30.136  79.455 0.0000000000
54283  14.999  -31.164  78.673 0.0000000000
55461  13.834  -31.012  81.280 0.0000000000
54236  13.990  -30.507  80.184 0.0000000000
54286  12.888  -31.053  79.165 0.0000000000
54260  14.218  -30.588  79.494 0.0000000000
54259  14.716  -30.817  79.178 0.0000000000
54307  15.129  -31.436  77.921 0.0000000000
54328  14.669  -31.515  77.188 0.0000000000
54343  13.592  -31.906  76.252 0.0000000000
53057  13.326  -32.248  75.550 0.0000000000
53058  12.591  -32.543  75.717 0.0000000000
53084  12.629  -32.957  74.708 0.0000000000
52974  6.107  -33.754  79.727 0.0000000000
52999  5.528  -34.388  79.246 0.0000000000
82135  38.844  -11.734  69.046 0.0000000000
77244  34.741  -14.877  70.445 0.0000000000
77256  34.264  -15.320  70.357 0.0000000000
73766  32.336  -18.301  70.155 0.0000000000
73747  32.613  -18.539  70.914 0.0000000000
72499  31.636  -19.764  69.839 0.0000000000
71127  33.204  -19.964  72.465 0.0000000000
69832  33.383  -22.646  68.588 0.0000000000
69811  34.541  -22.918  69.214 0.0000000000
68591  34.301  -23.367  68.145 0.0000000000
67398  34.688  -23.845  67.906 0.0000000000
68556  36.015  -23.586  69.983 0.0000000000
68573  35.622  -23.575  69.507 0.0000000000
67383  35.863  -24.080  69.256 0.0000000000
67396  35.270  -24.234  68.533 0.0000000000
64934  35.464  -25.346  66.532 0.0000000000
62349  35.177  -27.130  65.543 0.0000000000
60570  34.269  -26.427  80.117 0.0000000000
60636  35.519  -26.569  77.246 0.0000000000
60639  33.331  -26.154  76.610 0.0000000000
60638  34.005  -26.559  76.855 0.0000000000
60637  34.800  -26.618  77.044 0.0000000000
60650  36.165  -26.610  76.349 0.0000000000
60692  36.998  -28.048  75.448 0.0000000000
62100  37.289  -27.269  75.384 0.0000000000
62124  37.509  -26.864  75.036 0.0000000000
62150  37.716  -26.966  74.239 0.0000000000
63517  38.066  -26.239  73.959 0.0000000000
62206  38.250  -27.065  72.501 0.0000000000
62207  37.563  -27.438  71.754 0.0000000000
63558  37.659  -26.944  71.105 0.0000000000
62238  37.243  -27.319  70.854 0.0000000000
62239  36.557  -27.335  70.082 0.0000000000
60838  33.555  -27.039  69.992 0.0000000000
60810  33.824  -27.666  70.178 0.0000000000
62319  33.933  -27.006  66.548 0.0000000000
62350  33.770  -26.934  65.911 0.0000000000
80946  38.415  -12.218  68.625 0.0000000000
79720  37.979  -12.748  68.188 0.0000000000
78560  36.301  -14.021  67.619 0.0000000000
77272  37.230  -14.100  67.510 0.0000000000
76092  36.588  -14.536  65.835 0.0000000000
76111  36.160  -14.515  65.200 0.0000000000
76071  33.412  -15.262  67.876 0.0000000000
76112  35.056  -14.704  65.113 0.0000000000
95300  50.738  0.590  56.838 0.0000000000
95309  51.011  0.420  55.838 0.0000000000
94269  51.296  0.186  54.915 0.0000000000
94278  51.049  -0.527  54.593 0.0000000000
53023  8.179  -33.570  78.170 0.0000000000
54242  9.901  -32.690  81.909 0.0000000000
54291  8.375  -33.293  78.409 0.0000000000
54292  8.154  -33.259  78.503 0.0000000000
54314  8.426  -33.458  78.184 0.0000000000
54315  8.204  -33.420  78.285 0.0000000000
54326  15.795  -31.482  77.149 0.0000000000
54356  14.026  -32.191  74.409 0.0000000000
54387  15.839  -31.133  74.507 0.0000000000
55478  15.380  -30.419  79.599 0.0000000000
55480  14.443  -30.476  80.176 0.0000000000
55496  15.812  -29.913  78.989 0.0000000000
55511  16.202  -29.807  78.764 0.0000000000
55513  15.965  -30.830  78.060 0.0000000000
55561  16.476  -30.347  74.939 0.0000000000
55563  15.032  -31.655  73.880 0.0000000000
56653  16.175  -30.231  80.509 0.0000000000
56654  15.739  -30.366  80.969 0.0000000000
56674  16.041  -29.974  79.789 0.0000000000
56695  16.062  -29.530  79.198 0.0000000000
56696  15.846  -29.837  79.397 0.0000000000
56736  17.135  -29.729  77.673 0.0000000000
56756  16.622  -29.805  76.203 0.0000000000
56841  15.967  -32.193  72.479 0.0000000000
57924  16.523  -29.273  81.153 0.0000000000
58102  18.453  -29.650  71.997 0.0000000000
59263  16.401  -28.807  80.775 0.0000000000
59386  18.534  -29.424  72.056 0.0000000000
59406  18.565  -29.544  71.856 0.0000000000
60558  16.174  -28.073  80.370 0.0000000000
60596  25.762  -26.486  80.626 0.0000000000
60620  24.906  -25.643  79.750 0.0000000000
60623  23.182  -24.785  78.874 0.0000000000
60642  18.247  -27.194  77.596 0.0000000000
60725  32.279  -26.270  73.753 0.0000000000
60776  35.870  -28.178  71.355 0.0000000000
61999  21.147  -24.666  79.384 0.0000000000
62029  18.360  -26.923  77.630 0.0000000000
62075  27.091  -24.152  76.832 0.0000000000
62187  20.929  -26.717  71.763 0.0000000000
62188  20.484  -27.123  71.730 0.0000000000
63421  18.678  -26.462  77.666 0.0000000000
63436  20.407  -24.535  77.835 0.0000000000
63685  34.108  -26.580  66.024 0.0000000000
63707  33.997  -26.816  65.766 0.0000000000
64774  26.562  -24.061  74.840 0.0000000000
64845  38.125  -25.676  70.435 0.0000000000
74960  37.983  -14.597  65.405 0.0000000000
74961  37.553  -14.582  65.345 0.0000000000
74996  40.020  -14.921  65.175 0.0000000000
75016  39.115  -14.962  64.589 0.0000000000
75035  39.287  -14.760  64.380 0.0000000000
76050  42.662  -14.425  67.985 0.0000000000
76051  42.184  -14.038  67.830 0.0000000000
76052  41.877  -13.701  67.745 0.0000000000
76086  41.751  -13.974  66.964 0.0000000000
76107  42.058  -14.025  66.884 0.0000000000
76109  40.620  -14.398  65.786 0.0000000000
76130  40.490  -14.656  65.276 0.0000000000
76152  40.442  -14.529  64.815 0.0000000000
76153  39.657  -14.730  64.633 0.0000000000
77245  34.399  -14.442  70.069 0.0000000000
77266  42.264  -13.930  67.749 0.0000000000
77269  40.690  -13.381  67.805 0.0000000000
77273  36.630  -14.118  67.607 0.0000000000
77287  43.662  -13.341  67.344 0.0000000000
77288  43.131  -13.559  67.468 0.0000000000
77289  42.614  -13.710  67.624 0.0000000000
77328  41.713  -14.281  65.924 0.0000000000
77358  41.648  -13.772  65.105 0.0000000000
77360  40.390  -14.136  64.538 0.0000000000
77361  38.942  -14.226  62.867 0.0000000000
78494  34.672  -14.145  70.179 0.0000000000
78541  36.447  -13.665  68.039 0.0000000000
78576  44.099  -13.005  67.192 0.0000000000
78577  43.626  -13.145  66.782 0.0000000000
78605  41.855  -13.174  66.067 0.0000000000
79686  35.337  -13.400  70.123 0.0000000000
79699  42.135  -12.631  68.934 0.0000000000
79703  35.555  -13.206  69.552 0.0000000000
79718  39.809  -12.607  68.153 0.0000000000
79747  44.367  -12.554  67.429 0.0000000000
79762  44.393  -12.217  67.403 0.0000000000
79764  43.780  -12.605  66.723 0.0000000000
79776  43.170  -12.684  66.491 0.0000000000
79779  41.546  -12.707  64.854 0.0000000000
79780  41.300  -12.805  64.672 0.0000000000
79796  41.098  -12.958  64.648 0.0000000000
79797  41.033  -12.743  64.557 0.0000000000
80926  41.210  -11.813  68.765 0.0000000000
80944  39.939  -12.048  68.396 0.0000000000
80947  37.566  -12.364  68.910 0.0000000000
80976  44.245  -11.972  67.086 0.0000000000
80990  43.555  -11.863  66.790 0.0000000000
80994  41.349  -12.515  64.673 0.0000000000
81011  41.412  -11.694  64.742 0.0000000000
81013  41.089  -12.499  64.562 0.0000000000
82179  44.106  -11.444  67.384 0.0000000000
82180  43.596  -11.209  67.117 0.0000000000
82190  43.275  -11.550  66.773 0.0000000000
83236  44.393  -10.171  67.955 0.0000000000
84349  41.008  -8.654  64.339 0.0000000000
84370  39.412  -9.887  62.801 0.0000000000
84371  39.319  -9.409  62.492 0.0000000000
85445  42.321  -7.580  65.881 0.0000000000
85456  41.967  -7.709  64.963 0.0000000000
85473  39.366  -8.865  61.836 0.0000000000
86520  43.371  -7.396  67.045 0.0000000000
86542  42.788  -6.856  66.056 0.0000000000
86566  41.660  -7.780  64.429 0.0000000000
86582  45.421  -5.870  63.094 0.0000000000
86597  48.919  -5.597  62.964 0.0000000000
86618  44.712  -5.461  60.938 0.0000000000
86632  49.083  -5.549  61.810 0.0000000000
87693  43.379  -6.622  65.950 0.0000000000
87729  45.969  -5.431  64.089 0.0000000000
87752  45.258  -5.571  62.233 0.0000000000
87777  49.299  -5.210  61.747 0.0000000000
87783  43.701  -5.767  61.294 0.0000000000
87796  49.469  -4.853  61.634 0.0000000000
87797  49.243  -5.052  61.507 0.0000000000
88814  45.735  -5.542  64.401 0.0000000000
88815  45.540  -5.608  64.658 0.0000000000
88837  45.059  -5.513  62.098 0.0000000000
88853  45.141  -5.494  61.868 0.0000000000
88854  44.875  -5.490  61.907 0.0000000000
88882  49.811  -4.497  61.734 0.0000000000
88883  49.646  -4.513  61.538 0.0000000000
89980  48.779  -3.313  59.880 0.0000000000
91014  49.523  -3.271  60.409 0.0000000000
91026  49.787  -2.815  60.262 0.0000000000
91042  49.467  -2.674  59.948 0.0000000000
92089  50.383  -2.508  60.820 0.0000000000
93223  48.607  -1.807  57.024 0.0000000000
94250  49.287  -1.098  58.803 0.0000000000
95292  50.764  0.152  58.398 0.0000000000
97554  53.887  2.408  57.412 0.0000000000
97559  56.456  3.064  55.133 0.0000000000
98691  56.182  3.045  55.342 0.0000000000
98692  56.017  3.261  55.542 0.0000000000
