#!ascii label  , from subject 3233 vox2ras=TkReg
2241
49174  -3.675  -31.777  43.208 0.6250000000
47936  -5.085  -32.279  44.066 0.5000000000
49196  -4.355  -31.274  42.462 0.6250000000
49197  -5.401  -31.350  42.616 0.6250000000
49176  -5.713  -31.960  43.338 0.5000000000
50400  -5.099  -31.132  41.691 0.6250000000
49198  -6.374  -31.400  42.680 0.6250000000
47937  -6.016  -32.634  44.023 0.5000000000
50436  -5.551  -30.802  39.961 0.5000000000
47938  -6.971  -32.534  44.028 0.5000000000
47914  -6.331  -32.694  44.874 0.5000000000
49199  -7.312  -31.497  42.631 0.5000000000
49177  -6.663  -32.069  43.315 0.5000000000
47939  -7.875  -32.508  44.028 0.5000000000
49178  -7.594  -32.070  43.300 0.5000000000
49180  -9.219  -32.503  43.155 0.6250000000
49201  -9.031  -32.178  42.393 0.6250000000
47940  -8.763  -32.794  43.891 0.5000000000
47919  -10.840  -32.628  45.111 0.1250000000
47941  -9.860  -32.691  43.721 0.3750000000
47955  -10.342  -32.408  43.061 0.6250000000
49181  -10.940  -31.769  43.597 0.5000000000
47942  -10.635  -32.455  44.185 0.2500000000
49204  -11.693  -31.731  42.090 0.6250000000
50423  -12.086  -31.316  41.463 0.6250000000
47895  -10.306  -33.119  45.842 0.1250000000
61332  -27.484  -19.836  46.572 0.3750000000
49147  -11.481  -32.177  45.405 0.1250000000
60220  -26.568  -20.448  46.135 0.3750000000
60221  -27.275  -19.984  45.791 0.3750000000
49161  -11.411  -31.126  43.936 0.3750000000
49160  -11.298  -32.037  44.478 0.2500000000
60230  -27.181  -20.859  45.359 0.3750000000
60231  -28.308  -20.660  45.457 0.3750000000
50389  -12.131  -30.974  43.278 0.6250000000
60253  -26.211  -22.164  44.124 0.7500000000
60239  -26.844  -21.791  44.947 0.5000000000
60240  -27.920  -21.718  44.869 0.5000000000
61344  -29.023  -20.486  45.637 0.5000000000
60233  -30.212  -21.325  45.542 0.3750000000
50424  -12.798  -30.904  41.736 0.7500000000
60254  -27.493  -22.483  43.918 0.7500000000
60241  -28.985  -21.917  45.244 0.5000000000
60242  -30.100  -22.233  45.482 0.3750000000
59064  -30.539  -22.699  44.894 0.3750000000
59081  -31.172  -22.652  44.459 0.3750000000
51513  -13.570  -30.893  41.158 0.7500000000
60271  -25.432  -21.976  43.136 0.8750000000
60272  -26.608  -22.587  42.851 0.8750000000
59077  -27.872  -22.799  43.193 0.7500000000
59078  -28.424  -23.199  43.638 0.5000000000
59079  -29.329  -23.371  44.046 0.5000000000
59101  -30.873  -23.272  43.473 0.3750000000
60258  -31.674  -22.062  44.676 0.3750000000
60273  -27.393  -22.717  43.120 0.7500000000
59097  -27.608  -22.627  42.475 0.7500000000
59099  -29.181  -23.428  43.035 0.6250000000
59100  -30.039  -23.520  43.382 0.6250000000
59120  -30.577  -23.893  42.831 0.5000000000
59133  -27.069  -21.654  41.250 1.0000000000
59117  -28.275  -22.472  41.840 0.7500000000
59118  -28.997  -23.395  41.944 0.8750000000
59119  -29.788  -23.876  42.572 0.6250000000
59134  -27.811  -22.069  41.122 1.0000000000
59135  -28.140  -23.194  41.034 0.8750000000
59136  -28.694  -23.736  41.330 0.7500000000
57965  -29.084  -24.073  41.431 0.7500000000
57966  -29.650  -24.219  41.801 0.6250000000
57967  -30.374  -24.318  42.182 0.5000000000
59149  -27.304  -21.397  40.546 1.0000000000
59163  -27.262  -21.253  39.563 1.0000000000
59150  -27.844  -22.417  40.172 1.0000000000
57999  -27.686  -23.314  39.886 0.7500000000
58001  -29.137  -24.303  40.127 0.6250000000
57982  -30.322  -24.299  41.343 0.6250000000
59162  -26.715  -20.713  40.073 1.0000000000
58018  -28.257  -23.105  39.467 0.8750000000
58036  -29.016  -22.919  39.082 0.7500000000
59177  -27.462  -21.352  38.742 1.0000000000
59179  -29.094  -21.966  38.725 0.8750000000
59197  -28.493  -21.720  37.949 0.8750000000
60328  -26.612  -21.135  38.627 1.0000000000
59196  -27.614  -21.401  37.926 1.0000000000
59219  -28.493  -22.490  37.304 0.8750000000
60341  -25.870  -22.169  38.257 1.0000000000
60356  -26.080  -22.411  37.314 1.0000000000
60357  -26.962  -22.031  37.333 1.0000000000
60385  -27.100  -23.046  36.042 1.0000000000
60386  -27.794  -23.102  36.113 1.0000000000
60370  -25.612  -22.329  36.321 1.0000000000
60372  -27.184  -22.572  36.883 1.0000000000
60394  -26.968  -22.796  34.797 1.0000000000
60395  -28.070  -23.095  35.316 1.0000000000
54672  -16.804  -26.610  33.207 0.1250000000
56933  -16.789  -25.524  33.106 0.1250000000
60384  -26.086  -22.530  35.537 1.0000000000
60393  -25.734  -22.469  34.191 1.0000000000
60404  -26.978  -22.558  33.622 1.0000000000
61479  -24.156  -21.593  32.981 1.0000000000
61480  -25.093  -22.196  33.247 1.0000000000
60417  -26.251  -22.246  31.965 1.0000000000
58132  -18.112  -24.394  33.038 0.1250000000
58119  -18.745  -23.930  33.644 0.1250000000
58120  -19.569  -23.394  33.968 0.1250000000
61494  -25.153  -21.968  32.266 1.0000000000
61508  -25.610  -22.049  30.997 1.0000000000
62579  -22.530  -19.964  29.838 0.8750000000
62555  -23.371  -20.637  30.821 1.0000000000
61507  -24.486  -21.523  30.447 1.0000000000
61543  -24.527  -21.743  28.986 1.0000000000
140390  -21.116  -21.976  32.982 0.3750000000
62591  -22.486  -20.354  29.589 0.8750000000
61524  -23.719  -21.254  29.593 0.8750000000
61556  -24.506  -21.873  28.358 0.8750000000
61564  -24.923  -21.978  27.680 0.8750000000
140405  -21.622  -21.847  31.319 0.6250000000
50376  -12.176  -30.896  44.219 0.5000000000
60228  -25.417  -21.033  46.229 0.5000000000
60219  -26.081  -20.775  46.328 0.5000000000
60229  -26.332  -21.114  45.684 0.5000000000
50406  -12.879  -30.895  42.779 0.6250000000
60237  -25.181  -20.870  45.160 0.5000000000
60238  -25.869  -21.571  45.135 0.5000000000
51499  -13.556  -30.529  42.196 0.7500000000
60252  -25.763  -21.031  44.127 0.6250000000
59065  -30.779  -22.463  45.158 0.3750000000
51530  -14.079  -30.672  40.621 0.8750000000
59102  -31.725  -23.059  43.473 0.3750000000
51549  -14.087  -30.592  39.765 0.8750000000
60270  -25.259  -20.653  43.236 0.6250000000
60286  -25.187  -21.065  42.203 0.8750000000
60287  -25.557  -22.246  41.709 0.8750000000
60288  -26.323  -22.894  41.947 0.8750000000
52614  -14.530  -29.958  39.384 0.8750000000
59115  -26.549  -22.390  41.478 1.0000000000
59121  -31.380  -23.959  42.706 0.3750000000
53618  -15.065  -29.357  38.914 0.7500000000
60300  -24.699  -20.319  41.298 0.8750000000
60313  -24.299  -20.533  40.412 0.8750000000
60302  -25.701  -20.958  41.093 1.0000000000
59132  -26.271  -21.723  41.251 1.0000000000
57983  -31.037  -24.555  41.890 0.3750000000
53619  -15.531  -28.646  38.512 0.7500000000
60314  -24.784  -20.393  40.405 0.8750000000
59148  -26.563  -20.916  40.889 1.0000000000
58020  -29.664  -24.232  39.508 0.5000000000
58002  -30.071  -24.257  40.427 0.6250000000
53635  -15.259  -28.498  36.330 0.5000000000
60315  -25.767  -20.364  40.182 1.0000000000
58037  -29.329  -23.812  38.750 0.5000000000
55719  -16.472  -26.761  36.091 0.6250000000
60327  -25.955  -21.172  39.203 1.0000000000
58076  -29.708  -22.919  37.948 0.7500000000
58057  -29.651  -23.694  38.242 0.6250000000
59263  -28.555  -23.451  35.598 1.0000000000
59220  -29.259  -23.181  37.312 0.8750000000
55738  -16.048  -27.097  34.487 0.5000000000
60355  -24.745  -22.093  36.871 1.0000000000
59242  -28.434  -23.365  36.369 1.0000000000
55754  -16.328  -26.332  34.126 0.3750000000
56917  -16.544  -25.538  33.685 0.5000000000
140387  -24.003  -21.867  35.984 1.0000000000
60392  -24.645  -22.112  35.288 1.0000000000
60405  -28.042  -22.759  34.126 1.0000000000
55763  -16.592  -26.448  33.455 0.5000000000
140394  -21.910  -20.254  34.314 1.0000000000
140379  -22.895  -21.428  35.455 1.0000000000
61469  -23.714  -21.622  34.091 1.0000000000
61470  -24.589  -22.163  33.933 1.0000000000
60418  -27.114  -22.372  32.591 1.0000000000
56946  -17.182  -25.383  32.885 0.1250000000
58130  -16.943  -24.745  32.837 0.1250000000
140407  -22.602  -20.345  32.902 1.0000000000
59298  -18.135  -23.456  32.842 0.1250000000
59299  -18.740  -22.884  32.916 0.1250000000
59283  -19.527  -22.655  33.179 0.1250000000
140389  -20.604  -22.458  33.403 0.1250000000
140415  -22.051  -19.804  32.176 1.0000000000
61492  -22.742  -20.264  31.142 1.0000000000
61546  -27.110  -21.293  29.493 0.8750000000
61527  -26.537  -21.798  30.007 1.0000000000
140398  -20.422  -21.871  32.777 0.1250000000
62593  -26.669  -20.762  28.657 0.8750000000
61557  -25.588  -20.885  28.094 0.7500000000
140404  -19.707  -21.011  31.958 0.6250000000
140412  -20.060  -19.716  31.433 0.7500000000
60454  -21.228  -21.261  30.867 0.6250000000
61540  -21.700  -20.577  29.933 0.7500000000
140414  -21.826  -19.723  30.715 0.7500000000
61573  -26.906  -20.820  26.433 0.7500000000
60505  -26.778  -21.823  26.920 0.7500000000
50390  -12.876  -31.014  43.638 0.5000000000
60251  -24.887  -20.154  44.331 0.6250000000
61362  -24.176  -19.570  44.216 0.6250000000
61352  -23.634  -19.192  45.406 0.6250000000
60250  -24.463  -20.114  44.046 0.6250000000
61372  -23.195  -19.480  43.517 0.7500000000
52605  -14.507  -29.931  40.600 0.8750000000
60269  -24.679  -19.988  43.571 0.7500000000
61373  -24.125  -19.710  43.061 0.7500000000
53609  -15.101  -29.285  40.090 0.8750000000
61382  -24.177  -19.745  42.520 0.7500000000
61381  -23.626  -19.570  42.194 0.7500000000
60285  -24.482  -20.109  42.366 0.8750000000
60284  -24.165  -19.796  41.949 0.7500000000
53611  -15.629  -28.173  39.179 0.7500000000
60312  -23.870  -20.109  40.404 0.8750000000
59137  -31.892  -24.483  41.785 0.3750000000
58003  -31.044  -24.109  40.822 0.3750000000
53628  -15.412  -28.656  37.369 0.7500000000
60338  -23.218  -21.127  39.245 0.8750000000
54622  -16.269  -27.475  37.668 0.7500000000
54633  -16.173  -27.359  36.778 0.7500000000
60325  -23.933  -21.005  39.654 1.0000000000
58058  -30.429  -24.255  38.088 0.3750000000
58038  -30.123  -24.225  38.891 0.3750000000
58021  -30.562  -24.053  39.783 0.3750000000
54621  -15.757  -27.954  37.003 0.7500000000
55697  -16.567  -26.760  37.287 0.7500000000
60339  -23.579  -21.551  38.636 1.0000000000
60340  -24.686  -21.953  38.360 1.0000000000
56865  -16.894  -26.024  36.872 0.6250000000
60354  -23.485  -21.662  37.145 1.0000000000
59264  -29.029  -23.756  35.702 1.0000000000
55739  -16.394  -26.400  35.000 0.6250000000
56900  -16.539  -25.444  34.552 0.6250000000
60353  -22.749  -21.321  36.671 1.0000000000
60396  -28.920  -23.450  35.144 1.0000000000
58087  -16.927  -24.380  34.931 0.6250000000
60420  -29.297  -22.713  33.481 1.0000000000
60406  -28.923  -23.195  34.433 1.0000000000
140381  -21.433  -20.369  35.203 1.0000000000
60419  -28.076  -22.517  33.109 1.0000000000
59260  -16.796  -23.680  34.177 0.5000000000
59280  -16.815  -24.099  33.403 0.3750000000
60434  -27.187  -22.221  31.692 1.0000000000
59297  -17.212  -23.852  32.934 0.2500000000
60415  -17.591  -22.575  32.723 0.3750000000
60416  -18.588  -22.276  32.583 0.2500000000
140419  -21.449  -19.449  31.965 1.0000000000
61528  -27.534  -21.351  30.343 0.8750000000
61509  -26.946  -22.057  30.879 1.0000000000
61506  -18.814  -20.631  32.060 0.6250000000
62603  -26.969  -20.345  28.510 0.8750000000
140406  -20.874  -20.230  30.992 0.7500000000
61582  -27.117  -20.387  25.660 0.7500000000
51487  -13.301  -30.051  43.400 0.6250000000
51500  -14.188  -29.942  42.538 0.6250000000
52589  -14.083  -29.081  42.596 0.6250000000
61359  -18.101  -20.247  44.672 0.8750000000
53599  -14.764  -28.958  41.154 0.8750000000
61369  -18.040  -21.040  43.128 1.0000000000
62474  -18.616  -19.283  43.457 1.0000000000
62465  -20.121  -19.174  44.105 0.8750000000
62476  -21.453  -18.791  43.497 0.8750000000
61380  -22.408  -19.176  42.849 0.7500000000
59131  -17.455  -22.612  41.713 1.0000000000
62475  -20.665  -19.102  42.983 0.8750000000
62482  -21.514  -19.198  42.509 0.7500000000
57992  -16.956  -23.355  41.141 1.0000000000
61370  -18.263  -20.191  43.727 1.0000000000
63521  -18.901  -18.688  42.826 0.8750000000
62481  -20.948  -19.300  42.253 0.8750000000
54602  -15.838  -27.684  39.426 1.0000000000
60298  -18.181  -21.624  41.281 1.0000000000
62480  -18.331  -19.846  41.791 1.0000000000
63527  -19.124  -18.594  41.731 0.8750000000
62489  -21.398  -19.427  41.964 0.8750000000
61398  -21.459  -19.632  40.856 0.8750000000
61391  -23.104  -19.779  40.912 0.8750000000
59122  -32.271  -23.605  42.644 0.2500000000
53620  -15.829  -28.041  38.752 0.7500000000
54612  -16.160  -27.544  38.642 1.0000000000
59147  -17.241  -22.396  40.279 1.0000000000
63526  -18.615  -19.260  41.356 1.0000000000
63536  -19.127  -19.003  40.842 0.8750000000
62495  -20.664  -19.586  40.634 0.8750000000
61407  -21.258  -20.038  40.161 0.8750000000
61400  -22.757  -20.492  40.200 0.8750000000
59138  -32.622  -23.949  41.714 0.2500000000
54611  -15.943  -28.130  37.981 0.6250000000
55679  -16.508  -26.802  38.392 0.8750000000
63535  -18.665  -19.512  40.546 1.0000000000
63537  -19.932  -19.300  41.269 0.8750000000
61408  -21.830  -20.610  39.906 0.8750000000
60324  -23.449  -20.724  39.814 0.8750000000
59152  -32.068  -24.000  40.642 0.3750000000
61409  -22.558  -20.852  39.500 0.8750000000
59199  -30.980  -24.386  37.857 0.3750000000
58059  -31.046  -24.294  38.260 0.3750000000
56866  -17.228  -24.977  37.288 0.7500000000
61418  -21.819  -20.483  39.119 1.0000000000
61419  -22.605  -20.835  38.488 1.0000000000
59222  -30.713  -24.144  37.372 0.5000000000
140140  -31.573  -24.169  38.118 0.3750000000
56882  -16.913  -25.417  35.807 0.6250000000
56883  -17.209  -24.485  36.305 0.7500000000
61436  -21.732  -20.369  38.223 1.0000000000
59265  -29.946  -23.776  35.699 1.0000000000
59244  -30.354  -23.826  36.556 0.8750000000
58068  -17.128  -24.540  35.670 0.6250000000
61437  -21.913  -20.648  36.953 1.0000000000
61438  -22.776  -21.250  37.093 1.0000000000
60397  -29.392  -23.624  35.293 1.0000000000
58069  -17.159  -23.770  35.726 0.7500000000
59216  -16.699  -22.694  36.185 0.8750000000
60421  -29.658  -23.116  34.168 1.0000000000
58088  -17.073  -23.718  35.065 0.5000000000
59239  -16.899  -22.993  34.960 0.6250000000
63579  -20.512  -19.386  33.571 1.0000000000
58103  -16.595  -24.645  33.960 0.5000000000
60402  -17.200  -22.217  33.383 0.7500000000
61511  -29.874  -21.695  32.389 1.0000000000
60436  -28.887  -22.469  32.694 1.0000000000
59281  -17.098  -23.216  33.413 0.5000000000
61490  -17.399  -21.734  32.791 0.5000000000
140409  -19.835  -19.115  32.316 0.7500000000
140249  -27.969  -19.643  29.047 0.8750000000
61547  -27.722  -20.732  29.663 0.8750000000
61510  -28.115  -21.736  31.339 1.0000000000
61491  -18.109  -21.175  32.399 0.5000000000
62566  -18.486  -20.115  32.190 0.7500000000
140417  -19.397  -19.343  31.924 0.7500000000
140403  -20.488  -19.249  31.937 0.7500000000
140408  -20.920  -19.361  31.691 0.8750000000
140413  -20.898  -19.506  31.357 0.7500000000
140410  -19.002  -20.312  31.826 0.7500000000
53592  -14.249  -28.524  41.972 0.7500000000
53586  -13.796  -27.794  41.959 0.8750000000
60268  -17.412  -21.258  44.108 1.0000000000
54583  -15.074  -27.605  41.273 0.8750000000
55645  -15.289  -27.240  40.841 1.0000000000
53600  -15.159  -28.385  40.705 0.8750000000
55646  -15.831  -26.962  40.651 1.0000000000
57973  -17.107  -23.407  42.271 1.0000000000
60267  -17.266  -21.805  43.277 1.0000000000
56810  -16.833  -25.034  41.162 1.0000000000
54591  -15.441  -27.686  40.226 1.0000000000
55662  -16.314  -26.967  39.584 1.0000000000
56809  -16.378  -25.961  40.555 1.0000000000
57991  -17.056  -24.249  40.630 1.0000000000
59146  -16.820  -23.444  40.169 1.0000000000
56830  -16.774  -26.025  39.211 1.0000000000
56831  -17.130  -25.185  40.010 1.0000000000
58011  -17.173  -24.176  39.537 1.0000000000
61397  -18.324  -20.749  40.666 1.0000000000
62494  -18.430  -20.123  40.192 1.0000000000
56847  -16.911  -25.982  37.962 1.0000000000
56848  -17.204  -25.100  38.732 0.8750000000
59160  -16.870  -23.165  39.233 1.0000000000
60311  -18.176  -21.556  40.281 1.0000000000
61406  -18.327  -20.840  39.791 1.0000000000
63542  -19.092  -19.278  40.054 1.0000000000
62500  -20.416  -19.914  39.950 1.0000000000
58029  -17.227  -23.972  38.339 1.0000000000
59161  -17.177  -22.243  38.916 1.0000000000
63541  -18.667  -19.676  39.744 1.0000000000
63558  -19.614  -19.432  38.921 1.0000000000
62506  -20.327  -19.790  39.187 1.0000000000
61435  -21.037  -20.068  38.701 1.0000000000
140128  -33.118  -23.482  38.741 0.5000000000
59173  -16.968  -22.892  38.140 1.0000000000
59174  -17.091  -22.030  37.953 1.0000000000
61434  -17.746  -20.460  38.007 1.0000000000
63556  -18.634  -19.487  38.354 1.0000000000
63568  -19.168  -19.256  38.199 1.0000000000
62517  -20.155  -19.215  38.136 1.0000000000
140148  -31.485  -23.508  36.790 0.6250000000
58048  -17.145  -23.586  37.048 1.0000000000
60352  -17.254  -21.296  37.407 1.0000000000
62515  -18.299  -19.600  37.764 1.0000000000
62516  -19.049  -19.212  37.639 1.0000000000
61449  -21.086  -20.063  37.820 1.0000000000
61481  -30.936  -23.253  35.461 0.8750000000
59191  -16.757  -22.361  37.269 1.0000000000
60351  -16.790  -21.757  37.233 1.0000000000
60368  -16.875  -21.678  36.601 1.0000000000
61448  -17.793  -20.122  36.887 1.0000000000
62525  -18.581  -19.342  37.009 1.0000000000
62526  -19.534  -19.268  36.904 1.0000000000
62527  -20.581  -19.775  37.105 1.0000000000
140205  -31.297  -22.147  33.482 1.0000000000
61496  -30.626  -22.787  34.253 1.0000000000
60407  -29.773  -23.393  34.848 1.0000000000
60383  -17.243  -21.258  36.056 1.0000000000
61459  -17.518  -20.557  35.617 1.0000000000
62532  -18.534  -19.277  35.950 1.0000000000
62533  -20.169  -19.816  35.774 1.0000000000
61495  -30.274  -22.345  33.365 1.0000000000
60382  -17.034  -21.619  35.467 0.8750000000
61458  -17.241  -21.012  35.279 1.0000000000
61468  -17.428  -20.223  34.930 1.0000000000
62540  -17.891  -19.582  34.643 1.0000000000
63578  -19.172  -19.091  34.793 1.0000000000
62568  -30.958  -21.195  32.196 1.0000000000
59261  -17.009  -22.813  34.023 0.7500000000
61467  -17.191  -20.823  34.698 0.7500000000
62539  -17.424  -20.162  34.591 0.7500000000
63584  -18.797  -19.024  33.773 1.0000000000
62582  -30.691  -20.835  31.633 1.0000000000
61477  -17.259  -21.016  33.329 0.6250000000
62547  -18.019  -19.959  33.219 0.7500000000
61529  -29.036  -20.812  30.618 1.0000000000
61478  -17.748  -20.626  32.780 0.5000000000
62554  -18.034  -20.445  32.569 0.7500000000
140416  -18.993  -19.170  32.629 0.7500000000
53593  -14.497  -28.050  41.525 0.8750000000
55630  -15.148  -26.896  41.492 1.0000000000
55631  -15.779  -26.230  41.613 1.0000000000
140204  -33.064  -22.325  35.345 0.6250000000
140133  -34.693  -22.380  38.185 0.6250000000
140141  -33.442  -21.278  34.135 1.0000000000
140206  -32.239  -20.840  32.806 1.0000000000
60329  -35.090  -21.285  36.609 0.6250000000
140156  -34.250  -21.321  35.508 1.0000000000
140136  -34.319  -20.124  34.821 1.0000000000
140271  -33.285  -18.812  33.430 1.0000000000
140250  -33.993  -19.311  34.041 1.0000000000
60343  -35.244  -20.493  36.026 0.8750000000
140272  -33.842  -18.965  34.241 1.0000000000
61410  -36.496  -21.027  38.096 0.3750000000
61422  -36.053  -20.148  36.846 0.6250000000
140143  -35.310  -19.575  36.155 0.8750000000
140134  -34.719  -18.788  35.804 1.0000000000
140273  -34.064  -17.508  34.529 1.0000000000
61411  -37.056  -19.991  38.259 0.3750000000
61421  -35.225  -20.136  35.989 0.7500000000
62518  -35.585  -19.220  36.494 0.8750000000
61439  -35.846  -19.458  36.647 0.7500000000
61423  -36.785  -19.307  37.495 0.6250000000
62519  -35.889  -18.837  36.676 0.6250000000
62507  -36.271  -19.236  36.984 0.5000000000
140150  -35.371  -18.877  36.339 0.7500000000
140165  -35.675  -17.830  36.102 0.7500000000
140252  -35.258  -16.291  35.383 1.0000000000
62508  -36.904  -18.273  36.868 0.6250000000
140171  -36.511  -17.694  36.545 0.6250000000
63559  -36.927  -17.272  36.776 0.6250000000
140244  -36.046  -16.687  36.191 0.6250000000
140275  -36.350  -15.339  35.600 0.8750000000
140277  -34.716  -14.238  33.917 0.8750000000
140276  -36.031  -13.869  34.900 0.8750000000
140198  -36.660  -16.634  36.540 0.6250000000
140216  -36.311  -16.851  36.487 0.7500000000
63549  -38.018  -16.304  37.464 0.3750000000
72338  -36.798  -12.720  34.074 0.8750000000
72318  -37.358  -13.031  35.199 0.6250000000
71188  -38.683  -13.469  36.657 0.6250000000
69975  -39.687  -13.085  40.147 0.1250000000
71189  -39.784  -12.725  37.316 0.3750000000
71175  -40.170  -12.748  38.128 0.2500000000
71176  -40.420  -12.027  37.871 0.2500000000
72319  -38.224  -12.013  35.066 1.0000000000
71245  -38.639  -12.342  35.591 0.7500000000
71209  -39.397  -12.245  36.152 0.5000000000
72269  -40.065  -11.722  36.491 0.3750000000
73406  -37.689  -12.132  34.272 0.8750000000
73407  -38.307  -11.480  34.251 0.8750000000
72293  -38.860  -11.476  35.039 0.8750000000
72294  -39.372  -11.307  35.248 0.7500000000
72284  -39.824  -11.271  35.609 0.6250000000
73386  -38.980  -11.049  34.546 0.8750000000
73408  -39.229  -10.575  34.092 0.8750000000
74570  -38.796  -10.369  33.543 0.8750000000
77056  -36.838  -7.644  32.080 0.8750000000
71150  -38.943  -12.608  40.112 0.1250000000
71141  -38.314  -12.522  40.666 0.1250000000
71160  -40.130  -12.272  39.705 0.1250000000
71151  -39.549  -12.213  40.076 0.1250000000
71167  -40.260  -12.396  38.798 0.2500000000
71190  -40.343  -11.738  37.184 0.2500000000
72270  -40.558  -11.139  36.720 0.2500000000
73374  -39.981  -10.730  35.271 0.5000000000
72285  -40.330  -11.042  36.107 0.5000000000
74552  -40.258  -10.010  34.853 0.8750000000
73388  -40.068  -10.477  35.120 0.6250000000
74571  -39.386  -9.754  33.570 0.8750000000
74588  -38.457  -9.832  33.087 1.0000000000
74589  -38.952  -9.747  33.278 0.8750000000
75833  -38.898  -8.899  33.269 0.8750000000
75832  -38.098  -9.115  32.668 0.8750000000
71140  -38.169  -12.096  41.360 0.1250000000
72233  -38.796  -11.680  40.046 0.1250000000
72226  -38.107  -11.568  40.695 0.1250000000
72234  -39.936  -11.370  40.048 0.1250000000
72246  -40.769  -11.276  38.368 0.1250000000
72256  -41.044  -11.143  37.463 0.2500000000
73360  -40.668  -10.567  36.266 0.5000000000
73351  -40.978  -10.635  36.797 0.3750000000
73375  -40.432  -10.411  35.536 0.5000000000
73376  -40.800  -10.163  35.981 0.5000000000
73361  -41.060  -10.049  36.423 0.5000000000
74538  -40.675  -9.621  35.134 0.6250000000
75787  -40.256  -9.204  34.039 0.8750000000
74551  -39.926  -9.738  34.195 0.8750000000
75812  -40.043  -8.933  33.603 0.8750000000
75788  -40.534  -8.874  34.520 0.8750000000
77047  -38.724  -7.958  33.316 1.0000000000
77046  -38.026  -7.974  32.948 0.8750000000
77031  -38.559  -7.219  33.346 1.0000000000
78211  -37.433  -7.312  32.671 0.8750000000
72240  -40.274  -11.334  39.151 0.1250000000
73330  -40.673  -10.280  38.713 0.1250000000
77032  -39.441  -7.782  33.614 0.8750000000
78184  -38.337  -6.449  33.262 1.0000000000
73318  -39.995  -10.385  39.397 0.1250000000
72257  -41.288  -10.543  37.681 0.2500000000
73343  -41.091  -10.649  38.392 0.2500000000
73352  -41.250  -10.118  37.234 0.2500000000
74539  -41.032  -9.590  35.719 0.5000000000
75770  -40.929  -9.132  35.181 0.6250000000
75813  -40.264  -8.121  33.833 0.8750000000
77013  -40.362  -7.520  34.384 0.8750000000
78186  -39.924  -7.085  33.821 0.8750000000
79405  -38.082  -6.174  32.962 1.0000000000
79404  -37.803  -5.845  32.642 0.8750000000
79388  -38.172  -5.715  33.230 1.0000000000
73344  -41.308  -10.108  38.090 0.2500000000
74526  -41.349  -9.091  36.578 0.3750000000
74517  -41.449  -9.197  37.590 0.3750000000
73331  -41.039  -9.770  38.522 0.2500000000
74506  -41.223  -9.257  38.240 0.2500000000
75789  -40.698  -7.900  34.917 0.6250000000
75771  -41.146  -8.393  35.504 0.3750000000
75753  -41.336  -8.002  36.398 0.5000000000
77033  -40.089  -7.592  33.811 0.8750000000
77004  -40.676  -7.393  35.339 0.7500000000
76994  -41.204  -7.195  35.915 0.6250000000
78185  -39.047  -6.457  33.765 0.8750000000
78173  -40.003  -6.368  34.287 0.8750000000
78168  -40.616  -6.372  35.567 0.7500000000
78167  -40.047  -5.865  35.075 0.7500000000
78172  -39.371  -5.757  34.214 0.8750000000
79377  -39.583  -5.678  34.690 0.7500000000
79370  -39.838  -5.036  35.956 0.7500000000
79389  -38.773  -5.163  33.869 0.7500000000
79376  -39.250  -5.151  34.595 0.7500000000
79369  -39.401  -5.152  35.112 0.7500000000
80445  -37.756  -5.333  32.936 0.8750000000
80446  -38.022  -4.652  33.199 1.0000000000
80428  -39.265  -4.376  34.332 0.8750000000
80447  -38.918  -3.966  33.392 0.8750000000
75738  -41.341  -8.156  37.215 0.3750000000
75717  -41.347  -8.383  38.007 0.3750000000
76985  -41.170  -7.130  36.782 0.6250000000
78162  -41.132  -5.982  36.242 0.5000000000
80413  -39.285  -4.801  34.865 0.7500000000
81482  -39.525  -3.756  33.860 0.8750000000
80414  -39.344  -4.278  35.161 0.6250000000
80395  -40.377  -4.053  36.369 0.5000000000
80466  -39.575  -3.232  32.525 0.8750000000
80429  -39.713  -3.514  34.488 0.7500000000
81502  -39.691  -3.414  33.323 0.8750000000
80415  -39.720  -3.082  35.641 0.6250000000
81518  -40.235  -3.300  32.910 0.7500000000
80448  -40.322  -3.305  33.951 0.8750000000
80478  -40.538  -3.558  31.673 0.8750000000
80467  -40.642  -3.514  32.491 0.7500000000
81504  -40.943  -3.608  33.126 0.6250000000
80468  -41.359  -3.815  32.799 0.7500000000
79407  -42.230  -4.215  32.383 0.8750000000
80453  -45.129  -4.320  33.236 0.8750000000
80435  -45.675  -4.199  33.997 0.7500000000
81486  -45.985  -3.418  34.236 0.6250000000
82518  -46.175  -2.634  34.289 0.6250000000
81465  -40.871  -2.721  35.687 0.5000000000
81446  -40.704  -3.041  36.395 0.2500000000
80430  -40.577  -3.182  34.495 0.5000000000
80449  -41.078  -3.506  33.611 0.7500000000
80431  -41.575  -3.460  34.308 0.7500000000
80469  -41.930  -4.049  32.838 0.7500000000
80450  -42.116  -4.145  33.336 0.7500000000
79390  -42.408  -4.309  32.851 0.7500000000
80451  -43.179  -4.481  33.615 0.7500000000
80433  -43.655  -4.028  34.474 0.7500000000
79391  -42.800  -4.510  32.865 0.7500000000
79392  -43.727  -4.669  32.770 0.8750000000
81485  -45.105  -3.336  34.588 0.6250000000
80434  -44.736  -4.159  34.189 0.7500000000
82506  -45.608  -2.093  34.514 0.6250000000
80416  -41.016  -2.861  35.072 0.6250000000
81466  -41.714  -2.587  35.390 0.3750000000
81447  -41.548  -2.578  35.990 0.1250000000
80417  -42.034  -3.226  34.996 0.3750000000
81467  -42.601  -2.640  35.197 0.3750000000
80432  -42.546  -4.014  34.412 0.7500000000
80418  -42.891  -3.417  34.896 0.6250000000
81468  -43.522  -2.997  35.244 0.5000000000
82504  -43.745  -2.100  34.991 0.2500000000
81484  -44.314  -3.535  34.756 0.7500000000
81469  -44.352  -2.842  35.159 0.5000000000
82505  -44.822  -2.153  34.865 0.6250000000
83550  -44.789  -1.204  35.267 0.2500000000
81434  -41.979  -2.003  36.192 0.1250000000
82485  -42.296  -1.472  35.834 0.1250000000
82470  -41.815  -1.395  36.497 0.1250000000
81449  -43.015  -2.098  35.066 0.2500000000
82486  -43.003  -1.249  35.200 0.2500000000
82471  -42.431  -0.951  35.904 0.1250000000
83518  -42.297  -0.557  36.429 0.1250000000
84593  -42.372  -0.040  36.737 0.1250000000
83530  -43.056  -0.460  35.854 0.1250000000
82487  -44.055  -1.601  35.220 0.2500000000
83531  -44.000  -1.121  35.937 0.2500000000
84611  -43.970  -0.268  36.412 0.1250000000
86842  -43.116  1.004  36.770 0.1250000000
84631  -44.770  -0.321  35.786 0.2500000000
86856  -43.779  1.356  36.235 0.1250000000
87897  -42.808  1.472  36.016 0.1250000000
87912  -43.292  1.632  35.205 0.1250000000
49175  -4.731  -31.772  43.341 0.6250000000
50399  -4.218  -31.274  41.514 0.3750000000
50417  -5.750  -30.886  40.930 0.6250000000
50401  -6.072  -31.113  41.794 0.6250000000
51523  -6.053  -31.013  39.439 0.3750000000
47915  -7.204  -32.829  44.741 0.5000000000
49179  -8.476  -32.225  43.240 0.6250000000
49202  -9.940  -32.370  42.528 0.6250000000
47956  -10.573  -32.325  43.429 0.3750000000
49203  -10.956  -32.198  42.573 0.6250000000
49182  -11.588  -31.568  42.962 0.5000000000
50405  -12.170  -31.226  42.366 0.6250000000
50443  -12.823  -31.266  40.764 0.7500000000
49148  -11.966  -31.637  44.791 0.1250000000
60222  -27.920  -19.864  45.865 0.3750000000
60256  -29.598  -22.710  44.787 0.3750000000
60255  -28.618  -22.652  44.466 0.6250000000
60257  -30.170  -22.706  44.892 0.3750000000
59080  -30.284  -23.066  44.315 0.5000000000
51514  -14.218  -30.349  41.513 0.8750000000
59116  -27.449  -22.256  41.686 0.8750000000
59098  -28.383  -23.017  42.691 0.7500000000
59151  -27.763  -23.236  40.376 1.0000000000
58000  -28.193  -24.091  39.862 0.7500000000
57981  -29.521  -24.214  40.985 0.7500000000
57998  -27.518  -22.873  39.832 1.0000000000
59164  -28.126  -21.936  39.551 1.0000000000
59165  -28.671  -22.186  39.295 0.8750000000
59178  -28.246  -21.682  38.729 1.0000000000
58056  -29.489  -22.782  38.510 0.7500000000
59198  -29.307  -22.226  37.917 0.7500000000
60342  -26.696  -21.531  37.944 1.0000000000
59218  -27.763  -21.967  37.232 1.0000000000
59241  -27.750  -22.818  36.729 1.0000000000
60371  -26.489  -22.562  36.598 1.0000000000
55771  -16.929  -26.159  33.000 0.1250000000
58118  -16.734  -24.829  33.286 0.3750000000
60403  -26.023  -22.414  32.954 1.0000000000
58131  -17.487  -24.502  32.920 0.1250000000
59282  -18.763  -23.216  33.151 0.1250000000
61493  -23.953  -21.165  31.511 1.0000000000
61526  -25.462  -21.830  29.783 1.0000000000
61525  -24.519  -21.643  29.655 1.0000000000
62580  -23.125  -20.326  30.095 0.8750000000
63634  -22.120  -19.932  29.912 0.8750000000
62567  -23.714  -20.971  30.593 1.0000000000
62581  -23.849  -21.190  30.097 1.0000000000
61544  -25.372  -21.501  28.954 1.0000000000
140399  -21.139  -21.552  32.132 0.6250000000
61542  -23.548  -21.579  29.147 0.8750000000
62592  -23.070  -20.875  29.457 0.8750000000
61565  -25.635  -21.340  27.292 0.8750000000
59114  -26.064  -22.256  41.362 1.0000000000
60301  -25.093  -20.799  41.324 1.0000000000
53627  -14.914  -29.281  37.783 0.7500000000
53610  -15.401  -28.520  39.609 0.7500000000
60326  -24.708  -20.895  39.310 1.0000000000
58077  -29.784  -23.690  37.727 0.6250000000
59243  -29.396  -23.895  36.474 1.0000000000
140383  -23.765  -21.795  36.361 1.0000000000
59296  -16.886  -24.389  33.045 0.3750000000
60433  -26.493  -22.202  31.358 1.0000000000
140422  -22.124  -19.830  31.745 1.0000000000
61545  -26.321  -21.290  29.005 0.8750000000
62602  -26.319  -20.688  28.398 0.8750000000
140237  -27.135  -20.707  28.973 0.8750000000
62601  -26.898  -20.007  27.878 0.7500000000
61558  -25.864  -21.093  28.569 0.7500000000
60504  -26.009  -21.782  26.826 0.7500000000
60446  -21.748  -21.993  30.557 0.7500000000
62610  -26.652  -19.758  26.867 0.7500000000
61353  -24.410  -19.778  44.983 0.6250000000
52599  -14.449  -29.472  41.760 0.8750000000
60299  -24.124  -19.811  41.418 0.8750000000
58022  -31.281  -23.655  40.008 0.3750000000
58039  -31.125  -24.121  39.017 0.3750000000
59221  -29.870  -23.956  37.146 0.5000000000
60435  -28.220  -22.299  32.223 1.0000000000
59238  -16.988  -23.694  34.745 0.5000000000
140418  -19.633  -19.490  31.630 0.7500000000
60283  -17.915  -21.882  42.468 1.0000000000
62473  -18.407  -19.810  42.758 1.0000000000
63516  -19.419  -19.097  43.809 0.8750000000
63522  -19.703  -19.159  43.271 0.8750000000
61371  -22.309  -18.929  43.981 0.7500000000
59113  -17.056  -22.562  42.831 1.0000000000
63528  -20.035  -19.197  42.284 0.8750000000
61390  -22.033  -19.558  41.600 0.8750000000
61379  -18.230  -20.785  42.130 1.0000000000
61389  -21.527  -19.549  41.285 0.8750000000
61399  -22.053  -20.056  40.534 0.8750000000
54592  -15.951  -27.387  40.007 1.0000000000
62487  -18.361  -19.947  40.991 1.0000000000
61388  -18.303  -20.561  41.377 1.0000000000
62488  -21.023  -19.438  41.498 0.8750000000
63543  -19.772  -19.520  40.429 0.8750000000
61417  -21.089  -20.244  39.540 0.8750000000
61420  -22.905  -21.216  37.661 1.0000000000
140155  -30.678  -23.594  36.095 0.7500000000
60391  -17.090  -21.924  34.299 0.7500000000
140395  -19.862  -19.263  31.746 0.7500000000
140420  -18.960  -19.627  31.960 0.7500000000
60323  -17.955  -21.684  39.381 1.0000000000
60337  -17.600  -21.441  38.414 1.0000000000
62499  -18.315  -20.127  39.358 1.0000000000
63546  -18.610  -19.648  39.000 1.0000000000
63548  -19.686  -19.600  39.655 1.0000000000
63569  -19.486  -19.280  38.480 1.0000000000
61416  -18.118  -20.773  38.884 1.0000000000
62505  -18.164  -19.941  38.570 1.0000000000
63557  -19.062  -19.353  38.708 1.0000000000
60369  -17.436  -21.048  36.517 1.0000000000
62546  -17.430  -20.221  34.065 0.7500000000
72283  -39.239  -11.752  35.492 0.7500000000
73387  -39.565  -10.702  34.905 0.7500000000
73430  -38.109  -10.708  33.388 0.8750000000
77057  -37.391  -7.918  32.578 0.8750000000
77045  -37.550  -8.581  32.349 0.8750000000
77066  -35.955  -7.042  31.341 0.8750000000
77003  -40.324  -6.871  34.984 0.7500000000
81483  -39.879  -3.384  33.807 0.8750000000
81503  -40.416  -3.395  33.379 0.7500000000
80452  -44.204  -4.376  33.439 0.8750000000
82517  -45.557  -2.743  34.522 0.6250000000
81448  -42.285  -1.986  35.465 0.2500000000
84610  -43.053  -0.063  36.583 0.1250000000
85752  -43.683  0.515  36.744 0.1250000000
85753  -44.483  0.634  36.147 0.2500000000
51547  -12.551  -30.912  38.659 0.6250000000
51563  -12.477  -30.754  37.586 0.6250000000
51564  -13.243  -30.353  38.163 0.6250000000
51573  -12.994  -30.354  37.027 0.5000000000
52622  -13.645  -30.081  37.375 0.5000000000
52641  -14.135  -29.556  36.102 0.2500000000
53644  -14.782  -29.099  35.752 0.3750000000
60243  -31.123  -22.037  45.530 0.2500000000
51548  -13.364  -30.819  39.202 0.6250000000
51565  -13.916  -30.373  38.915 0.6250000000
52633  -14.179  -29.647  37.096 0.6250000000
53634  -14.763  -29.126  36.719 0.3750000000
53645  -15.268  -28.459  35.343 0.3750000000
54650  -15.824  -27.676  34.173 0.3750000000
52623  -14.239  -29.910  38.210 0.6250000000
54632  -15.657  -27.648  35.937 0.6250000000
54641  -15.615  -27.763  34.866 0.5000000000
59324  -22.151  -22.505  31.229 0.5000000000
60470  -26.633  -22.829  28.045 0.7500000000
60487  -26.766  -22.435  27.504 0.6250000000
140246  -28.729  -22.005  27.574 0.1250000000
55718  -16.057  -27.192  35.223 0.5000000000
59325  -23.102  -23.658  31.215 0.5000000000
59345  -22.510  -22.886  29.808 0.6250000000
59365  -23.288  -22.903  28.912 0.7500000000
59366  -24.198  -23.291  28.690 0.7500000000
59367  -25.116  -23.485  28.400 0.7500000000
59368  -26.116  -23.286  28.329 0.7500000000
59386  -26.194  -22.823  27.678 0.7500000000
61574  -27.961  -21.430  26.598 0.3750000000
140292  -28.266  -20.889  26.341 0.2500000000
59385  -25.537  -22.951  27.696 0.7500000000
60486  -26.037  -22.473  27.116 0.7500000000
140325  -27.761  -20.547  25.841 0.2500000000
140327  -28.520  -19.477  25.374 0.2500000000
140270  -29.832  -19.813  26.475 0.2500000000
55545  -15.477  -24.960  47.872 0.3750000000
54525  -14.763  -25.464  47.632 0.3750000000
54575  -14.015  -27.088  41.968 0.6250000000
55612  -14.835  -26.090  42.510 0.7500000000
55602  -15.150  -24.859  42.963 0.7500000000
55613  -15.659  -25.536  42.341 0.8750000000
58040  -31.777  -23.776  39.709 0.2500000000
140402  -21.779  -22.024  31.986 0.5000000000
59344  -21.933  -22.414  30.193 0.5000000000
59364  -22.694  -22.646  29.168 0.6250000000
61554  -22.700  -21.753  28.911 0.7500000000
60484  -24.522  -22.413  28.004 0.7500000000
140331  -26.964  -18.609  26.964 0.6250000000
140349  -27.687  -18.338  26.277 0.3750000000
140297  -28.945  -18.913  25.675 0.2500000000
140316  -30.089  -18.689  26.834 0.2500000000
54537  -14.596  -25.827  47.188 0.3750000000
55559  -15.096  -25.413  46.616 0.3750000000
55573  -14.848  -25.838  45.739 0.5000000000
54548  -14.303  -26.350  45.233 0.5000000000
55586  -14.399  -25.316  44.683 0.5000000000
55574  -15.108  -24.828  45.263 0.5000000000
56697  -15.932  -24.675  47.023 0.5000000000
54566  -13.095  -27.132  42.697 0.5000000000
54556  -13.947  -26.170  44.115 0.5000000000
54574  -13.422  -27.467  42.188 0.6250000000
54567  -13.507  -26.137  42.944 0.5000000000
55601  -14.124  -25.153  43.448 0.7500000000
55587  -14.812  -24.282  44.052 0.6250000000
56723  -15.770  -23.768  44.620 0.7500000000
56743  -15.822  -24.025  43.373 0.7500000000
56765  -16.057  -24.913  42.658 0.7500000000
56789  -16.236  -25.418  41.751 0.8750000000
60467  -22.413  -21.766  29.039 0.7500000000
140332  -27.746  -18.482  27.790 0.7500000000
140351  -28.896  -18.675  29.035 0.7500000000
60455  -21.961  -21.896  29.597 0.6250000000
60456  -22.430  -22.438  29.308 0.6250000000
60468  -22.741  -22.213  28.928 0.6250000000
140346  -29.245  -18.314  28.402 0.5000000000
140329  -29.318  -18.051  27.078 0.3750000000
56709  -15.879  -24.522  45.857 0.6250000000
56790  -16.736  -24.828  42.232 0.8750000000
140352  -32.384  -19.135  32.173 0.8750000000
140347  -30.453  -18.851  28.610 0.5000000000
56710  -16.495  -23.950  45.293 0.7500000000
56724  -16.622  -23.997  44.456 0.7500000000
56744  -16.496  -24.080  43.856 0.7500000000
57945  -17.056  -24.165  43.875 0.7500000000
56766  -16.654  -24.599  43.197 0.8750000000
57958  -17.120  -24.238  42.793 0.8750000000
140132  -34.890  -23.054  40.061 0.2500000000
140318  -32.581  -16.968  33.285 0.6250000000
140333  -32.235  -16.740  32.689 0.6250000000
140353  -32.389  -17.676  32.334 0.6250000000
61361  -22.615  -19.166  44.824 0.5000000000
57946  -16.968  -23.400  44.351 0.7500000000
61360  -22.212  -18.869  44.537 0.6250000000
57972  -17.107  -24.241  41.713 0.8750000000
140142  -33.025  -15.704  33.568 0.7500000000
140251  -33.063  -14.618  32.890 0.5000000000
140343  -33.247  -13.338  32.062 0.5000000000
75863  -34.226  -11.824  30.968 0.2500000000
59094  -16.650  -22.487  43.953 0.8750000000
62466  -21.506  -18.796  44.713 0.7500000000
140341  -34.549  -12.544  32.508 0.6250000000
74616  -34.473  -11.913  31.610 0.6250000000
59095  -16.733  -21.902  44.840 0.8750000000
62457  -20.154  -19.038  45.406 0.6250000000
62464  -18.766  -19.221  44.186 0.7500000000
72348  -35.394  -12.380  32.955 0.6250000000
74606  -35.433  -11.267  31.896 0.3750000000
75864  -34.741  -10.517  31.111 0.3750000000
77095  -33.972  -7.601  28.840 0.5000000000
77110  -33.742  -7.437  27.835 0.5000000000
78278  -34.259  -6.528  26.767 0.5000000000
75850  -35.296  -10.521  31.523 0.5000000000
75879  -34.358  -9.119  30.333 0.5000000000
75865  -35.145  -8.912  31.083 0.5000000000
78249  -34.457  -6.745  29.255 0.5000000000
78266  -34.556  -6.722  28.206 0.5000000000
78267  -35.621  -6.105  27.770 0.5000000000
62501  -37.693  -18.707  38.210 0.3750000000
140278  -36.162  -13.233  34.362 0.7500000000
72337  -36.185  -12.555  33.533 0.7500000000
73446  -36.357  -11.603  32.798 0.6250000000
74607  -36.531  -10.563  32.011 0.6250000000
75851  -35.740  -9.903  31.609 0.6250000000
75880  -34.822  -8.019  30.627 0.5000000000
77077  -34.363  -7.510  29.884 0.5000000000
78236  -34.712  -6.418  29.910 0.5000000000
80464  -37.510  -4.793  32.446 0.8750000000
78250  -35.205  -6.088  28.983 0.5000000000
78237  -35.735  -5.833  30.273 0.5000000000
78251  -36.385  -5.677  28.611 0.5000000000
80475  -37.569  -4.311  31.387 0.6250000000
80465  -38.208  -3.687  32.330 0.8750000000
78238  -37.069  -5.159  29.268 0.5000000000
79432  -37.885  -4.543  29.850 0.6250000000
80485  -38.263  -4.085  30.526 0.6250000000
80476  -38.408  -3.677  31.201 0.6250000000
80477  -39.302  -3.338  31.483 0.7500000000
78268  -36.818  -5.472  27.401 0.2500000000
78252  -37.369  -4.999  28.150 0.3750000000
79441  -38.102  -4.521  28.633 0.5000000000
79449  -39.188  -4.623  28.048 0.3750000000
79443  -40.188  -4.082  29.290 0.6250000000
80486  -39.239  -3.732  30.603 0.6250000000
73428  -36.644  -12.013  33.213 0.7500000000
73447  -36.994  -10.832  32.593 0.6250000000
77078  -34.858  -6.893  30.703 0.6250000000
79431  -37.215  -4.942  30.873 0.7500000000
78224  -36.867  -5.248  30.303 0.5000000000
79434  -40.385  -4.018  30.163 0.6250000000
80487  -40.108  -3.597  30.902 0.7500000000
79451  -40.751  -4.518  28.892 0.5000000000
78254  -41.420  -4.903  28.387 0.3750000000
78255  -42.773  -5.675  27.864 0.2500000000
78256  -43.590  -6.568  27.681 0.1250000000
73429  -37.277  -11.792  33.498 0.6250000000
74608  -37.100  -10.232  32.187 0.7500000000
74587  -37.589  -10.101  32.688 0.8750000000
78152  -41.030  -6.079  37.147 0.2500000000
79341  -40.689  -5.229  37.348 0.2500000000
75852  -37.051  -9.372  31.823 0.6250000000
79358  -40.519  -5.099  36.786 0.2500000000
77055  -36.031  -8.430  31.520 0.6250000000
75831  -37.656  -9.282  32.287 0.7500000000
77065  -35.389  -7.696  31.078 0.6250000000
78210  -37.302  -6.412  32.396 0.7500000000
78223  -36.562  -5.961  31.427 0.7500000000
79420  -37.266  -5.372  31.868 0.7500000000
79421  -40.918  -3.973  30.869 0.7500000000
79444  -40.953  -4.762  29.550 0.5000000000
79435  -41.431  -4.835  30.477 0.6250000000
78240  -42.554  -5.479  29.270 0.3750000000
78197  -37.931  -6.701  32.848 0.8750000000
79422  -41.593  -4.259  31.461 0.7500000000
78225  -41.832  -5.130  30.251 0.5000000000
78226  -42.352  -5.238  30.466 0.6250000000
78241  -43.775  -5.980  28.873 0.5000000000
75870  -47.980  -7.123  29.672 0.2500000000
77060  -48.717  -6.146  30.038 0.1250000000
77062  -49.549  -6.603  30.341 0.1250000000
78220  -49.128  -6.026  30.681 0.1250000000
79437  -49.842  -5.458  30.372 0.2500000000
79438  -50.464  -5.538  30.067 0.1250000000
79406  -41.594  -3.966  32.166 0.7500000000
79423  -42.562  -5.018  31.398 0.7500000000
79436  -41.976  -4.898  30.959 0.7500000000
78213  -43.136  -5.285  30.907 0.5000000000
78227  -43.429  -5.530  30.079 0.5000000000
78228  -44.583  -5.764  29.920 0.5000000000
78242  -44.926  -6.433  29.184 0.3750000000
78229  -45.517  -6.545  30.087 0.5000000000
78230  -46.333  -6.851  30.343 0.3750000000
77068  -46.806  -7.322  30.033 0.2500000000
77069  -47.423  -7.142  29.834 0.2500000000
77059  -47.927  -6.076  29.517 0.2500000000
78219  -48.621  -5.791  31.113 0.2500000000
79427  -49.259  -5.365  30.781 0.1250000000
80481  -49.384  -4.601  30.578 0.3750000000
80488  -50.035  -4.658  30.308 0.2500000000
80489  -50.539  -4.720  29.844 0.2500000000
79424  -43.525  -5.346  31.567 0.6250000000
78214  -44.151  -5.530  31.085 0.5000000000
78215  -45.179  -5.785  30.749 0.3750000000
78216  -46.259  -5.894  30.526 0.3750000000
77058  -46.986  -6.316  29.881 0.3750000000
78217  -47.253  -5.509  30.455 0.3750000000
78218  -48.097  -5.465  30.771 0.3750000000
79426  -48.930  -5.305  31.524 0.3750000000
81529  -49.602  -4.083  30.422 0.3750000000
81535  -50.062  -3.564  30.229 0.5000000000
81541  -50.325  -3.067  29.786 0.3750000000
81542  -50.612  -3.691  29.158 0.3750000000
82589  -50.947  -2.551  27.989 0.3750000000
82579  -50.747  -2.968  28.732 0.2500000000
82601  -50.722  -2.895  27.135 0.2500000000
81554  -50.391  -3.524  25.863 0.1250000000
79408  -43.159  -4.940  32.225 0.7500000000
79425  -43.968  -5.563  31.621 0.6250000000
78199  -44.838  -5.504  31.481 0.6250000000
86915  -49.033  1.166  29.864 0.5000000000
87967  -48.358  1.405  29.750 0.1250000000
87981  -47.906  1.100  29.473 0.1250000000
87996  -47.218  1.250  29.227 0.1250000000
88020  -47.132  1.115  28.756 0.1250000000
78201  -46.584  -5.250  31.253 0.3750000000
85820  -49.650  0.433  29.902 0.6250000000
85829  -49.388  0.771  29.445 0.2500000000
86922  -48.770  0.895  29.140 0.2500000000
86937  -48.031  0.597  28.834 0.1250000000
86936  -47.742  0.839  28.959 0.1250000000
86956  -47.303  0.762  28.704 0.1250000000
78203  -47.995  -5.865  31.905 0.3750000000
80472  -48.494  -4.382  32.010 0.5000000000
84703  -50.236  -0.687  29.656 0.7500000000
85821  -50.106  -0.104  29.231 0.7500000000
85830  -49.508  0.126  28.850 0.5000000000
85852  -47.651  0.386  28.026 0.3750000000
81528  -49.072  -3.507  30.846 0.5000000000
82570  -49.456  -2.399  30.554 0.5000000000
82578  -50.293  -2.579  29.424 0.5000000000
83634  -50.136  -1.737  29.216 0.6250000000
84720  -49.261  -1.139  28.345 0.7500000000
84731  -48.949  -1.081  27.587 0.7500000000
85839  -48.301  0.091  28.330 0.3750000000
85853  -48.115  -0.021  27.912 0.3750000000
82588  -50.308  -2.444  28.782 0.3750000000
83644  -49.740  -2.136  28.461 0.5000000000
83660  -49.615  -2.000  27.527 0.6250000000
84746  -48.984  -1.001  26.916 0.7500000000
85854  -48.489  -0.340  27.877 0.5000000000
83661  -50.301  -2.466  27.170 0.2500000000
83674  -50.199  -2.270  26.746 0.3750000000
83673  -49.801  -1.612  26.472 0.6250000000
83551  -45.316  -1.334  34.533 0.3750000000
84648  -45.843  -0.561  34.113 0.3750000000
83568  -46.116  -1.717  34.246 0.3750000000
83569  -46.616  -1.445  33.645 0.5000000000
85785  -46.194  0.419  32.892 0.2500000000
78198  -44.406  -5.576  31.556 0.6250000000
79409  -44.206  -5.443  32.082 0.7500000000
84649  -46.410  -0.461  33.303 0.2500000000
86883  -45.736  0.941  32.432 0.2500000000
81487  -46.606  -3.300  33.757 0.7500000000
82519  -46.789  -2.430  33.857 0.7500000000
85789  -46.715  0.232  32.088 0.3750000000
86890  -46.305  0.885  31.676 0.2500000000
87941  -45.949  1.533  31.737 0.1250000000
86952  -44.283  1.318  28.461 0.1250000000
78200  -45.695  -5.333  31.268 0.7500000000
80455  -46.571  -3.851  32.760 0.7500000000
81505  -46.940  -3.151  33.115 0.7500000000
82533  -46.999  -2.350  33.085 0.7500000000
83586  -47.012  -1.441  32.936 0.7500000000
84661  -46.941  -0.559  32.586 0.7500000000
84677  -47.251  -0.410  32.148 0.3750000000
85798  -47.295  -0.163  31.940 0.6250000000
86891  -46.816  0.524  31.370 0.2500000000
86898  -46.337  1.198  31.283 0.1250000000
87948  -47.019  1.518  30.531 0.1250000000
89007  -46.426  2.028  31.014 0.1250000000
88017  -44.940  1.250  28.969 0.1250000000
84662  -47.540  -0.925  32.273 0.7500000000
84678  -48.006  -0.525  32.126 0.6250000000
85799  -47.356  0.111  31.516 0.5000000000
86899  -47.119  0.832  30.892 0.2500000000
86908  -47.449  1.173  30.370 0.1250000000
89008  -47.015  1.970  30.352 0.1250000000
89027  -47.255  2.204  29.862 0.1250000000
89054  -46.954  1.783  29.522 0.1250000000
89053  -46.517  1.591  29.665 0.1250000000
88018  -45.527  1.174  28.759 0.1250000000
86953  -45.235  1.141  28.140 0.1250000000
86975  -44.590  0.967  27.677 0.1250000000
86974  -43.795  1.131  27.597 0.1250000000
82534  -47.365  -2.417  32.466 0.7500000000
83587  -47.456  -1.570  32.393 0.7500000000
83604  -48.137  -1.567  32.199 0.7500000000
85800  -48.097  0.143  31.012 0.6250000000
86909  -48.199  0.846  30.215 0.5000000000
87966  -47.523  1.509  29.808 0.1250000000
87980  -47.370  1.535  29.541 0.1250000000
88019  -47.040  1.512  28.465 0.1250000000
86954  -45.962  1.157  28.447 0.1250000000
85849  -45.896  0.846  27.838 0.1250000000
85873  -45.280  0.473  27.159 0.1250000000
85872  -44.251  0.567  27.043 0.1250000000
78202  -47.403  -5.445  31.562 0.3750000000
79413  -47.585  -5.048  32.168 0.5000000000
79414  -48.368  -5.258  32.176 0.5000000000
82550  -48.057  -2.489  32.203 0.7500000000
83605  -48.745  -1.461  31.782 0.7500000000
84693  -49.006  -0.587  30.925 0.7500000000
85811  -48.826  0.238  30.606 0.6250000000
85851  -47.189  0.585  28.314 0.1250000000
85874  -46.237  0.285  27.408 0.1250000000
81522  -48.483  -3.469  31.693 0.5000000000
82551  -48.710  -2.498  31.755 0.7500000000
82562  -49.098  -2.396  31.143 0.7500000000
84702  -49.714  -0.572  30.369 0.7500000000
84744  -47.882  -0.630  26.864 0.3750000000
85876  -47.552  0.094  27.439 0.3750000000
80480  -48.850  -4.464  31.190 0.5000000000
83625  -49.594  -1.509  30.524 0.7500000000
83626  -50.269  -1.551  30.034 0.6250000000
84764  -48.101  -1.421  26.634 0.5000000000
85877  -47.941  -0.164  27.417 0.3750000000
82613  -49.290  -2.813  25.610 0.6250000000
83691  -49.469  -1.887  25.787 0.7500000000
83690  -48.661  -1.768  25.914 0.6250000000
84730  -48.582  -0.613  27.429 0.5000000000
82614  -49.940  -2.635  25.565 0.5000000000
81558  -49.842  -3.758  25.390 0.3750000000
80516  -50.115  -5.188  24.341 0.2500000000
80436  -46.213  -3.820  33.574 0.6250000000
79393  -44.679  -4.683  32.635 0.7500000000
79394  -45.461  -4.357  32.362 0.7500000000
80454  -45.868  -4.081  32.979 0.7500000000
79410  -45.206  -5.092  32.024 0.7500000000
79411  -45.959  -4.687  31.737 0.7500000000
79395  -46.110  -4.217  32.268 0.7500000000
79412  -46.754  -4.737  32.062 0.7500000000
80470  -47.160  -4.292  32.302 0.7500000000
81506  -47.312  -3.207  32.587 0.7500000000
80456  -47.127  -3.730  32.581 0.7500000000
85893  -44.592  -0.011  26.573 0.1250000000
85892  -43.814  -0.057  26.471 0.1250000000
81521  -47.932  -3.378  32.252 0.6250000000
85875  -46.966  0.234  27.468 0.1250000000
84741  -45.923  -0.217  26.804 0.1250000000
84760  -45.276  -0.549  26.253 0.1250000000
84759  -44.291  -0.825  26.262 0.1250000000
84763  -47.693  -1.282  26.501 0.3750000000
84762  -47.096  -0.934  26.176 0.3750000000
81557  -49.151  -3.817  25.407 0.5000000000
80515  -49.386  -5.259  24.391 0.2500000000
81571  -48.563  -4.622  24.949 0.5000000000
80526  -49.509  -5.448  23.125 0.2500000000
61541  -22.580  -21.263  29.183 0.7500000000
60485  -25.304  -22.289  27.450 0.7500000000
61583  -27.349  -20.571  25.837 0.5000000000
60316  -35.910  -21.827  38.420 0.5000000000
80479  -41.119  -3.927  32.145 0.6250000000
61555  -23.258  -21.834  28.813 0.7500000000
60469  -23.745  -22.367  28.604 0.7500000000
60488  -27.337  -22.364  27.704 0.6250000000
140317  -26.887  -19.052  27.448 0.7500000000
62616  -27.447  -19.723  25.386 0.3750000000
77079  -35.427  -6.777  31.033 0.7500000000
52632  -13.506  -29.958  36.493 0.5000000000
59346  -23.557  -23.622  29.628 0.6250000000
59347  -24.661  -23.760  29.373 0.6250000000
59383  -24.069  -22.822  28.362 0.7500000000
59384  -24.669  -23.010  27.849 0.7500000000
140314  -28.268  -20.296  25.657 0.2500000000
140294  -28.788  -20.527  26.195 0.1250000000
63648  -27.296  -19.229  27.963 0.7500000000
140350  -28.368  -17.953  27.314 0.6250000000
55558  -14.844  -25.984  46.313 0.5000000000
57959  -17.074  -23.451  43.363 0.8750000000
62467  -21.843  -19.027  45.335 0.5000000000
77076  -33.594  -8.834  29.450 0.2500000000
75878  -33.652  -11.099  29.859 0.2500000000
78235  -34.421  -6.767  29.740 0.6250000000
80484  -37.678  -4.451  30.612 0.6250000000
79433  -39.168  -4.204  29.916 0.6250000000
78269  -37.680  -4.939  27.318 0.3750000000
79448  -38.360  -4.717  27.660 0.3750000000
79442  -39.129  -4.360  28.990 0.6250000000
78196  -37.745  -6.312  32.634 0.8750000000
78239  -41.729  -5.168  29.774 0.5000000000
77080  -44.496  -6.666  28.237 0.2500000000
75859  -48.344  -6.811  29.780 0.1250000000
77061  -49.293  -6.857  30.245 0.1250000000
78231  -49.664  -6.210  30.410 0.1250000000
78212  -42.701  -5.143  30.906 0.6250000000
78243  -45.552  -7.001  29.410 0.3750000000
81536  -50.492  -4.194  29.583 0.2500000000
81534  -49.373  -2.970  30.656 0.5000000000
82571  -50.083  -2.436  30.151 0.5000000000
83645  -50.123  -2.531  27.699 0.5000000000
82604  -50.468  -2.916  26.535 0.2500000000
81559  -50.243  -3.811  25.405 0.1250000000
82603  -50.297  -2.720  26.018 0.2500000000
87956  -48.580  1.393  30.122 0.1250000000
89043  -47.027  2.102  29.657 0.1250000000
86923  -48.898  0.393  28.627 0.2500000000
86957  -47.817  0.491  28.478 0.2500000000
84711  -49.987  -0.908  28.824 0.7500000000
85840  -48.805  -0.207  28.276 0.7500000000
84745  -48.385  -0.772  26.831 0.3750000000
83672  -49.152  -1.126  26.167 0.6250000000
85784  -45.658  0.476  33.581 0.2500000000
85790  -46.749  0.415  31.617 0.3750000000
87947  -46.291  1.555  31.056 0.1250000000
89014  -46.934  2.460  30.456 0.1250000000
87993  -45.439  1.231  29.257 0.1250000000
84679  -48.431  -0.564  31.450 0.7500000000
86900  -47.995  0.519  30.620 0.5000000000
87955  -47.600  1.410  30.027 0.1250000000
89015  -47.241  1.963  30.040 0.1250000000
87995  -46.918  1.194  29.095 0.1250000000
87994  -46.135  1.245  29.108 0.1250000000
86934  -46.721  0.924  28.846 0.1250000000
85837  -46.993  0.859  28.702 0.1250000000
83617  -49.099  -1.482  31.102 0.7500000000
84743  -47.369  -0.392  26.809 0.3750000000
81572  -49.630  -4.639  25.015 0.2500000000
85871  -43.383  0.666  26.838 0.1250000000
80471  -47.733  -4.209  32.304 0.6250000000
85891  -42.993  0.033  26.078 0.1250000000
46748  2.442  -34.776  41.762 0.1250000000
46725  1.782  -34.156  42.197 0.2500000000
46726  1.037  -34.285  41.897 0.2500000000
46749  1.635  -34.917  41.451 0.2500000000
46751  0.217  -34.499  40.797 0.2500000000
46747  3.258  -34.321  41.654 0.1250000000
46712  1.013  -33.787  42.722 0.2500000000
46711  1.746  -33.563  42.909 0.3750000000
46724  2.596  -33.789  42.534 0.3750000000
46727  0.352  -34.124  41.470 0.2500000000
46723  3.229  -33.651  42.299 0.3750000000
47968  -0.384  -33.839  40.735 0.2500000000
47930  1.046  -33.488  43.652 0.3750000000
46710  2.183  -33.410  43.039 0.3750000000
47929  1.859  -33.324  43.570 0.3750000000
47931  -0.010  -33.285  43.220 0.3750000000
46713  0.505  -33.728  42.238 0.2500000000
47928  2.522  -33.083  43.225 0.3750000000
47952  -0.165  -33.347  41.847 0.2500000000
47951  3.111  -33.120  42.702 0.3750000000
47969  -1.222  -32.961  41.117 0.2500000000
47980  -1.100  -33.454  40.157 0.2500000000
49232  -2.238  -32.591  40.162 0.2500000000
48001  -3.464  -33.484  39.541 0.2500000000
49250  -2.954  -32.593  39.481 0.2500000000
49251  -3.979  -32.611  39.217 0.2500000000
50456  -4.366  -31.926  39.296 0.2500000000
49253  -6.067  -32.342  39.195 0.2500000000
48004  -6.767  -32.983  39.401 0.1250000000
48010  -11.880  -34.440  38.819 0.1250000000
47906  1.347  -33.005  44.355 0.3750000000
47907  0.226  -33.074  44.610 0.3750000000
47932  -1.170  -32.763  43.545 0.3750000000
49171  2.570  -32.123  43.470 0.3750000000
49157  1.743  -32.150  44.294 0.2500000000
47953  -0.842  -32.684  42.425 0.2500000000
49216  -2.314  -32.326  41.161 0.3750000000
49217  -2.994  -31.784  40.991 0.2500000000
50435  -4.563  -31.404  39.894 0.2500000000
50457  -5.495  -31.554  39.352 0.2500000000
51541  -6.142  -31.299  39.301 0.2500000000
49254  -7.041  -32.252  39.143 0.2500000000
50459  -7.257  -31.529  39.012 0.2500000000
48023  -9.627  -33.083  38.390 0.1250000000
48024  -10.318  -33.273  38.128 0.1250000000
48025  -11.318  -33.726  38.045 0.1250000000
49159  -0.143  -32.313  44.937 0.2500000000
47908  -0.777  -32.845  44.400 0.3750000000
50375  1.358  -31.412  44.651 0.2500000000
47954  -1.710  -32.505  42.828 0.3750000000
49194  -2.313  -32.247  42.317 0.3750000000
50415  -3.720  -31.495  40.682 0.5000000000
51543  -7.398  -30.863  39.228 0.3750000000
49270  -8.546  -31.697  38.744 0.2500000000
50478  -8.727  -31.246  38.634 0.2500000000
49272  -9.784  -32.685  38.145 0.1250000000
49288  -10.064  -32.246  37.744 0.1250000000
50493  -10.552  -31.566  37.841 0.2500000000
48045  -10.882  -32.937  37.691 0.1250000000
48046  -11.715  -33.138  37.473 0.1250000000
49290  -12.133  -32.333  37.045 0.1250000000
48047  -12.673  -33.186  37.479 0.1250000000
49273  -13.568  -32.936  37.611 0.1250000000
49293  -14.447  -32.399  37.657 0.1250000000
50497  -14.963  -31.897  37.449 0.1250000000
49307  -12.802  -32.126  36.610 0.1250000000
49292  -13.875  -32.455  37.248 0.1250000000
50509  -14.073  -31.867  36.485 0.1250000000
50525  -14.180  -31.183  35.608 0.1250000000
47867  -1.071  -32.281  46.321 0.1250000000
47868  -1.711  -33.152  46.364 0.1250000000
49146  -0.514  -31.818  45.446 0.1250000000
47884  -0.659  -32.444  45.155 0.2500000000
47885  -1.406  -32.751  45.362 0.2500000000
47869  -2.552  -33.321  46.248 0.3750000000
62394  -21.652  -20.075  52.295 0.1250000000
63448  -21.556  -19.218  52.428 0.1250000000
63449  -22.323  -19.301  52.306 0.1250000000
47886  -2.145  -33.202  45.446 0.2500000000
47910  -2.656  -32.980  44.626 0.5000000000
49145  -0.170  -31.228  45.550 0.2500000000
47909  -1.713  -33.018  44.512 0.5000000000
49158  0.530  -31.983  44.770 0.2500000000
47933  -2.192  -32.625  43.657 0.5000000000
47934  -3.175  -32.484  43.877 0.5000000000
49173  -2.783  -32.171  43.016 0.5000000000
49195  -3.196  -31.585  41.949 0.3750000000
51525  -7.534  -30.350  39.789 0.3750000000
51526  -8.424  -30.288  40.231 0.5000000000
51544  -8.410  -30.673  39.176 0.2500000000
50479  -9.371  -31.273  38.496 0.2500000000
50492  -9.897  -31.473  38.057 0.1250000000
49289  -11.048  -32.289  37.306 0.1250000000
50508  -13.228  -31.758  36.285 0.1250000000
50524  -13.459  -31.343  35.796 0.1250000000
51605  -14.815  -29.943  34.915 0.2500000000
59326  -24.209  -24.139  30.416 0.5000000000
64472  -21.956  -18.684  52.446 0.1250000000
64487  -24.219  -18.235  51.430 0.2500000000
63462  -24.626  -18.778  50.371 0.2500000000
47887  -3.087  -32.996  45.576 0.2500000000
62393  -20.598  -20.695  52.188 0.1250000000
62382  -20.600  -19.901  52.506 0.1250000000
64473  -22.554  -18.436  52.305 0.1250000000
63460  -23.714  -19.293  51.729 0.1250000000
47911  -3.567  -32.534  44.801 0.5000000000
60189  -19.466  -21.590  51.487 0.1250000000
61276  -20.336  -21.422  51.697 0.1250000000
61277  -21.467  -20.769  51.803 0.1250000000
62395  -22.971  -20.190  52.176 0.1250000000
62406  -23.601  -19.857  51.302 0.1250000000
63470  -24.557  -19.410  50.304 0.2500000000
62413  -25.061  -20.264  50.104 0.2500000000
62424  -25.676  -19.885  49.159 0.2500000000
61319  -25.768  -19.205  47.507 0.2500000000
60195  -19.715  -21.368  50.912 0.1250000000
61283  -20.402  -21.218  51.147 0.1250000000
61284  -21.076  -20.724  50.909 0.1250000000
61285  -22.494  -20.381  51.220 0.1250000000
62405  -23.157  -20.243  51.408 0.1250000000
61295  -23.254  -20.136  50.137 0.2500000000
61306  -24.427  -20.228  49.187 0.2500000000
62423  -25.170  -20.133  49.326 0.2500000000
61307  -25.245  -19.420  48.609 0.2500000000
60203  -19.376  -21.057  49.912 0.1250000000
60204  -20.238  -20.716  50.333 0.1250000000
61294  -22.146  -19.932  50.058 0.1250000000
61305  -23.201  -20.160  49.077 0.2500000000
61317  -24.099  -19.626  48.094 0.2500000000
61318  -24.938  -19.286  47.852 0.2500000000
61330  -25.706  -20.068  46.853 0.2500000000
60214  -20.025  -20.454  48.441 0.2500000000
61303  -20.984  -20.007  48.692 0.1250000000
61304  -22.073  -19.954  48.951 0.1250000000
61316  -23.202  -20.222  48.053 0.2500000000
61328  -24.064  -19.419  47.161 0.2500000000
61343  -25.181  -20.334  46.775 0.2500000000
50403  -7.867  -31.257  41.813 0.3750000000
60218  -19.993  -20.522  47.929 0.3750000000
61314  -21.010  -20.346  47.991 0.2500000000
61315  -22.091  -20.144  48.040 0.2500000000
61342  -24.690  -20.233  46.609 0.3750000000
60227  -24.689  -20.607  45.900 0.3750000000
50419  -7.628  -30.828  41.210 0.5000000000
50420  -8.570  -30.909  41.145 0.5000000000
51512  -8.049  -30.507  40.852 0.5000000000
51545  -9.105  -30.493  39.540 0.5000000000
51561  -9.234  -30.764  38.951 0.5000000000
50462  -10.719  -31.082  39.446 0.5000000000
50480  -10.019  -31.082  38.831 0.3750000000
50494  -11.410  -31.597  37.513 0.2500000000
50495  -12.143  -31.419  37.067 0.2500000000
51580  -12.738  -31.045  36.074 0.1250000000
51581  -12.949  -30.459  35.999 0.2500000000
51590  -12.953  -30.992  35.602 0.1250000000
51591  -13.556  -30.679  35.433 0.1250000000
52649  -13.948  -30.227  35.338 0.1250000000
52650  -14.402  -29.719  35.258 0.1250000000
53651  -14.965  -29.069  35.038 0.2500000000
59327  -25.283  -24.133  30.129 0.2500000000
47840  -1.937  -33.087  48.516 0.1250000000
47839  -1.080  -32.316  48.639 0.1250000000
47854  -1.211  -33.092  47.469 0.1250000000
47855  -2.455  -33.331  47.248 0.1250000000
47853  -0.582  -32.260  47.705 0.1250000000
47870  -3.395  -32.793  46.492 0.1250000000
59016  -17.821  -22.057  50.922 0.1250000000
60187  -17.762  -21.736  51.162 0.1250000000
61268  -18.609  -21.050  52.082 0.1250000000
62381  -19.460  -20.491  52.291 0.1250000000
64461  -21.335  -18.477  52.503 0.1250000000
64476  -24.302  -17.683  51.418 0.2500000000
64488  -24.612  -18.049  50.831 0.2500000000
64503  -25.079  -18.445  50.318 0.2500000000
61274  -18.326  -21.510  51.349 0.1250000000
61275  -19.077  -21.574  51.955 0.1250000000
63440  -19.821  -19.191  52.748 0.1250000000
63441  -20.837  -19.127  52.527 0.1250000000
64474  -23.330  -18.116  52.188 0.2500000000
63451  -24.022  -18.666  51.996 0.2500000000
64504  -25.771  -18.297  50.215 0.2500000000
62414  -26.114  -19.908  49.786 0.2500000000
47888  -3.881  -32.138  45.763 0.3750000000
47912  -4.507  -32.240  44.919 0.3750000000
59023  -18.063  -22.457  50.721 0.1250000000
60194  -18.635  -21.557  50.337 0.1250000000
62392  -19.918  -21.163  52.186 0.1250000000
63471  -25.381  -19.239  50.173 0.2500000000
62425  -26.067  -19.139  48.784 0.2500000000
57847  -18.416  -23.727  49.252 0.2500000000
59029  -18.503  -22.302  49.963 0.1250000000
57881  -18.646  -23.503  48.018 0.3750000000
59032  -18.664  -22.221  49.070 0.2500000000
60202  -18.718  -21.571  49.510 0.1250000000
59043  -18.334  -23.156  47.024 0.3750000000
59044  -19.036  -22.807  47.664 0.3750000000
59045  -19.114  -22.016  48.035 0.3750000000
49219  -9.575  -32.024  41.592 0.5000000000
59052  -18.036  -22.977  46.336 0.3750000000
59053  -18.387  -22.472  46.957 0.3750000000
60217  -19.338  -21.249  47.781 0.3750000000
61325  -20.641  -20.204  47.592 0.2500000000
61326  -21.951  -19.885  47.257 0.2500000000
61339  -22.346  -19.515  46.633 0.3750000000
61340  -23.065  -19.282  46.494 0.3750000000
61341  -24.329  -19.596  46.090 0.3750000000
60226  -24.575  -20.250  45.789 0.3750000000
60236  -24.645  -20.314  45.374 0.3750000000
50421  -9.414  -31.357  41.102 0.5000000000
50422  -9.909  -31.604  41.124 0.5000000000
59062  -17.336  -22.795  45.808 0.3750000000
59063  -17.665  -22.237  46.432 0.5000000000
61336  -18.559  -20.630  46.611 0.3750000000
61337  -19.447  -20.080  46.979 0.5000000000
62449  -21.117  -19.491  46.544 0.3750000000
62450  -21.784  -19.698  46.643 0.3750000000
50438  -8.906  -30.531  40.577 0.5000000000
50440  -10.149  -31.125  40.426 0.5000000000
49234  -10.745  -31.332  40.797 0.5000000000
60235  -17.731  -21.296  46.177 0.6250000000
60249  -17.456  -21.167  45.208 0.6250000000
62447  -19.193  -19.719  46.091 0.6250000000
62458  -21.141  -19.087  45.761 0.2500000000
51528  -9.666  -30.667  40.249 0.6250000000
50441  -11.115  -31.146  40.249 0.5000000000
50481  -11.038  -31.274  38.458 0.2500000000
50463  -11.712  -31.149  39.285 0.5000000000
50482  -11.819  -31.072  38.038 0.3750000000
51572  -12.604  -30.912  36.665 0.2500000000
59348  -25.689  -23.705  29.220 0.3750000000
59329  -27.225  -23.914  29.877 0.1250000000
47825  -2.033  -31.928  49.304 0.1250000000
47856  -3.654  -33.167  47.282 0.1250000000
47871  -4.391  -32.003  46.885 0.1250000000
59015  -17.639  -22.678  51.504 0.1250000000
61267  -18.023  -21.236  51.421 0.1250000000
47889  -4.952  -31.829  45.775 0.2500000000
47913  -5.452  -32.333  44.924 0.3750000000
56632  -17.749  -24.217  51.214 0.1250000000
59022  -17.853  -23.097  51.192 0.1250000000
57830  -18.043  -23.516  50.892 0.1250000000
57838  -18.287  -23.703  50.163 0.1250000000
56649  -17.881  -24.385  49.840 0.2500000000
56676  -17.595  -24.362  48.040 0.2500000000
57880  -18.221  -23.717  47.537 0.2500000000
56688  -17.416  -24.141  47.131 0.2500000000
49220  -10.490  -31.852  41.402 0.5000000000
57900  -17.738  -23.584  46.681 0.3750000000
57932  -17.025  -23.251  45.246 0.5000000000
59076  -17.009  -22.055  45.722 0.3750000000
49235  -11.212  -31.387  41.020 0.5000000000
50464  -12.695  -31.241  39.724 0.5000000000
59349  -26.650  -23.633  29.156 0.5000000000
47842  -4.107  -33.448  48.158 0.1250000000
47841  -3.040  -33.330  48.344 0.1250000000
47872  -5.577  -31.753  46.516 0.1250000000
47890  -5.940  -32.039  45.647 0.1250000000
61261  -17.148  -21.074  51.603 0.1250000000
62380  -18.120  -20.358  51.713 0.1250000000
47891  -6.529  -32.736  45.470 0.3750000000
56639  -17.401  -24.648  51.014 0.1250000000
57823  -17.861  -23.748  51.650 0.1250000000
56661  -17.061  -24.577  49.609 0.2500000000
56675  -16.870  -24.507  48.705 0.2500000000
56687  -16.572  -24.475  47.676 0.1250000000
56698  -16.758  -24.198  46.417 0.5000000000
49222  -11.666  -31.544  41.638 0.5000000000
50442  -11.934  -31.321  40.512 0.6250000000
57931  -16.931  -23.773  44.780 0.6250000000
59370  -27.632  -22.964  28.554 0.1250000000
46670  -4.558  -33.509  48.071 0.1250000000
46689  -5.319  -32.136  47.254 0.1250000000
46682  -6.463  -33.310  47.103 0.1250000000
46683  -6.927  -33.484  46.726 0.1250000000
46690  -5.920  -32.448  46.771 0.1250000000
47873  -6.272  -32.310  46.193 0.1250000000
47875  -7.492  -33.521  46.231 0.1250000000
55497  -16.772  -25.455  51.962 0.1250000000
57811  -17.339  -24.071  53.002 0.1250000000
59003  -17.274  -22.360  53.275 0.1250000000
47874  -6.618  -33.220  45.885 0.1250000000
47892  -7.354  -33.219  45.375 0.1250000000
54500  -15.109  -25.705  49.504 0.1250000000
55510  -16.549  -25.053  50.200 0.2500000000
56631  -17.355  -24.706  51.705 0.1250000000
62371  -17.010  -19.980  51.423 0.1250000000
47916  -8.103  -33.049  44.688 0.2500000000
55522  -16.236  -24.728  49.384 0.1250000000
54536  -14.394  -26.439  46.559 0.3750000000
49221  -11.325  -31.809  41.636 0.5000000000
51529  -13.546  -31.115  40.162 0.6250000000
60471  -27.217  -22.611  28.109 0.3750000000
60472  -28.038  -22.402  27.964 0.2500000000
60506  -27.348  -22.093  27.288 0.3750000000
63660  -31.569  -20.214  27.820 0.1250000000
64711  -30.816  -18.519  27.080 0.1250000000
64700  -30.898  -18.894  27.009 0.1250000000
47858  -6.882  -33.312  47.790 0.1250000000
47876  -8.581  -33.378  46.465 0.1250000000
47893  -8.350  -33.374  45.517 0.2500000000
54486  -15.342  -25.745  50.285 0.1250000000
47917  -9.106  -33.239  44.683 0.2500000000
54524  -14.253  -26.000  47.898 0.2500000000
53555  -13.871  -27.069  46.921 0.3750000000
52566  -13.371  -28.471  44.404 0.3750000000
54547  -13.688  -26.904  44.767 0.3750000000
51488  -14.006  -29.541  43.111 0.5000000000
52579  -13.654  -28.886  43.459 0.5000000000
54555  -13.153  -26.840  43.783 0.3750000000
53585  -13.562  -28.022  42.585 0.3750000000
53579  -13.175  -27.788  43.545 0.3750000000
140348  -31.338  -18.782  28.512 0.1250000000
140170  -31.711  -19.138  28.114 0.1250000000
140360  -32.347  -19.516  29.594 0.1250000000
52578  -13.350  -29.332  44.214 0.3750000000
140159  -33.366  -17.650  31.407 0.1250000000
140354  -32.238  -19.330  30.968 0.1250000000
140157  -32.612  -15.528  31.987 0.1250000000
140158  -32.480  -15.528  32.118 0.1250000000
140298  -32.358  -14.970  31.704 0.1250000000
140324  -33.118  -14.289  31.303 0.1250000000
140358  -31.232  -19.239  30.675 0.5000000000
140334  -32.721  -18.078  32.131 0.2500000000
140144  -32.576  -15.829  32.258 0.2500000000
140149  -32.794  -14.571  32.504 0.3750000000
77094  -33.019  -8.302  28.539 0.3750000000
79469  -35.219  -5.888  25.678 0.2500000000
140274  -39.265  -14.319  37.972 0.3750000000
84870  -49.838  -1.262  18.284 0.1250000000
84871  -50.287  -1.188  18.714 0.1250000000
84879  -49.841  -0.877  18.230 0.1250000000
86005  -49.606  -0.515  17.707 0.1250000000
83771  -49.799  -2.107  18.367 0.2500000000
84878  -49.513  -1.045  17.782 0.1250000000
80525  -49.018  -5.507  23.651 0.3750000000
80537  -48.362  -5.729  22.565 0.3750000000
80580  -48.664  -4.670  19.971 0.3750000000
81637  -47.956  -4.262  19.834 0.3750000000
81623  -49.586  -4.352  19.871 0.1250000000
82672  -48.851  -3.287  18.504 0.2500000000
83781  -48.916  -2.259  17.461 0.2500000000
84886  -48.920  -1.122  16.759 0.2500000000
82612  -48.463  -3.163  25.691 0.5000000000
82623  -47.863  -3.774  25.243 0.5000000000
81570  -47.585  -4.487  24.728 0.5000000000
81602  -47.368  -5.397  23.090 0.3750000000
80564  -48.060  -4.772  20.468 0.3750000000
82684  -48.468  -2.922  17.943 0.3750000000
83780  -48.049  -2.143  17.154 0.2500000000
83790  -48.489  -1.750  16.972 0.2500000000
83779  -47.661  -2.151  16.828 0.2500000000
83789  -48.069  -1.568  16.515 0.2500000000
84894  -48.095  -0.769  15.731 0.2500000000
84895  -48.766  -0.822  16.091 0.2500000000
86032  -48.217  0.830  13.880 0.2500000000
87121  -48.477  1.921  13.135 0.2500000000
83689  -47.981  -2.327  26.518 0.5000000000
81586  -46.815  -4.864  24.133 0.5000000000
81601  -46.679  -5.021  22.646 0.5000000000
80549  -47.270  -5.158  21.367 0.5000000000
81621  -47.098  -4.210  20.705 0.5000000000
81636  -47.167  -3.925  19.833 0.5000000000
81648  -47.125  -3.468  18.994 0.5000000000
81649  -47.923  -3.717  19.073 0.5000000000
82669  -46.707  -3.077  17.872 0.3750000000
82691  -46.644  -2.580  16.983 0.3750000000
83788  -47.136  -2.131  16.448 0.3750000000
83796  -46.318  -1.434  15.490 0.3750000000
83797  -47.143  -1.537  15.748 0.3750000000
84900  -47.178  -0.383  14.602 0.3750000000
84901  -47.721  -0.576  15.010 0.3750000000
87107  -47.835  1.388  13.365 0.3750000000
87108  -48.703  1.512  13.611 0.2500000000
88217  -48.071  2.120  13.030 0.3750000000
88197  -48.045  2.793  13.094 0.2500000000
82689  -45.268  -2.372  15.993 0.2500000000
84899  -46.280  -0.166  14.252 0.3750000000
86026  -47.274  0.519  14.066 0.3750000000
86025  -46.205  0.659  14.092 0.3750000000
87096  -46.968  1.403  13.972 0.2500000000
47935  -4.147  -32.343  43.999 0.5000000000
50416  -4.807  -31.147  40.763 0.2500000000
50402  -7.014  -31.099  41.862 0.3750000000
49218  -8.840  -31.708  41.654 0.5000000000
47918  -10.072  -33.057  44.842 0.2500000000
55753  -16.160  -26.986  33.929 0.2500000000
61350  -18.195  -20.316  45.699 0.6250000000
50418  -6.752  -30.783  40.998 0.5000000000
51524  -6.601  -30.637  39.688 0.3750000000
51510  -6.932  -30.474  40.285 0.5000000000
49200  -8.235  -31.737  42.405 0.3750000000
52640  -13.605  -30.022  35.620 0.1250000000
59369  -26.975  -23.159  28.540 0.3750000000
60457  -28.666  -22.688  28.609 0.1250000000
140268  -29.214  -20.315  26.230 0.1250000000
55546  -15.976  -24.599  47.933 0.1250000000
55532  -15.532  -25.096  48.988 0.2500000000
54511  -14.849  -25.491  48.538 0.2500000000
64701  -30.509  -19.228  26.856 0.1250000000
140330  -30.558  -18.321  27.535 0.2500000000
57916  -16.971  -23.659  45.658 0.6250000000
61351  -22.558  -19.119  46.004 0.3750000000
59075  -17.306  -22.703  44.899 0.5000000000
62456  -18.993  -19.444  45.080 0.5000000000
77120  -33.335  -7.426  27.073 0.2500000000
78279  -35.817  -5.631  26.689 0.2500000000
81587  -47.898  -5.191  23.905 0.3750000000
140359  -31.786  -18.957  29.955 0.2500000000
45568  2.693  -35.434  41.011 0.1250000000
47905  2.173  -32.878  43.978 0.3750000000
49193  2.919  -32.635  43.043 0.3750000000
47970  -1.633  -32.457  41.958 0.3750000000
49215  -1.852  -32.727  40.636 0.2500000000
49249  -1.956  -33.097  39.680 0.2500000000
49233  -2.928  -32.033  40.286 0.2500000000
50455  -3.721  -32.219  39.390 0.2500000000
49252  -5.025  -32.454  39.253 0.2500000000
48009  -10.803  -34.206  38.702 0.1250000000
51542  -6.627  -31.097  39.229 0.1250000000
50460  -8.054  -31.317  38.861 0.2500000000
49255  -8.112  -32.210  38.890 0.2500000000
49271  -9.221  -32.168  38.545 0.1250000000
48026  -12.383  -33.796  38.154 0.1250000000
50363  0.674  -31.025  45.143 0.1250000000
49172  -2.230  -32.366  42.973 0.5000000000
51560  -8.932  -30.855  38.722 0.3750000000
49287  -9.649  -31.745  38.195 0.1250000000
49291  -13.109  -32.720  37.062 0.1250000000
48027  -13.455  -33.495  38.180 0.1250000000
49274  -14.113  -32.873  38.081 0.1250000000
50496  -14.348  -32.150  37.209 0.1250000000
49257  -14.544  -33.090  38.895 0.1250000000
49275  -14.829  -32.552  38.326 0.1250000000
49308  -13.421  -32.217  36.690 0.1250000000
50507  -12.715  -31.501  36.477 0.1250000000
61278  -22.202  -20.484  51.968 0.1250000000
49306  -12.416  -31.865  36.735 0.2500000000
62407  -24.112  -19.832  50.570 0.2500000000
63461  -23.993  -18.943  50.936 0.2500000000
63450  -23.214  -19.127  52.151 0.1250000000
62396  -23.478  -19.705  51.963 0.1250000000
60188  -18.542  -21.575  51.042 0.1250000000
61286  -23.359  -20.124  50.859 0.1250000000
61287  -23.747  -20.059  50.746 0.2500000000
61296  -24.013  -20.332  50.338 0.2500000000
60211  -19.973  -20.292  49.349 0.1250000000
61293  -20.939  -19.798  49.817 0.1250000000
60210  -19.189  -21.150  48.900 0.2500000000
61329  -24.804  -19.732  47.175 0.2500000000
61327  -23.146  -19.694  47.222 0.2500000000
60213  -19.269  -21.114  48.118 0.3750000000
61324  -19.767  -20.475  47.516 0.3750000000
62442  -21.389  -19.909  47.192 0.2500000000
51546  -9.769  -30.642  39.695 0.5000000000
47857  -4.367  -32.918  47.352 0.1250000000
60182  -17.316  -21.939  51.710 0.1250000000
63439  -18.850  -19.397  52.002 0.1250000000
64460  -20.521  -18.306  52.641 0.1250000000
65496  -23.517  -17.201  52.138 0.2500000000
57839  -18.795  -23.048  49.769 0.2500000000
57863  -18.815  -23.327  48.490 0.2500000000
57862  -18.324  -23.948  48.377 0.3750000000
57848  -19.057  -23.086  49.102 0.2500000000
59038  -18.897  -21.818  48.442 0.2500000000
59037  -19.169  -22.620  48.479 0.3750000000
57917  -17.394  -23.288  45.998 0.3750000000
60216  -18.853  -21.901  47.385 0.3750000000
50439  -9.352  -30.792  40.643 0.5000000000
60225  -18.973  -20.983  47.370 0.3750000000
61338  -20.402  -19.917  47.078 0.3750000000
60224  -18.295  -21.602  46.910 0.5000000000
62448  -20.214  -19.370  46.429 0.3750000000
50461  -10.208  -30.899  39.579 0.5000000000
46688  -4.769  -32.472  47.380 0.1250000000
56640  -17.854  -24.273  50.622 0.2500000000
56648  -17.283  -24.745  50.397 0.2500000000
56662  -17.715  -24.323  48.971 0.2500000000
56699  -17.316  -23.955  46.595 0.3750000000
60177  -17.015  -21.868  52.474 0.1250000000
57812  -17.551  -23.534  52.248 0.1250000000
63438  -17.875  -19.361  51.820 0.1250000000
46681  -5.739  -33.066  47.168 0.1250000000
55501  -16.286  -25.826  51.469 0.1250000000
55496  -16.304  -25.912  52.222 0.1250000000
55502  -16.918  -25.303  51.049 0.1250000000
56623  -17.099  -24.978  52.622 0.1250000000
55509  -16.076  -25.542  50.689 0.1250000000
59009  -17.422  -22.876  52.768 0.1250000000
61260  -16.647  -20.942  52.272 0.1250000000
55521  -15.776  -25.316  49.898 0.1250000000
63426  -17.290  -18.967  52.264 0.1250000000
54535  -14.021  -26.992  45.626 0.3750000000
140355  -31.405  -19.086  27.409 0.1250000000
53546  -13.777  -26.758  47.573 0.2500000000
54510  -14.469  -26.079  49.067 0.2500000000
53566  -13.607  -27.433  45.338 0.3750000000
53572  -13.369  -27.584  44.526 0.3750000000
140230  -32.336  -14.435  31.755 0.1250000000
140311  -32.657  -14.033  32.085 0.1250000000
78289  -34.357  -6.940  25.110 0.2500000000
83765  -50.303  -2.552  18.974 0.1250000000
82663  -49.773  -3.267  18.977 0.1250000000
80550  -48.224  -5.399  21.300 0.3750000000
80536  -47.448  -5.614  22.118 0.3750000000
81638  -49.018  -4.287  19.382 0.3750000000
80565  -49.124  -4.843  20.389 0.2500000000
81622  -47.588  -4.473  20.438 0.3750000000
81650  -48.454  -3.933  19.153 0.2500000000
82683  -47.982  -2.734  17.685 0.2500000000
82611  -47.665  -2.849  25.577 0.5000000000
82622  -47.124  -3.679  24.889 0.5000000000
80563  -47.315  -4.637  20.869 0.3750000000
82671  -47.946  -3.274  18.331 0.3750000000
82682  -47.206  -2.625  17.325 0.3750000000
83798  -47.624  -1.492  16.105 0.3750000000
86017  -48.679  -0.361  15.371 0.2500000000
84893  -47.136  -0.973  15.186 0.3750000000
86027  -48.369  0.011  14.731 0.3750000000
86033  -48.880  1.114  14.312 0.2500000000
82670  -47.202  -3.041  18.164 0.5000000000
83787  -46.269  -1.905  16.049 0.3750000000
82681  -46.135  -3.160  17.463 0.3750000000
82690  -46.094  -2.483  16.671 0.3750000000
83786  -45.781  -1.791  15.737 0.3750000000
84892  -46.256  -0.855  14.914 0.3750000000
88196  -47.491  2.109  13.448 0.3750000000
83795  -45.331  -1.504  15.458 0.2500000000
82680  -45.163  -2.911  17.025 0.2500000000
140400  -21.591  -21.915  32.544 0.2500000000
59315  -22.284  -22.949  32.884 0.2500000000
58164  -24.018  -24.359  31.465 0.1250000000
58151  -25.619  -25.436  31.444 0.1250000000
59328  -26.286  -23.956  30.024 0.2500000000
61364  -32.671  -21.025  43.662 0.1250000000
62461  -32.317  -20.298  44.159 0.1250000000
60260  -32.444  -21.643  43.893 0.1250000000
60261  -33.190  -21.700  43.644 0.1250000000
60275  -33.622  -22.292  43.006 0.1250000000
59082  -31.864  -22.283  43.987 0.1250000000
59103  -32.524  -22.604  43.450 0.1250000000
59104  -33.117  -22.581  43.138 0.1250000000
59123  -33.111  -23.196  42.471 0.1250000000
61356  -31.977  -20.834  44.260 0.1250000000
60276  -34.271  -22.294  42.498 0.1250000000
60245  -31.835  -21.223  44.402 0.1250000000
60289  -34.015  -23.174  42.033 0.1250000000
140127  -33.075  -23.532  40.877 0.1250000000
60303  -34.050  -23.292  40.705 0.1250000000
140135  -32.409  -23.663  39.812 0.1250000000
59180  -32.029  -23.910  39.102 0.1250000000
65578  -32.424  -18.206  44.994 0.1250000000
63507  -32.117  -19.480  45.597 0.1250000000
63506  -31.611  -19.347  46.178 0.1250000000
61355  -31.942  -20.946  45.291 0.1250000000
61347  -31.583  -20.849  46.073 0.1250000000
62444  -29.917  -20.093  46.651 0.1250000000
62451  -30.364  -20.470  46.239 0.1250000000
64538  -32.205  -18.515  45.979 0.1250000000
65577  -32.375  -17.628  45.483 0.1250000000
65576  -31.685  -17.568  46.224 0.1250000000
66612  -31.745  -16.712  45.861 0.1250000000
64537  -31.298  -18.442  46.372 0.1250000000
64530  -30.514  -18.442  46.696 0.1250000000
65563  -30.297  -17.636  46.978 0.1250000000
67647  -29.755  -16.859  46.060 0.1250000000
75953  -37.668  -9.040  25.927 0.1250000000
75963  -35.661  -9.378  24.944 0.1250000000
74718  -36.139  -9.579  25.571 0.1250000000
77143  -36.299  -8.322  24.153 0.1250000000
75965  -37.571  -8.694  25.059 0.1250000000
77145  -38.497  -7.924  24.756 0.1250000000
79477  -35.237  -6.247  25.038 0.1250000000
78291  -36.501  -6.314  24.230 0.1250000000
78292  -37.710  -6.320  24.580 0.1250000000
78300  -37.044  -7.176  23.951 0.1250000000
78301  -38.173  -7.074  24.391 0.1250000000
79470  -36.321  -5.325  25.745 0.1250000000
79471  -37.389  -5.444  25.873 0.1250000000
79472  -38.249  -5.357  26.000 0.1250000000
79461  -37.593  -5.219  26.651 0.2500000000
79464  -39.826  -4.593  27.587 0.3750000000
78273  -42.767  -6.630  26.581 0.1250000000
77081  -45.440  -6.835  28.581 0.1250000000
77097  -45.120  -7.129  27.711 0.1250000000
84742  -46.643  -0.261  26.780 0.1250000000
84761  -46.226  -0.777  26.148 0.1250000000
83686  -45.731  -1.450  25.626 0.1250000000
83687  -46.589  -1.626  25.691 0.2500000000
83688  -47.321  -1.958  26.051 0.2500000000
81612  -46.701  -4.616  21.567 0.3750000000
82609  -46.115  -2.360  25.198 0.2500000000
82610  -46.932  -2.561  25.271 0.2500000000
81568  -45.949  -3.687  24.230 0.2500000000
81585  -46.276  -4.227  23.794 0.3750000000
81600  -46.142  -4.295  22.584 0.3750000000
81620  -46.481  -4.247  20.543 0.3750000000
81635  -46.223  -4.174  19.632 0.3750000000
81647  -46.245  -3.607  18.491 0.3750000000
81569  -46.251  -3.772  24.291 0.3750000000
80548  -46.015  -4.299  20.961 0.3750000000
81611  -46.078  -4.227  21.503 0.3750000000
80562  -45.878  -4.401  20.517 0.3750000000
81634  -45.664  -4.062  19.131 0.3750000000
81659  -45.624  -3.578  18.116 0.3750000000
84891  -45.375  -0.382  15.063 0.2500000000
67656  -31.415  -16.580  45.400 0.1250000000
60232  -29.450  -21.038  45.235 0.2500000000
61345  -29.693  -20.590  45.947 0.2500000000
60244  -31.697  -21.527  44.925 0.1250000000
140401  -21.997  -22.383  32.284 0.3750000000
61354  -31.536  -21.397  45.686 0.1250000000
61346  -30.783  -21.065  46.035 0.1250000000
78280  -36.830  -5.418  26.492 0.2500000000
79450  -40.265  -4.309  28.222 0.3750000000
78272  -41.685  -5.698  26.868 0.2500000000
58163  -23.528  -24.070  31.892 0.2500000000
78253  -40.777  -4.637  27.899 0.2500000000
58165  -24.870  -24.831  30.956 0.1250000000
58166  -25.946  -24.808  30.613 0.1250000000
82630  -46.606  -4.039  24.429 0.3750000000
78298  -34.880  -7.489  24.286 0.1250000000
59316  -23.210  -23.843  32.811 0.2500000000
58149  -23.905  -24.277  32.241 0.1250000000
63512  -32.061  -19.572  44.726 0.1250000000
59083  -32.222  -22.041  43.930 0.1250000000
60274  -33.068  -22.225  43.560 0.1250000000
60259  -31.862  -21.689  44.179 0.1250000000
62460  -32.036  -20.238  45.036 0.1250000000
64539  -32.345  -18.378  45.320 0.1250000000
62453  -32.091  -20.260  46.082 0.1250000000
62452  -30.985  -20.142  46.339 0.1250000000
63500  -30.858  -19.237  46.589 0.1250000000
61334  -29.360  -20.131  46.331 0.1250000000
62436  -29.681  -19.675  47.035 0.1250000000
62443  -29.262  -20.035  46.619 0.1250000000
62445  -30.457  -19.696  46.611 0.1250000000
63499  -30.083  -19.251  46.811 0.1250000000
64529  -30.031  -18.437  47.250 0.1250000000
65552  -30.131  -17.566  47.807 0.1250000000
68704  -29.029  -16.499  45.631 0.1250000000
67646  -29.686  -16.342  46.770 0.1250000000
68695  -28.990  -16.466  46.418 0.1250000000
75966  -38.134  -8.619  25.228 0.1250000000
77142  -34.993  -8.685  24.285 0.1250000000
75952  -36.821  -9.204  25.739 0.1250000000
78299  -35.845  -7.380  24.033 0.1250000000
78290  -35.396  -6.568  24.454 0.1250000000
75964  -36.682  -8.911  24.890 0.1250000000
77144  -37.442  -8.066  24.349 0.1250000000
79478  -35.860  -5.697  24.850 0.1250000000
79479  -37.023  -5.749  25.062 0.1250000000
79480  -38.087  -5.737  25.292 0.1250000000
78302  -38.788  -7.064  24.593 0.1250000000
79462  -38.420  -5.044  26.785 0.2500000000
79481  -38.696  -5.600  25.517 0.2500000000
79463  -39.390  -5.009  27.083 0.2500000000
78270  -39.887  -5.085  26.846 0.2500000000
82608  -45.258  -2.270  25.246 0.1250000000
82621  -46.406  -3.364  24.692 0.2500000000
66601  -30.174  -16.781  47.328 0.1250000000
48005  -7.648  -32.904  39.288 0.1250000000
48006  -8.416  -33.136  39.143 0.1250000000
46807  -9.532  -34.126  39.279 0.1250000000
49256  -8.743  -32.692  38.848 0.1250000000
50377  -12.893  -30.705  44.387 0.3750000000
51594  -15.706  -29.778  35.147 0.1250000000
52657  -15.066  -29.365  34.757 0.1250000000
52658  -15.590  -29.106  34.492 0.1250000000
53653  -15.992  -28.540  34.159 0.1250000000
53652  -15.460  -28.528  34.498 0.1250000000
53660  -15.909  -28.054  33.998 0.1250000000
62502  -38.303  -17.922  38.657 0.2500000000
65638  -38.810  -16.358  38.610 0.2500000000
51475  -13.041  -29.977  44.636 0.3750000000
48007  -9.151  -33.293  38.800 0.1250000000
47986  -8.064  -33.386  39.564 0.1250000000
51606  -15.325  -29.659  34.820 0.1250000000
62434  -28.421  -20.087  48.041 0.2500000000
64516  -27.207  -18.114  49.493 0.1250000000
63482  -27.247  -18.616  48.776 0.1250000000
63491  -28.030  -19.036  48.447 0.1250000000
65508  -25.083  -17.179  50.481 0.1250000000
65509  -25.500  -17.676  50.281 0.1250000000
64505  -26.688  -18.231  50.100 0.1250000000
62416  -26.955  -19.042  48.976 0.1250000000
62433  -27.424  -19.635  48.187 0.1250000000
61321  -27.834  -20.002  47.345 0.2500000000
65498  -24.412  -17.158  51.063 0.1250000000
63472  -26.382  -19.124  50.059 0.1250000000
63490  -27.311  -19.094  48.487 0.1250000000
62415  -26.575  -19.262  49.276 0.1250000000
61320  -26.688  -19.282  47.572 0.1250000000
61309  -26.141  -18.588  48.094 0.1250000000
61331  -26.604  -19.845  46.763 0.1250000000
64517  -27.556  -18.043  48.888 0.1250000000
64522  -28.063  -18.145  48.585 0.1250000000
61322  -28.528  -20.029  47.248 0.2500000000
65523  -25.541  -16.755  50.300 0.1250000000
65524  -26.031  -17.284  50.212 0.1250000000
66570  -24.510  -16.310  50.811 0.1250000000
65495  -22.618  -17.412  52.346 0.1250000000
66561  -22.991  -16.393  52.281 0.1250000000
66569  -24.042  -16.009  51.271 0.1250000000
67615  -24.321  -15.464  51.038 0.1250000000
68629  -22.996  -14.591  52.183 0.1250000000
66576  -25.225  -16.253  50.454 0.1250000000
68644  -24.145  -14.809  51.281 0.1250000000
69762  -22.692  -13.679  52.198 0.1250000000
60304  -35.996  -22.273  39.930 0.1250000000
61384  -36.119  -21.591  41.375 0.1250000000
61392  -36.711  -21.360  40.684 0.1250000000
62490  -37.177  -20.856  40.920 0.1250000000
61401  -36.650  -21.425  39.476 0.1250000000
62484  -36.806  -20.576  41.675 0.1250000000
63531  -36.934  -19.441  42.173 0.1250000000
62485  -37.278  -19.813  41.580 0.1250000000
61393  -37.247  -21.049  40.261 0.1250000000
62491  -37.597  -20.140  40.690 0.1250000000
64562  -37.153  -18.349  42.072 0.1250000000
61402  -37.346  -20.727  39.310 0.1250000000
62496  -38.060  -19.869  39.261 0.1250000000
62492  -38.215  -19.460  40.207 0.1250000000
63532  -37.867  -19.142  41.656 0.1250000000
63533  -38.112  -18.444  41.408 0.1250000000
63539  -38.269  -18.632  40.620 0.1250000000
64563  -37.894  -18.060  41.814 0.1250000000
64570  -38.206  -17.810  41.137 0.1250000000
64573  -38.436  -17.640  40.260 0.1250000000
62497  -38.283  -18.838  39.417 0.1250000000
65608  -38.166  -17.110  41.707 0.1250000000
65625  -39.022  -17.093  39.876 0.1250000000
64575  -38.573  -17.413  39.541 0.1250000000
63544  -38.369  -18.003  39.572 0.1250000000
65616  -38.521  -16.821  40.714 0.1250000000
65626  -39.097  -16.433  40.097 0.1250000000
63550  -38.427  -17.344  38.849 0.1250000000
65633  -38.643  -16.842  38.983 0.1250000000
66652  -38.316  -16.150  41.457 0.1250000000
66653  -38.556  -15.918  40.715 0.1250000000
65617  -38.796  -16.277  40.430 0.1250000000
66670  -39.281  -15.795  39.653 0.1250000000
65634  -39.093  -16.417  39.332 0.1250000000
140229  -39.171  -15.620  38.730 0.1250000000
79473  -39.040  -5.322  26.032 0.1250000000
78293  -39.169  -6.310  25.084 0.1250000000
78281  -39.795  -5.428  26.346 0.1250000000
67697  -38.431  -15.259  41.200 0.1250000000
67698  -38.802  -15.096  40.510 0.1250000000
66659  -39.052  -15.807  40.267 0.1250000000
67709  -39.363  -15.095  40.005 0.1250000000
67721  -39.442  -15.127  39.382 0.1250000000
67730  -39.529  -14.596  38.893 0.1250000000
78113  -39.268  -6.263  39.166 0.1250000000
68795  -39.605  -14.370  39.583 0.1250000000
68782  -39.284  -14.160  40.254 0.1250000000
78114  -39.844  -6.343  38.755 0.1250000000
79298  -39.845  -5.251  39.072 0.1250000000
79314  -40.028  -5.522  38.639 0.1250000000
79299  -40.148  -4.772  38.717 0.1250000000
78142  -40.699  -5.966  37.770 0.1250000000
79315  -40.264  -4.965  38.212 0.1250000000
79328  -40.514  -4.943  37.732 0.1250000000
80376  -40.868  -4.032  37.077 0.1250000000
68796  -39.839  -13.732  39.421 0.1250000000
140264  -39.668  -13.951  38.638 0.1250000000
68808  -39.723  -14.021  39.105 0.1250000000
70009  -40.033  -13.409  38.927 0.1250000000
70008  -39.866  -13.383  38.243 0.1250000000
76969  -40.334  -6.844  38.009 0.1250000000
80364  -41.152  -4.047  37.805 0.1250000000
80365  -41.222  -3.339  37.278 0.1250000000
81432  -41.059  -3.212  36.748 0.1250000000
76951  -40.106  -7.417  38.310 0.1250000000
76970  -40.634  -7.231  37.610 0.1250000000
71166  -40.128  -12.997  38.529 0.1250000000
76952  -40.773  -8.062  38.218 0.1250000000
81433  -41.364  -2.588  36.784 0.1250000000
86011  -49.517  -0.407  17.214 0.1250000000
87083  -50.509  1.331  15.576 0.1250000000
86018  -49.437  -0.115  15.805 0.1250000000
80561  -45.172  -4.393  20.593 0.2500000000
80576  -44.100  -4.706  19.726 0.2500000000
81645  -44.090  -3.893  18.250 0.2500000000
80577  -45.109  -4.427  19.704 0.2500000000
81646  -45.018  -3.876  18.776 0.2500000000
80551  -49.214  -5.259  21.482 0.2500000000
86028  -49.283  0.723  14.873 0.1250000000
87098  -50.454  1.640  14.528 0.1250000000
81610  -45.116  -3.821  21.819 0.2500000000
80560  -44.343  -4.615  20.578 0.2500000000
81657  -44.193  -3.277  17.535 0.2500000000
82679  -44.296  -2.668  16.750 0.2500000000
81658  -45.029  -3.409  17.879 0.2500000000
82687  -43.868  -1.876  15.779 0.1250000000
86034  -49.439  1.207  14.443 0.1250000000
88198  -50.040  2.183  13.324 0.1250000000
89221  -51.120  3.529  13.409 0.1250000000
87122  -49.192  2.054  13.213 0.1250000000
88219  -49.774  2.715  13.047 0.1250000000
90209  -50.926  4.376  12.539 0.1250000000
87095  -46.074  1.567  14.643 0.1250000000
88218  -48.753  2.636  12.776 0.1250000000
89238  -50.352  3.596  12.915 0.1250000000
89253  -49.354  4.071  11.867 0.1250000000
90221  -50.221  4.609  11.799 0.1250000000
75697  -40.996  -8.713  38.436 0.1250000000
80377  -41.181  -3.296  36.966 0.1250000000
78131  -40.415  -5.534  38.001 0.1250000000
80492  -50.791  -4.783  29.097 0.1250000000
66563  -24.137  -16.584  51.319 0.1250000000
89237  -49.415  3.574  12.294 0.1250000000
82688  -44.312  -2.271  15.946 0.1250000000
84898  -45.746  0.156  14.370 0.1250000000
86024  -45.394  0.690  14.734 0.1250000000
66562  -23.893  -16.300  51.974 0.1250000000
87109  -49.808  1.607  13.780 0.1250000000
83794  -44.599  -1.237  15.531 0.1250000000
81599  -45.450  -3.907  22.535 0.2500000000
63473  -26.991  -18.870  49.555 0.1250000000
62426  -26.759  -18.755  48.406 0.1250000000
67616  -24.884  -15.501  50.627 0.1250000000
67603  -23.373  -15.465  52.138 0.1250000000
67604  -24.073  -15.432  51.731 0.1250000000
67591  -21.890  -15.053  52.634 0.1250000000
68630  -23.836  -14.676  51.940 0.1250000000
63538  -38.065  -19.395  40.857 0.1250000000
78130  -40.256  -6.151  38.216 0.1250000000
78141  -40.431  -6.547  37.869 0.1250000000
80355  -40.816  -4.148  38.525 0.1250000000
87097  -49.906  1.175  14.699 0.1250000000
87082  -49.783  0.787  15.228 0.1250000000
87084  -51.315  2.037  15.850 0.1250000000
86019  -50.108  0.660  16.309 0.1250000000
80587  -44.013  -4.436  18.965 0.2500000000
80559  -43.353  -4.710  20.493 0.2500000000
87110  -50.538  1.914  13.978 0.1250000000
81598  -44.537  -4.005  22.508 0.2500000000
83793  -44.038  -1.334  15.760 0.1250000000
88220  -50.277  3.060  13.247 0.1250000000
86016  -44.870  0.270  15.328 0.1250000000
84890  -44.349  -0.545  15.772 0.1250000000
90208  -50.153  4.179  12.299 0.1250000000
49192  3.177  -32.140  42.538 0.2500000000
49214  3.386  -32.128  41.311 0.1250000000
50414  2.969  -31.198  41.043 0.1250000000
50387  2.931  -31.126  42.594 0.1250000000
51498  2.848  -30.416  42.058 0.1250000000
51509  2.789  -30.497  41.263 0.1250000000
52597  2.380  -29.781  41.605 0.1250000000
50374  2.252  -31.156  44.217 0.1250000000
51486  2.515  -30.419  43.636 0.1250000000
51474  1.448  -30.623  44.740 0.1250000000
51473  2.067  -30.084  44.252 0.1250000000
53554  -13.724  -27.423  46.264 0.2500000000
140323  -32.632  -14.262  32.126 0.1250000000
75900  -32.839  -9.570  28.844 0.1250000000
77119  -32.351  -8.253  26.525 0.1250000000
75918  -32.240  -9.025  27.896 0.1250000000
77118  -31.727  -9.054  26.243 0.1250000000
77109  -32.760  -7.871  27.636 0.1250000000
47950  3.412  -33.149  41.986 0.2500000000
49170  2.885  -31.626  42.992 0.1250000000
50398  3.110  -31.219  41.799 0.1250000000
50388  2.729  -31.120  43.324 0.1250000000
75917  -31.931  -9.723  27.547 0.1250000000
45596  -2.227  -35.315  40.895 0.1250000000
46776  -0.357  -34.717  40.215 0.1250000000
45573  -1.347  -35.816  41.464 0.1250000000
46775  0.434  -35.010  40.652 0.1250000000
46778  -2.378  -34.909  40.438 0.1250000000
46801  -0.797  -34.266  39.785 0.1250000000
47999  -1.363  -33.753  39.571 0.1250000000
46803  -1.841  -34.346  39.594 0.1250000000
47981  -4.293  -33.862  39.927 0.1250000000
49248  -1.519  -33.356  39.867 0.1250000000
46804  -2.685  -34.096  39.842 0.1250000000
48002  -4.597  -33.225  39.483 0.1250000000
46781  -5.668  -34.398  40.535 0.1250000000
47982  -5.164  -33.838  39.949 0.1250000000
46782  -6.541  -34.198  40.538 0.1250000000
47984  -6.658  -33.534  40.018 0.1250000000
48003  -5.746  -33.189  39.542 0.1250000000
140392  -21.690  -22.296  32.938 0.1250000000
53535  -13.814  -26.536  48.619 0.1250000000
53534  -12.923  -27.002  48.165 0.1250000000
52533  -12.594  -27.574  47.377 0.1250000000
51455  -12.487  -29.437  46.800 0.1250000000
53545  -13.370  -27.368  47.189 0.1250000000
52555  -13.163  -28.952  46.228 0.1250000000
50365  -12.766  -30.413  44.995 0.1250000000
52543  -13.094  -27.985  46.597 0.1250000000
52565  -13.246  -29.192  45.139 0.1250000000
77082  -46.077  -7.245  28.976 0.1250000000
77067  -46.073  -7.394  29.859 0.1250000000
77083  -46.792  -7.534  29.179 0.1250000000
84632  -45.250  -0.351  34.915 0.1250000000
85772  -44.974  0.663  35.254 0.1250000000
85773  -45.290  0.588  34.364 0.1250000000
86873  -44.783  1.175  33.704 0.1250000000
81545  -51.267  -3.679  28.121 0.1250000000
81555  -50.554  -3.785  26.293 0.1250000000
80539  -50.431  -4.814  22.382 0.1250000000
80538  -49.564  -5.358  22.539 0.1250000000
80552  -50.070  -4.794  21.472 0.1250000000
82620  -45.648  -3.041  24.739 0.1250000000
82619  -44.808  -2.870  24.651 0.1250000000
81566  -44.372  -3.526  24.121 0.1250000000
81567  -45.243  -3.557  24.151 0.1250000000
80534  -43.921  -4.358  22.279 0.1250000000
81584  -45.706  -3.881  23.436 0.1250000000
80545  -43.647  -4.614  21.416 0.1250000000
80522  -42.623  -4.341  22.914 0.1250000000
80575  -43.136  -4.610  19.526 0.1250000000
81644  -43.263  -3.709  17.979 0.1250000000
80544  -42.649  -4.627  21.372 0.1250000000
80574  -42.148  -4.162  19.214 0.1250000000
81643  -42.552  -3.199  18.351 0.1250000000
81656  -43.462  -2.908  17.512 0.1250000000
82678  -43.535  -2.191  16.723 0.1250000000
81655  -42.987  -2.510  17.595 0.1250000000
83778  -43.242  -1.519  17.137 0.1250000000
84883  -43.750  -0.928  16.435 0.1250000000
82668  -42.463  -2.219  17.959 0.1250000000
80558  -42.357  -4.527  20.373 0.1250000000
82677  -42.976  -2.068  17.384 0.1250000000
84889  -43.846  -1.078  15.964 0.1250000000
81552  -50.916  -3.718  27.179 0.1250000000
46750  0.870  -34.851  41.121 0.1250000000
52556  -13.276  -28.140  45.500 0.1250000000
81624  -50.164  -4.177  20.381 0.1250000000
47983  -5.972  -33.856  40.061 0.1250000000
61333  -28.661  -19.937  46.308 0.1250000000
80546  -44.565  -4.204  21.465 0.1250000000
81583  -44.897  -3.875  23.365 0.1250000000
81597  -44.028  -4.187  22.739 0.1250000000
46777  -1.302  -35.008  40.084 0.1250000000
52542  -12.544  -28.436  47.022 0.1250000000
81581  -42.934  -4.023  23.528 0.1250000000
81582  -43.930  -4.066  23.312 0.1250000000
80533  -43.029  -4.597  22.232 0.1250000000
45574  -2.228  -35.511  41.473 0.1250000000
45595  -1.699  -35.442  40.782 0.1250000000
46671  -4.992  -33.594  48.188 0.1250000000
46679  -4.622  -33.281  47.597 0.1250000000
46691  -6.272  -33.130  46.462 0.1250000000
46692  -6.810  -33.447  46.318 0.1250000000
46802  -1.043  -34.416  39.608 0.1250000000
46805  -8.384  -33.582  39.504 0.1250000000
47843  -4.573  -33.573  48.367 0.1250000000
47896  -10.976  -32.576  46.002 0.1250000000
47979  -0.698  -33.961  39.870 0.1250000000
47998  -0.912  -34.093  39.572 0.1250000000
48000  -2.337  -33.533  39.541 0.2500000000
48048  -13.218  -33.116  37.548 0.1250000000
49231  -1.648  -33.040  40.224 0.1250000000
49236  -11.624  -31.383  41.279 0.5000000000
50404  -8.382  -31.437  41.724 0.5000000000
50434  -3.645  -31.842  39.702 0.2500000000
50437  -6.284  -30.589  40.366 0.5000000000
50458  -6.425  -31.650  39.176 0.2500000000
50523  -12.987  -31.339  35.992 0.1250000000
51445  -11.905  -28.717  47.492 0.1250000000
51467  -13.001  -30.133  45.794 0.1250000000
51511  -7.541  -30.459  40.576 0.5000000000
51527  -9.232  -30.446  40.165 0.6250000000
51562  -9.535  -30.711  39.235 0.5000000000
54601  -15.550  -27.999  39.598 1.0000000000
55533  -16.043  -24.583  48.471 0.1250000000
55762  -16.380  -27.040  33.610 0.1250000000
56686  -15.950  -24.614  47.637 0.1250000000
57822  -17.420  -24.224  52.259 0.1250000000
57831  -18.391  -23.012  50.364 0.1250000000
57899  -17.232  -23.722  46.265 0.3750000000
57968  -30.873  -24.320  42.473 0.3750000000
57979  -27.930  -23.746  40.391 0.7500000000
57980  -28.618  -24.084  40.770 0.7500000000
58017  -27.849  -22.773  39.749 1.0000000000
58019  -28.772  -24.084  39.192 0.6250000000
58078  -30.166  -24.115  37.550 0.5000000000
59033  -18.766  -21.657  48.777 0.2500000000
59096  -26.973  -22.733  42.038 1.0000000000
59192  -16.845  -21.832  37.523 1.0000000000
60196  -20.399  -21.102  50.867 0.1250000000
60209  -18.743  -21.608  49.025 0.1250000000
61308  -25.699  -18.816  48.259 0.2500000000
61363  -24.554  -19.793  44.490 0.6250000000
62383  -21.171  -19.599  52.451 0.1250000000
62441  -21.102  -19.831  47.083 0.2500000000
62459  -21.852  -19.281  45.859 0.3750000000
63483  -27.714  -18.496  48.658 0.1250000000
63515  -19.024  -18.773  43.628 0.8750000000
63520  -18.593  -19.161  42.111 1.0000000000
63547  -19.063  -19.378  39.344 1.0000000000
63567  -18.766  -19.354  37.965 1.0000000000
63619  -22.413  -19.830  30.134 0.8750000000
64475  -24.138  -17.852  52.060 0.2500000000
64489  -25.174  -17.932  50.398 0.1250000000
65497  -24.062  -17.133  51.673 0.1250000000
65774  -31.052  -18.554  27.687 0.1250000000
65775  -31.207  -18.685  27.337 0.1250000000
68628  -22.109  -14.462  52.474 0.1250000000
72247  -41.243  -10.802  38.017 0.2500000000
75858  -48.139  -6.624  29.555 0.1250000000
75935  -31.766  -9.117  27.175 0.1250000000
77014  -40.436  -7.446  34.965 0.7500000000
77084  -47.133  -7.536  29.608 0.1250000000
77129  -31.944  -9.438  25.605 0.1250000000
77146  -39.057  -7.210  24.698 0.1250000000
78129  -39.203  -6.365  39.418 0.1250000000
78277  -33.348  -7.314  26.550 0.2500000000
79313  -39.400  -6.018  39.336 0.1250000000
79368  -39.291  -5.039  34.894 0.7500000000
79387  -37.896  -5.677  32.931 1.0000000000
79484  -49.772  -5.421  23.956 0.2500000000
79491  -49.446  -5.442  23.861 0.2500000000
79492  -49.734  -5.398  23.383 0.2500000000
79498  -49.691  -5.347  22.969 0.2500000000
79499  -49.957  -5.231  22.865 0.1250000000
80523  -43.364  -4.348  22.874 0.1250000000
80524  -43.797  -4.253  22.812 0.1250000000
80535  -44.370  -4.080  22.043 0.1250000000
80547  -45.478  -4.184  21.148 0.3750000000
80566  -49.684  -4.795  20.904 0.1250000000
80578  -45.628  -4.495  20.102 0.3750000000
80579  -48.416  -4.512  19.870 0.3750000000
80585  -42.672  -3.933  18.456 0.1250000000
80586  -43.152  -4.275  18.638 0.1250000000
80588  -44.566  -4.389  19.282 0.2500000000
81519  -40.782  -3.573  32.955 0.6250000000
81520  -41.047  -3.738  32.943 0.6250000000
81609  -44.606  -3.918  21.940 0.1250000000
82629  -46.423  -3.873  24.350 0.2500000000
82694  -44.216  -1.590  15.631 0.1250000000
82695  -44.469  -1.812  15.556 0.1250000000
82696  -44.806  -2.081  15.597 0.1250000000
83772  -50.431  -1.977  18.752 0.1250000000
83785  -43.632  -1.497  16.223 0.1250000000
84885  -48.451  -1.062  16.279 0.2500000000
85838  -47.137  1.187  28.203 0.1250000000
85850  -46.606  0.651  28.225 0.1250000000
86023  -44.783  0.937  15.248 0.1250000000
86935  -47.038  1.364  28.626 0.1250000000
86938  -48.476  0.393  28.619 0.2500000000
86955  -47.106  1.047  28.534 0.1250000000
87123  -49.714  2.091  13.270 0.1250000000
87997  -47.584  1.028  29.219 0.1250000000
88199  -50.578  2.609  13.605 0.1250000000
89052  -45.752  1.428  29.755 0.1250000000
89220  -50.568  3.201  13.274 0.1250000000
90207  -49.681  4.204  11.954 0.1250000000
90222  -50.606  4.558  12.113 0.1250000000
140126  -29.327  -20.069  26.138 0.1250000000
140180  -36.341  -17.194  36.501 0.6250000000
140247  -29.514  -20.612  26.639 0.1250000000
140266  -28.842  -20.996  26.652 0.1250000000
140267  -29.175  -20.716  26.556 0.1250000000
140269  -29.537  -20.215  26.398 0.1250000000
140293  -28.450  -20.669  26.203 0.1250000000
140295  -28.845  -20.136  25.823 0.1250000000
140296  -29.234  -19.826  25.917 0.1250000000
140312  -28.031  -20.752  26.092 0.2500000000
140313  -28.227  -20.649  26.079 0.2500000000
140315  -28.623  -19.639  25.442 0.2500000000
140326  -28.256  -19.554  25.174 0.2500000000
140328  -28.399  -19.247  25.185 0.2500000000
140335  -31.636  -19.042  27.456 0.1250000000
140344  -28.172  -19.105  25.112 0.2500000000
140345  -28.293  -19.078  25.080 0.2500000000
140357  -27.910  -18.603  25.098 0.5000000000
140391  -21.838  -22.131  32.446 0.2500000000
140411  -19.332  -19.884  31.656 0.7500000000
140421  -18.894  -19.959  31.807 0.7500000000
140423  -22.502  -19.946  30.457 0.8750000000
