#!ascii label  , from subject 3272 vox2ras=TkReg
1022
51079  9.295  -37.518  95.373 0.0000000000
46275  3.693  -42.603  83.419 0.0000000000
41580  1.636  -46.112  93.760 0.0000000000
49393  -2.351  -39.117  90.924 0.0000000000
56839  -1.632  -31.470  84.335 0.0000000000
46154  5.576  -42.294  96.866 0.0000000000
49360  1.905  -39.697  96.251 0.0000000000
49379  13.541  -39.958  93.634 0.0000000000
45001  9.590  -43.684  93.879 0.0000000000
40478  5.974  -47.067  93.212 0.0000000000
56759  -2.352  -32.268  92.609 0.0000000000
53013  -2.248  -35.560  87.694 0.0000000000
58652  -1.707  -29.289  89.126 0.0000000000
39314  -0.136  -48.552  90.281 0.0000000000
42712  -1.274  -45.307  89.311 0.0000000000
156429  -0.979  -43.085  93.915 0.0000000000
50213  -1.259  -37.226  94.488 0.0000000000
46251  -1.469  -42.523  85.124 0.0000000000
50325  -1.194  -38.488  82.363 0.0000000000
54038  -0.095  -34.371  78.708 0.0000000000
59651  1.552  -28.420  80.815 0.0000000000
49345  8.136  -39.919  97.154 0.0000000000
50218  6.137  -38.495  96.831 0.0000000000
49370  12.043  -39.235  94.561 0.0000000000
47317  11.665  -41.756  94.067 0.0000000000
47300  10.176  -41.319  95.632 0.0000000000
44986  7.969  -43.588  95.861 0.0000000000
58624  -2.361  -30.116  91.132 0.0000000000
40497  0.169  -47.067  92.049 0.0000000000
40500  -0.865  -45.928  91.874 0.0000000000
156420  -0.390  -44.104  93.276 0.0000000000
51987  1.888  -36.573  94.985 0.0000000000
156596  -0.160  -38.518  95.259 0.0000000000
40469  4.255  -46.835  94.090 0.0000000000
39291  4.505  -48.510  92.414 0.0000000000
39278  2.489  -48.046  93.153 0.0000000000
38076  0.725  -49.091  91.312 0.0000000000
47340  -1.569  -41.633  90.210 0.0000000000
45032  -1.593  -43.412  87.405 0.0000000000
47351  -2.097  -40.834  88.016 0.0000000000
54998  -1.700  -33.325  85.756 0.0000000000
52110  -1.413  -36.465  84.728 0.0000000000
53067  -1.456  -35.425  83.213 0.0000000000
52138  -0.872  -36.251  80.461 0.0000000000
55040  -1.226  -33.344  81.311 0.0000000000
42658  3.358  -44.503  95.160 0.0000000000
44991  1.386  -42.584  94.811 0.0000000000
47290  3.085  -41.379  96.471 0.0000000000
51085  3.626  -37.401  95.563 0.0000000000
47330  15.186  -41.481  91.478 0.0000000000
46200  14.323  -42.421  89.236 0.0000000000
46186  13.140  -42.114  91.280 0.0000000000
45007  10.482  -43.179  91.482 0.0000000000
42671  7.580  -45.673  93.297 0.0000000000
42655  5.810  -45.155  95.331 0.0000000000
52979  -2.759  -35.572  91.631 0.0000000000
51124  -2.532  -37.617  89.256 0.0000000000
54947  -2.596  -33.777  90.463 0.0000000000
55940  -2.495  -32.292  88.149 0.0000000000
57754  -2.178  -30.437  86.807 0.0000000000
52033  10.889  -36.155  92.834 0.0000000000
48416  18.669  -40.883  90.064 0.0000000000
50241  18.629  -38.613  93.185 0.0000000000
49377  15.119  -39.319  93.350 0.0000000000
51108  13.060  -37.448  93.322 0.0000000000
38107  -0.910  -49.262  88.369 0.0000000000
40553  -0.118  -47.697  87.872 0.0000000000
41627  -0.586  -46.834  89.361 0.0000000000
43821  -0.859  -43.581  91.597 0.0000000000
47327  -1.314  -41.636  92.251 0.0000000000
47294  -0.131  -41.153  94.185 0.0000000000
49371  -1.270  -39.972  94.081 0.0000000000
50248  -2.395  -38.152  93.164 0.0000000000
156614  -1.812  -33.828  94.004 0.0000000000
42734  0.748  -46.310  87.242 0.0000000000
43904  1.112  -44.657  85.823 0.0000000000
45083  0.233  -43.407  83.817 0.0000000000
50299  -2.166  -38.331  86.388 0.0000000000
48485  -1.284  -40.828  83.644 0.0000000000
46316  0.131  -42.010  81.978 0.0000000000
48536  -0.469  -40.579  80.480 0.0000000000
50351  -0.110  -38.537  78.526 0.0000000000
60529  -1.044  -27.810  88.070 0.0000000000
59628  -1.140  -29.021  84.698 0.0000000000
60565  0.970  -27.760  84.451 0.0000000000
58695  -1.001  -29.743  82.099 0.0000000000
57783  -0.677  -30.988  79.120 0.0000000000
50215  9.044  -38.414  96.196 0.0000000000
50216  8.015  -38.476  96.557 0.0000000000
51980  8.544  -36.940  94.884 0.0000000000
50228  11.176  -38.338  95.172 0.0000000000
48378  11.142  -40.293  95.283 0.0000000000
49354  10.152  -39.705  95.980 0.0000000000
48367  9.303  -40.375  96.408 0.0000000000
46293  4.323  -42.453  82.603 0.0000000000
47426  3.320  -42.106  83.348 0.0000000000
40483  1.528  -46.968  93.284 0.0000000000
41595  0.222  -46.298  92.565 0.0000000000
42668  0.777  -44.937  93.461 0.0000000000
46205  16.305  -42.154  87.966 0.0000000000
40471  2.652  -46.836  93.898 0.0000000000
40481  3.144  -47.340  93.710 0.0000000000
40482  2.207  -47.128  93.517 0.0000000000
39295  1.083  -48.024  92.501 0.0000000000
48412  -1.682  -40.708  90.656 0.0000000000
47345  -1.764  -41.297  89.384 0.0000000000
48418  -2.040  -40.254  89.599 0.0000000000
55966  -1.623  -32.362  84.971 0.0000000000
53991  -1.501  -34.427  83.848 0.0000000000
55016  -1.502  -33.438  83.362 0.0000000000
54011  -1.331  -34.334  81.681 0.0000000000
55977  -1.484  -32.495  82.839 0.0000000000
43801  4.623  -44.045  95.873 0.0000000000
44980  3.674  -42.957  95.969 0.0000000000
47288  4.865  -41.709  96.793 0.0000000000
51071  4.418  -38.027  96.274 0.0000000000
52004  3.122  -36.280  94.122 0.0000000000
47314  14.291  -40.856  93.191 0.0000000000
47331  14.007  -41.826  91.505 0.0000000000
47324  13.234  -41.627  92.504 0.0000000000
46179  11.002  -42.530  93.916 0.0000000000
45002  11.140  -42.795  92.987 0.0000000000
43810  9.976  -43.786  92.778 0.0000000000
43812  8.863  -44.449  93.777 0.0000000000
44976  7.243  -43.226  96.604 0.0000000000
43798  7.289  -44.348  95.479 0.0000000000
43800  5.606  -44.467  95.852 0.0000000000
42656  4.915  -45.025  95.477 0.0000000000
54917  -2.918  -33.871  92.320 0.0000000000
53939  -2.601  -34.894  90.891 0.0000000000
54933  -2.708  -33.838  91.461 0.0000000000
58634  -2.240  -29.984  90.304 0.0000000000
56792  -2.485  -31.601  89.888 0.0000000000
57728  -2.446  -30.543  88.708 0.0000000000
56819  -2.470  -31.060  87.487 0.0000000000
58662  -2.252  -29.797  87.961 0.0000000000
49376  16.132  -39.343  93.427 0.0000000000
39327  -0.375  -48.542  89.351 0.0000000000
40543  -0.301  -47.662  88.888 0.0000000000
40535  -0.395  -47.644  89.834 0.0000000000
156431  -1.053  -44.042  92.913 0.0000000000
41608  -1.272  -45.365  91.327 0.0000000000
42680  -0.027  -44.118  92.649 0.0000000000
46189  -0.520  -42.645  92.141 0.0000000000
47319  -0.129  -42.491  92.974 0.0000000000
47303  1.443  -41.388  95.377 0.0000000000
46170  0.616  -41.736  94.460 0.0000000000
48373  1.033  -40.411  95.295 0.0000000000
50212  -0.632  -37.800  94.999 0.0000000000
49353  -0.742  -38.947  94.862 0.0000000000
50232  -1.187  -38.081  94.482 0.0000000000
49372  -1.528  -39.142  94.008 0.0000000000
51090  -1.572  -37.452  94.085 0.0000000000
51101  -2.152  -36.694  93.471 0.0000000000
156606  -1.478  -35.299  94.128 0.0000000000
46201  13.309  -42.487  89.534 0.0000000000
46220  13.947  -42.310  87.535 0.0000000000
40494  6.902  -46.889  92.170 0.0000000000
40521  6.439  -47.509  90.589 0.0000000000
39289  5.820  -47.930  91.653 0.0000000000
38073  3.542  -49.740  91.584 0.0000000000
38072  4.225  -49.538  91.187 0.0000000000
39313  0.330  -48.489  91.044 0.0000000000
38086  -0.296  -49.557  89.757 0.0000000000
41636  -0.311  -46.673  88.453 0.0000000000
40552  0.319  -47.129  87.347 0.0000000000
42721  -0.250  -46.174  87.919 0.0000000000
45039  -1.633  -43.180  86.576 0.0000000000
43885  -0.234  -44.882  86.565 0.0000000000
43927  -0.236  -44.178  85.174 0.0000000000
43925  1.530  -44.300  85.141 0.0000000000
45084  -0.518  -43.197  84.152 0.0000000000
52070  -2.430  -36.686  87.907 0.0000000000
50290  -2.269  -38.393  87.499 0.0000000000
51166  -2.255  -37.330  86.527 0.0000000000
50319  -1.377  -38.537  83.491 0.0000000000
50313  -1.573  -38.475  84.598 0.0000000000
49458  -1.150  -39.720  82.858 0.0000000000
47451  -1.097  -41.632  82.926 0.0000000000
48519  -1.135  -40.430  81.989 0.0000000000
47488  -0.380  -41.211  81.042 0.0000000000
48537  -1.019  -40.335  81.020 0.0000000000
53100  -1.016  -35.241  79.971 0.0000000000
51204  -0.750  -37.193  79.796 0.0000000000
52150  -0.270  -35.983  78.654 0.0000000000
60527  0.498  -27.206  87.277 0.0000000000
60547  -0.894  -28.027  86.460 0.0000000000
60546  -0.292  -27.821  86.111 0.0000000000
60575  2.901  -27.513  83.260 0.0000000000
60589  1.427  -27.855  82.538 0.0000000000
59633  0.332  -28.359  83.024 0.0000000000
59653  0.001  -28.919  81.490 0.0000000000
58703  -0.986  -30.205  80.383 0.0000000000
58702  -0.484  -29.595  79.997 0.0000000000
47275  6.802  -41.411  97.210 0.0000000000
48358  5.567  -40.682  97.318 0.0000000000
50206  6.833  -39.087  97.327 0.0000000000
48385  12.482  -40.331  94.267 0.0000000000
47316  12.438  -41.394  93.712 0.0000000000
47308  12.041  -40.870  94.429 0.0000000000
47310  10.621  -41.815  95.062 0.0000000000
44995  9.908  -42.797  94.749 0.0000000000
43796  8.914  -43.792  94.692 0.0000000000
46150  9.248  -42.244  96.093 0.0000000000
46143  8.018  -41.974  97.005 0.0000000000
57676  -2.246  -30.738  93.776 0.0000000000
57688  -2.410  -31.266  92.302 0.0000000000
59577  -2.224  -29.667  92.870 0.0000000000
59587  -1.868  -28.944  92.083 0.0000000000
60511  -1.162  -27.670  90.821 0.0000000000
40522  0.192  -47.965  91.393 0.0000000000
40523  -0.484  -47.471  90.954 0.0000000000
40498  -0.097  -46.653  92.116 0.0000000000
156409  -0.128  -44.936  92.913 0.0000000000
43795  -1.497  -43.609  93.798 0.0000000000
51074  1.674  -38.164  95.889 0.0000000000
50210  0.843  -38.947  95.439 0.0000000000
51088  1.148  -37.541  95.564 0.0000000000
51978  -0.009  -37.111  95.179 0.0000000000
52935  0.065  -35.735  94.686 0.0000000000
156603  -0.938  -34.511  94.362 0.0000000000
40479  5.129  -47.241  93.404 0.0000000000
39275  4.962  -47.998  92.826 0.0000000000
39276  4.259  -48.054  93.079 0.0000000000
39292  3.670  -48.675  92.622 0.0000000000
38063  2.253  -49.362  92.208 0.0000000000
36887  1.762  -50.566  90.807 0.0000000000
38064  1.711  -49.256  92.109 0.0000000000
39304  0.743  -48.465  91.863 0.0000000000
45019  -1.447  -43.653  89.321 0.0000000000
43867  -1.191  -44.511  87.747 0.0000000000
45024  -1.512  -43.530  88.441 0.0000000000
46211  -1.851  -42.542  88.047 0.0000000000
47371  -1.969  -41.288  86.509 0.0000000000
53971  -1.858  -34.396  86.723 0.0000000000
52099  -1.799  -36.471  85.725 0.0000000000
53040  -1.519  -35.450  85.338 0.0000000000
52118  -1.348  -36.451  83.659 0.0000000000
52126  -1.238  -36.412  82.584 0.0000000000
51193  -1.104  -37.402  81.932 0.0000000000
53079  -1.282  -35.368  82.139 0.0000000000
53090  -1.123  -35.285  81.051 0.0000000000
55059  -0.867  -33.359  79.814 0.0000000000
59640  2.893  -27.692  81.255 0.0000000000
59666  0.859  -28.799  79.211 0.0000000000
59657  2.540  -28.501  79.740 0.0000000000
42666  2.210  -44.962  94.524 0.0000000000
43808  1.563  -44.061  94.274 0.0000000000
43807  2.262  -43.959  94.739 0.0000000000
46167  2.631  -42.324  95.857 0.0000000000
48371  2.499  -40.568  96.390 0.0000000000
49357  4.407  -39.956  97.160 0.0000000000
49358  3.662  -39.831  96.824 0.0000000000
50222  2.206  -38.918  96.281 0.0000000000
51086  2.675  -37.380  95.571 0.0000000000
47337  15.961  -41.713  90.326 0.0000000000
46199  15.250  -42.274  88.978 0.0000000000
47338  14.769  -42.002  90.726 0.0000000000
46182  12.452  -42.074  92.417 0.0000000000
45010  11.802  -42.484  91.246 0.0000000000
45016  11.012  -42.641  90.102 0.0000000000
42678  7.541  -45.911  92.748 0.0000000000
41569  7.045  -46.066  93.585 0.0000000000
43806  7.897  -44.609  94.710 0.0000000000
42661  7.274  -45.296  94.303 0.0000000000
41571  5.494  -46.389  94.182 0.0000000000
41572  4.640  -46.262  94.482 0.0000000000
41573  3.720  -46.208  94.535 0.0000000000
50256  -2.501  -38.257  91.382 0.0000000000
50262  -2.441  -38.334  89.630 0.0000000000
52052  -2.657  -36.649  90.458 0.0000000000
53002  -2.577  -35.804  90.068 0.0000000000
53962  -2.346  -34.609  88.606 0.0000000000
56781  -2.483  -31.838  90.831 0.0000000000
54960  -2.510  -33.634  89.403 0.0000000000
53972  -2.194  -34.381  87.558 0.0000000000
54984  -2.119  -33.155  87.013 0.0000000000
55958  -1.670  -32.214  85.916 0.0000000000
56835  -1.673  -31.287  85.408 0.0000000000
51997  10.164  -36.620  93.935 0.0000000000
47342  18.179  -41.203  89.851 0.0000000000
51113  20.137  -37.688  92.508 0.0000000000
52011  19.493  -36.996  94.005 0.0000000000
50250  19.476  -38.525  92.321 0.0000000000
49383  18.838  -39.296  92.465 0.0000000000
48405  17.564  -40.622  91.451 0.0000000000
47328  17.046  -40.972  91.375 0.0000000000
48400  15.175  -40.878  92.687 0.0000000000
49378  13.901  -39.377  93.428 0.0000000000
51107  13.861  -37.498  93.258 0.0000000000
50236  13.264  -38.829  93.696 0.0000000000
50237  12.535  -38.429  94.097 0.0000000000
51098  11.157  -37.331  94.357 0.0000000000
41637  -0.898  -46.134  89.007 0.0000000000
41619  -1.286  -46.072  90.799 0.0000000000
42704  -1.447  -45.067  90.284 0.0000000000
43841  -1.457  -44.333  89.798 0.0000000000
45009  -1.175  -43.183  91.158 0.0000000000
47334  -1.407  -41.747  91.298 0.0000000000
48407  -1.713  -40.828  91.757 0.0000000000
44998  0.887  -42.931  94.201 0.0000000000
46161  -0.529  -42.321  94.396 0.0000000000
46149  -2.136  -42.260  95.385 0.0000000000
48361  0.174  -40.119  94.854 0.0000000000
48374  -0.796  -40.586  94.322 0.0000000000
48388  -1.169  -41.269  93.854 0.0000000000
48394  -1.441  -40.582  93.379 0.0000000000
48395  -1.855  -39.982  92.922 0.0000000000
49390  -2.396  -39.142  91.829 0.0000000000
51111  -2.656  -37.123  92.696 0.0000000000
52947  -3.049  -35.258  93.090 0.0000000000
156609  -2.577  -33.873  93.813 0.0000000000
156611  -1.486  -33.883  94.177 0.0000000000
156615  -1.922  -33.094  93.791 0.0000000000
156616  -2.074  -31.670  93.694 0.0000000000
39325  6.115  -48.089  89.112 0.0000000000
39301  5.338  -48.430  91.289 0.0000000000
43866  -0.742  -44.938  87.169 0.0000000000
42748  1.030  -45.665  86.896 0.0000000000
45080  2.675  -43.285  84.038 0.0000000000
49405  -2.302  -39.110  89.007 0.0000000000
48447  -2.170  -40.158  86.748 0.0000000000
48462  -1.951  -40.335  85.799 0.0000000000
50306  -1.951  -38.328  85.543 0.0000000000
49444  -1.923  -39.428  85.214 0.0000000000
47410  -1.429  -41.648  84.471 0.0000000000
47428  -1.319  -41.919  83.652 0.0000000000
46279  0.590  -42.885  83.212 0.0000000000
46295  2.053  -42.451  82.888 0.0000000000
47468  1.528  -41.930  81.698 0.0000000000
50340  -1.017  -38.275  80.128 0.0000000000
49492  -0.680  -39.296  79.641 0.0000000000
60517  -0.922  -27.659  89.860 0.0000000000
60516  0.004  -27.157  89.296 0.0000000000
59609  -1.439  -28.557  88.631 0.0000000000
59617  -1.609  -28.921  87.147 0.0000000000
58681  -1.567  -29.704  85.917 0.0000000000
57763  -1.634  -30.532  84.691 0.0000000000
60566  0.227  -28.024  84.450 0.0000000000
59635  -0.818  -29.216  83.870 0.0000000000
57771  -1.414  -30.673  82.722 0.0000000000
56866  -1.273  -31.655  81.338 0.0000000000
56874  -1.079  -31.692  80.456 0.0000000000
56023  -0.473  -32.550  79.357 0.0000000000
57788  -0.739  -31.042  78.234 0.0000000000
51066  8.730  -37.706  95.815 0.0000000000
51979  9.076  -36.902  95.009 0.0000000000
50229  10.203  -38.325  95.584 0.0000000000
50230  9.654  -38.269  95.846 0.0000000000
49355  9.515  -39.552  96.253 0.0000000000
45102  3.754  -43.476  83.221 0.0000000000
42672  1.060  -45.483  93.570 0.0000000000
46197  16.770  -41.873  88.372 0.0000000000
46204  16.925  -41.973  87.707 0.0000000000
41579  2.253  -46.562  93.869 0.0000000000
48413  -2.070  -39.823  90.497 0.0000000000
55967  -1.570  -32.455  83.887 0.0000000000
55009  -1.523  -33.404  84.474 0.0000000000
56846  -1.556  -31.555  83.301 0.0000000000
44978  5.190  -43.052  96.490 0.0000000000
44979  4.373  -43.099  96.165 0.0000000000
48392  13.932  -40.388  93.432 0.0000000000
47315  13.665  -41.107  93.306 0.0000000000
45000  10.320  -43.195  93.684 0.0000000000
43811  9.391  -44.109  93.375 0.0000000000
42669  8.848  -44.576  93.426 0.0000000000
43804  9.186  -44.044  94.110 0.0000000000
44977  6.094  -43.193  96.772 0.0000000000
43791  6.481  -44.047  96.251 0.0000000000
43792  5.475  -43.789  96.353 0.0000000000
55881  -2.730  -33.367  92.982 0.0000000000
55893  -2.562  -33.046  92.058 0.0000000000
58642  -1.886  -29.470  89.873 0.0000000000
57718  -2.276  -30.361  89.632 0.0000000000
57717  -1.975  -29.747  89.408 0.0000000000
156432  -1.019  -43.934  93.283 0.0000000000
156421  -0.893  -43.822  93.558 0.0000000000
156423  0.129  -42.983  92.848 0.0000000000
48372  1.730  -40.519  95.862 0.0000000000
48381  1.196  -40.943  95.323 0.0000000000
50227  -1.080  -37.856  94.616 0.0000000000
156599  -1.604  -36.500  94.082 0.0000000000
156604  -1.150  -35.932  94.353 0.0000000000
40495  6.156  -47.327  92.416 0.0000000000
40508  6.245  -47.536  91.386 0.0000000000
36885  3.290  -50.309  91.053 0.0000000000
42722  -0.776  -45.537  88.267 0.0000000000
46239  -1.824  -42.415  86.040 0.0000000000
45045  -1.377  -43.375  85.816 0.0000000000
45061  -0.887  -43.491  84.914 0.0000000000
52086  -2.338  -36.524  86.960 0.0000000000
51188  -1.334  -37.467  83.009 0.0000000000
49467  -1.102  -39.436  81.680 0.0000000000
53109  -0.422  -35.209  79.118 0.0000000000
52143  -0.612  -36.137  79.502 0.0000000000
61411  0.736  -27.156  87.965 0.0000000000
60536  -0.313  -27.589  86.875 0.0000000000
60535  0.328  -27.368  86.707 0.0000000000
60588  2.145  -27.693  82.361 0.0000000000
59642  1.448  -28.147  81.708 0.0000000000
59643  0.702  -28.425  82.219 0.0000000000
59652  0.763  -28.605  81.142 0.0000000000
59660  0.004  -28.939  80.550 0.0000000000
59659  0.811  -28.699  80.188 0.0000000000
48356  7.115  -40.642  97.285 0.0000000000
49346  7.408  -39.875  97.315 0.0000000000
51081  7.423  -37.398  95.418 0.0000000000
48386  11.750  -40.281  94.752 0.0000000000
48379  10.492  -40.316  95.633 0.0000000000
47299  10.829  -40.838  95.379 0.0000000000
46164  10.166  -42.204  95.178 0.0000000000
46165  9.675  -42.206  95.608 0.0000000000
47301  9.630  -41.805  95.977 0.0000000000
48368  8.652  -40.533  96.849 0.0000000000
47287  8.398  -41.366  96.943 0.0000000000
48355  7.913  -40.626  97.176 0.0000000000
47274  7.603  -41.380  97.118 0.0000000000
58599  -2.350  -30.535  93.049 0.0000000000
60494  -1.696  -28.430  92.775 0.0000000000
60504  -1.475  -27.929  91.804 0.0000000000
59591  -1.801  -28.588  91.226 0.0000000000
40509  0.048  -47.423  91.686 0.0000000000
156416  0.236  -45.044  93.016 0.0000000000
41582  0.011  -45.274  92.764 0.0000000000
156410  -0.930  -44.012  93.141 0.0000000000
43794  -1.615  -43.163  94.159 0.0000000000
51087  1.828  -37.439  95.565 0.0000000000
51988  1.173  -36.816  95.274 0.0000000000
52008  0.682  -36.433  95.000 0.0000000000
156598  -0.312  -36.865  95.011 0.0000000000
40480  3.865  -47.424  93.591 0.0000000000
39277  3.329  -48.088  93.158 0.0000000000
39293  2.760  -48.742  92.699 0.0000000000
38062  3.170  -49.350  92.221 0.0000000000
39294  1.761  -48.701  92.549 0.0000000000
45014  -1.469  -43.388  90.197 0.0000000000
46203  -1.622  -42.530  89.347 0.0000000000
47346  -1.988  -40.818  88.798 0.0000000000
47350  -1.939  -41.617  88.523 0.0000000000
47360  -2.054  -41.600  87.544 0.0000000000
47361  -2.133  -40.783  87.175 0.0000000000
54983  -1.823  -33.840  86.362 0.0000000000
53977  -1.694  -34.476  85.910 0.0000000000
53056  -1.440  -35.441  84.293 0.0000000000
54020  -1.167  -34.154  80.527 0.0000000000
55050  -1.095  -33.168  80.532 0.0000000000
60586  3.845  -27.583  81.805 0.0000000000
59649  3.269  -27.863  80.560 0.0000000000
59648  3.936  -27.710  80.201 0.0000000000
42659  2.820  -44.518  94.874 0.0000000000
43803  2.931  -43.889  95.197 0.0000000000
46156  3.557  -42.284  96.280 0.0000000000
46166  3.260  -42.713  95.967 0.0000000000
46157  2.872  -41.873  96.249 0.0000000000
47291  2.358  -41.370  96.060 0.0000000000
48370  3.350  -40.608  96.703 0.0000000000
49348  5.772  -39.976  97.418 0.0000000000
49349  5.062  -40.042  97.352 0.0000000000
50208  5.156  -39.406  97.207 0.0000000000
50220  4.275  -39.088  96.739 0.0000000000
51072  3.420  -38.096  96.222 0.0000000000
50221  3.130  -38.973  96.466 0.0000000000
51073  2.468  -38.121  96.096 0.0000000000
46192  15.059  -42.239  89.859 0.0000000000
47332  13.317  -41.861  91.790 0.0000000000
46185  13.723  -42.152  90.861 0.0000000000
46194  13.196  -42.307  90.439 0.0000000000
47325  12.626  -41.837  92.962 0.0000000000
46177  12.232  -42.065  93.105 0.0000000000
45006  11.322  -42.687  91.946 0.0000000000
45011  11.129  -42.820  90.955 0.0000000000
45012  10.264  -43.059  90.563 0.0000000000
43818  9.719  -43.516  91.051 0.0000000000
42670  8.337  -45.036  93.643 0.0000000000
41576  7.179  -46.248  92.962 0.0000000000
43797  8.322  -44.028  95.139 0.0000000000
43799  6.357  -44.628  95.616 0.0000000000
42654  6.618  -45.099  95.128 0.0000000000
42662  6.128  -45.588  94.562 0.0000000000
42663  5.213  -45.693  94.862 0.0000000000
42657  4.019  -44.781  95.368 0.0000000000
42664  4.291  -45.576  94.975 0.0000000000
42665  3.292  -45.250  94.816 0.0000000000
52048  -2.626  -36.516  91.317 0.0000000000
51118  -2.587  -37.425  90.914 0.0000000000
53952  -2.416  -34.766  89.737 0.0000000000
53008  -2.481  -35.886  88.892 0.0000000000
57698  -2.421  -31.043  91.461 0.0000000000
56770  -2.464  -32.042  91.744 0.0000000000
56801  -2.477  -31.434  88.961 0.0000000000
55930  -2.487  -32.517  89.150 0.0000000000
54969  -2.425  -33.439  88.308 0.0000000000
56828  -2.213  -31.164  86.827 0.0000000000
55959  -2.022  -32.102  86.612 0.0000000000
56827  -1.810  -31.479  86.225 0.0000000000
57753  -1.831  -30.601  86.218 0.0000000000
51996  10.780  -36.689  93.737 0.0000000000
52944  9.647  -35.964  92.638 0.0000000000
52956  10.367  -35.708  92.074 0.0000000000
48415  19.203  -40.494  89.861 0.0000000000
47347  18.970  -41.106  89.177 0.0000000000
47341  18.830  -41.012  89.749 0.0000000000
51092  18.700  -37.074  94.225 0.0000000000
51103  19.114  -37.736  93.519 0.0000000000
51114  19.597  -37.949  92.963 0.0000000000
50240  19.221  -38.351  92.990 0.0000000000
49382  19.340  -39.022  92.145 0.0000000000
49373  18.605  -39.075  92.988 0.0000000000
48397  17.829  -40.221  92.296 0.0000000000
48406  16.915  -40.743  91.692 0.0000000000
48390  15.847  -40.035  93.055 0.0000000000
48391  14.838  -40.378  93.101 0.0000000000
50246  13.606  -38.283  93.477 0.0000000000
50247  12.988  -38.092  93.688 0.0000000000
52032  11.427  -36.182  92.592 0.0000000000
51110  11.721  -37.326  93.947 0.0000000000
52016  11.385  -36.745  93.436 0.0000000000
39342  -1.055  -48.973  88.119 0.0000000000
39341  -0.613  -48.542  88.397 0.0000000000
41628  -1.127  -46.083  89.812 0.0000000000
40524  -1.012  -46.716  91.320 0.0000000000
41620  -1.281  -46.088  91.341 0.0000000000
42691  -1.298  -44.434  91.111 0.0000000000
43832  -1.428  -44.014  90.773 0.0000000000
47326  -0.622  -42.245  92.524 0.0000000000
47333  -0.973  -42.188  91.964 0.0000000000
44997  1.656  -43.326  94.646 0.0000000000
46159  0.308  -41.434  94.270 0.0000000000
46172  0.079  -42.239  93.798 0.0000000000
46160  0.206  -41.798  93.921 0.0000000000
46162  -1.140  -42.644  94.903 0.0000000000
47282  -1.330  -41.800  94.999 0.0000000000
50225  0.576  -38.549  95.507 0.0000000000
49344  0.347  -39.499  95.129 0.0000000000
156593  -0.016  -38.937  95.204 0.0000000000
49366  -1.034  -40.046  94.228 0.0000000000
49362  -0.910  -39.780  94.514 0.0000000000
48382  -1.065  -41.046  94.151 0.0000000000
48375  -1.236  -41.256  94.596 0.0000000000
48387  -1.122  -40.862  93.914 0.0000000000
49380  -1.443  -39.980  93.834 0.0000000000
50239  -1.800  -38.172  93.744 0.0000000000
49381  -1.832  -39.311  93.430 0.0000000000
49386  -2.311  -39.172  92.707 0.0000000000
50252  -2.506  -38.201  92.285 0.0000000000
52936  -2.774  -35.078  93.504 0.0000000000
52026  -2.871  -35.972  92.981 0.0000000000
156610  -3.114  -34.073  93.426 0.0000000000
46206  15.535  -42.311  88.155 0.0000000000
46207  14.605  -42.420  88.306 0.0000000000
40534  6.518  -47.525  89.648 0.0000000000
39290  5.313  -48.155  92.180 0.0000000000
39302  4.789  -48.901  91.720 0.0000000000
38108  -1.072  -49.636  87.831 0.0000000000
41647  0.750  -46.805  87.218 0.0000000000
40560  0.755  -47.131  86.951 0.0000000000
40569  1.038  -47.069  86.575 0.0000000000
41657  1.407  -46.560  86.710 0.0000000000
42736  -0.698  -45.172  87.639 0.0000000000
43905  0.161  -44.665  85.756 0.0000000000
43884  0.689  -45.052  86.407 0.0000000000
43883  1.531  -45.137  86.348 0.0000000000
42747  1.857  -45.729  86.491 0.0000000000
43903  1.969  -44.698  85.819 0.0000000000
45059  0.925  -43.847  84.485 0.0000000000
43924  2.341  -44.415  85.041 0.0000000000
45058  1.987  -43.754  84.448 0.0000000000
45057  2.840  -43.916  84.488 0.0000000000
45082  1.237  -43.403  83.802 0.0000000000
50271  -2.393  -38.251  88.978 0.0000000000
49429  -2.162  -39.288  87.056 0.0000000000
48446  -2.068  -40.530  86.394 0.0000000000
49437  -2.126  -39.551  86.168 0.0000000000
51165  -2.044  -37.536  85.903 0.0000000000
51175  -1.551  -37.473  85.141 0.0000000000
49452  -1.437  -39.585  84.101 0.0000000000
48474  -1.558  -40.542  84.789 0.0000000000
47450  -0.673  -41.763  82.451 0.0000000000
46298  -0.660  -42.094  82.769 0.0000000000
46297  -0.005  -42.251  82.528 0.0000000000
46296  1.078  -42.563  82.694 0.0000000000
46314  1.493  -42.313  82.335 0.0000000000
46315  0.743  -42.212  82.091 0.0000000000
47504  0.634  -41.125  80.080 0.0000000000
51199  -0.993  -37.306  80.847 0.0000000000
50331  -1.136  -38.365  81.253 0.0000000000
50352  -0.218  -38.241  79.067 0.0000000000
49509  -0.404  -39.095  79.017 0.0000000000
49508  -0.195  -39.105  78.411 0.0000000000
61405  0.813  -26.857  88.664 0.0000000000
60521  -0.134  -27.262  88.403 0.0000000000
60522  -1.021  -27.637  88.929 0.0000000000
59613  -1.458  -28.718  87.831 0.0000000000
59620  -0.952  -28.360  85.943 0.0000000000
59621  -1.332  -28.825  86.417 0.0000000000
59625  -1.265  -28.964  85.537 0.0000000000
58684  -1.545  -29.693  85.059 0.0000000000
60564  1.761  -27.514  84.420 0.0000000000
60555  1.530  -27.298  85.390 0.0000000000
60556  0.758  -27.528  85.334 0.0000000000
60557  -0.041  -27.820  85.289 0.0000000000
59644  -0.224  -28.921  82.420 0.0000000000
59645  -0.828  -29.151  82.999 0.0000000000
58691  -1.244  -29.828  83.250 0.0000000000
57774  -1.277  -30.790  81.732 0.0000000000
57779  -1.056  -30.944  79.939 0.0000000000
57776  -1.194  -30.906  80.822 0.0000000000
56882  -0.764  -31.725  79.633 0.0000000000
56890  -0.467  -31.755  78.768 0.0000000000
59676  0.142  -29.189  78.633 0.0000000000
49356  8.650  -39.490  96.672 0.0000000000
50205  7.749  -39.144  97.134 0.0000000000
51067  8.158  -37.755  96.035 0.0000000000
51981  7.611  -36.910  94.787 0.0000000000
49364  11.390  -39.513  95.123 0.0000000000
49365  10.687  -39.347  95.592 0.0000000000
48366  9.934  -40.369  96.063 0.0000000000
47285  9.711  -40.872  96.167 0.0000000000
47447  3.803  -41.678  83.070 0.0000000000
40484  0.997  -47.081  92.523 0.0000000000
41594  0.531  -46.662  92.631 0.0000000000
41581  0.580  -45.849  93.180 0.0000000000
40470  3.325  -46.859  94.078 0.0000000000
39279  2.015  -47.934  93.001 0.0000000000
39269  1.414  -47.964  92.952 0.0000000000
48417  -1.669  -40.951  89.939 0.0000000000
48423  -2.156  -40.061  88.495 0.0000000000
53982  -1.412  -34.420  84.959 0.0000000000
54002  -1.498  -34.408  82.759 0.0000000000
55030  -1.418  -33.423  82.305 0.0000000000
55988  -1.354  -32.499  81.839 0.0000000000
43802  3.690  -43.995  95.509 0.0000000000
44988  3.931  -43.465  95.815 0.0000000000
46155  4.613  -42.313  96.526 0.0000000000
47289  4.046  -41.437  96.662 0.0000000000
50219  5.228  -38.700  96.761 0.0000000000
51084  4.595  -37.459  95.506 0.0000000000
51985  3.822  -36.805  94.841 0.0000000000
47323  14.517  -41.214  92.544 0.0000000000
46181  12.915  -42.005  91.927 0.0000000000
46178  11.570  -42.208  93.529 0.0000000000
44999  11.001  -42.678  93.526 0.0000000000
45003  10.550  -43.258  92.466 0.0000000000
44987  7.429  -43.798  96.056 0.0000000000
43790  7.141  -43.921  96.169 0.0000000000
52962  -3.005  -35.229  92.561 0.0000000000
53926  -2.886  -34.638  91.905 0.0000000000
57708  -2.378  -30.820  90.550 0.0000000000
56810  -2.584  -31.276  88.110 0.0000000000
57738  -2.510  -30.433  87.921 0.0000000000
58669  -2.279  -29.988  87.423 0.0000000000
48409  19.203  -39.922  90.878 0.0000000000
51104  18.231  -37.847  93.866 0.0000000000
48389  16.489  -39.908  93.113 0.0000000000
50244  15.552  -38.302  93.724 0.0000000000
52015  12.276  -36.774  93.018 0.0000000000
41618  -0.773  -46.836  90.156 0.0000000000
41610  -0.971  -45.134  91.899 0.0000000000
41609  -1.085  -45.578  91.744 0.0000000000
42692  -0.659  -44.342  91.732 0.0000000000
42679  -0.506  -43.724  92.155 0.0000000000
43820  -0.278  -43.284  92.213 0.0000000000
46184  -0.024  -42.872  92.594 0.0000000000
47320  -1.046  -41.568  92.937 0.0000000000
46168  1.757  -42.160  95.357 0.0000000000
44992  0.820  -42.212  94.495 0.0000000000
46169  1.048  -41.790  94.928 0.0000000000
46158  0.634  -41.347  94.694 0.0000000000
47293  0.421  -40.758  94.720 0.0000000000
156595  -0.253  -37.882  95.305 0.0000000000
49363  -1.160  -38.880  94.593 0.0000000000
49367  -1.271  -39.137  94.367 0.0000000000
156601  -1.859  -35.164  93.939 0.0000000000
46208  13.535  -42.471  88.503 0.0000000000
40507  7.041  -47.036  91.402 0.0000000000
39300  5.889  -48.029  90.889 0.0000000000
38085  0.492  -49.591  90.647 0.0000000000
38087  -0.664  -50.074  89.058 0.0000000000
38093  -0.650  -49.302  88.910 0.0000000000
41648  0.235  -46.665  87.691 0.0000000000
42735  -0.031  -45.653  87.373 0.0000000000
43886  -1.195  -44.158  86.675 0.0000000000
43906  -0.679  -44.169  85.790 0.0000000000
43926  0.572  -44.309  85.127 0.0000000000
45060  -0.043  -43.833  84.544 0.0000000000
52059  -2.585  -37.062  88.702 0.0000000000
51145  -2.399  -37.634  88.048 0.0000000000
51156  -2.373  -37.482  87.205 0.0000000000
51182  -1.365  -37.483  84.107 0.0000000000
48502  -1.156  -40.770  82.716 0.0000000000
47471  -1.033  -41.255  82.207 0.0000000000
47470  -0.385  -41.593  81.908 0.0000000000
47489  -0.964  -41.049  81.564 0.0000000000
49476  -1.037  -39.290  80.639 0.0000000000
51214  -0.160  -36.920  79.022 0.0000000000
60528  -0.250  -27.426  87.608 0.0000000000
60537  -1.131  -28.051  87.167 0.0000000000
59624  -0.769  -28.337  85.305 0.0000000000
60576  1.983  -27.559  83.358 0.0000000000
60577  1.044  -27.850  83.349 0.0000000000
60578  0.498  -28.172  83.754 0.0000000000
58694  -0.391  -29.362  81.762 0.0000000000
58699  -1.040  -30.247  81.203 0.0000000000
58698  -0.526  -29.620  81.059 0.0000000000
58707  -0.801  -30.252  79.487 0.0000000000
46145  6.401  -42.165  97.087 0.0000000000
46146  5.844  -41.816  97.120 0.0000000000
47276  6.046  -41.369  97.266 0.0000000000
49347  6.575  -39.897  97.399 0.0000000000
50207  5.946  -39.212  97.278 0.0000000000
50217  7.077  -38.378  96.831 0.0000000000
51069  6.324  -37.917  96.180 0.0000000000
48393  13.217  -40.481  93.761 0.0000000000
47309  11.320  -41.333  94.771 0.0000000000
46175  11.296  -42.075  94.208 0.0000000000
46176  10.670  -42.292  94.518 0.0000000000
44996  9.460  -43.381  94.387 0.0000000000
44984  9.690  -42.552  95.230 0.0000000000
44985  9.070  -43.049  95.449 0.0000000000
44974  8.823  -42.594  96.109 0.0000000000
47286  9.296  -41.371  96.431 0.0000000000
46151  8.641  -42.191  96.613 0.0000000000
46152  7.920  -42.522  96.737 0.0000000000
46144  7.285  -42.208  97.014 0.0000000000
44970  6.895  -42.642  97.015 0.0000000000
57675  -2.274  -31.375  93.093 0.0000000000
58598  -2.394  -30.720  92.675 0.0000000000
59578  -2.376  -30.267  92.703 0.0000000000
58613  -2.430  -30.226  92.131 0.0000000000
58612  -2.211  -29.539  92.187 0.0000000000
58623  -2.183  -29.423  91.593 0.0000000000
58633  -2.113  -29.306  90.729 0.0000000000
59597  -1.582  -28.512  90.326 0.0000000000
40510  -0.502  -46.826  91.662 0.0000000000
40499  -0.523  -46.081  92.111 0.0000000000
41596  -0.099  -46.035  92.493 0.0000000000
40486  -0.483  -45.559  92.236 0.0000000000
156419  -0.994  -44.781  92.673 0.0000000000
156417  -1.027  -44.285  93.035 0.0000000000
156422  -1.537  -43.107  94.147 0.0000000000
50223  1.468  -38.848  95.926 0.0000000000
49361  1.253  -39.525  95.681 0.0000000000
51075  1.005  -38.144  95.685 0.0000000000
51089  0.719  -37.676  95.532 0.0000000000
51989  0.548  -37.022  95.318 0.0000000000
156597  -0.034  -37.855  95.407 0.0000000000
52925  -0.298  -37.360  95.165 0.0000000000
156600  -0.550  -36.390  94.722 0.0000000000
156602  -0.646  -35.642  94.507 0.0000000000
40496  5.414  -47.685  92.727 0.0000000000
38074  2.708  -49.922  91.689 0.0000000000
38075  1.519  -49.669  91.493 0.0000000000
39303  1.405  -49.073  92.043 0.0000000000
43851  -1.308  -44.492  88.806 0.0000000000
46225  -1.885  -42.427  87.010 0.0000000000
53012  -1.915  -35.109  87.066 0.0000000000
53025  -2.099  -35.745  86.877 0.0000000000
53024  -1.815  -35.407  86.302 0.0000000000
52132  -1.024  -36.337  81.516 0.0000000000
54029  -0.649  -34.301  79.542 0.0000000000
60587  2.981  -27.624  82.175 0.0000000000
59641  2.188  -27.876  81.422 0.0000000000
59650  2.351  -28.207  80.599 0.0000000000
59656  3.393  -28.291  79.589 0.0000000000
45079  3.344  -43.514  83.984 0.0000000000
41575  1.916  -45.588  94.175 0.0000000000
42667  1.377  -45.055  93.965 0.0000000000
44990  2.245  -43.079  95.204 0.0000000000
44989  3.196  -43.216  95.656 0.0000000000
47302  2.003  -41.680  95.666 0.0000000000
47292  1.804  -41.163  95.684 0.0000000000
47277  5.347  -41.387  97.095 0.0000000000
47278  4.653  -41.162  96.964 0.0000000000
48369  4.159  -40.609  96.943 0.0000000000
49359  2.768  -39.765  96.555 0.0000000000
51986  2.871  -36.748  94.854 0.0000000000
47344  16.205  -41.813  89.465 0.0000000000
46198  16.125  -42.008  88.808 0.0000000000
46191  15.750  -42.061  89.496 0.0000000000
47339  14.162  -42.094  90.832 0.0000000000
46193  14.092  -42.283  90.218 0.0000000000
45020  11.702  -42.540  89.702 0.0000000000
46183  11.776  -42.356  92.679 0.0000000000
46188  11.948  -42.341  92.075 0.0000000000
46187  12.357  -42.224  91.630 0.0000000000
45015  11.755  -42.537  90.458 0.0000000000
41591  7.773  -45.731  91.702 0.0000000000
41592  7.320  -46.250  92.184 0.0000000000
41593  6.840  -46.698  92.604 0.0000000000
41577  6.507  -46.625  93.206 0.0000000000
43805  8.492  -44.395  94.318 0.0000000000
42660  8.062  -44.917  94.298 0.0000000000
41570  6.439  -46.205  93.983 0.0000000000
41578  5.924  -46.738  93.623 0.0000000000
40468  4.877  -46.699  94.061 0.0000000000
41574  2.589  -46.103  94.289 0.0000000000
49396  -2.356  -39.178  90.021 0.0000000000
50259  -2.493  -38.312  90.483 0.0000000000
51121  -2.599  -37.516  90.045 0.0000000000
52055  -2.659  -36.753  89.560 0.0000000000
52993  -2.614  -35.887  90.878 0.0000000000
55905  -2.557  -32.866  91.127 0.0000000000
55918  -2.632  -32.694  90.146 0.0000000000
55950  -2.379  -31.854  87.355 0.0000000000
54999  -1.860  -32.704  86.336 0.0000000000
51100  9.772  -37.178  94.993 0.0000000000
51998  9.147  -36.742  94.385 0.0000000000
52018  9.176  -36.162  92.969 0.0000000000
47343  16.996  -41.543  89.265 0.0000000000
51102  19.900  -37.303  93.341 0.0000000000
48403  19.135  -39.723  91.508 0.0000000000
48404  18.601  -40.076  91.717 0.0000000000
48396  18.359  -39.913  92.356 0.0000000000
48410  18.364  -40.602  90.614 0.0000000000
47335  17.919  -41.028  90.494 0.0000000000
47336  17.247  -41.199  90.659 0.0000000000
47329  16.355  -41.087  91.566 0.0000000000
48399  15.703  -40.594  92.614 0.0000000000
51096  15.467  -37.340  93.763 0.0000000000
51106  14.731  -37.505  93.429 0.0000000000
50245  14.457  -38.398  93.421 0.0000000000
49369  13.071  -39.502  93.912 0.0000000000
51109  12.308  -37.497  93.696 0.0000000000
51097  11.954  -37.731  94.197 0.0000000000
50238  11.808  -38.197  94.517 0.0000000000
51077  10.763  -37.555  94.950 0.0000000000
46196  -1.393  -42.524  90.632 0.0000000000
46190  -0.998  -42.558  91.520 0.0000000000
48408  -1.953  -39.900  91.319 0.0000000000
43809  0.967  -44.122  93.787 0.0000000000
156412  0.233  -42.957  93.655 0.0000000000
44993  -0.568  -42.786  93.890 0.0000000000
44981  -1.103  -43.059  94.206 0.0000000000
44982  -1.889  -42.645  94.589 0.0000000000
46173  -2.040  -42.243  94.078 0.0000000000
49350  0.992  -39.613  95.309 0.0000000000
48360  0.384  -39.980  94.983 0.0000000000
47280  -0.063  -40.534  94.611 0.0000000000
49352  -0.352  -39.214  94.962 0.0000000000
48362  -0.524  -40.240  94.548 0.0000000000
47281  -0.918  -40.921  94.153 0.0000000000
48364  -1.689  -41.609  95.024 0.0000000000
47297  -2.166  -41.698  94.446 0.0000000000
47306  -1.699  -41.967  94.175 0.0000000000
47313  -0.860  -41.943  93.992 0.0000000000
47311  -1.080  -41.332  93.394 0.0000000000
48401  -1.609  -40.800  92.635 0.0000000000
48402  -2.002  -39.986  92.222 0.0000000000
51115  -2.539  -37.298  91.818 0.0000000000
52041  -2.733  -36.282  92.191 0.0000000000
53916  -3.139  -34.606  93.047 0.0000000000
54918  -3.137  -34.031  92.900 0.0000000000
156608  -1.455  -34.791  94.153 0.0000000000
156612  -1.611  -34.248  94.104 0.0000000000
156613  -2.133  -32.535  93.448 0.0000000000
46218  15.823  -42.263  87.386 0.0000000000
46232  15.358  -42.185  86.690 0.0000000000
39312  5.317  -48.545  90.354 0.0000000000
40561  -0.033  -47.395  87.046 0.0000000000
42749  0.371  -45.337  86.818 0.0000000000
41665  2.026  -46.529  85.996 0.0000000000
46276  3.082  -42.582  83.732 0.0000000000
50280  -2.325  -38.401  88.358 0.0000000000
49419  -2.204  -39.222  87.994 0.0000000000
48434  -2.183  -40.065  87.574 0.0000000000
47372  -2.102  -40.696  86.697 0.0000000000
47391  -1.664  -41.459  85.458 0.0000000000
52100  -2.157  -36.798  86.278 0.0000000000
50298  -2.072  -38.062  85.928 0.0000000000
49445  -2.063  -39.422  85.706 0.0000000000
46262  -1.137  -42.597  84.235 0.0000000000
46280  -0.521  -42.508  83.397 0.0000000000
46278  1.585  -42.907  83.311 0.0000000000
46277  2.397  -42.783  83.538 0.0000000000
47427  2.997  -42.124  83.372 0.0000000000
47448  2.784  -41.805  82.702 0.0000000000
48558  -0.762  -40.012  80.245 0.0000000000
48557  -0.157  -40.369  79.702 0.0000000000
60503  -0.582  -27.128  91.506 0.0000000000
59603  -1.461  -28.502  89.457 0.0000000000
60510  0.229  -27.128  90.402 0.0000000000
58661  -1.839  -29.397  88.369 0.0000000000
58668  -1.934  -29.407  87.588 0.0000000000
58675  -1.966  -29.723  86.788 0.0000000000
57760  -1.677  -30.356  85.454 0.0000000000
59627  -0.440  -28.537  84.520 0.0000000000
59634  -0.158  -28.668  83.564 0.0000000000
58686  -1.327  -29.823  84.209 0.0000000000
57765  -1.495  -30.642  83.745 0.0000000000
56856  -1.431  -31.607  82.292 0.0000000000
56000  -1.130  -32.473  80.937 0.0000000000
56011  -0.957  -32.497  80.104 0.0000000000
55066  -0.186  -33.455  79.073 0.0000000000
59667  0.064  -29.015  79.576 0.0000000000
58706  -0.421  -29.630  79.056 0.0000000000
55075  0.042  -33.644  78.005 0.0000000000
36884  3.776  -50.013  91.130 0.0000000000
38042  1.105  -47.951  93.081 0.0000000000
38043  1.071  -47.760  93.177 0.0000000000
38044  1.274  -47.962  93.007 0.0000000000
38050  1.074  -48.113  92.706 0.0000000000
38051  0.950  -47.945  92.913 0.0000000000
38052  0.831  -47.683  93.052 0.0000000000
39268  1.905  -47.738  92.968 0.0000000000
39270  1.271  -47.752  92.756 0.0000000000
39280  0.992  -47.900  92.704 0.0000000000
39281  1.079  -47.709  92.992 0.0000000000
39305  -1.182  -46.573  91.340 0.0000000000
39306  -1.398  -46.594  91.351 0.0000000000
39315  -1.250  -46.663  91.401 0.0000000000
39316  -1.429  -46.795  91.496 0.0000000000
40472  1.772  -47.438  93.063 0.0000000000
40473  1.374  -47.432  92.892 0.0000000000
40474  1.205  -47.570  92.636 0.0000000000
40485  0.980  -47.667  92.652 0.0000000000
40487  -0.637  -45.643  92.083 0.0000000000
40511  -0.895  -46.435  91.657 0.0000000000
40512  -1.114  -46.296  91.549 0.0000000000
40525  -1.235  -46.558  91.326 0.0000000000
41583  -0.283  -45.316  92.489 0.0000000000
41584  -0.589  -45.156  92.346 0.0000000000
41585  -0.962  -44.786  92.436 0.0000000000
41597  -0.886  -45.361  92.000 0.0000000000
41598  -1.113  -45.129  92.052 0.0000000000
41656  2.187  -46.106  86.265 0.0000000000
42681  -0.951  -44.692  92.139 0.0000000000
42693  -1.056  -44.903  91.773 0.0000000000
43793  4.926  -43.524  96.244 0.0000000000
43822  -0.821  -44.441  91.712 0.0000000000
43823  -1.015  -44.301  91.890 0.0000000000
44971  6.569  -42.816  96.977 0.0000000000
44972  -1.915  -42.474  95.172 0.0000000000
44973  -2.147  -42.515  95.069 0.0000000000
44975  8.306  -42.894  96.266 0.0000000000
44983  -2.129  -42.563  94.695 0.0000000000
44994  -2.052  -42.540  94.402 0.0000000000
45004  -0.260  -42.947  92.223 0.0000000000
45005  11.843  -42.404  91.716 0.0000000000
45008  -0.563  -42.988  91.806 0.0000000000
45081  2.020  -43.244  83.822 0.0000000000
46147  -1.045  -42.319  94.900 0.0000000000
46148  -1.635  -42.295  95.214 0.0000000000
46153  6.164  -42.647  96.985 0.0000000000
46163  -2.457  -42.268  95.050 0.0000000000
46171  0.449  -42.004  94.046 0.0000000000
46174  -2.337  -42.246  94.571 0.0000000000
46180  0.030  -42.750  92.832 0.0000000000
46294  2.699  -42.319  83.295 0.0000000000
47279  0.220  -40.291  94.786 0.0000000000
47283  -1.904  -41.909  95.369 0.0000000000
47284  -2.410  -41.910  95.365 0.0000000000
47295  -0.642  -41.604  94.402 0.0000000000
47296  -0.573  -42.008  94.695 0.0000000000
47298  -2.422  -41.835  94.712 0.0000000000
47304  0.923  -41.107  95.090 0.0000000000
47305  -1.207  -41.432  94.021 0.0000000000
47307  -2.226  -41.962  94.322 0.0000000000
47312  -0.971  -41.611  93.991 0.0000000000
47318  0.186  -42.932  92.846 0.0000000000
47449  2.022  -42.208  82.370 0.0000000000
48353  0.106  -39.540  95.006 0.0000000000
48354  0.043  -39.694  94.910 0.0000000000
48357  6.317  -40.662  97.345 0.0000000000
48359  4.857  -40.644  97.195 0.0000000000
48363  -1.061  -41.021  94.793 0.0000000000
48365  -2.134  -41.638  95.260 0.0000000000
48376  -2.007  -41.518  94.764 0.0000000000
48377  -2.377  -41.638  95.072 0.0000000000
48380  1.435  -40.882  95.507 0.0000000000
48383  -1.550  -41.005  94.045 0.0000000000
48384  -1.894  -41.519  94.211 0.0000000000
48411  17.781  -40.868  90.817 0.0000000000
48463  -2.119  -40.151  86.261 0.0000000000
49343  0.030  -39.283  95.107 0.0000000000
49351  -0.057  -39.544  95.027 0.0000000000
49368  13.415  -39.252  93.659 0.0000000000
49389  19.102  -39.637  91.859 0.0000000000
49436  -2.044  -39.689  85.707 0.0000000000
50203  0.366  -39.070  95.283 0.0000000000
50204  0.124  -38.634  95.354 0.0000000000
50209  4.711  -39.616  97.153 0.0000000000
50211  0.364  -38.652  95.421 0.0000000000
50214  9.948  -38.911  96.057 0.0000000000
50224  0.887  -38.658  95.606 0.0000000000
50226  -1.094  -38.360  94.603 0.0000000000
50231  -1.391  -38.303  94.270 0.0000000000
50251  19.073  -38.743  92.763 0.0000000000
50307  -2.090  -39.012  85.784 0.0000000000
51076  0.184  -38.003  95.503 0.0000000000
51078  10.267  -37.650  95.185 0.0000000000
51080  8.312  -37.361  95.381 0.0000000000
51091  -1.283  -37.788  94.400 0.0000000000
51099  10.250  -37.114  94.705 0.0000000000
51133  -2.441  -37.791  88.661 0.0000000000
51977  -0.179  -37.676  95.282 0.0000000000
52017  10.295  -36.221  93.036 0.0000000000
52085  -2.064  -36.181  86.415 0.0000000000
52948  -3.088  -34.905  93.249 0.0000000000
52963  -3.116  -35.015  92.991 0.0000000000
53905  -3.073  -34.576  93.444 0.0000000000
53915  -3.066  -34.462  92.561 0.0000000000
56900  -0.858  -31.870  77.880 0.0000000000
57727  -2.066  -29.884  88.965 0.0000000000
57737  -2.316  -29.964  88.428 0.0000000000
57745  -2.360  -30.542  87.249 0.0000000000
58643  -2.141  -29.925  89.933 0.0000000000
58676  -2.251  -30.163  87.054 0.0000000000
59658  1.655  -28.617  79.915 0.0000000000
156411  -0.045  -44.390  92.985 0.0000000000
156413  -0.735  -44.740  93.059 0.0000000000
156414  -0.192  -44.979  92.683 0.0000000000
156415  -0.882  -44.575  93.133 0.0000000000
156418  -0.695  -44.985  92.905 0.0000000000
156424  0.190  -43.219  92.892 0.0000000000
156425  -0.905  -44.726  92.357 0.0000000000
156426  -0.971  -44.234  92.727 0.0000000000
156427  0.025  -43.489  92.570 0.0000000000
156428  -0.712  -44.250  92.043 0.0000000000
156430  0.114  -43.571  93.256 0.0000000000
156594  0.000  -39.289  94.893 0.0000000000
156605  -1.690  -34.506  94.062 0.0000000000
156607  -3.006  -34.356  93.691 0.0000000000
