#!ascii label  , from subject 3272 vox2ras=TkReg
624
42724  24.169  -45.903  87.739 0.0000000000
64027  46.143  -22.942  79.319 0.0000000000
67390  50.448  -19.224  73.023 0.0000000000
52151  40.790  -36.180  77.422 0.0000000000
51128  25.983  -38.005  88.174 0.0000000000
45040  26.491  -43.612  85.654 0.0000000000
66474  48.959  -20.075  76.857 0.0000000000
62437  45.063  -25.690  75.671 0.0000000000
50320  39.296  -38.237  81.342 0.0000000000
48453  30.929  -40.670  85.654 0.0000000000
76563  50.127  -9.721  69.028 0.0000000000
74426  47.175  -11.935  71.307 0.0000000000
55990  42.479  -32.483  81.618 0.0000000000
57781  44.904  -30.210  78.053 0.0000000000
47354  24.455  -41.724  87.448 0.0000000000
43852  25.308  -44.851  87.127 0.0000000000
64846  47.343  -22.120  77.967 0.0000000000
64044  47.424  -23.329  76.236 0.0000000000
63263  46.693  -24.675  77.310 0.0000000000
47492  35.333  -41.980  79.124 0.0000000000
48441  27.376  -40.258  86.170 0.0000000000
49410  28.319  -39.663  87.635 0.0000000000
48455  28.696  -40.627  85.113 0.0000000000
78865  48.565  -8.427  71.032 0.0000000000
75556  47.316  -10.868  68.640 0.0000000000
76555  47.006  -9.798  70.016 0.0000000000
71236  49.941  -15.510  74.168 0.0000000000
75517  48.307  -11.894  73.038 0.0000000000
71250  50.106  -15.500  71.857 0.0000000000
71267  48.509  -15.694  70.049 0.0000000000
67407  49.618  -19.830  70.655 0.0000000000
51195  40.615  -37.635  80.007 0.0000000000
53082  40.554  -35.835  81.601 0.0000000000
54031  42.614  -34.773  79.340 0.0000000000
56001  43.906  -31.743  79.966 0.0000000000
55076  43.181  -32.894  77.433 0.0000000000
56906  42.539  -30.996  75.874 0.0000000000
54081  39.355  -34.115  74.494 0.0000000000
47352  25.971  -41.012  87.037 0.0000000000
71196  49.088  -16.082  76.226 0.0000000000
67366  49.840  -18.824  74.731 0.0000000000
64055  47.670  -22.819  74.787 0.0000000000
63285  45.716  -24.234  74.118 0.0000000000
48477  35.400  -40.496  83.522 0.0000000000
48486  37.029  -40.501  81.876 0.0000000000
49469  38.499  -39.817  79.735 0.0000000000
50357  37.457  -38.143  76.461 0.0000000000
51232  38.085  -37.511  74.729 0.0000000000
48450  33.467  -40.197  85.508 0.0000000000
47413  33.718  -41.881  83.976 0.0000000000
76599  49.966  -10.321  66.605 0.0000000000
76548  46.195  -10.369  71.327 0.0000000000
74435  46.458  -12.161  70.471 0.0000000000
70307  46.650  -16.942  69.173 0.0000000000
61456  45.761  -26.523  79.141 0.0000000000
59679  44.849  -27.905  76.576 0.0000000000
59695  42.698  -28.489  74.635 0.0000000000
41638  25.134  -46.896  87.475 0.0000000000
43853  24.571  -44.918  87.548 0.0000000000
41650  25.650  -46.690  87.198 0.0000000000
64026  46.599  -22.867  78.723 0.0000000000
63253  47.047  -23.813  77.774 0.0000000000
63244  46.650  -23.575  78.601 0.0000000000
48456  27.604  -40.378  85.395 0.0000000000
78855  47.875  -7.992  71.328 0.0000000000
77732  48.077  -8.800  70.281 0.0000000000
77721  47.079  -8.693  70.994 0.0000000000
69338  50.251  -17.267  73.604 0.0000000000
72252  50.120  -14.623  72.747 0.0000000000
70291  50.223  -16.483  71.977 0.0000000000
69364  49.933  -17.518  71.249 0.0000000000
51200  40.764  -37.148  78.518 0.0000000000
53102  41.560  -36.205  79.850 0.0000000000
53110  42.278  -35.660  78.514 0.0000000000
54039  43.038  -34.063  79.136 0.0000000000
54049  41.840  -34.563  77.013 0.0000000000
55077  42.138  -33.372  76.454 0.0000000000
54050  40.886  -34.887  76.189 0.0000000000
47353  25.497  -41.618  87.203 0.0000000000
47363  25.880  -42.155  86.793 0.0000000000
47362  26.178  -41.514  86.459 0.0000000000
68310  48.458  -18.369  77.252 0.0000000000
71187  48.240  -16.155  77.175 0.0000000000
69302  49.106  -17.342  76.351 0.0000000000
69317  49.340  -17.527  75.675 0.0000000000
66484  49.289  -20.231  75.829 0.0000000000
64865  49.043  -21.896  74.874 0.0000000000
64860  48.744  -21.693  75.808 0.0000000000
62446  45.745  -24.722  75.629 0.0000000000
63278  46.456  -23.625  75.294 0.0000000000
63280  45.304  -24.576  74.767 0.0000000000
61517  44.890  -26.014  73.965 0.0000000000
61518  44.017  -25.845  74.118 0.0000000000
47411  35.056  -41.250  83.192 0.0000000000
48487  36.218  -40.748  82.499 0.0000000000
47430  36.305  -41.328  81.716 0.0000000000
48521  37.230  -40.678  79.603 0.0000000000
49477  38.360  -38.949  78.109 0.0000000000
48438  30.343  -40.360  86.281 0.0000000000
49424  30.703  -39.873  86.778 0.0000000000
48452  31.831  -40.504  85.689 0.0000000000
47373  33.069  -40.696  85.108 0.0000000000
47394  32.188  -41.640  84.738 0.0000000000
78875  50.612  -8.311  69.726 0.0000000000
76576  50.911  -9.548  68.234 0.0000000000
75557  46.387  -11.716  68.257 0.0000000000
75528  47.565  -11.684  72.078 0.0000000000
75519  46.857  -11.570  72.601 0.0000000000
76540  46.229  -10.781  72.207 0.0000000000
77715  45.707  -10.032  71.843 0.0000000000
75529  46.650  -11.286  71.662 0.0000000000
75535  46.298  -11.041  70.718 0.0000000000
74434  47.446  -12.713  70.908 0.0000000000
69371  48.067  -17.799  69.716 0.0000000000
70306  47.478  -16.811  69.616 0.0000000000
49446  38.061  -38.759  82.658 0.0000000000
51176  39.225  -37.350  82.655 0.0000000000
54003  41.282  -34.541  81.806 0.0000000000
54004  40.766  -34.627  82.151 0.0000000000
56875  44.343  -30.909  79.610 0.0000000000
57772  44.210  -30.069  81.112 0.0000000000
58697  44.962  -29.089  79.748 0.0000000000
59647  45.126  -28.087  79.830 0.0000000000
59654  45.426  -28.195  78.800 0.0000000000
60600  45.534  -27.744  78.315 0.0000000000
58704  45.170  -29.322  77.676 0.0000000000
56920  41.592  -31.139  74.925 0.0000000000
57806  42.877  -29.795  75.484 0.0000000000
57822  42.285  -30.207  73.776 0.0000000000
57836  42.886  -29.784  73.564 0.0000000000
46212  24.898  -42.916  87.281 0.0000000000
43869  25.944  -44.742  86.602 0.0000000000
42751  26.631  -45.524  85.544 0.0000000000
42737  26.290  -45.609  86.296 0.0000000000
65662  48.396  -20.945  77.191 0.0000000000
65670  48.583  -21.652  76.583 0.0000000000
64039  47.538  -22.903  77.254 0.0000000000
63262  47.045  -23.919  76.760 0.0000000000
62429  46.232  -25.436  76.910 0.0000000000
49412  26.617  -39.702  87.395 0.0000000000
50265  27.378  -38.584  88.285 0.0000000000
48426  27.881  -39.979  86.882 0.0000000000
48439  29.328  -40.471  86.244 0.0000000000
48454  29.927  -40.786  85.529 0.0000000000
47395  31.322  -41.752  84.652 0.0000000000
47396  30.419  -41.727  84.389 0.0000000000
77730  49.930  -8.792  70.248 0.0000000000
76578  49.213  -10.198  68.472 0.0000000000
77744  48.358  -9.308  69.758 0.0000000000
76566  47.364  -10.132  69.504 0.0000000000
75544  46.372  -11.042  69.495 0.0000000000
73299  48.587  -13.465  74.756 0.0000000000
73312  49.565  -13.587  73.719 0.0000000000
74416  49.292  -12.816  72.306 0.0000000000
73331  49.050  -13.248  71.516 0.0000000000
73340  47.737  -13.570  70.595 0.0000000000
71258  49.114  -15.551  70.689 0.0000000000
69366  48.966  -17.647  70.007 0.0000000000
51196  40.228  -37.707  80.529 0.0000000000
51183  40.245  -37.059  81.431 0.0000000000
52134  40.813  -36.865  80.587 0.0000000000
53080  41.557  -35.344  80.907 0.0000000000
55052  42.584  -33.811  80.713 0.0000000000
55989  43.095  -32.324  81.146 0.0000000000
55060  43.181  -33.294  79.624 0.0000000000
56013  43.639  -32.522  79.265 0.0000000000
56024  44.467  -31.699  78.034 0.0000000000
57784  44.448  -30.311  77.308 0.0000000000
56036  42.739  -32.128  76.565 0.0000000000
56049  41.516  -32.260  75.403 0.0000000000
56065  39.516  -33.071  73.742 0.0000000000
49415  24.063  -39.705  87.221 0.0000000000
49414  24.882  -39.359  87.619 0.0000000000
49413  26.022  -39.898  87.378 0.0000000000
48442  26.659  -40.575  86.195 0.0000000000
47379  26.459  -41.184  85.381 0.0000000000
71225  49.395  -14.979  74.981 0.0000000000
69329  49.922  -17.140  74.451 0.0000000000
67380  50.205  -18.988  73.905 0.0000000000
66503  49.938  -20.478  74.006 0.0000000000
64871  48.489  -22.542  74.297 0.0000000000
64061  46.794  -23.596  73.763 0.0000000000
64049  47.825  -22.858  75.736 0.0000000000
64056  46.902  -23.228  74.438 0.0000000000
48448  34.954  -39.801  84.907 0.0000000000
48464  35.944  -39.939  84.000 0.0000000000
48475  36.831  -39.987  82.831 0.0000000000
49453  38.151  -39.238  81.820 0.0000000000
47453  36.213  -41.544  80.738 0.0000000000
48504  37.520  -40.610  80.808 0.0000000000
49459  38.998  -39.082  80.499 0.0000000000
49468  39.001  -39.155  79.324 0.0000000000
50341  39.711  -38.065  78.458 0.0000000000
51206  39.599  -37.464  77.559 0.0000000000
52153  38.325  -36.962  75.960 0.0000000000
50374  37.147  -38.179  75.024 0.0000000000
48466  34.448  -40.419  84.526 0.0000000000
47392  34.029  -41.171  84.213 0.0000000000
46263  33.852  -42.262  83.582 0.0000000000
46253  32.036  -42.312  84.341 0.0000000000
46283  33.380  -42.963  83.060 0.0000000000
77776  51.525  -9.730  66.636 0.0000000000
77722  46.188  -9.200  71.178 0.0000000000
77734  46.715  -9.258  70.690 0.0000000000
76556  46.593  -10.032  70.323 0.0000000000
74443  45.819  -12.384  69.480 0.0000000000
72270  47.635  -14.141  70.225 0.0000000000
73351  46.433  -13.453  69.802 0.0000000000
72293  45.588  -15.386  68.698 0.0000000000
52111  39.681  -36.052  82.318 0.0000000000
61446  45.282  -26.467  80.118 0.0000000000
62413  46.180  -25.396  78.940 0.0000000000
61455  46.138  -26.153  78.349 0.0000000000
61476  45.587  -26.814  77.128 0.0000000000
61486  45.070  -26.464  76.182 0.0000000000
58709  44.402  -29.409  76.767 0.0000000000
59681  43.717  -28.342  75.768 0.0000000000
61500  43.650  -26.439  74.874 0.0000000000
60648  43.273  -27.163  73.737 0.0000000000
53139  38.818  -35.488  74.941 0.0000000000
53164  38.483  -34.841  72.958 0.0000000000
41639  24.530  -46.823  87.570 0.0000000000
42723  25.091  -45.959  87.551 0.0000000000
63245  46.179  -24.203  79.129 0.0000000000
78856  46.781  -8.048  71.383 0.0000000000
68347  50.367  -18.224  73.311 0.0000000000
69350  50.305  -17.396  72.676 0.0000000000
68356  50.398  -18.399  72.368 0.0000000000
69361  50.219  -17.554  71.844 0.0000000000
67399  50.461  -19.475  72.042 0.0000000000
52145  41.006  -36.544  78.080 0.0000000000
52139  41.946  -36.301  78.735 0.0000000000
53111  41.477  -35.922  77.836 0.0000000000
53120  41.925  -35.320  77.677 0.0000000000
53121  40.815  -35.611  76.859 0.0000000000
46226  26.101  -42.847  86.411 0.0000000000
67342  48.939  -18.874  76.811 0.0000000000
68309  48.938  -17.921  76.895 0.0000000000
68322  49.249  -18.243  76.055 0.0000000000
67356  49.200  -19.287  76.025 0.0000000000
65669  49.039  -20.973  76.458 0.0000000000
62447  45.237  -24.958  75.190 0.0000000000
62462  44.395  -25.428  74.423 0.0000000000
62448  44.432  -25.622  74.952 0.0000000000
47432  34.876  -42.008  83.000 0.0000000000
47431  35.463  -41.655  82.408 0.0000000000
48437  31.255  -40.178  86.308 0.0000000000
47374  32.398  -40.959  85.150 0.0000000000
47375  31.557  -41.172  85.205 0.0000000000
77742  50.303  -9.315  69.329 0.0000000000
77741  51.154  -8.838  69.087 0.0000000000
77756  50.873  -9.365  68.703 0.0000000000
76577  50.277  -9.872  68.544 0.0000000000
74427  46.621  -11.559  71.050 0.0000000000
67412  48.333  -19.601  69.305 0.0000000000
50315  38.677  -38.495  82.062 0.0000000000
50309  38.810  -38.038  82.863 0.0000000000
50314  39.178  -37.893  82.283 0.0000000000
55031  41.427  -33.861  82.069 0.0000000000
56883  44.552  -30.931  78.605 0.0000000000
57778  44.843  -30.002  79.122 0.0000000000
58701  45.023  -29.427  79.162 0.0000000000
58700  45.227  -29.041  78.792 0.0000000000
59661  45.413  -28.421  78.043 0.0000000000
56933  40.780  -31.613  73.505 0.0000000000
57808  41.674  -30.747  74.280 0.0000000000
56932  41.477  -31.310  73.236 0.0000000000
56931  42.339  -31.496  73.343 0.0000000000
45025  24.904  -44.053  87.254 0.0000000000
46213  23.899  -42.823  87.427 0.0000000000
45034  25.578  -43.703  86.858 0.0000000000
42738  25.817  -45.728  86.983 0.0000000000
65653  47.216  -20.987  78.291 0.0000000000
66465  47.153  -20.106  78.376 0.0000000000
66464  47.885  -20.103  78.006 0.0000000000
65652  47.863  -20.930  77.824 0.0000000000
64853  47.738  -22.222  77.520 0.0000000000
63271  46.323  -24.604  76.199 0.0000000000
48427  26.995  -39.958  86.769 0.0000000000
49411  27.434  -39.648  87.492 0.0000000000
48440  28.288  -40.335  86.159 0.0000000000
47377  29.686  -41.123  84.698 0.0000000000
78854  48.850  -7.792  71.249 0.0000000000
78853  49.231  -7.739  71.126 0.0000000000
78863  50.084  -8.212  70.325 0.0000000000
77731  49.008  -8.830  70.413 0.0000000000
77743  49.350  -9.335  69.695 0.0000000000
77733  47.219  -9.259  70.271 0.0000000000
77745  47.713  -9.323  69.901 0.0000000000
76567  46.718  -10.391  69.778 0.0000000000
75543  46.976  -10.661  69.204 0.0000000000
73298  49.285  -14.031  74.591 0.0000000000
74396  49.057  -13.002  74.155 0.0000000000
72260  50.150  -15.049  72.202 0.0000000000
73323  49.791  -13.571  72.803 0.0000000000
72253  49.926  -14.025  72.296 0.0000000000
74424  49.160  -12.945  71.791 0.0000000000
73338  49.224  -13.905  71.495 0.0000000000
72268  49.167  -14.586  71.084 0.0000000000
71257  49.679  -15.436  71.345 0.0000000000
68372  49.797  -18.054  70.932 0.0000000000
69365  49.462  -17.494  70.733 0.0000000000
68373  49.417  -18.711  70.523 0.0000000000
51189  40.437  -37.230  80.829 0.0000000000
53101  41.981  -35.644  79.661 0.0000000000
53092  41.477  -35.844  80.440 0.0000000000
53091  41.835  -35.206  80.571 0.0000000000
54022  42.346  -34.457  80.433 0.0000000000
54021  42.648  -33.870  80.433 0.0000000000
54030  42.769  -33.944  79.930 0.0000000000
55067  43.369  -33.465  78.491 0.0000000000
56025  44.009  -32.511  78.231 0.0000000000
56035  43.743  -31.889  77.378 0.0000000000
55094  41.017  -33.469  75.487 0.0000000000
56050  40.738  -32.900  74.984 0.0000000000
55110  39.436  -33.492  74.079 0.0000000000
49416  23.633  -40.314  87.046 0.0000000000
49425  23.751  -39.360  86.738 0.0000000000
48431  23.957  -40.801  87.344 0.0000000000
48429  25.691  -40.503  87.267 0.0000000000
48430  24.912  -40.424  87.617 0.0000000000
49402  25.430  -39.330  87.893 0.0000000000
48428  26.233  -40.360  86.854 0.0000000000
71197  48.523  -15.646  76.539 0.0000000000
72219  48.480  -14.356  75.610 0.0000000000
71214  49.230  -15.590  75.575 0.0000000000
68330  49.618  -17.939  75.098 0.0000000000
69316  49.487  -16.966  75.138 0.0000000000
68340  50.135  -18.065  74.223 0.0000000000
66493  49.928  -19.686  74.417 0.0000000000
64060  47.749  -23.200  73.734 0.0000000000
64043  47.844  -22.707  76.582 0.0000000000
64861  48.284  -22.277  76.192 0.0000000000
63286  45.398  -24.432  74.558 0.0000000000
64051  46.405  -23.485  74.907 0.0000000000
64057  46.255  -23.699  74.353 0.0000000000
64062  46.240  -23.901  73.891 0.0000000000
62475  46.214  -24.408  73.830 0.0000000000
48465  35.116  -40.085  84.153 0.0000000000
49454  37.506  -39.575  82.328 0.0000000000
49461  37.718  -39.946  81.569 0.0000000000
47473  36.056  -41.527  79.630 0.0000000000
48520  37.676  -40.171  79.026 0.0000000000
48503  37.987  -40.362  80.032 0.0000000000
49460  38.302  -39.775  80.879 0.0000000000
50342  38.652  -38.307  77.573 0.0000000000
50333  39.388  -38.567  78.841 0.0000000000
51207  38.434  -37.879  76.947 0.0000000000
51218  38.162  -37.584  76.244 0.0000000000
49399  27.828  -39.275  88.161 0.0000000000
49398  28.649  -39.194  88.190 0.0000000000
48436  32.145  -39.957  86.320 0.0000000000
48435  32.986  -39.633  86.015 0.0000000000
48449  34.235  -40.050  85.240 0.0000000000
47393  33.111  -41.456  84.513 0.0000000000
47412  34.355  -41.737  83.538 0.0000000000
76587  50.839  -9.785  67.424 0.0000000000
76598  50.797  -9.959  66.191 0.0000000000
76579  48.104  -10.491  68.514 0.0000000000
75510  47.261  -11.997  73.340 0.0000000000
75511  46.455  -12.070  73.220 0.0000000000
77723  45.291  -9.218  71.712 0.0000000000
78857  45.760  -8.224  71.355 0.0000000000
72269  48.267  -14.610  70.410 0.0000000000
72279  48.028  -15.142  69.878 0.0000000000
71269  46.898  -15.791  69.369 0.0000000000
72281  46.050  -14.664  69.010 0.0000000000
71282  46.074  -15.994  68.879 0.0000000000
52119  40.056  -36.405  81.815 0.0000000000
56868  43.621  -31.774  80.781 0.0000000000
58692  44.389  -29.168  80.709 0.0000000000
60590  45.384  -27.323  79.637 0.0000000000
62414  45.675  -25.752  79.676 0.0000000000
60604  45.463  -27.647  77.582 0.0000000000
61466  45.770  -26.955  78.150 0.0000000000
60608  45.175  -27.458  76.744 0.0000000000
56905  43.396  -30.772  76.495 0.0000000000
57785  43.857  -30.244  76.719 0.0000000000
58710  43.727  -29.764  76.386 0.0000000000
58731  42.719  -29.178  75.092 0.0000000000
58719  43.475  -29.244  75.870 0.0000000000
59694  43.078  -28.418  75.245 0.0000000000
60620  43.978  -27.080  75.453 0.0000000000
60621  43.312  -27.470  75.159 0.0000000000
61501  43.198  -26.927  74.594 0.0000000000
60635  42.932  -27.482  74.288 0.0000000000
57834  43.836  -29.417  73.524 0.0000000000
52164  38.129  -36.488  75.307 0.0000000000
51245  37.883  -36.880  74.111 0.0000000000
45026  24.223  -43.897  87.524 0.0000000000
64838  46.628  -21.981  78.790 0.0000000000
64032  46.958  -22.892  78.175 0.0000000000
63254  46.662  -24.573  78.322 0.0000000000
48457  26.901  -40.450  85.589 0.0000000000
48469  27.581  -40.411  84.513 0.0000000000
78866  47.757  -8.570  70.809 0.0000000000
70278  50.126  -16.351  73.895 0.0000000000
72242  50.021  -14.769  73.713 0.0000000000
70286  50.257  -16.437  72.994 0.0000000000
71249  50.207  -15.601  72.504 0.0000000000
70292  49.996  -15.970  71.550 0.0000000000
70297  50.062  -17.007  71.541 0.0000000000
68366  50.123  -18.553  71.350 0.0000000000
51194  41.065  -37.278  79.352 0.0000000000
52133  41.218  -36.705  80.057 0.0000000000
52140  41.602  -36.709  79.197 0.0000000000
54040  42.776  -34.641  78.193 0.0000000000
55068  42.710  -33.804  77.532 0.0000000000
54065  41.225  -34.168  76.106 0.0000000000
54066  40.051  -34.492  75.272 0.0000000000
69274  47.987  -17.575  77.839 0.0000000000
69289  48.288  -17.500  77.400 0.0000000000
70233  48.809  -16.776  76.980 0.0000000000
70257  49.269  -16.622  75.850 0.0000000000
68321  49.397  -18.235  75.535 0.0000000000
67367  49.545  -19.525  75.225 0.0000000000
66494  49.614  -20.379  74.898 0.0000000000
65675  49.280  -21.091  75.412 0.0000000000
64866  48.354  -22.360  75.287 0.0000000000
63270  46.723  -23.839  75.792 0.0000000000
63279  45.762  -24.032  75.139 0.0000000000
62461  44.888  -24.990  74.321 0.0000000000
61530  44.100  -26.441  73.671 0.0000000000
48488  35.605  -40.829  82.928 0.0000000000
47472  36.473  -40.987  79.112 0.0000000000
49478  38.098  -39.545  78.603 0.0000000000
49494  37.556  -39.240  77.597 0.0000000000
48425  28.828  -40.185  87.100 0.0000000000
49409  29.287  -39.361  87.780 0.0000000000
48424  29.886  -40.072  87.069 0.0000000000
49408  30.527  -39.198  87.336 0.0000000000
49423  31.422  -39.502  86.753 0.0000000000
48451  32.658  -40.321  85.636 0.0000000000
46252  32.611  -42.042  84.361 0.0000000000
77755  51.562  -9.131  68.189 0.0000000000
75518  47.724  -11.735  72.833 0.0000000000
73341  46.999  -13.142  70.423 0.0000000000
70305  48.357  -16.695  69.847 0.0000000000
71268  47.800  -15.777  69.695 0.0000000000
49447  37.359  -39.144  83.207 0.0000000000
54013  41.151  -34.956  81.656 0.0000000000
53068  40.774  -35.293  81.746 0.0000000000
56867  44.006  -30.932  80.675 0.0000000000
57775  44.502  -30.050  80.178 0.0000000000
59636  44.638  -28.238  80.466 0.0000000000
59646  45.360  -27.921  79.311 0.0000000000
60596  45.586  -27.462  78.920 0.0000000000
59668  45.137  -28.407  77.069 0.0000000000
57794  42.717  -30.266  75.575 0.0000000000
57807  42.303  -30.158  74.894 0.0000000000
58732  42.421  -29.183  74.319 0.0000000000
58744  42.548  -29.017  73.759 0.0000000000
47355  23.517  -41.803  87.296 0.0000000000
45033  26.208  -43.903  86.370 0.0000000000
43868  26.420  -44.658  85.951 0.0000000000
68295  48.013  -18.206  77.871 0.0000000000
66475  48.336  -20.119  77.317 0.0000000000
64852  48.058  -22.149  77.034 0.0000000000
64038  47.779  -22.574  76.963 0.0000000000
62436  45.651  -25.316  76.064 0.0000000000
46299  34.912  -42.635  81.845 0.0000000000
50266  26.492  -38.665  88.256 0.0000000000
49400  26.979  -39.380  88.153 0.0000000000
47376  30.639  -41.209  85.018 0.0000000000
76564  49.693  -9.797  69.092 0.0000000000
76565  48.691  -9.894  69.183 0.0000000000
76580  47.605  -10.531  68.915 0.0000000000
75545  45.843  -11.910  68.835 0.0000000000
74397  48.207  -12.846  74.313 0.0000000000
74407  48.508  -12.307  73.526 0.0000000000
73322  49.960  -14.107  73.423 0.0000000000
74406  49.311  -12.787  73.228 0.0000000000
74417  48.828  -12.171  72.674 0.0000000000
75527  48.222  -11.868  72.432 0.0000000000
74425  48.390  -12.525  71.652 0.0000000000
74433  48.092  -13.033  70.958 0.0000000000
73339  48.596  -13.606  71.051 0.0000000000
70298  49.724  -16.496  71.161 0.0000000000
70299  49.068  -16.578  70.362 0.0000000000
68374  48.605  -18.817  69.773 0.0000000000
51184  39.688  -37.341  81.886 0.0000000000
51190  39.959  -37.640  81.045 0.0000000000
52128  40.624  -36.464  81.190 0.0000000000
52127  41.064  -36.293  80.723 0.0000000000
53081  41.144  -35.602  81.227 0.0000000000
54012  41.702  -34.722  81.302 0.0000000000
55042  42.253  -33.534  81.272 0.0000000000
55041  42.683  -32.906  81.152 0.0000000000
55051  42.870  -33.290  80.596 0.0000000000
56002  43.385  -32.487  80.244 0.0000000000
56012  44.079  -31.692  78.956 0.0000000000
56034  44.230  -31.425  77.574 0.0000000000
56892  43.956  -31.016  77.142 0.0000000000
56893  43.303  -31.377  76.686 0.0000000000
56063  41.074  -31.759  74.690 0.0000000000
51129  25.559  -38.233  87.933 0.0000000000
50277  24.892  -38.544  87.525 0.0000000000
50268  25.231  -38.875  87.863 0.0000000000
50267  25.702  -38.717  88.109 0.0000000000
73286  49.112  -14.166  75.025 0.0000000000
72230  49.595  -14.734  74.423 0.0000000000
70256  49.451  -16.266  75.266 0.0000000000
70268  49.732  -16.234  74.692 0.0000000000
66506  50.357  -20.355  72.807 0.0000000000
66502  50.220  -19.877  73.615 0.0000000000
66507  50.200  -20.494  73.432 0.0000000000
64870  49.350  -22.103  73.834 0.0000000000
65680  49.588  -21.214  74.396 0.0000000000
64050  47.018  -23.261  75.323 0.0000000000
49440  35.553  -39.422  84.484 0.0000000000
49448  36.695  -39.620  83.691 0.0000000000
48476  36.134  -40.288  83.270 0.0000000000
50321  38.631  -38.909  81.312 0.0000000000
47454  35.654  -42.000  81.329 0.0000000000
47429  36.838  -41.097  81.111 0.0000000000
47452  36.777  -41.143  80.188 0.0000000000
50327  39.904  -38.366  80.151 0.0000000000
50326  40.306  -38.102  79.876 0.0000000000
51201  40.432  -37.698  78.874 0.0000000000
51205  40.495  -37.060  77.942 0.0000000000
52152  39.661  -36.548  76.855 0.0000000000
51217  38.901  -37.120  76.650 0.0000000000
51233  37.700  -37.199  75.449 0.0000000000
49514  37.156  -38.993  75.774 0.0000000000
49533  37.580  -38.952  75.248 0.0000000000
51127  26.873  -37.934  88.213 0.0000000000
50263  29.025  -38.771  88.288 0.0000000000
48467  33.722  -40.619  84.819 0.0000000000
48478  34.661  -40.793  83.780 0.0000000000
46281  34.874  -42.272  82.544 0.0000000000
46264  33.042  -42.607  83.775 0.0000000000
42725  23.415  -45.965  87.309 0.0000000000
76597  51.647  -9.980  65.834 0.0000000000
73352  45.574  -13.410  69.043 0.0000000000
73350  47.207  -13.787  70.172 0.0000000000
72280  47.300  -14.656  69.797 0.0000000000
72294  44.951  -14.862  68.311 0.0000000000
63233  45.629  -23.784  79.800 0.0000000000
52120  39.583  -36.703  82.333 0.0000000000
60591  44.964  -27.381  80.335 0.0000000000
62400  45.245  -25.439  80.297 0.0000000000
62399  45.727  -24.844  79.742 0.0000000000
62422  46.440  -25.460  77.896 0.0000000000
61465  46.045  -26.182  77.514 0.0000000000
61475  45.649  -26.012  76.677 0.0000000000
61485  45.334  -25.855  76.170 0.0000000000
62438  44.687  -26.014  75.583 0.0000000000
58705  44.774  -29.843  77.446 0.0000000000
58708  44.959  -29.038  77.043 0.0000000000
59669  44.773  -28.824  76.808 0.0000000000
58718  44.013  -28.847  76.202 0.0000000000
59680  44.434  -28.357  76.393 0.0000000000
60609  44.577  -27.359  76.069 0.0000000000
61487  44.377  -26.471  75.503 0.0000000000
61531  43.580  -26.602  73.732 0.0000000000
60647  43.797  -27.153  73.517 0.0000000000
59715  42.858  -28.452  73.657 0.0000000000
59714  43.361  -28.069  73.532 0.0000000000
53122  39.502  -35.947  75.921 0.0000000000
53138  40.085  -35.367  75.773 0.0000000000
54067  38.932  -34.796  74.400 0.0000000000
52177  38.124  -36.154  74.235 0.0000000000
53152  38.314  -35.466  73.556 0.0000000000
54082  38.760  -34.361  73.705 0.0000000000
54094  38.608  -34.139  72.978 0.0000000000
48419  25.548  -39.809  87.558 0.0000000000
48420  25.206  -39.703  87.646 0.0000000000
49397  29.020  -39.148  88.158 0.0000000000
49401  26.103  -39.417  87.960 0.0000000000
49532  37.941  -38.766  75.235 0.0000000000
50276  25.344  -38.433  87.807 0.0000000000
50308  39.096  -37.768  82.627 0.0000000000
50332  40.156  -38.142  79.381 0.0000000000
52144  41.723  -36.117  78.316 0.0000000000
52146  40.278  -36.944  77.584 0.0000000000
52165  37.900  -36.845  75.567 0.0000000000
53173  38.666  -34.521  72.732 0.0000000000
55095  40.136  -33.486  74.768 0.0000000000
55111  39.089  -33.581  73.421 0.0000000000
56064  40.278  -32.415  74.207 0.0000000000
56078  39.495  -32.844  73.295 0.0000000000
56891  44.533  -30.977  77.762 0.0000000000
56921  41.035  -31.362  74.220 0.0000000000
57777  45.044  -29.544  78.913 0.0000000000
57780  45.079  -29.649  78.522 0.0000000000
57793  43.250  -30.170  76.038 0.0000000000
57823  41.421  -31.038  73.757 0.0000000000
57835  43.381  -29.597  73.503 0.0000000000
58696  45.233  -28.479  79.310 0.0000000000
58757  43.655  -28.874  73.423 0.0000000000
58758  42.924  -29.110  73.461 0.0000000000
59705  42.965  -27.867  73.777 0.0000000000
59706  42.653  -28.322  74.052 0.0000000000
60610  44.027  -27.732  75.732 0.0000000000
60622  42.921  -27.955  74.748 0.0000000000
60636  42.787  -28.048  74.405 0.0000000000
61519  43.283  -26.622  74.095 0.0000000000
61532  43.324  -26.730  73.779 0.0000000000
63293  46.147  -24.145  73.833 0.0000000000
64845  47.828  -21.592  77.689 0.0000000000
65661  48.910  -20.703  76.917 0.0000000000
67343  48.260  -19.273  77.381 0.0000000000
67355  49.441  -18.687  75.434 0.0000000000
68331  49.394  -17.994  75.592 0.0000000000
69288  48.858  -17.131  76.974 0.0000000000
69290  47.942  -17.251  77.793 0.0000000000
70234  48.515  -16.706  77.154 0.0000000000
70243  48.904  -16.559  76.656 0.0000000000
70244  48.595  -16.230  76.913 0.0000000000
71213  49.521  -15.896  75.093 0.0000000000
71215  48.780  -14.899  75.950 0.0000000000
71224  49.560  -15.493  74.809 0.0000000000
71245  50.159  -15.542  73.336 0.0000000000
72218  49.097  -14.553  75.245 0.0000000000
72231  49.331  -14.568  74.798 0.0000000000
72261  49.826  -14.552  71.820 0.0000000000
73287  48.831  -13.976  75.173 0.0000000000
73297  49.514  -14.331  74.336 0.0000000000
73311  49.708  -14.237  74.049 0.0000000000
73330  49.514  -13.548  71.977 0.0000000000
75508  48.273  -12.035  73.307 0.0000000000
75509  47.986  -11.962  73.361 0.0000000000
78864  49.531  -8.065  70.896 0.0000000000
80018  48.455  -7.181  71.146 0.0000000000
