#!ascii label  , from subject 3272 vox2ras=TkReg
579
68979  23.027  -18.306  11.638 0.1428571492
68012  22.355  -19.002  11.825 0.1428571492
69961  23.342  -17.460  10.567 0.1428571492
68964  23.501  -18.272  12.258 0.1428571492
68999  22.491  -17.872  10.768 0.1428571492
69938  24.114  -17.379  11.514 0.1428571492
70944  24.159  -15.769  8.989 0.5714285970
70907  24.980  -16.536  10.612 0.1428571492
71927  25.767  -15.237  10.007 0.2857142985
70906  25.637  -15.762  10.414 0.2857142985
72986  26.292  -14.306  10.245 0.1428571492
76226  27.104  -11.102  8.582 0.2857142985
76216  26.829  -11.699  8.931 0.1428571492
75191  26.197  -12.285  8.880 0.2857142985
78492  27.990  -9.072  8.066 0.2857142985
77343  27.823  -9.882  8.558 0.2857142985
79599  27.543  -7.881  7.050 0.2857142985
79585  27.375  -8.937  7.210 0.2857142985
81911  28.090  -6.431  6.791 0.2857142985
85513  26.966  -3.394  6.048 0.8571428657
83113  27.062  -5.516  6.224 0.4285714328
81900  28.593  -6.943  7.210 0.2857142985
87886  27.394  -1.876  6.271 0.7142857313
86696  27.618  -2.484  6.503 0.7142857313
84302  26.456  -4.511  6.083 0.7142857313
89106  27.669  -0.323  6.051 0.8571428657
87899  27.721  -0.877  6.241 0.5714285970
87900  27.119  -1.301  5.741 0.8571428657
85524  26.706  -2.791  5.710 0.7142857313
91527  27.873  1.162  6.290 0.4285714328
94083  29.197  3.652  7.505 0.2857142985
94101  28.305  3.533  6.472 0.5714285970
91544  27.892  1.870  6.261 0.7142857313
90313  27.553  0.539  5.839 0.8571428657
95454  29.053  4.791  6.942 0.1428571492
95436  29.739  4.482  7.682 0.1428571492
92846  27.803  2.609  5.831 0.5714285970
91545  27.493  1.571  5.525 0.8571428657
98136  29.286  6.515  6.662 0.1428571492
96807  29.725  5.843  6.977 0.1428571492
96808  28.663  5.736  6.335 0.1428571492
95470  28.083  4.857  5.795 0.4285714328
92847  27.191  2.606  5.094 0.8571428657
99387  28.879  7.800  6.607 0.1428571492
98125  29.033  7.166  6.652 0.1428571492
98126  28.579  7.307  6.380 0.1428571492
96820  27.911  5.860  5.577 0.4285714328
94118  27.583  3.698  5.499 0.7142857313
99400  28.194  7.657  6.146 0.1428571492
100770  27.409  8.481  5.383 0.1428571492
99407  27.730  7.125  5.481 0.1428571492
98146  27.611  6.438  5.264 0.5714285970
95471  27.152  4.935  5.222 0.8571428657
94119  26.681  3.666  4.960 0.8571428657
102001  27.796  9.342  5.628 0.1428571492
102013  27.271  9.277  4.941 0.2857142985
99408  27.292  7.556  5.029 0.1428571492
99409  26.830  7.618  4.535 0.8571428657
96838  27.447  6.049  5.091 0.8571428657
95488  27.496  5.561  5.249 0.7142857313
96839  27.121  5.782  4.810 0.8571428657
103329  26.826  10.301  4.033 0.1428571492
104590  27.455  11.349  4.274 0.1428571492
102014  26.799  8.895  4.380 0.4285714328
100791  26.181  7.986  3.579 0.8571428657
99417  26.510  7.258  4.009 0.8571428657
98157  26.820  6.464  4.372 0.8571428657
95490  26.020  5.164  4.200 0.8571428657
102021  26.980  9.576  4.331 0.4285714328
99424  26.107  7.275  3.106 0.8571428657
98158  26.268  6.554  3.625 0.8571428657
104591  26.590  11.216  3.698 0.1428571492
105833  26.448  11.763  3.340 0.2857142985
103330  26.159  10.239  3.359 0.8571428657
102022  26.390  9.084  3.665 0.8571428657
100796  25.846  8.230  2.793 0.8571428657
105853  26.150  12.307  2.943 0.2857142985
104612  26.010  11.204  3.131 0.7142857313
103351  25.597  10.335  2.689 0.8571428657
100797  25.504  8.758  2.289 0.8571428657
100801  25.594  8.111  1.930 0.8571428657
99434  25.712  7.236  2.197 0.8571428657
104613  25.491  11.359  2.478 0.8571428657
103352  25.226  10.442  1.971 0.8571428657
102037  25.313  9.510  2.193 0.8571428657
102050  25.205  9.609  1.490 0.7142857313
100802  25.374  8.788  1.688 0.7142857313
104627  24.996  11.491  1.600 0.8571428657
104640  24.695  11.638  0.952 0.8571428657
102067  24.962  9.850  0.894 0.7142857313
107139  24.870  13.616  1.454 0.7142857313
105874  24.475  12.897  1.117 0.8571428657
107155  24.440  13.750  0.893 0.8571428657
105886  24.217  12.981  0.577 0.8571428657
108320  23.927  14.132  -0.257 0.7142857313
103368  25.106  10.446  1.317 0.8571428657
104641  24.330  12.224  0.735 0.8571428657
159140  25.920  16.810  -0.552 0.1428571492
108307  24.370  14.497  -0.004 0.7142857313
109490  24.341  14.904  -0.394 0.7142857313
107167  24.130  13.752  0.311 0.8571428657
159144  25.715  17.586  -1.768 0.1428571492
159139  24.533  15.630  -0.964 0.5714285970
159124  23.982  15.529  -1.244 0.5714285970
159117  23.202  15.831  -2.468 0.5714285970
159115  24.054  16.865  -2.218 0.1428571492
159137  25.265  18.133  -3.658 0.1428571492
109540  22.871  15.615  -2.866 0.5714285970
159156  25.113  19.162  -4.448 0.1428571492
159114  24.085  17.407  -3.128 0.1428571492
159150  24.680  18.870  -4.567 0.1428571492
159136  24.270  18.482  -4.594 0.1428571492
159155  25.125  19.654  -4.274 0.1428571492
159130  23.965  19.530  -5.050 0.1428571492
67996  22.491  -19.565  12.413 0.1428571492
69960  24.168  -17.161  10.796 0.2857142985
69959  24.622  -16.977  11.255 0.1428571492
70890  25.719  -16.005  11.249 0.2857142985
75180  27.478  -11.818  10.087 0.2857142985
75181  26.758  -12.164  9.653 0.2857142985
74066  26.716  -12.748  10.050 0.1428571492
80745  27.332  -7.373  6.624 0.2857142985
84301  27.550  -4.427  6.515 0.4285714328
90312  28.389  0.369  6.517 0.2857142985
85514  25.813  -3.800  6.116 0.7142857313
91526  28.474  1.574  7.150 0.1428571492
90327  27.061  0.642  5.081 0.8571428657
102000  28.713  9.335  6.121 0.1428571492
99415  27.446  6.832  4.934 0.8571428657
98156  27.328  6.400  4.788 0.8571428657
95472  26.337  4.677  4.718 0.8571428657
96861  25.930  6.024  3.462 0.8571428657
105873  24.798  12.669  1.709 0.8571428657
108266  24.960  14.362  1.092 0.8571428657
109472  24.673  15.078  -0.070 0.7142857313
159152  24.892  16.283  -1.138 0.2857142985
159101  26.060  19.332  -3.654 0.1428571492
67997  21.702  -19.719  12.065 0.1428571492
70926  24.341  -16.352  9.835 0.4285714328
72987  25.637  -14.386  9.590 0.2857142985
70925  25.223  -15.821  9.886 0.4285714328
70943  24.758  -15.707  9.248 0.2857142985
74078  25.938  -13.171  9.823 0.1428571492
77332  27.862  -10.212  9.161 0.2857142985
78477  28.230  -9.421  8.609 0.2857142985
77344  27.422  -10.296  8.260 0.2857142985
76237  26.935  -10.974  7.939 0.2857142985
78478  27.820  -9.639  8.203 0.2857142985
83114  26.360  -5.146  5.914 0.7142857313
101988  29.544  8.899  6.497 0.1428571492
103297  28.291  10.327  5.513 0.1428571492
103313  27.552  10.335  4.762 0.2857142985
104571  27.930  11.117  4.769 0.1428571492
100784  26.490  8.183  4.219 0.8571428657
105832  27.077  12.343  3.604 0.1428571492
107115  26.433  13.376  2.940 0.2857142985
100812  25.536  8.197  1.358 0.8571428657
107116  25.738  13.164  2.683 0.5714285970
108265  25.624  14.429  1.600 0.5714285970
108289  24.718  14.644  0.472 0.7142857313
110522  25.177  16.127  -0.509 0.4285714328
109471  25.196  15.755  0.136 0.2857142985
109542  22.485  16.797  -4.212 0.2857142985
159123  24.053  17.818  -4.290 0.1428571492
110600  23.260  17.925  -4.768 0.1428571492
115011  22.825  18.799  -4.987 0.1428571492
159120  24.799  19.979  -3.875 0.1428571492
159134  23.480  19.653  -3.518 0.1428571492
159129  25.486  19.679  -3.635 0.1428571492
108239  25.954  14.135  2.575 0.4285714328
108288  25.535  15.075  0.807 0.4285714328
69939  23.546  -17.712  11.203 0.1428571492
68980  22.365  -18.459  11.267 0.1428571492
68013  21.647  -18.973  11.622 0.1428571492
69978  23.476  -16.823  10.000 0.4285714328
69962  22.591  -17.136  10.343 0.2857142985
70891  25.113  -16.603  11.566 0.1428571492
71928  25.253  -15.177  9.297 0.1428571492
77333  27.403  -10.699  8.847 0.2857142985
85525  26.182  -3.138  5.380 0.7142857313
89124  27.151  -0.230  5.444 0.8571428657
92831  28.183  2.435  6.564 0.5714285970
98137  28.296  6.684  6.092 0.2857142985
100783  26.982  8.330  4.755 0.5714285970
96821  26.820  5.277  4.901 0.8571428657
99416  27.111  6.969  4.561 0.8571428657
102036  25.756  9.339  2.836 0.8571428657
105854  25.256  12.409  2.377 0.8571428657
159116  23.470  15.761  -1.848 0.5714285970
159111  27.713  18.715  -2.343 0.1428571492
109541  23.239  16.846  -3.414 0.4285714328
159138  27.741  19.245  -3.537 0.1428571492
107138  25.299  13.435  2.113 0.5714285970
77355  26.987  -10.405  7.202 0.5714285970
111701  22.614  18.189  -4.640 0.1428571492
77356  26.398  -10.861  6.968 0.5714285970
76254  25.736  -11.196  6.882 0.5714285970
76256  23.991  -11.093  6.444 0.2857142985
78511  26.476  -9.345  6.406 0.5714285970
77373  25.135  -10.342  6.344 0.5714285970
75226  24.300  -12.109  7.034 0.4285714328
77372  26.204  -10.279  6.625 0.5714285970
77374  24.557  -10.730  6.354 0.4285714328
80746  26.741  -7.760  6.219 0.4285714328
79601  26.363  -8.414  5.982 0.5714285970
78542  25.042  -9.488  5.715 0.5714285970
78543  24.155  -9.442  5.222 0.4285714328
80761  26.338  -7.475  5.483 0.5714285970
79623  25.559  -8.296  5.279 0.4285714328
81925  26.056  -6.606  4.973 0.7142857313
80789  25.684  -7.332  4.807 0.4285714328
83121  26.005  -5.596  5.416 0.4285714328
77404  24.816  -9.991  6.040 0.4285714328
76279  23.830  -10.474  6.041 0.2857142985
76280  23.409  -10.548  6.192 0.2857142985
79624  24.631  -8.666  5.084 0.4285714328
81924  26.590  -6.572  5.575 0.7142857313
83122  25.068  -5.151  5.232 0.7142857313
83157  25.059  -5.596  3.796 0.4285714328
84334  25.523  -4.578  4.073 0.7142857313
84355  25.263  -4.410  3.216 0.5714285970
85543  25.520  -3.646  3.535 0.7142857313
85563  25.571  -3.115  2.403 0.2857142985
84310  25.849  -4.880  5.895 0.5714285970
85526  25.145  -3.923  5.655 0.5714285970
84318  25.209  -4.545  4.991 0.7142857313
86719  26.023  -2.680  4.386 0.7142857313
86749  25.656  -2.315  2.518 0.7142857313
87945  25.620  -1.586  3.034 0.7142857313
87968  26.076  -1.977  1.759 0.7142857313
85562  26.236  -2.842  1.906 0.4285714328
87969  25.568  -1.732  2.071 0.4285714328
86705  26.657  -2.276  5.463 0.5714285970
85533  26.076  -2.920  4.781 0.5714285970
87901  26.553  -1.766  5.252 0.5714285970
87944  25.951  -1.441  3.846 0.5714285970
89145  25.811  -0.825  3.408 0.7142857313
89168  25.877  -0.142  3.362 0.7142857313
91577  25.830  1.365  3.355 0.7142857313
89169  25.484  -0.599  2.830 0.7142857313
90371  25.269  0.396  2.453 0.5714285970
91579  25.038  1.369  2.253 0.5714285970
90328  26.418  0.621  4.446 0.5714285970
89144  26.127  -0.380  4.062 0.5714285970
90350  25.939  0.581  3.751 0.7142857313
89170  24.899  -0.748  2.300 0.4285714328
92862  25.824  2.346  3.688 0.7142857313
92881  25.262  2.013  2.723 0.7142857313
94131  25.498  2.990  3.589 0.7142857313
92882  24.632  2.287  2.430 0.5714285970
92864  24.950  2.627  2.954 0.7142857313
94120  25.840  3.534  4.121 0.8571428657
94132  24.954  3.565  3.306 0.7142857313
94152  24.254  3.200  2.477 0.5714285970
94171  24.096  4.563  1.977 0.2857142985
92848  26.419  2.540  4.437 0.7142857313
94121  25.431  4.085  3.864 0.7142857313
96885  24.651  5.700  1.833 0.7142857313
95491  25.340  4.803  3.708 0.8571428657
95512  24.616  4.950  3.065 0.8571428657
98192  25.630  6.710  2.324 0.8571428657
95525  24.540  4.975  2.178 0.5714285970
96884  25.033  5.612  2.438 0.8571428657
98193  25.331  6.428  2.109 0.8571428657
98194  24.782  6.530  1.499 0.7142857313
96841  25.845  5.508  3.694 0.8571428657
98171  25.371  6.057  2.596 0.8571428657
99435  25.457  7.094  1.455 0.8571428657
99459  25.638  7.665  1.515 0.8571428657
99436  24.980  7.231  1.101 0.7142857313
103385  24.877  10.875  0.857 0.7142857313
102068  24.344  10.345  0.415 0.7142857313
103386  24.389  11.463  0.587 0.5714285970
103404  23.726  12.347  -0.041 0.7142857313
159079  22.817  13.408  -0.749 0.7142857313
109508  23.352  14.317  -0.944 0.7142857313
159088  22.873  14.081  -1.185 0.7142857313
159080  22.548  13.192  -0.561 0.5714285970
159082  22.603  14.134  -1.546 0.4285714328
159081  22.199  13.907  -2.080 0.5714285970
159091  22.326  14.279  -2.742 0.5714285970
159087  21.866  13.739  -2.783 0.5714285970
159086  21.648  13.924  -2.423 0.5714285970
159083  22.102  13.765  -0.989 0.4285714328
105897  22.447  12.918  -0.308 0.4285714328
159089  21.535  14.107  -1.353 0.5714285970
159097  22.041  14.414  -3.237 0.5714285970
107156  22.151  13.450  0.196 0.4285714328
105887  22.353  12.672  0.140 0.4285714328
108308  21.882  14.065  -0.435 0.5714285970
109473  22.315  15.086  0.302 0.4285714328
85512  28.047  -3.423  6.700 0.2857142985
89125  26.707  -0.231  4.792 0.5714285970
108290  22.005  14.204  0.314 0.4285714328
108267  22.263  14.331  1.216 0.2857142985
75224  25.857  -11.973  7.354 0.5714285970
75205  24.769  -12.748  7.352 0.5714285970
79600  27.057  -8.435  6.784 0.2857142985
78510  27.089  -9.443  6.936 0.4285714328
76255  24.813  -11.287  6.636 0.5714285970
79656  25.335  -7.743  4.874 0.4285714328
77406  23.623  -10.100  5.561 0.2857142985
83136  25.587  -6.010  4.551 0.5714285970
86695  28.535  -2.432  6.973 0.2857142985
83179  24.910  -4.976  3.090 0.2857142985
95473  25.746  4.461  4.181 0.8571428657
100814  24.771  9.170  0.540 0.7142857313
159077  23.046  12.290  -0.442 0.7142857313
109507  23.989  14.837  -0.716 0.5714285970
109518  23.047  14.748  -1.658 0.5714285970
110562  23.353  15.132  -1.511 0.5714285970
109527  22.704  14.704  -2.288 0.5714285970
159090  21.260  14.107  -1.780 0.5714285970
108322  20.816  14.571  -1.894 0.2857142985
80790  25.177  -7.456  4.532 0.4285714328
78493  27.510  -9.462  7.617 0.2857142985
87921  26.866  -0.757  5.167 0.7142857313
91546  26.801  1.582  4.753 0.7142857313
96862  25.435  5.634  3.082 0.7142857313
83120  26.763  -6.049  5.776 0.5714285970
99460  25.458  7.782  0.989 0.7142857313
86718  26.219  -2.282  4.925 0.5714285970
77371  26.736  -9.896  6.742 0.5714285970
78512  25.746  -9.707  6.193 0.5714285970
78541  25.889  -9.096  5.834 0.5714285970
79625  24.119  -8.765  4.916 0.4285714328
81947  25.595  -6.615  4.467 0.4285714328
83137  25.176  -5.331  4.664 0.7142857313
85534  25.745  -3.534  4.533 0.7142857313
84356  24.874  -4.350  2.628 0.2857142985
86734  25.752  -2.554  3.558 0.7142857313
86733  26.024  -2.039  4.304 0.7142857313
87922  26.420  -1.265  4.769 0.5714285970
90370  25.793  0.484  2.981 0.7142857313
91578  25.559  1.273  2.727 0.7142857313
91563  26.065  1.511  4.159 0.5714285970
92880  25.727  1.953  3.023 0.7142857313
94151  24.132  4.241  2.581 0.5714285970
94172  23.864  3.865  1.558 0.2857142985
109492  21.607  14.743  -1.305 0.5714285970
78571  23.666  -8.858  4.849 0.1428571492
80791  24.688  -7.584  4.340 0.4285714328
69979  22.942  -16.488  9.837 0.4285714328
79572  28.566  -8.441  8.403 0.1428571492
79584  27.830  -8.378  7.507 0.1428571492
80732  28.602  -7.414  7.764 0.1428571492
83112  28.162  -5.307  6.916 0.1428571492
80718  28.970  -7.551  8.406 0.1428571492
84300  28.617  -4.346  6.909 0.1428571492
81910  28.710  -5.832  7.070 0.1428571492
87884  29.137  -1.481  7.053 0.2857142985
90293  28.639  -0.210  6.650 0.1428571492
100813  25.249  8.754  0.998 0.5714285970
112690  24.803  18.558  -1.433 0.1428571492
159154  23.005  19.489  -4.578 0.1428571492
100831  24.241  9.006  0.178 0.4285714328
159074  23.496  9.856  -0.164 0.4285714328
112692  21.535  18.407  -1.303 0.2857142985
110564  21.151  16.103  -2.153 0.2857142985
159094  21.344  14.512  -3.274 0.2857142985
110579  21.292  16.554  -2.880 0.2857142985
99507  22.550  9.089  0.208 0.1428571492
111661  21.645  16.815  -1.584 0.2857142985
109528  22.576  15.148  -3.129 0.4285714328
159070  22.764  9.990  -0.300 0.4285714328
159075  22.893  11.236  -0.327 0.5714285970
103405  22.003  10.560  -0.152 0.4285714328
159076  22.462  11.475  -0.228 0.2857142985
110543  22.287  15.887  -0.896 0.1428571492
109510  21.150  15.143  -1.675 0.1428571492
110563  21.633  15.828  -1.585 0.1428571492
104657  21.268  10.862  0.188 0.1428571492
104656  22.214  11.849  0.010 0.4285714328
110523  22.628  16.141  0.297 0.1428571492
111642  22.154  17.321  -0.851 0.1428571492
109432  22.157  14.783  2.221 0.1428571492
109450  22.456  15.181  1.562 0.1428571492
110505  22.544  16.103  1.610 0.1428571492
70945  23.531  -15.533  8.942 0.4285714328
72999  23.169  -14.528  8.248 0.2857142985
99461  24.720  7.960  0.603 0.2857142985
109529  22.069  15.641  -3.517 0.2857142985
111662  21.235  17.560  -2.322 0.2857142985
111629  22.897  17.233  0.199 0.2857142985
72988  22.446  -14.550  8.914 0.2857142985
74065  27.161  -13.265  10.284 0.1428571492
74077  26.550  -13.671  10.249 0.1428571492
78468  28.632  -9.495  9.246 0.1428571492
87885  28.041  -1.443  6.545 0.1428571492
159073  22.299  9.655  -0.042 0.2857142985
159078  22.687  12.247  -0.361 0.5714285970
110590  21.623  16.556  -3.691 0.2857142985
111676  21.368  17.614  -3.258 0.2857142985
112707  20.776  18.849  -1.912 0.2857142985
113818  21.518  19.370  -2.211 0.1428571492
113817  22.692  19.260  -1.928 0.1428571492
113827  22.236  19.539  -3.090 0.1428571492
112744  22.360  18.477  -4.509 0.1428571492
113837  22.246  19.355  -3.917 0.1428571492
112691  22.344  18.385  -0.819 0.2857142985
111690  21.664  17.758  -4.069 0.2857142985
112729  21.444  18.397  -3.668 0.1428571492
70927  23.573  -16.152  9.490 0.4285714328
159122  23.113  15.233  -1.962 0.4285714328
159072  23.757  8.790  0.055 0.4285714328
109491  22.034  14.762  -0.665 0.4285714328
109509  21.786  15.248  -1.292 0.2857142985
159093  20.882  14.411  -2.507 0.2857142985
109511  20.754  15.160  -2.315 0.2857142985
80731  29.119  -6.965  8.172 0.1428571492
111643  21.399  17.907  -1.555 0.2857142985
110565  20.972  15.743  -2.737 0.2857142985
109530  21.392  15.577  -3.348 0.2857142985
159071  22.769  9.489  -0.142 0.2857142985
70946  23.100  -15.162  9.013 0.2857142985
85511  29.033  -3.375  7.163 0.1428571492
98228  24.088  7.221  0.756 0.2857142985
112715  20.970  18.573  -2.986 0.2857142985
113828  21.231  19.380  -2.976 0.2857142985
111628  23.234  17.653  0.655 0.1428571492
112677  23.431  18.303  0.661 0.1428571492
110504  22.977  16.578  1.767 0.1428571492
112663  23.764  18.382  1.531 0.1428571492
112678  23.170  18.146  -0.042 0.1428571492
111617  23.074  16.975  1.102 0.1428571492
111616  23.424  17.390  1.431 0.1428571492
112653  24.016  18.354  2.428 0.1428571492
111605  23.879  17.332  2.259 0.1428571492
112676  23.605  18.810  0.845 0.1428571492
81912  27.071  -6.521  6.218 0.2857142985
113794  23.329  18.463  0.022 0.1428571492
80760  26.817  -7.146  6.025 0.4285714328
74104  24.836  -13.485  7.767 0.4285714328
74089  25.319  -13.408  8.661 0.2857142985
74088  25.638  -12.780  9.010 0.1428571492
75192  25.746  -12.683  8.422 0.1428571492
76238  26.413  -11.344  7.485 0.2857142985
73014  24.801  -14.236  8.270 0.2857142985
76227  26.628  -11.617  8.275 0.1428571492
75203  26.192  -12.233  7.940 0.1428571492
74079  25.458  -13.848  9.270 0.1428571492
75225  25.181  -12.056  7.089 0.4285714328
75204  25.481  -12.730  7.725 0.2857142985
71959  24.102  -14.731  8.156 0.2857142985
71960  23.748  -14.787  8.246 0.2857142985
73015  24.299  -14.141  7.861 0.2857142985
73016  23.463  -14.249  7.901 0.2857142985
74105  24.002  -13.201  7.344 0.2857142985
80813  25.371  -7.014  4.357 0.2857142985
81975  24.628  -6.456  3.884 0.2857142985
83158  24.344  -5.877  3.601 0.2857142985
85586  25.639  -2.795  1.416 0.1428571492
88029  26.252  -1.688  1.005 0.2857142985
92902  24.081  2.523  1.708 0.1428571492
96898  24.160  5.669  1.177 0.1428571492
95538  24.082  4.670  0.705 0.1428571492
96912  24.075  5.288  0.456 0.1428571492
99482  23.971  8.004  0.307 0.1428571492
99483  23.178  8.380  0.319 0.1428571492
104642  22.563  11.531  0.926 0.1428571492
107140  22.184  13.467  1.134 0.1428571492
70928  22.859  -15.746  9.485 0.2857142985
71943  24.642  -15.088  8.558 0.1428571492
98215  23.835  6.462  0.984 0.1428571492
99506  23.026  9.271  -0.042 0.1428571492
70909  22.237  -16.320  10.158 0.2857142985
79657  24.906  -7.959  4.782 0.2857142985
80814  24.919  -7.064  4.146 0.2857142985
88031  25.252  -1.870  0.914 0.1428571492
90372  24.497  0.569  2.059 0.1428571492
90398  24.155  1.124  1.769 0.1428571492
91600  24.443  1.584  1.873 0.1428571492
92903  23.566  2.263  1.261 0.1428571492
92916  23.901  2.959  0.973 0.1428571492
94186  23.654  3.721  0.490 0.1428571492
105875  22.371  12.523  1.070 0.1428571492
80815  24.268  -7.265  3.955 0.2857142985
71944  23.932  -15.267  8.404 0.2857142985
87970  25.165  -1.675  1.876 0.1428571492
95526  24.215  4.912  1.527 0.1428571492
104643  21.574  11.164  0.810 0.1428571492
79658  24.103  -8.115  4.428 0.1428571492
98214  24.323  6.731  1.047 0.1428571492
81999  24.066  -5.762  3.354 0.1428571492
92917  23.301  2.768  0.838 0.1428571492
70929  21.997  -15.491  9.858 0.1428571492
71915  21.259  -15.326  9.950 0.1428571492
71929  22.525  -14.879  9.208 0.1428571492
74106  23.137  -13.276  7.398 0.1428571492
90311  29.460  0.814  7.149 0.1428571492
73000  22.672  -14.365  8.482 0.1428571492
73017  22.754  -13.696  7.797 0.1428571492
75227  23.580  -11.894  7.062 0.1428571492
108238  27.011  14.236  2.762 0.1428571492
108264  26.736  14.923  1.878 0.1428571492
76257  23.204  -11.174  6.770 0.1428571492
105852  26.713  12.866  3.180 0.1428571492
74124  23.805  -12.467  7.174 0.1428571492
78544  23.520  -9.469  5.193 0.1428571492
71930  21.645  -14.863  9.498 0.1428571492
74125  23.366  -12.608  7.261 0.1428571492
68998  22.996  -18.071  10.999 0.1428571492
69924  23.621  -17.811  11.781 0.1428571492
69977  23.972  -16.965  10.280 0.4285714328
70908  24.400  -16.812  10.345 0.2857142985
70924  25.557  -15.642  10.076 0.2857142985
71945  23.357  -14.854  8.491 0.2857142985
71946  22.951  -14.809  8.811 0.2857142985
71958  24.456  -14.577  8.197 0.1428571492
74126  22.935  -12.701  7.350 0.1428571492
77405  24.375  -10.218  5.945 0.4285714328
81974  25.163  -6.487  4.169 0.4285714328
83156  25.364  -6.185  4.242 0.4285714328
84303  25.469  -4.419  6.231 0.5714285970
84304  24.837  -4.429  6.215 0.7142857313
84311  24.978  -4.784  5.785 0.5714285970
84312  24.720  -4.231  5.945 0.5714285970
85515  25.022  -3.985  6.291 0.7142857313
85516  24.751  -4.149  6.159 0.7142857313
85527  24.836  -4.437  6.088 0.5714285970
85585  26.157  -2.714  1.557 0.4285714328
85605  26.146  -2.537  1.037 0.1428571492
85606  25.827  -2.432  0.846 0.1428571492
86704  27.075  -2.357  5.948 0.7142857313
86748  26.169  -2.371  1.836 0.4285714328
86771  26.335  -2.226  1.202 0.2857142985
86772  25.385  -2.417  0.981 0.1428571492
86773  24.871  -2.130  1.426 0.1428571492
86797  26.104  -2.113  0.759 0.2857142985
86798  25.608  -2.120  0.734 0.1428571492
86799  25.274  -2.134  0.852 0.1428571492
87998  26.150  -1.893  1.487 0.2857142985
87999  25.714  -1.661  1.404 0.2857142985
88000  25.031  -1.649  1.686 0.1428571492
88030  25.705  -1.692  0.902 0.2857142985
89105  28.221  -0.524  6.431 0.1428571492
92863  25.362  2.552  3.231 0.7142857313
94133  24.615  2.887  2.872 0.7142857313
95489  27.265  5.515  5.090 0.8571428657
96822  26.565  5.416  4.585 0.8571428657
96840  26.400  5.866  4.108 0.8571428657
96899  23.884  5.874  0.928 0.1428571492
98170  25.744  6.486  2.782 0.8571428657
99386  29.607  7.728  6.725 0.1428571492
99401  27.647  7.839  5.651 0.1428571492
99525  22.787  9.277  0.008 0.2857142985
100755  29.510  8.494  6.612 0.1428571492
100756  28.716  8.466  6.395 0.1428571492
100769  27.998  8.531  5.981 0.1428571492
101989  29.255  8.911  6.444 0.1428571492
101999  29.870  9.242  6.305 0.1428571492
103298  27.685  9.850  5.237 0.1428571492
104628  24.635  12.163  1.215 0.8571428657
107114  27.194  13.433  3.272 0.1428571492
108309  21.738  14.288  -1.071 0.5714285970
108321  21.262  14.453  -1.501 0.2857142985
109489  24.725  15.591  -0.526 0.5714285970
109506  24.330  15.289  -0.776 0.5714285970
109519  20.849  15.149  -3.024 0.2857142985
110580  21.229  15.879  -3.194 0.2857142985
110591  21.438  15.971  -3.375 0.2857142985
110601  22.268  17.532  -4.429 0.2857142985
111702  22.134  18.065  -4.424 0.1428571492
112745  21.864  18.403  -4.163 0.1428571492
113838  21.488  18.970  -3.621 0.1428571492
113846  22.255  18.874  -4.192 0.1428571492
113847  21.696  18.704  -3.901 0.1428571492
159068  23.049  9.601  -0.271 0.2857142985
159069  22.852  9.677  -0.287 0.2857142985
159084  22.181  13.745  -2.571 0.5714285970
159085  21.946  13.714  -2.555 0.5714285970
159092  22.073  13.852  -2.878 0.5714285970
159095  22.895  14.391  -1.543 0.5714285970
159096  22.401  14.227  -2.440 0.5714285970
159098  21.755  13.895  -3.031 0.5714285970
159119  25.207  19.683  -3.446 0.1428571492
159147  22.975  19.399  -4.036 0.1428571492
159148  25.464  19.857  -3.987 0.1428571492
159157  22.854  19.339  -4.716 0.1428571492
