#!ascii label  , from subject 3818 vox2ras=TkReg
1188
83860  -39.809  6.616  54.256 0.0000000000
83088  -48.922  5.592  43.724 0.0000000000
88346  -44.717  12.152  57.958 0.0000000000
81208  -47.789  3.630  49.068 0.0000000000
81102  -46.458  3.371  56.763 0.0000000000
86900  -44.169  10.470  47.222 0.0000000000
88450  -45.464  12.918  49.503 0.0000000000
91773  -44.539  17.554  53.264 0.0000000000
81962  -39.096  4.405  62.107 0.0000000000
80166  -42.561  3.600  51.116 0.0000000000
83039  -44.058  5.724  47.180 0.0000000000
84718  -42.816  7.017  51.904 0.0000000000
89719  -46.481  14.865  59.980 0.0000000000
88372  -46.822  11.991  54.894 0.0000000000
90393  -45.719  15.880  55.191 0.0000000000
91146  -44.562  16.888  49.924 0.0000000000
92375  -49.209  18.255  54.850 0.0000000000
84809  -45.927  7.381  42.070 0.0000000000
86101  -36.503  9.439  57.756 0.0000000000
87603  -40.985  11.300  54.961 0.0000000000
111754  -52.403  5.823  51.511 0.0000000000
80133  -47.474  2.530  53.481 0.0000000000
79150  -42.206  1.631  54.651 0.0000000000
80060  -40.420  2.993  58.390 0.0000000000
84797  -47.462  8.358  43.511 0.0000000000
112032  -46.556  12.900  41.870 0.0000000000
86121  -45.728  9.782  52.619 0.0000000000
87680  -49.423  11.800  48.023 0.0000000000
90513  -46.118  15.483  43.469 0.0000000000
90494  -42.366  16.104  45.347 0.0000000000
92422  -41.249  18.131  48.767 0.0000000000
82073  -40.995  4.862  52.770 0.0000000000
82093  -42.384  5.163  50.626 0.0000000000
83866  -41.722  6.563  52.936 0.0000000000
91023  -47.530  16.885  59.768 0.0000000000
90381  -45.772  16.054  58.079 0.0000000000
91040  -48.001  16.787  56.415 0.0000000000
91100  -48.869  16.802  53.657 0.0000000000
83970  -48.258  6.343  42.679 0.0000000000
86086  -36.570  9.641  60.281 0.0000000000
86781  -38.807  10.143  59.208 0.0000000000
80107  -46.878  2.615  55.293 0.0000000000
79152  -44.544  1.763  53.946 0.0000000000
80104  -43.446  1.905  55.858 0.0000000000
81039  -38.986  3.703  60.546 0.0000000000
81080  -35.777  3.103  57.242 0.0000000000
82946  -34.929  5.654  56.645 0.0000000000
82024  -32.919  4.825  57.861 0.0000000000
83042  -48.545  5.087  47.063 0.0000000000
84765  -43.717  7.599  46.448 0.0000000000
83954  -45.548  7.253  44.759 0.0000000000
86202  -44.534  9.418  44.520 0.0000000000
86220  -46.242  10.318  42.242 0.0000000000
87706  -45.187  11.782  44.642 0.0000000000
87583  -42.815  12.129  56.091 0.0000000000
86825  -43.946  10.225  53.615 0.0000000000
86806  -45.378  10.752  55.292 0.0000000000
88408  -46.784  12.106  52.008 0.0000000000
87648  -48.710  11.441  51.084 0.0000000000
89132  -48.925  13.071  49.306 0.0000000000
89808  -49.535  14.908  45.975 0.0000000000
89806  -47.242  14.542  46.662 0.0000000000
90496  -44.572  15.202  44.750 0.0000000000
89791  -44.540  14.302  47.866 0.0000000000
92398  -45.577  18.531  50.934 0.0000000000
92416  -43.684  18.116  49.399 0.0000000000
91799  -43.124  17.997  50.703 0.0000000000
91142  -40.466  17.144  50.108 0.0000000000
91093  -42.326  16.397  53.218 0.0000000000
81172  -44.893  3.276  50.055 0.0000000000
82136  -46.207  4.352  47.608 0.0000000000
82105  -43.616  4.136  49.119 0.0000000000
83898  -42.602  6.627  49.378 0.0000000000
85475  -43.444  8.687  49.298 0.0000000000
88333  -45.918  12.501  59.816 0.0000000000
87588  -46.989  11.574  56.359 0.0000000000
89073  -46.583  13.044  56.855 0.0000000000
89077  -44.676  13.044  55.139 0.0000000000
89105  -43.430  13.375  52.160 0.0000000000
89766  -43.795  14.589  50.453 0.0000000000
90432  -45.413  15.809  52.238 0.0000000000
91792  -47.321  17.576  51.800 0.0000000000
92381  -46.886  18.583  53.323 0.0000000000
84817  -44.505  8.001  41.477 0.0000000000
85427  -37.216  8.560  55.295 0.0000000000
86113  -40.024  9.385  54.035 0.0000000000
86796  -38.609  11.003  56.194 0.0000000000
87572  -40.355  11.478  57.645 0.0000000000
88329  -42.392  12.250  59.192 0.0000000000
89048  -42.079  13.134  61.248 0.0000000000
88323  -44.331  12.591  60.783 0.0000000000
82095  -49.663  4.687  50.371 0.0000000000
81142  -49.916  3.482  52.603 0.0000000000
80171  -47.355  2.780  51.523 0.0000000000
80147  -44.352  2.191  52.129 0.0000000000
80128  -42.426  2.108  52.829 0.0000000000
82015  -45.528  4.347  58.591 0.0000000000
81980  -41.781  5.013  61.384 0.0000000000
81056  -42.133  4.751  59.469 0.0000000000
81085  -43.618  3.478  57.592 0.0000000000
79127  -40.562  1.945  56.520 0.0000000000
82963  -38.050  5.386  54.846 0.0000000000
84790  -50.916  7.075  43.871 0.0000000000
83927  -47.012  6.074  45.948 0.0000000000
84787  -48.136  7.537  44.346 0.0000000000
85537  -49.893  8.292  42.889 0.0000000000
85552  -48.484  8.508  41.773 0.0000000000
86969  -46.741  10.426  40.694 0.0000000000
112034  -45.605  11.633  40.426 0.0000000000
86117  -42.400  9.376  53.276 0.0000000000
85446  -44.636  8.798  51.815 0.0000000000
85468  -44.987  9.894  50.411 0.0000000000
86820  -47.308  10.841  54.019 0.0000000000
86869  -47.770  10.713  50.434 0.0000000000
87677  -46.281  11.430  47.736 0.0000000000
89176  -47.621  13.190  45.365 0.0000000000
90550  -48.287  15.264  41.416 0.0000000000
89208  -44.746  13.780  41.453 0.0000000000
90467  -43.323  15.829  48.099 0.0000000000
91182  -41.794  16.387  46.904 0.0000000000
91189  -40.067  16.128  46.680 0.0000000000
90464  -38.816  15.882  47.628 0.0000000000
91156  -37.838  16.742  49.251 0.0000000000
82966  -40.205  5.733  53.756 0.0000000000
82972  -40.913  5.761  53.113 0.0000000000
83861  -40.549  6.628  53.757 0.0000000000
91029  -47.968  17.240  58.385 0.0000000000
91042  -49.979  16.982  56.304 0.0000000000
83102  -48.250  5.785  43.389 0.0000000000
80093  -46.118  2.916  56.092 0.0000000000
80106  -45.806  2.357  55.393 0.0000000000
80092  -45.023  2.786  56.243 0.0000000000
80067  -34.698  2.197  57.899 0.0000000000
81079  -34.489  3.430  57.524 0.0000000000
82122  -48.339  4.057  48.623 0.0000000000
82121  -47.844  4.056  47.998 0.0000000000
85494  -43.255  8.518  46.959 0.0000000000
85502  -43.819  8.467  45.906 0.0000000000
86918  -43.730  10.140  45.582 0.0000000000
86928  -44.378  10.469  44.776 0.0000000000
86919  -44.058  10.959  45.727 0.0000000000
88355  -44.249  12.386  57.006 0.0000000000
87596  -44.264  11.473  55.654 0.0000000000
87586  -45.485  11.476  56.562 0.0000000000
88421  -45.184  12.501  50.749 0.0000000000
88440  -47.107  12.721  49.995 0.0000000000
88452  -47.195  12.968  49.163 0.0000000000
89156  -48.372  13.677  47.785 0.0000000000
89155  -47.035  13.818  47.957 0.0000000000
89805  -45.509  14.230  46.855 0.0000000000
89153  -44.844  13.767  48.526 0.0000000000
92388  -45.088  18.481  51.441 0.0000000000
92397  -44.613  18.486  50.841 0.0000000000
91780  -43.796  17.670  51.772 0.0000000000
91113  -43.068  16.970  52.125 0.0000000000
91095  -43.944  17.184  53.239 0.0000000000
80186  -44.189  2.996  50.145 0.0000000000
81188  -44.209  3.652  49.328 0.0000000000
81170  -42.756  3.632  50.121 0.0000000000
83877  -42.653  6.600  51.297 0.0000000000
83000  -42.416  5.888  50.462 0.0000000000
83886  -42.584  6.772  50.398 0.0000000000
84746  -42.635  7.395  48.942 0.0000000000
84728  -43.260  7.620  50.664 0.0000000000
88326  -46.374  13.375  60.179 0.0000000000
89064  -46.269  13.290  58.843 0.0000000000
89060  -45.982  14.335  59.038 0.0000000000
90383  -45.051  15.473  56.550 0.0000000000
89729  -45.120  14.107  56.627 0.0000000000
89727  -44.060  14.381  55.331 0.0000000000
89083  -43.974  13.485  53.842 0.0000000000
89739  -44.087  14.775  54.426 0.0000000000
90420  -44.002  15.096  52.834 0.0000000000
90423  -46.046  16.062  53.752 0.0000000000
91775  -49.032  17.623  53.613 0.0000000000
91118  -47.699  17.033  52.566 0.0000000000
92392  -48.545  18.090  52.980 0.0000000000
92391  -47.698  18.332  52.567 0.0000000000
92382  -47.970  18.401  53.537 0.0000000000
84818  -45.491  7.910  41.396 0.0000000000
86108  -36.988  9.268  55.977 0.0000000000
86109  -37.476  9.666  55.446 0.0000000000
86790  -37.801  10.339  57.448 0.0000000000
86776  -39.380  10.649  59.549 0.0000000000
86782  -39.275  10.683  58.744 0.0000000000
87559  -39.879  11.264  59.176 0.0000000000
87566  -41.334  11.805  58.697 0.0000000000
87553  -41.436  11.621  60.360 0.0000000000
89703  -41.802  14.130  60.648 0.0000000000
88300  -42.804  12.912  61.286 0.0000000000
89027  -43.303  13.568  61.549 0.0000000000
88302  -44.774  13.059  61.490 0.0000000000
90346  -44.736  15.296  61.492 0.0000000000
83001  -50.568  5.242  50.118 0.0000000000
111749  -50.421  5.002  51.160 0.0000000000
81133  -49.906  3.306  53.600 0.0000000000
80152  -49.020  2.989  52.870 0.0000000000
81156  -48.510  3.393  51.502 0.0000000000
80150  -47.348  2.481  52.550 0.0000000000
80170  -46.298  2.308  51.470 0.0000000000
80149  -46.413  2.303  52.452 0.0000000000
79151  -43.475  1.693  54.221 0.0000000000
79158  -42.909  1.714  53.544 0.0000000000
79157  -41.729  1.859  53.747 0.0000000000
81979  -41.106  4.673  61.524 0.0000000000
81055  -41.026  4.326  59.892 0.0000000000
81068  -41.772  3.888  58.838 0.0000000000
81069  -43.003  4.125  58.848 0.0000000000
81083  -41.376  3.208  58.117 0.0000000000
80074  -41.954  2.704  57.409 0.0000000000
79116  -40.450  2.029  57.187 0.0000000000
83850  -36.940  6.644  55.379 0.0000000000
82953  -35.873  5.831  55.682 0.0000000000
83959  -51.006  6.540  44.498 0.0000000000
82135  -45.211  5.091  47.419 0.0000000000
82148  -46.237  5.069  46.813 0.0000000000
82147  -45.675  5.445  46.764 0.0000000000
84785  -45.752  7.858  44.206 0.0000000000
83956  -47.046  6.982  44.801 0.0000000000
84788  -49.483  8.035  43.851 0.0000000000
85536  -49.033  8.825  42.805 0.0000000000
85545  -49.451  8.328  42.329 0.0000000000
86213  -47.961  9.182  42.429 0.0000000000
112015  -46.822  11.183  41.303 0.0000000000
86947  -46.874  10.532  41.430 0.0000000000
86958  -46.752  11.730  41.017 0.0000000000
112025  -46.063  11.023  40.459 0.0000000000
89221  -46.448  12.545  40.775 0.0000000000
86813  -40.551  10.388  54.048 0.0000000000
86114  -40.843  9.326  53.702 0.0000000000
86823  -42.041  10.112  53.592 0.0000000000
86826  -44.942  10.078  53.621 0.0000000000
86119  -44.133  9.503  52.859 0.0000000000
86126  -45.278  9.277  52.201 0.0000000000
85458  -44.711  8.752  51.139 0.0000000000
85459  -45.370  9.539  51.144 0.0000000000
88366  -47.156  11.856  56.063 0.0000000000
86808  -47.119  10.977  55.020 0.0000000000
87608  -47.242  11.205  54.658 0.0000000000
87672  -49.729  11.772  49.216 0.0000000000
86870  -48.358  10.846  50.700 0.0000000000
87661  -48.704  11.045  49.173 0.0000000000
86893  -46.886  11.066  49.191 0.0000000000
87679  -48.396  11.767  47.901 0.0000000000
88478  -47.012  12.477  45.927 0.0000000000
88470  -48.226  12.791  46.703 0.0000000000
90499  -48.444  15.431  44.343 0.0000000000
90501  -49.257  15.251  44.168 0.0000000000
90532  -47.557  15.809  42.227 0.0000000000
89859  -45.309  14.223  41.136 0.0000000000
90546  -44.991  14.971  41.834 0.0000000000
89207  -44.263  13.276  41.847 0.0000000000
89844  -44.290  15.374  42.737 0.0000000000
90495  -43.312  15.630  45.161 0.0000000000
89829  -43.166  15.065  43.582 0.0000000000
90446  -43.981  15.604  49.961 0.0000000000
90455  -43.327  15.654  49.108 0.0000000000
91145  -43.813  16.447  49.392 0.0000000000
92424  -42.449  18.150  48.372 0.0000000000
91819  -42.599  17.473  47.817 0.0000000000
91827  -41.607  16.810  47.931 0.0000000000
91190  -41.105  16.039  46.095 0.0000000000
91181  -40.844  16.363  47.515 0.0000000000
91179  -39.358  16.028  47.364 0.0000000000
90476  -40.176  16.538  48.036 0.0000000000
91129  -40.599  16.641  51.272 0.0000000000
91141  -39.228  16.852  50.188 0.0000000000
91128  -39.534  16.561  51.102 0.0000000000
91140  -38.061  17.090  50.188 0.0000000000
81140  -41.952  3.688  51.766 0.0000000000
81169  -42.451  4.202  50.415 0.0000000000
82081  -41.876  4.993  52.033 0.0000000000
82988  -41.983  5.724  51.838 0.0000000000
83869  -42.549  6.703  52.009 0.0000000000
89718  -45.992  15.475  58.987 0.0000000000
90377  -46.224  16.414  58.711 0.0000000000
91033  -46.118  16.569  57.160 0.0000000000
91039  -46.991  16.478  56.319 0.0000000000
91078  -46.969  16.436  54.226 0.0000000000
91056  -47.897  16.623  55.427 0.0000000000
91081  -49.569  16.831  54.754 0.0000000000
83983  -47.522  6.650  42.328 0.0000000000
86096  -36.608  9.220  58.796 0.0000000000
86097  -37.410  9.754  58.680 0.0000000000
86088  -38.105  9.704  60.032 0.0000000000
80120  -46.598  2.491  54.393 0.0000000000
80132  -46.446  2.468  53.418 0.0000000000
80119  -45.380  2.109  54.334 0.0000000000
80118  -44.042  2.076  54.809 0.0000000000
80117  -42.979  1.715  55.110 0.0000000000
81977  -39.502  4.275  61.453 0.0000000000
80048  -38.658  2.829  59.617 0.0000000000
81096  -36.387  3.479  56.606 0.0000000000
82036  -35.676  4.710  56.238 0.0000000000
81094  -34.647  4.165  57.037 0.0000000000
82938  -33.583  5.551  57.568 0.0000000000
83915  -43.623  6.549  47.243 0.0000000000
83926  -44.934  6.379  46.073 0.0000000000
84766  -44.163  7.582  45.779 0.0000000000
84784  -44.935  8.091  44.466 0.0000000000
85533  -45.846  8.770  43.480 0.0000000000
85534  -46.704  9.128  42.873 0.0000000000
86211  -45.240  9.596  43.551 0.0000000000
112014  -45.207  11.078  43.383 0.0000000000
112026  -45.633  12.018  42.875 0.0000000000
87594  -42.420  11.995  55.224 0.0000000000
86815  -42.512  10.864  54.101 0.0000000000
87595  -43.421  11.631  55.318 0.0000000000
86817  -44.686  10.460  54.505 0.0000000000
86818  -45.701  10.447  54.472 0.0000000000
87610  -46.513  11.880  53.303 0.0000000000
87621  -47.789  11.791  52.672 0.0000000000
88409  -47.866  12.104  52.004 0.0000000000
88442  -49.418  12.356  49.789 0.0000000000
89144  -49.811  12.996  48.230 0.0000000000
88471  -49.275  13.244  46.850 0.0000000000
89157  -49.419  13.403  47.466 0.0000000000
89807  -48.681  15.032  46.435 0.0000000000
89819  -47.309  14.980  45.531 0.0000000000
90512  -44.709  15.274  43.558 0.0000000000
89818  -45.814  14.710  45.655 0.0000000000
89817  -44.422  14.876  45.848 0.0000000000
89816  -43.560  15.293  46.148 0.0000000000
91801  -45.466  17.719  50.095 0.0000000000
91800  -44.519  17.870  49.611 0.0000000000
92407  -44.281  18.480  49.991 0.0000000000
92406  -43.332  18.382  50.065 0.0000000000
92405  -42.362  18.322  49.630 0.0000000000
91808  -40.971  18.062  49.117 0.0000000000
91798  -42.411  17.655  50.521 0.0000000000
91130  -41.556  16.640  51.438 0.0000000000
91111  -40.851  16.236  52.240 0.0000000000
81190  -46.361  3.240  49.570 0.0000000000
81206  -46.125  3.608  48.511 0.0000000000
81205  -45.182  3.758  48.677 0.0000000000
81204  -44.661  4.087  48.624 0.0000000000
83026  -43.959  5.252  47.738 0.0000000000
81186  -42.689  4.271  49.617 0.0000000000
82117  -43.039  5.110  48.801 0.0000000000
83908  -43.350  6.223  47.783 0.0000000000
84755  -42.894  7.168  47.881 0.0000000000
85493  -42.731  7.980  47.602 0.0000000000
86167  -43.850  9.369  48.791 0.0000000000
88340  -45.640  12.211  58.973 0.0000000000
87575  -45.752  11.618  57.491 0.0000000000
87569  -46.309  11.992  57.911 0.0000000000
89074  -47.024  12.509  57.083 0.0000000000
89079  -46.451  12.824  56.090 0.0000000000
89725  -45.327  14.517  57.378 0.0000000000
89072  -45.710  13.336  56.458 0.0000000000
88363  -45.517  12.550  55.103 0.0000000000
88380  -44.862  12.433  53.438 0.0000000000
88390  -44.673  12.363  52.438 0.0000000000
88420  -44.446  12.886  50.642 0.0000000000
89129  -44.186  13.525  49.793 0.0000000000
89760  -43.845  14.395  51.233 0.0000000000
90439  -44.597  15.551  51.378 0.0000000000
90448  -45.192  16.057  51.070 0.0000000000
91098  -46.745  16.405  53.277 0.0000000000
91134  -47.166  17.139  52.006 0.0000000000
91802  -46.234  17.499  50.612 0.0000000000
92399  -46.434  18.268  51.318 0.0000000000
92390  -46.701  18.364  52.294 0.0000000000
91768  -45.564  18.208  53.717 0.0000000000
84696  -38.499  7.655  54.704 0.0000000000
84698  -40.201  7.522  54.236 0.0000000000
85430  -38.787  8.553  54.441 0.0000000000
86811  -38.928  10.180  54.727 0.0000000000
87591  -39.397  11.169  55.444 0.0000000000
86786  -38.525  10.348  58.248 0.0000000000
87571  -39.723  11.292  57.293 0.0000000000
88360  -40.648  11.807  56.218 0.0000000000
88353  -42.180  12.307  56.923 0.0000000000
88344  -42.555  12.421  57.818 0.0000000000
88338  -43.784  12.456  58.802 0.0000000000
88320  -41.115  12.185  60.708 0.0000000000
88321  -42.112  12.311  60.849 0.0000000000
88322  -43.076  12.447  60.569 0.0000000000
88331  -43.967  12.587  59.767 0.0000000000
88332  -45.050  12.421  59.915 0.0000000000
89051  -45.966  13.326  61.262 0.0000000000
89031  -46.621  14.220  61.298 0.0000000000
82107  -49.511  4.778  49.397 0.0000000000
81175  -48.630  3.821  50.380 0.0000000000
81127  -51.173  4.298  53.430 0.0000000000
111757  -51.317  4.682  51.895 0.0000000000
81157  -49.801  4.105  51.403 0.0000000000
81155  -47.968  3.337  50.977 0.0000000000
81174  -47.416  3.224  50.438 0.0000000000
80188  -46.316  2.698  50.446 0.0000000000
80168  -44.274  2.493  51.111 0.0000000000
79173  -44.729  1.898  52.891 0.0000000000
80129  -43.545  1.916  52.700 0.0000000000
80145  -42.175  3.046  52.139 0.0000000000
80144  -41.402  3.256  52.664 0.0000000000
81968  -43.937  5.042  61.388 0.0000000000
81041  -40.753  4.489  60.885 0.0000000000
81996  -41.844  5.063  60.352 0.0000000000
81998  -43.702  5.156  59.760 0.0000000000
82013  -43.894  4.573  59.081 0.0000000000
81070  -44.147  4.014  58.346 0.0000000000
81086  -44.699  3.708  57.542 0.0000000000
80091  -43.812  2.725  56.549 0.0000000000
80090  -42.652  2.422  56.558 0.0000000000
79141  -41.350  1.876  55.557 0.0000000000
83852  -38.297  6.363  54.788 0.0000000000
83851  -37.704  6.681  55.044 0.0000000000
84693  -37.071  7.597  55.315 0.0000000000
85423  -36.149  8.894  56.733 0.0000000000
86100  -35.926  9.205  58.079 0.0000000000
82175  -51.207  4.944  45.159 0.0000000000
83090  -50.600  5.638  44.599 0.0000000000
83958  -50.492  6.560  43.658 0.0000000000
82137  -47.519  4.558  47.353 0.0000000000
83041  -47.967  5.146  46.798 0.0000000000
83941  -46.417  6.421  45.479 0.0000000000
83942  -47.679  6.455  45.332 0.0000000000
83943  -48.801  6.594  45.249 0.0000000000
84777  -50.238  7.518  44.593 0.0000000000
84789  -50.155  7.504  43.537 0.0000000000
83972  -49.966  7.030  42.976 0.0000000000
83985  -49.437  7.307  42.554 0.0000000000
84811  -48.102  7.457  41.767 0.0000000000
84820  -47.441  8.068  41.508 0.0000000000
86221  -47.228  9.544  41.838 0.0000000000
86227  -47.308  9.757  41.129 0.0000000000
85550  -46.912  8.604  41.115 0.0000000000
85557  -45.685  9.219  40.893 0.0000000000
86232  -45.276  10.071  41.115 0.0000000000
86230  -44.000  9.894  40.721 0.0000000000
84700  -40.938  7.513  53.720 0.0000000000
84701  -41.789  7.501  53.186 0.0000000000
84708  -42.597  7.470  52.490 0.0000000000
86118  -43.242  9.480  53.151 0.0000000000
85437  -43.383  8.873  52.730 0.0000000000
84719  -43.267  7.472  51.681 0.0000000000
85466  -43.803  8.700  50.387 0.0000000000
86156  -43.964  9.203  49.744 0.0000000000
86168  -44.569  10.188  48.466 0.0000000000
87587  -46.354  11.279  56.503 0.0000000000
86819  -46.639  10.582  54.328 0.0000000000
86828  -46.932  10.341  53.380 0.0000000000
86830  -48.176  10.835  52.572 0.0000000000
86836  -48.000  10.473  52.182 0.0000000000
86128  -46.631  10.274  51.706 0.0000000000
86148  -45.803  10.270  50.537 0.0000000000
86169  -45.281  10.511  48.713 0.0000000000
86911  -45.186  10.943  47.178 0.0000000000
87697  -45.755  11.805  45.901 0.0000000000
89209  -47.230  13.850  42.556 0.0000000000
89177  -48.782  13.689  45.470 0.0000000000
89845  -48.392  14.559  43.185 0.0000000000
112036  -47.586  14.175  41.269 0.0000000000
89870  -46.104  13.874  40.564 0.0000000000
112028  -45.028  12.472  40.353 0.0000000000
89830  -43.814  15.339  43.191 0.0000000000
89781  -44.156  14.141  48.818 0.0000000000
89790  -43.346  14.962  47.556 0.0000000000
90479  -42.825  15.835  47.289 0.0000000000
91159  -43.571  16.797  48.688 0.0000000000
91172  -43.138  16.821  47.810 0.0000000000
90487  -42.202  16.200  46.152 0.0000000000
90486  -41.044  15.934  45.455 0.0000000000
90485  -40.637  15.552  45.834 0.0000000000
89789  -40.183  14.117  46.720 0.0000000000
91158  -39.948  17.022  49.352 0.0000000000
91157  -38.974  16.829  49.265 0.0000000000
91750  -44.758  18.190  54.929 0.0000000000
91766  -43.883  17.416  54.292 0.0000000000
91765  -42.850  17.302  54.620 0.0000000000
91074  -41.563  16.518  54.125 0.0000000000
91073  -40.434  16.523  54.071 0.0000000000
81088  -46.871  3.721  57.435 0.0000000000
81103  -47.568  3.363  56.669 0.0000000000
81101  -45.382  3.398  56.800 0.0000000000
79110  -34.831  1.775  58.210 0.0000000000
81207  -47.277  3.663  48.610 0.0000000000
86177  -43.728  9.709  47.520 0.0000000000
86184  -43.575  9.450  46.284 0.0000000000
86909  -43.790  10.380  46.514 0.0000000000
88356  -45.083  11.972  57.151 0.0000000000
88439  -45.880  12.718  50.069 0.0000000000
88451  -46.279  12.867  49.314 0.0000000000
89141  -46.614  13.335  48.670 0.0000000000
89140  -45.450  13.247  48.880 0.0000000000
89154  -45.726  13.815  48.163 0.0000000000
91782  -44.970  18.012  52.655 0.0000000000
91781  -44.520  17.896  52.106 0.0000000000
91096  -44.285  17.513  52.789 0.0000000000
91114  -43.798  17.317  52.516 0.0000000000
80167  -43.216  2.803  51.041 0.0000000000
80185  -43.204  3.341  50.233 0.0000000000
80184  -42.683  3.637  50.462 0.0000000000
83878  -43.091  7.027  50.942 0.0000000000
84727  -42.846  7.229  50.462 0.0000000000
89061  -46.420  13.730  59.767 0.0000000000
90386  -44.854  15.422  55.995 0.0000000000
90392  -44.815  15.338  55.097 0.0000000000
89732  -44.236  14.826  54.974 0.0000000000
90407  -44.518  15.392  54.064 0.0000000000
90408  -45.517  15.755  54.266 0.0000000000
92384  -49.516  17.767  54.343 0.0000000000
92383  -48.976  18.281  53.834 0.0000000000
92374  -48.169  18.151  54.652 0.0000000000
83982  -46.343  6.602  42.323 0.0000000000
83981  -45.321  6.524  42.247 0.0000000000
86105  -36.638  9.486  56.733 0.0000000000
86106  -37.218  9.988  56.617 0.0000000000
86102  -37.194  9.917  57.628 0.0000000000
87552  -40.023  11.356  60.130 0.0000000000
87560  -40.885  11.444  59.521 0.0000000000
89705  -43.460  14.346  61.396 0.0000000000
89685  -44.040  14.373  61.525 0.0000000000
111762  -52.126  6.139  50.820 0.0000000000
80151  -48.340  2.674  52.540 0.0000000000
79156  -41.093  2.094  53.881 0.0000000000
79149  -40.905  1.957  54.585 0.0000000000
81963  -39.960  4.405  62.071 0.0000000000
81067  -40.822  3.330  58.888 0.0000000000
81082  -40.787  3.065  58.219 0.0000000000
80073  -40.645  2.564  57.656 0.0000000000
82037  -36.778  4.160  55.886 0.0000000000
82954  -36.705  5.720  55.417 0.0000000000
82048  -36.328  5.004  55.628 0.0000000000
83944  -49.847  7.034  45.429 0.0000000000
83040  -44.681  5.501  47.212 0.0000000000
83056  -45.020  5.879  46.565 0.0000000000
84796  -46.496  8.289  43.586 0.0000000000
84786  -46.837  7.625  44.158 0.0000000000
84798  -48.606  8.481  43.464 0.0000000000
86214  -48.354  9.111  42.629 0.0000000000
85535  -47.882  9.162  42.822 0.0000000000
112024  -46.469  12.020  41.409 0.0000000000
112019  -46.679  11.952  41.005 0.0000000000
86822  -41.266  10.032  53.558 0.0000000000
86814  -41.550  10.720  54.087 0.0000000000
86120  -45.123  9.637  52.842 0.0000000000
85447  -45.293  9.052  51.664 0.0000000000
86127  -45.995  9.746  51.975 0.0000000000
88373  -47.157  11.665  55.243 0.0000000000
87607  -47.084  11.395  54.345 0.0000000000
87681  -49.806  11.971  48.474 0.0000000000
87662  -49.282  11.088  49.536 0.0000000000
87670  -48.706  11.360  48.508 0.0000000000
88461  -47.880  12.219  47.384 0.0000000000
88462  -49.074  12.553  47.484 0.0000000000
90498  -47.320  15.421  44.489 0.0000000000
90514  -47.370  15.502  43.354 0.0000000000
90531  -46.427  15.645  42.321 0.0000000000
90547  -45.725  15.273  41.498 0.0000000000
90530  -45.171  15.413  42.498 0.0000000000
90529  -44.533  15.057  42.307 0.0000000000
90510  -42.391  15.889  44.476 0.0000000000
92423  -41.683  18.167  48.527 0.0000000000
91818  -41.898  17.663  47.990 0.0000000000
91826  -41.180  16.617  48.231 0.0000000000
90466  -40.638  16.355  48.017 0.0000000000
91817  -41.027  17.441  48.546 0.0000000000
81153  -41.623  4.500  52.092 0.0000000000
82074  -41.409  4.886  52.415 0.0000000000
82973  -41.373  6.159  53.030 0.0000000000
82980  -41.530  5.740  52.533 0.0000000000
83868  -42.094  6.487  52.350 0.0000000000
84707  -42.053  6.999  52.764 0.0000000000
90378  -46.448  16.149  59.602 0.0000000000
91022  -46.850  16.941  58.890 0.0000000000
91035  -48.004  17.011  57.359 0.0000000000
91028  -47.098  17.067  58.011 0.0000000000
91034  -47.096  16.795  57.194 0.0000000000
91043  -50.199  17.008  56.191 0.0000000000
91058  -50.003  16.814  55.650 0.0000000000
91769  -49.961  17.232  54.853 0.0000000000
82186  -47.448  5.177  43.834 0.0000000000
83112  -47.528  6.085  42.919 0.0000000000
86091  -36.647  9.232  59.619 0.0000000000
86092  -37.452  9.492  59.542 0.0000000000
86087  -37.443  9.586  60.229 0.0000000000
80108  -47.883  2.684  55.290 0.0000000000
80105  -44.609  2.213  55.587 0.0000000000
80069  -36.602  2.353  57.501 0.0000000000
81081  -36.346  2.975  57.086 0.0000000000
81095  -35.244  3.892  56.803 0.0000000000
82026  -34.175  4.650  57.226 0.0000000000
82025  -33.452  4.426  57.618 0.0000000000
83924  -43.723  7.046  46.770 0.0000000000
83925  -44.294  6.669  46.301 0.0000000000
86193  -44.315  8.989  45.032 0.0000000000
85503  -44.153  8.141  45.336 0.0000000000
85514  -44.441  8.502  44.828 0.0000000000
85523  -45.314  8.707  44.109 0.0000000000
86203  -45.021  9.121  44.201 0.0000000000
86210  -44.675  9.836  43.968 0.0000000000
86929  -44.856  10.982  44.245 0.0000000000
86938  -44.804  10.470  43.814 0.0000000000
112016  -45.152  11.232  43.797 0.0000000000
87605  -42.825  11.458  54.665 0.0000000000
87597  -45.034  11.217  55.850 0.0000000000
86805  -44.481  10.883  55.226 0.0000000000
88392  -46.580  12.098  52.622 0.0000000000
87632  -47.353  12.110  52.319 0.0000000000
89131  -47.951  12.826  49.376 0.0000000000
88441  -48.351  12.521  50.072 0.0000000000
89133  -49.541  12.874  48.873 0.0000000000
89143  -49.158  13.265  48.396 0.0000000000
89793  -47.657  14.195  47.435 0.0000000000
89794  -48.669  14.384  47.191 0.0000000000
90497  -45.947  15.255  44.587 0.0000000000
89804  -44.045  14.736  46.821 0.0000000000
92409  -46.088  18.156  50.521 0.0000000000
92408  -45.208  18.416  50.145 0.0000000000
91789  -43.721  18.047  50.965 0.0000000000
92396  -44.032  18.419  50.414 0.0000000000
91131  -42.383  16.943  51.389 0.0000000000
91112  -41.943  16.400  52.260 0.0000000000
80204  -45.728  3.104  49.869 0.0000000000
81189  -45.313  3.371  49.544 0.0000000000
82118  -44.062  4.652  48.354 0.0000000000
82082  -42.262  5.004  51.329 0.0000000000
83011  -42.646  5.929  49.686 0.0000000000
82116  -42.723  5.462  49.232 0.0000000000
83024  -42.841  5.854  48.884 0.0000000000
83025  -43.453  5.619  48.042 0.0000000000
83907  -42.968  6.473  48.375 0.0000000000
83914  -43.218  6.588  47.822 0.0000000000
84738  -43.131  7.992  49.716 0.0000000000
85484  -42.598  7.910  48.288 0.0000000000
84747  -42.949  8.142  48.901 0.0000000000
85485  -43.016  8.704  48.189 0.0000000000
87568  -46.079  11.823  58.171 0.0000000000
88341  -46.197  12.405  58.612 0.0000000000
89067  -46.311  12.842  57.678 0.0000000000
89068  -46.747  12.394  57.348 0.0000000000
88357  -46.965  12.387  56.477 0.0000000000
89722  -45.542  14.976  58.192 0.0000000000
89071  -44.767  13.559  56.017 0.0000000000
89078  -45.592  12.995  55.705 0.0000000000
88370  -45.182  12.454  54.400 0.0000000000
89095  -43.575  13.326  53.102 0.0000000000
88379  -44.157  12.734  52.969 0.0000000000
88389  -43.739  12.692  52.328 0.0000000000
88406  -44.265  12.606  51.449 0.0000000000
88405  -43.575  12.870  51.765 0.0000000000
89113  -43.779  13.447  51.324 0.0000000000
89755  -43.704  14.094  51.855 0.0000000000
90431  -44.610  15.475  52.167 0.0000000000
90430  -43.927  14.949  51.883 0.0000000000
90440  -45.169  15.773  51.628 0.0000000000
91079  -47.908  16.525  54.406 0.0000000000
91099  -47.889  16.479  53.430 0.0000000000
91783  -47.984  17.833  52.299 0.0000000000
91133  -46.660  17.064  51.436 0.0000000000
91791  -46.757  17.836  51.127 0.0000000000
92400  -47.274  18.079  51.768 0.0000000000
92380  -45.959  18.493  53.122 0.0000000000
84808  -44.951  7.309  41.978 0.0000000000
85429  -37.878  8.616  54.693 0.0000000000
86801  -38.171  10.382  55.440 0.0000000000
86810  -38.497  10.285  54.944 0.0000000000
86802  -38.805  10.719  55.330 0.0000000000
87601  -39.531  10.858  54.851 0.0000000000
87579  -39.047  11.340  56.030 0.0000000000
86098  -38.200  9.936  58.824 0.0000000000
86785  -37.840  10.041  58.221 0.0000000000
87564  -39.785  11.215  58.228 0.0000000000
87581  -40.378  11.724  56.729 0.0000000000
87582  -40.730  11.709  57.241 0.0000000000
88352  -41.151  12.064  56.848 0.0000000000
88336  -42.026  12.372  58.696 0.0000000000
88337  -42.843  12.394  58.678 0.0000000000
89047  -40.913  13.077  60.578 0.0000000000
88301  -43.757  12.889  61.440 0.0000000000
89029  -45.523  13.536  62.007 0.0000000000
88303  -45.280  13.186  61.484 0.0000000000
89030  -46.493  13.853  61.812 0.0000000000
89687  -46.075  14.479  61.992 0.0000000000
83013  -51.396  5.569  49.490 0.0000000000
82096  -50.326  5.107  50.654 0.0000000000
82094  -49.159  4.386  49.897 0.0000000000
111746  -50.592  3.806  53.057 0.0000000000
81141  -49.130  3.286  52.157 0.0000000000
81173  -46.845  3.177  50.012 0.0000000000
80189  -46.844  2.759  50.972 0.0000000000
80169  -45.313  2.264  51.258 0.0000000000
79153  -45.155  1.893  53.711 0.0000000000
80131  -45.620  2.159  53.272 0.0000000000
79160  -44.937  1.851  53.247 0.0000000000
80146  -43.285  2.220  51.900 0.0000000000
81966  -42.541  5.085  62.148 0.0000000000
81967  -43.234  5.046  61.680 0.0000000000
81981  -42.565  4.818  61.010 0.0000000000
81040  -40.119  4.019  60.708 0.0000000000
81997  -42.733  5.313  59.882 0.0000000000
82012  -43.188  4.905  59.357 0.0000000000
81084  -42.422  3.462  57.937 0.0000000000
81099  -43.820  3.210  56.975 0.0000000000
80076  -43.545  3.143  57.034 0.0000000000
80089  -41.462  2.220  56.639 0.0000000000
80103  -42.237  1.969  55.774 0.0000000000
79128  -41.238  2.065  56.170 0.0000000000
82059  -38.374  4.640  54.917 0.0000000000
82964  -38.626  5.614  54.657 0.0000000000
82956  -38.074  5.948  54.974 0.0000000000
83849  -36.133  6.665  55.668 0.0000000000
82947  -35.476  5.747  56.251 0.0000000000
83842  -35.086  6.358  56.670 0.0000000000
85418  -35.358  8.560  57.727 0.0000000000
86095  -35.874  8.929  58.538 0.0000000000
82160  -51.669  4.256  45.275 0.0000000000
83091  -51.556  5.759  44.890 0.0000000000
81218  -46.916  3.929  47.928 0.0000000000
83058  -47.346  5.507  46.434 0.0000000000
82149  -46.827  4.715  46.887 0.0000000000
83940  -45.219  6.792  45.444 0.0000000000
83074  -45.602  6.160  45.909 0.0000000000
84775  -48.483  7.080  45.001 0.0000000000
84776  -49.235  7.470  44.857 0.0000000000
85524  -49.617  8.430  43.231 0.0000000000
85525  -49.927  8.169  43.347 0.0000000000
84800  -49.945  7.800  42.535 0.0000000000
85544  -48.748  8.609  42.199 0.0000000000
85553  -49.017  8.296  41.989 0.0000000000
84822  -48.830  8.200  41.799 0.0000000000
84821  -48.344  8.150  41.625 0.0000000000
85542  -46.805  9.541  42.303 0.0000000000
85559  -47.111  8.985  40.828 0.0000000000
86234  -47.036  9.492  40.785 0.0000000000
85558  -46.593  9.109  40.808 0.0000000000
86233  -46.267  9.844  40.871 0.0000000000
86968  -45.947  10.668  40.559 0.0000000000
86967  -44.951  10.864  41.004 0.0000000000
86966  -44.376  10.422  40.819 0.0000000000
85431  -39.708  8.470  54.355 0.0000000000
85432  -40.502  8.427  53.968 0.0000000000
86116  -41.616  9.294  53.448 0.0000000000
85434  -41.276  8.422  53.560 0.0000000000
85435  -41.980  8.527  53.205 0.0000000000
84702  -42.275  8.002  52.995 0.0000000000
85436  -42.710  8.555  52.943 0.0000000000
86816  -43.631  10.902  54.490 0.0000000000
86824  -42.964  10.215  53.631 0.0000000000
86125  -44.598  9.174  52.341 0.0000000000
85445  -43.777  8.526  52.204 0.0000000000
85457  -43.847  8.371  51.341 0.0000000000
85467  -44.639  9.166  50.507 0.0000000000
85476  -44.647  9.593  50.122 0.0000000000
86157  -44.511  9.672  49.519 0.0000000000
85477  -44.831  9.878  49.924 0.0000000000
87576  -46.562  11.783  57.262 0.0000000000
86798  -46.857  11.122  56.082 0.0000000000
88394  -48.158  11.703  52.381 0.0000000000
87622  -48.207  11.336  52.494 0.0000000000
87634  -48.513  11.467  51.680 0.0000000000
86852  -48.268  10.839  51.422 0.0000000000
86851  -47.401  10.479  51.347 0.0000000000
86835  -46.984  10.380  52.354 0.0000000000
86850  -46.831  10.265  51.157 0.0000000000
86138  -46.286  10.146  51.265 0.0000000000
86868  -46.904  10.356  50.569 0.0000000000
87668  -46.750  11.407  48.204 0.0000000000
86892  -46.100  10.950  48.636 0.0000000000
86891  -45.172  10.765  48.261 0.0000000000
86902  -45.446  11.154  47.739 0.0000000000
87687  -45.206  11.446  46.304 0.0000000000
87688  -45.679  11.433  46.900 0.0000000000
88486  -46.708  12.836  44.940 0.0000000000
89186  -47.644  13.610  44.398 0.0000000000
89169  -49.663  13.976  46.332 0.0000000000
89178  -49.699  14.535  45.295 0.0000000000
90534  -48.507  15.146  42.115 0.0000000000
89832  -49.136  14.833  43.804 0.0000000000
89862  -48.460  14.932  41.721 0.0000000000
89222  -47.926  14.497  41.444 0.0000000000
89884  -47.861  14.725  40.921 0.0000000000
89871  -46.989  14.360  40.679 0.0000000000
112029  -44.817  13.229  40.927 0.0000000000
112027  -44.364  12.245  40.834 0.0000000000
87734  -43.914  11.636  41.602 0.0000000000
89185  -43.217  14.066  44.200 0.0000000000
89128  -43.714  13.933  50.238 0.0000000000
89774  -44.055  13.881  49.287 0.0000000000
89773  -43.723  14.486  49.534 0.0000000000
89780  -43.454  14.780  48.514 0.0000000000
91810  -43.783  17.563  49.139 0.0000000000
91828  -42.135  16.975  47.714 0.0000000000
91183  -42.429  16.563  47.453 0.0000000000
90478  -42.382  16.146  46.803 0.0000000000
91191  -41.783  16.232  45.668 0.0000000000
89801  -40.382  14.590  46.275 0.0000000000
89800  -39.936  14.813  46.525 0.0000000000
90484  -39.856  15.316  46.571 0.0000000000
90475  -38.983  15.347  47.228 0.0000000000
90463  -38.119  15.776  47.731 0.0000000000
91796  -40.870  17.666  49.493 0.0000000000
91807  -40.509  17.585  49.213 0.0000000000
91168  -37.673  16.005  48.606 0.0000000000
91748  -43.220  17.782  55.299 0.0000000000
91764  -41.900  17.234  54.602 0.0000000000
91092  -41.182  16.310  53.218 0.0000000000
82068  -40.577  4.896  53.286 0.0000000000
82979  -41.199  5.308  52.708 0.0000000000
83865  -41.247  6.661  53.356 0.0000000000
91718  -48.090  17.439  58.977 0.0000000000
91030  -48.707  17.195  58.027 0.0000000000
91041  -49.051  17.111  56.592 0.0000000000
91733  -49.546  17.309  56.936 0.0000000000
91734  -50.076  17.396  56.592 0.0000000000
91726  -50.254  17.906  57.541 0.0000000000
86772  -36.240  10.416  60.545 0.0000000000
86773  -37.281  10.287  60.509 0.0000000000
80094  -47.165  2.990  56.012 0.0000000000
80068  -35.505  2.283  57.672 0.0000000000
81065  -34.244  2.747  58.008 0.0000000000
82123  -49.159  4.709  48.633 0.0000000000
82139  -48.844  4.642  48.162 0.0000000000
82138  -48.436  4.576  47.792 0.0000000000
86192  -43.926  9.329  45.294 0.0000000000
86937  -44.473  10.022  44.221 0.0000000000
86927  -43.816  9.946  45.042 0.0000000000
87705  -44.600  11.153  45.221 0.0000000000
88354  -43.193  12.352  56.959 0.0000000000
87584  -43.787  11.993  56.203 0.0000000000
87585  -44.654  11.717  56.411 0.0000000000
87598  -45.787  11.098  55.951 0.0000000000
88422  -46.346  12.468  50.923 0.0000000000
89142  -47.953  13.306  48.657 0.0000000000
89167  -46.716  14.163  47.311 0.0000000000
89166  -46.085  13.996  47.574 0.0000000000
89792  -45.461  14.049  47.611 0.0000000000
91790  -44.189  18.064  51.390 0.0000000000
91788  -43.012  17.584  51.231 0.0000000000
91779  -43.408  17.589  51.532 0.0000000000
91094  -43.292  16.729  53.229 0.0000000000
81171  -44.683  3.338  49.807 0.0000000000
80203  -43.773  3.283  49.818 0.0000000000
80202  -43.541  3.453  49.706 0.0000000000
81187  -43.047  3.731  49.562 0.0000000000
82989  -42.248  5.785  51.192 0.0000000000
84737  -42.664  7.345  49.978 0.0000000000
88334  -46.329  12.983  59.647 0.0000000000
89063  -45.833  13.875  58.092 0.0000000000
90384  -45.318  15.685  57.139 0.0000000000
89724  -44.709  14.999  56.766 0.0000000000
89728  -44.354  14.566  55.914 0.0000000000
89070  -44.091  13.854  55.413 0.0000000000
89084  -44.455  12.992  54.162 0.0000000000
89076  -44.023  13.651  54.564 0.0000000000
89738  -43.808  14.453  53.787 0.0000000000
89750  -43.572  14.251  52.619 0.0000000000
90406  -44.163  15.231  53.450 0.0000000000
90421  -44.652  15.623  53.003 0.0000000000
90422  -45.645  16.057  53.186 0.0000000000
91119  -48.351  16.871  53.074 0.0000000000
91784  -48.510  17.414  52.958 0.0000000000
92373  -47.041  18.550  54.455 0.0000000000
86795  -37.853  10.492  56.406 0.0000000000
87565  -40.519  11.483  58.541 0.0000000000
87573  -41.028  11.619  57.778 0.0000000000
87561  -41.985  11.787  59.623 0.0000000000
89026  -42.713  13.279  61.388 0.0000000000
89028  -44.433  13.608  61.727 0.0000000000
83002  -51.183  5.557  50.568 0.0000000000
82083  -50.021  4.774  50.911 0.0000000000
80135  -49.277  2.941  53.518 0.0000000000
80172  -47.974  2.590  51.930 0.0000000000
80148  -45.281  2.138  52.437 0.0000000000
79159  -44.110  1.803  53.233 0.0000000000
80127  -41.078  2.675  53.280 0.0000000000
81054  -39.953  3.334  59.606 0.0000000000
80075  -42.985  3.019  57.147 0.0000000000
80088  -40.793  2.078  57.021 0.0000000000
81112  -38.330  3.551  55.466 0.0000000000
82050  -38.215  4.204  55.289 0.0000000000
82058  -37.769  5.030  54.874 0.0000000000
82955  -37.558  5.711  55.178 0.0000000000
84778  -50.865  7.209  44.290 0.0000000000
83057  -46.188  5.752  46.244 0.0000000000
83955  -46.118  7.039  44.719 0.0000000000
84799  -49.257  8.502  43.341 0.0000000000
86222  -48.256  9.039  42.314 0.0000000000
86959  -47.053  11.116  40.881 0.0000000000
87726  -46.585  11.015  40.546 0.0000000000
112031  -46.334  11.588  40.559 0.0000000000
112018  -46.071  12.080  40.456 0.0000000000
87599  -47.192  11.375  55.558 0.0000000000
87649  -49.106  11.529  50.688 0.0000000000
86871  -48.904  11.079  50.832 0.0000000000
86883  -49.113  10.863  50.277 0.0000000000
86882  -48.560  10.752  49.922 0.0000000000
86881  -47.634  10.910  49.594 0.0000000000
87660  -48.187  11.210  48.985 0.0000000000
87669  -47.490  11.358  48.619 0.0000000000
87678  -47.250  11.640  47.717 0.0000000000
87689  -46.656  11.756  47.170 0.0000000000
88460  -47.239  11.911  47.265 0.0000000000
88479  -48.104  13.121  45.964 0.0000000000
89821  -49.501  15.251  45.026 0.0000000000
90500  -49.062  15.264  44.173 0.0000000000
90515  -48.315  15.416  43.286 0.0000000000
90548  -46.856  15.539  41.114 0.0000000000
89860  -46.142  14.800  40.687 0.0000000000
89858  -44.643  14.351  41.917 0.0000000000
89843  -43.988  14.707  42.630 0.0000000000
90511  -43.541  15.470  44.020 0.0000000000
92415  -42.914  18.392  49.101 0.0000000000
91809  -43.274  17.789  48.477 0.0000000000
91188  -39.530  15.785  46.900 0.0000000000
90477  -40.412  16.451  47.875 0.0000000000
91180  -39.900  16.520  47.631 0.0000000000
91170  -40.035  16.779  48.481 0.0000000000
91127  -38.395  16.732  51.130 0.0000000000
81154  -42.001  4.248  51.590 0.0000000000
83876  -42.255  6.263  51.728 0.0000000000
91027  -46.473  16.608  57.938 0.0000000000
91038  -45.963  16.362  56.294 0.0000000000
91054  -45.903  16.153  55.726 0.0000000000
90394  -46.395  16.179  54.740 0.0000000000
91055  -46.716  16.334  55.293 0.0000000000
91080  -48.811  16.740  54.618 0.0000000000
91057  -48.911  16.868  55.556 0.0000000000
91101  -49.336  16.773  54.201 0.0000000000
91776  -49.476  17.144  54.172 0.0000000000
84810  -46.989  7.368  41.933 0.0000000000
86093  -38.204  9.769  59.461 0.0000000000
86775  -38.833  10.317  59.981 0.0000000000
80121  -47.673  2.604  54.420 0.0000000000
81976  -38.707  4.261  61.526 0.0000000000
80033  -38.108  3.205  60.424 0.0000000000
81053  -39.182  3.273  59.726 0.0000000000
80049  -39.279  3.018  59.240 0.0000000000
82035  -34.767  4.755  56.740 0.0000000000
82939  -34.256  5.617  57.089 0.0000000000
83916  -44.060  6.221  46.828 0.0000000000
83055  -44.361  6.111  46.722 0.0000000000
83939  -44.533  7.125  45.631 0.0000000000
84773  -44.533  7.578  45.054 0.0000000000
84774  -45.150  7.459  44.724 0.0000000000
86212  -45.911  9.374  42.922 0.0000000000
86219  -45.251  10.678  43.046 0.0000000000
88369  -41.510  11.943  55.276 0.0000000000
87604  -41.966  11.506  54.599 0.0000000000
86804  -43.969  11.189  55.172 0.0000000000
86827  -45.942  10.101  53.451 0.0000000000
87606  -46.531  11.604  54.103 0.0000000000
87611  -47.201  11.701  53.487 0.0000000000
87633  -47.568  12.081  52.452 0.0000000000
88423  -47.564  12.308  51.005 0.0000000000
88424  -48.659  11.959  51.002 0.0000000000
88453  -49.846  12.459  48.736 0.0000000000
88463  -49.801  12.614  48.008 0.0000000000
89158  -49.818  13.028  47.928 0.0000000000
89795  -49.439  14.464  46.755 0.0000000000
89820  -48.609  15.304  45.392 0.0000000000
92414  -42.141  18.401  48.983 0.0000000000
92413  -41.516  18.301  49.058 0.0000000000
91797  -41.497  17.843  49.707 0.0000000000
91143  -41.440  17.100  50.627 0.0000000000
91144  -42.044  16.855  50.858 0.0000000000
81191  -47.302  3.428  49.550 0.0000000000
82120  -45.672  3.971  48.207 0.0000000000
82119  -45.164  4.296  48.126 0.0000000000
82134  -44.394  5.237  47.582 0.0000000000
82104  -43.117  4.447  49.143 0.0000000000
82103  -42.556  5.019  49.680 0.0000000000
84756  -43.346  7.480  47.165 0.0000000000
87567  -45.441  11.935  58.262 0.0000000000
87574  -45.335  11.822  57.883 0.0000000000
88348  -46.492  12.213  57.609 0.0000000000
87577  -47.078  11.848  56.916 0.0000000000
88365  -46.893  12.206  55.715 0.0000000000
89066  -45.778  13.583  57.209 0.0000000000
88364  -46.282  12.477  55.366 0.0000000000
88371  -46.019  12.085  54.652 0.0000000000
88381  -45.776  11.908  53.785 0.0000000000
88391  -45.862  11.947  52.755 0.0000000000
88407  -45.512  12.351  51.721 0.0000000000
88438  -44.909  12.965  50.045 0.0000000000
89130  -44.877  13.185  49.425 0.0000000000
88437  -44.398  13.196  50.260 0.0000000000
89120  -43.880  13.965  50.787 0.0000000000
90438  -44.030  15.238  50.945 0.0000000000
90447  -44.640  16.040  50.614 0.0000000000
91147  -45.483  16.839  50.590 0.0000000000
90409  -46.253  16.055  54.242 0.0000000000
91097  -46.395  16.375  52.690 0.0000000000
91117  -46.917  16.621  52.267 0.0000000000
91116  -46.202  16.313  52.154 0.0000000000
91132  -45.771  16.414  51.410 0.0000000000
91148  -46.117  16.985  50.916 0.0000000000
92389  -45.593  18.313  52.084 0.0000000000
91774  -45.284  18.094  53.177 0.0000000000
83859  -38.896  6.633  54.562 0.0000000000
84697  -39.353  7.568  54.537 0.0000000000
86112  -39.190  9.425  54.330 0.0000000000
86111  -38.289  9.656  54.626 0.0000000000
86812  -39.612  10.307  54.462 0.0000000000
87602  -39.988  11.098  54.762 0.0000000000
86791  -38.489  10.733  57.211 0.0000000000
86787  -39.178  10.824  57.784 0.0000000000
86797  -39.075  11.240  56.396 0.0000000000
87580  -39.560  11.388  56.370 0.0000000000
87592  -40.302  11.590  55.730 0.0000000000
88368  -41.071  11.774  55.414 0.0000000000
88362  -41.810  12.265  56.004 0.0000000000
88343  -41.688  12.136  57.804 0.0000000000
88345  -43.565  12.462  57.860 0.0000000000
87554  -42.298  11.887  60.319 0.0000000000
87555  -42.653  12.033  60.163 0.0000000000
88330  -42.859  12.260  59.629 0.0000000000
88339  -44.791  12.338  58.948 0.0000000000
88324  -45.374  12.884  60.859 0.0000000000
88325  -46.162  13.072  60.455 0.0000000000
89052  -46.550  13.829  60.761 0.0000000000
89688  -46.431  14.642  61.392 0.0000000000
83012  -50.377  5.194  49.424 0.0000000000
82106  -48.810  4.247  49.423 0.0000000000
81192  -48.104  3.642  49.562 0.0000000000
81176  -49.156  3.991  50.909 0.0000000000
80205  -45.932  2.920  50.025 0.0000000000
80187  -45.258  2.840  50.289 0.0000000000
79172  -44.536  1.968  52.662 0.0000000000
80130  -44.153  1.920  52.672 0.0000000000
81139  -41.312  3.982  52.377 0.0000000000
81138  -40.868  4.386  52.938 0.0000000000
82965  -39.505  5.676  54.319 0.0000000000
81087  -45.725  3.866  57.586 0.0000000000
82889  -43.887  5.295  62.216 0.0000000000
81978  -40.355  4.429  61.506 0.0000000000
81995  -41.314  4.709  60.812 0.0000000000
81982  -43.420  4.904  60.686 0.0000000000
81983  -44.408  5.179  60.561 0.0000000000
81999  -44.752  4.778  59.488 0.0000000000
82014  -44.653  4.369  58.715 0.0000000000
81071  -45.012  4.188  58.073 0.0000000000
81100  -44.367  3.313  56.876 0.0000000000
79142  -42.042  1.711  55.302 0.0000000000
79115  -39.750  2.083  57.440 0.0000000000
79126  -39.316  2.089  56.503 0.0000000000
79140  -40.102  2.099  55.561 0.0000000000
83858  -38.215  6.982  54.764 0.0000000000
84695  -37.734  7.653  54.903 0.0000000000
82047  -35.781  5.293  55.889 0.0000000000
85422  -35.589  8.397  56.734 0.0000000000
85419  -35.857  8.976  57.403 0.0000000000
85415  -36.198  8.817  59.054 0.0000000000
86090  -36.042  9.203  59.851 0.0000000000
85410  -35.323  8.770  59.608 0.0000000000
82174  -50.537  4.714  45.024 0.0000000000
82173  -49.813  4.806  44.604 0.0000000000
83089  -49.723  5.568  43.757 0.0000000000
81219  -47.406  3.996  47.937 0.0000000000
83957  -49.841  6.270  43.168 0.0000000000
83971  -49.171  6.496  42.834 0.0000000000
83984  -48.642  7.050  42.372 0.0000000000
84812  -49.131  7.843  41.969 0.0000000000
85543  -47.147  9.294  42.421 0.0000000000
86228  -47.936  8.995  41.771 0.0000000000
85551  -47.566  8.841  41.352 0.0000000000
84819  -46.484  7.976  41.487 0.0000000000
85549  -46.046  8.587  41.108 0.0000000000
85548  -45.041  8.552  40.889 0.0000000000
85556  -44.764  9.298  40.804 0.0000000000
85555  -44.251  9.463  40.779 0.0000000000
85444  -43.146  8.234  52.561 0.0000000000
84709  -43.233  7.873  52.276 0.0000000000
86178  -44.272  10.286  47.712 0.0000000000
86799  -47.075  11.111  55.762 0.0000000000
86807  -46.447  10.898  55.460 0.0000000000
86834  -46.300  10.126  52.741 0.0000000000
87612  -47.646  11.197  53.470 0.0000000000
86829  -47.707  10.696  53.027 0.0000000000
86837  -48.391  10.959  51.989 0.0000000000
86880  -46.420  10.655  49.706 0.0000000000
86158  -45.271  10.301  49.523 0.0000000000
86901  -44.755  10.707  47.605 0.0000000000
86910  -44.600  11.092  46.689 0.0000000000
87696  -44.797  11.483  45.749 0.0000000000
87698  -46.410  11.965  46.568 0.0000000000
112020  -46.072  13.069  44.030 0.0000000000
89168  -48.799  13.472  46.322 0.0000000000
89188  -49.493  14.639  44.560 0.0000000000
89187  -49.071  13.962  44.519 0.0000000000
89196  -48.216  14.229  43.802 0.0000000000
112037  -47.150  13.423  41.143 0.0000000000
112035  -45.738  12.414  40.427 0.0000000000
112030  -45.554  13.175  40.544 0.0000000000
112033  -44.713  11.706  40.566 0.0000000000
89139  -44.560  13.594  49.099 0.0000000000
89803  -43.303  15.335  46.807 0.0000000000
90488  -42.788  15.768  46.221 0.0000000000
91160  -44.134  17.158  49.241 0.0000000000
91197  -41.470  16.118  45.121 0.0000000000
90493  -41.256  15.627  45.206 0.0000000000
90492  -40.978  15.273  45.457 0.0000000000
89813  -40.751  14.933  45.601 0.0000000000
91816  -40.368  17.262  48.872 0.0000000000
91169  -38.817  16.355  48.209 0.0000000000
91155  -36.862  16.094  49.388 0.0000000000
92372  -45.799  18.476  54.327 0.0000000000
91767  -45.028  17.776  54.267 0.0000000000
91749  -44.239  17.937  55.105 0.0000000000
91772  -44.014  17.328  53.669 0.0000000000
91077  -43.770  17.259  53.792 0.0000000000
91076  -43.373  17.104  53.905 0.0000000000
91075  -42.596  16.676  54.094 0.0000000000
80055  -34.312  2.227  58.515 0.0000000000
80084  -36.634  2.909  56.987 0.0000000000
80102  -41.569  2.092  56.010 0.0000000000
80116  -42.374  1.676  55.220 0.0000000000
81057  -42.734  4.843  59.365 0.0000000000
83038  -43.563  5.975  47.502 0.0000000000
83073  -45.207  6.293  46.011 0.0000000000
83103  -49.234  5.904  43.297 0.0000000000
83887  -42.952  7.152  50.674 0.0000000000
85513  -44.139  8.686  45.291 0.0000000000
85522  -44.877  8.774  44.450 0.0000000000
86139  -46.763  10.284  51.396 0.0000000000
86146  -44.177  9.114  50.208 0.0000000000
86147  -44.359  9.367  50.059 0.0000000000
86201  -44.069  9.770  44.832 0.0000000000
86225  -44.724  10.312  41.014 0.0000000000
86226  -44.974  10.431  41.154 0.0000000000
86231  -44.535  9.893  40.864 0.0000000000
86792  -39.143  11.016  56.884 0.0000000000
86803  -39.230  10.677  54.929 0.0000000000
86853  -48.529  11.163  51.387 0.0000000000
86872  -49.217  11.288  50.535 0.0000000000
86884  -49.243  11.079  50.436 0.0000000000
86956  -44.606  10.602  40.943 0.0000000000
86957  -44.819  10.575  41.076 0.0000000000
87562  -42.473  11.834  59.980 0.0000000000
87590  -38.921  11.143  55.737 0.0000000000
87593  -40.826  11.699  55.510 0.0000000000
87613  -48.074  10.976  52.944 0.0000000000
87619  -46.523  12.067  52.878 0.0000000000
87620  -47.094  12.175  52.773 0.0000000000
87663  -49.407  11.474  50.129 0.0000000000
87671  -49.408  11.423  48.746 0.0000000000
87735  -46.386  10.821  40.514 0.0000000000
88347  -45.260  11.859  57.647 0.0000000000
88349  -46.976  12.108  57.164 0.0000000000
88351  -40.782  11.895  56.418 0.0000000000
88358  -47.226  12.034  56.738 0.0000000000
88361  -40.963  11.997  55.896 0.0000000000
88393  -48.106  11.909  52.286 0.0000000000
88410  -48.336  11.798  52.014 0.0000000000
88425  -49.251  11.886  50.439 0.0000000000
88469  -47.206  12.204  46.857 0.0000000000
89049  -42.720  13.527  61.428 0.0000000000
89050  -45.523  13.230  61.445 0.0000000000
89096  -44.157  12.963  53.523 0.0000000000
89114  -44.057  13.021  50.962 0.0000000000
89121  -44.072  13.427  50.583 0.0000000000
89179  -50.010  15.011  44.898 0.0000000000
89189  -49.560  14.941  44.485 0.0000000000
89233  -48.070  14.763  41.015 0.0000000000
89684  -43.370  14.091  61.551 0.0000000000
89731  -43.936  14.327  54.794 0.0000000000
89822  -49.552  15.172  44.572 0.0000000000
89831  -48.956  14.428  44.001 0.0000000000
89833  -49.298  15.018  44.104 0.0000000000
89846  -48.658  14.925  42.705 0.0000000000
89861  -48.254  14.585  42.093 0.0000000000
89872  -47.641  14.822  40.793 0.0000000000
89873  -48.312  14.853  41.247 0.0000000000
89874  -48.446  14.950  41.160 0.0000000000
89883  -47.500  14.369  40.921 0.0000000000
89885  -48.217  14.882  40.808 0.0000000000
90387  -45.398  15.880  56.168 0.0000000000
90465  -40.452  16.530  48.139 0.0000000000
90516  -48.948  15.206  43.389 0.0000000000
90517  -49.120  15.174  43.885 0.0000000000
90533  -48.300  15.525  42.247 0.0000000000
90549  -47.826  15.585  41.337 0.0000000000
90551  -48.444  15.023  41.349 0.0000000000
90558  -47.525  15.173  40.817 0.0000000000
90559  -48.044  15.109  40.910 0.0000000000
90560  -48.352  14.981  40.970 0.0000000000
90561  -48.437  15.197  41.060 0.0000000000
90567  -48.366  14.949  40.767 0.0000000000
90568  -48.572  14.928  40.771 0.0000000000
91021  -46.616  16.786  58.400 0.0000000000
91059  -50.180  16.896  56.005 0.0000000000
91115  -44.122  17.462  52.621 0.0000000000
91171  -40.744  16.549  48.251 0.0000000000
91198  -41.952  16.214  44.885 0.0000000000
91732  -49.112  17.333  57.155 0.0000000000
91752  -50.318  17.077  55.994 0.0000000000
92404  -41.868  18.316  49.359 0.0000000000
