#!ascii label  , from subject 3818 vox2ras=TkReg
939
61957  -21.582  -16.666  17.114 0.5555555820
61958  -22.298  -16.745  16.487 0.6666666865
62884  -22.606  -15.668  16.267 0.7777777910
62885  -23.550  -15.944  16.027 0.7777777910
63859  -22.830  -14.566  15.251 0.8888888955
62931  -24.940  -15.311  13.774 0.8888888955
61925  -20.706  -17.031  18.435 0.5555555820
61951  -21.011  -16.597  17.883 0.5555555820
62883  -21.785  -15.692  16.840 0.6666666865
63835  -21.322  -14.891  17.152 0.8888888955
62894  -23.633  -15.620  15.285 0.8888888955
63860  -23.496  -14.812  14.875 0.8888888955
64891  -24.531  -13.577  13.638 1.0000000000
63897  -25.112  -14.441  13.460 0.8888888955
64892  -25.425  -13.516  13.412 1.0000000000
63834  -20.813  -14.520  17.741 0.7777777910
64846  -21.748  -13.448  15.916 1.0000000000
65879  -21.338  -12.427  16.207 1.0000000000
64856  -22.268  -13.600  15.256 1.0000000000
65907  -22.757  -12.636  14.253 1.0000000000
65892  -22.353  -13.132  14.802 1.0000000000
65927  -23.716  -12.680  13.719 1.0000000000
65926  -23.182  -12.296  13.808 1.0000000000
67083  -24.295  -11.875  13.338 1.0000000000
65944  -25.857  -12.448  12.710 1.0000000000
67099  -24.938  -11.552  12.625 1.0000000000
67100  -26.093  -11.461  12.500 1.0000000000
68209  -26.104  -10.778  12.357 1.0000000000
68210  -26.570  -10.748  12.475 0.7777777910
67027  -20.887  -11.685  16.353 0.8888888955
65891  -21.965  -12.522  15.200 1.0000000000
67082  -23.209  -11.531  13.607 1.0000000000
67071  -21.901  -11.421  14.923 1.0000000000
68192  -24.344  -10.420  12.640 1.0000000000
68193  -25.377  -10.512  12.389 1.0000000000
68194  -26.212  -10.250  12.466 1.0000000000
68195  -27.120  -10.442  12.609 0.8888888955
69237  -27.547  -9.606  12.687 1.0000000000
69238  -28.571  -9.620  12.340 0.7777777910
69239  -29.380  -9.695  11.662 0.7777777910
68160  -20.934  -10.459  15.783 0.5555555820
69224  -21.799  -9.250  14.021 0.7777777910
69218  -22.025  -9.895  14.125 0.8888888955
68190  -23.051  -10.332  13.410 1.0000000000
67097  -23.503  -10.755  13.327 1.0000000000
69225  -22.410  -9.510  13.602 0.8888888955
69233  -23.751  -9.508  12.874 1.0000000000
69234  -24.636  -9.572  12.801 1.0000000000
69235  -25.588  -9.547  12.764 1.0000000000
69236  -26.561  -9.587  12.926 0.8888888955
70188  -26.927  -8.684  13.251 1.0000000000
70189  -27.900  -8.699  12.727 0.8888888955
70190  -28.708  -8.758  12.011 0.7777777910
70192  -30.497  -9.173  12.025 0.6666666865
70191  -29.632  -9.056  11.961 0.6666666865
70155  -20.252  -8.475  16.092 0.4444444478
70157  -21.317  -8.682  15.007 0.7777777910
71043  -21.442  -8.120  14.698 0.6666666865
71068  -22.779  -7.704  12.853 0.7777777910
70178  -22.548  -8.586  13.095 0.8888888955
70185  -23.955  -8.630  13.039 0.8888888955
70186  -24.888  -8.657  13.263 1.0000000000
70187  -25.890  -8.633  13.134 1.0000000000
71088  -27.220  -7.508  13.305 0.8888888955
71089  -28.223  -8.014  12.936 0.7777777910
71090  -29.146  -8.397  12.895 0.7777777910
70193  -31.138  -8.980  11.751 0.5555555820
71072  -29.714  -7.625  13.542 0.7777777910
71073  -30.591  -7.582  13.263 0.6666666865
71058  -21.025  -7.134  14.597 0.6666666865
71067  -22.232  -7.575  13.462 0.7777777910
71989  -21.679  -6.573  13.493 0.7777777910
71084  -23.390  -7.706  12.736 0.8888888955
71085  -24.203  -7.617  13.030 0.8888888955
71998  -23.028  -7.138  12.836 1.0000000000
71086  -25.183  -7.604  13.244 1.0000000000
71087  -26.183  -7.588  13.292 1.0000000000
71069  -27.371  -6.836  13.492 0.8888888955
71070  -27.849  -7.163  13.577 0.8888888955
72015  -27.037  -6.335  13.469 0.8888888955
72000  -28.335  -6.465  13.879 0.7777777910
72001  -29.299  -6.574  13.951 0.7777777910
71074  -31.221  -7.465  12.831 0.6666666865
71988  -21.008  -6.556  14.224 0.6666666865
71975  -20.542  -6.774  14.959 0.5555555820
71997  -22.590  -6.616  13.019 0.8888888955
72011  -23.436  -6.582  12.963 0.8888888955
72012  -24.502  -6.574  13.299 1.0000000000
72014  -26.383  -6.487  13.330 1.0000000000
72880  -29.930  -5.427  14.348 0.7777777910
72003  -31.246  -6.730  13.449 0.6666666865
72898  -32.107  -6.117  12.312 0.5555555820
72004  -31.805  -6.904  12.763 0.5555555820
72861  -21.383  -5.589  13.944 0.7777777910
72892  -22.614  -5.886  12.784 0.8888888955
72894  -23.994  -5.518  13.321 1.0000000000
72895  -24.929  -5.533  13.401 1.0000000000
72897  -26.620  -5.454  13.427 0.8888888955
73803  -27.655  -4.520  14.074 0.8888888955
71999  -27.574  -6.310  13.731 0.8888888955
73806  -30.993  -4.555  14.316 0.7777777910
72882  -31.927  -5.884  13.209 0.5555555820
73785  -29.307  -4.144  14.555 0.7777777910
73807  -31.677  -4.726  13.445 0.5555555820
73822  -32.386  -4.949  12.350 0.5555555820
74817  -31.654  -3.559  13.954 0.6666666865
73780  -19.825  -4.484  15.157 0.4444444478
73782  -21.040  -4.829  14.266 0.5555555820
73801  -22.509  -4.376  13.335 0.7777777910
73818  -23.773  -4.463  13.144 1.0000000000
72876  -22.733  -4.932  13.212 0.8888888955
73819  -24.558  -4.501  13.264 1.0000000000
73820  -25.365  -4.515  13.410 0.8888888955
73821  -26.161  -4.511  13.512 0.8888888955
73802  -26.956  -4.485  13.529 0.8888888955
73784  -28.396  -4.461  14.450 0.8888888955
74815  -29.949  -3.820  14.630 0.6666666865
74830  -31.980  -3.686  12.767 0.5555555820
75763  -22.724  -2.566  13.221 0.6666666865
74811  -22.209  -3.467  13.453 0.6666666865
75765  -24.256  -2.547  12.822 0.7777777910
74828  -25.094  -3.515  13.084 0.8888888955
75766  -25.004  -2.540  12.736 0.7777777910
75753  -26.083  -2.599  13.211 0.7777777910
74829  -25.778  -3.533  13.279 0.8888888955
75754  -26.615  -2.590  13.553 0.7777777910
74813  -27.228  -3.490  13.825 0.8888888955
75739  -27.285  -2.406  13.869 0.7777777910
74794  -27.655  -3.115  14.378 0.7777777910
74795  -28.420  -3.484  14.801 0.6666666865
76704  -28.274  -1.344  14.621 0.6666666865
75742  -30.288  -2.206  14.891 0.6666666865
74797  -30.382  -2.924  14.773 0.6666666865
74816  -30.633  -3.440  14.512 0.5555555820
76706  -30.437  -1.062  14.867 0.6666666865
75743  -30.937  -1.640  14.666 0.5555555820
75768  -31.936  -2.492  13.229 0.5555555820
76730  -32.071  -1.274  13.615 0.5555555820
76700  -22.404  -0.866  14.312 0.3333333433
76699  -21.654  -1.018  14.505 0.3333333433
76726  -23.328  -1.492  13.376 0.5555555820
76727  -24.150  -1.604  12.832 0.6666666865
77698  -24.395  -0.531  13.132 0.5555555820
76728  -24.918  -1.719  12.666 0.7777777910
76729  -25.458  -1.803  12.676 0.7777777910
77679  -25.901  -0.632  13.224 0.6666666865
76717  -26.306  -2.028  13.168 0.6666666865
76716  -25.768  -1.456  12.959 0.6666666865
76703  -27.331  -1.412  14.075 0.6666666865
77682  -28.472  -0.309  14.844 0.6666666865
77684  -30.699  -0.064  14.788 0.6666666865
76718  -31.458  -0.922  14.512 0.5555555820
77707  -32.335  -0.245  12.821 0.5555555820
77700  -32.060  -0.077  13.826 0.6666666865
77678  -22.795  -0.252  14.274 0.4444444478
77677  -22.140  -0.443  14.827 0.4444444478
76714  -23.037  -0.792  13.869 0.4444444478
78637  -23.878  0.321  13.451 0.5555555820
77697  -23.825  -0.447  13.541 0.5555555820
77691  -24.775  -0.294  13.064 0.6666666865
77692  -25.050  -0.649  12.750 0.6666666865
77693  -25.551  -0.471  12.950 0.6666666865
76701  -25.948  -1.182  13.275 0.6666666865
77681  -27.490  -0.394  14.218 0.6666666865
78631  -30.893  0.855  14.503 0.6666666865
78641  -31.680  0.948  13.941 0.5555555820
78624  -23.155  0.423  14.150 0.4444444478
78639  -25.399  0.212  13.018 0.6666666865
78626  -26.006  0.383  12.845 0.6666666865
77680  -26.579  -0.473  13.652 0.6666666865
78640  -25.714  -0.072  12.903 0.6666666865
78630  -29.926  0.852  14.932 0.6666666865
63852  -22.504  -14.849  15.938 0.8888888955
63851  -21.830  -14.505  16.504 1.0000000000
63858  -22.242  -14.183  15.793 1.0000000000
64857  -22.714  -13.659  14.725 1.0000000000
71042  -21.098  -7.727  15.035 0.5555555820
72860  -20.485  -5.617  14.659 0.5555555820
74793  -20.315  -3.860  14.537 0.5555555820
72875  -22.159  -5.471  13.077 0.7777777910
72862  -28.412  -5.115  14.365 0.8888888955
75767  -25.546  -2.523  12.860 0.7777777910
78638  -24.716  0.093  13.249 0.6666666865
79591  -25.020  0.760  13.185 0.6666666865
71041  -20.438  -7.574  15.624 0.4444444478
78653  -31.961  0.734  12.096 0.5555555820
77716  -31.970  -0.323  11.701 0.5555555820
78622  -21.652  0.177  15.330 0.2222222239
60086  -21.765  -18.237  17.929 0.5555555820
60107  -22.556  -18.364  17.101 0.5555555820
61959  -23.213  -16.710  16.145 0.5555555820
61997  -24.770  -16.224  14.545 0.7777777910
61960  -23.996  -16.715  15.857 0.6666666865
62886  -23.974  -16.190  15.652 0.6666666865
61996  -24.085  -16.011  14.801 0.8888888955
62932  -25.786  -15.123  13.696 0.7777777910
63898  -26.020  -14.306  13.371 0.7777777910
64893  -26.212  -13.463  12.844 0.8888888955
61924  -20.405  -16.818  19.186 0.4444444478
62849  -20.338  -15.439  19.053 0.5555555820
64904  -26.395  -12.999  12.657 1.0000000000
63809  -20.367  -14.496  18.522 0.2222222239
63850  -21.098  -14.123  17.076 0.6666666865
67101  -26.955  -11.698  12.939 0.8888888955
67102  -27.690  -11.358  12.627 0.6666666865
68196  -28.181  -10.460  12.473 0.7777777910
68197  -29.151  -10.387  12.127 0.6666666865
65859  -20.450  -12.563  17.450 0.5555555820
67026  -20.508  -11.185  16.717 0.4444444478
69240  -30.187  -9.777  11.346 0.5555555820
70194  -31.624  -8.859  11.298 0.5555555820
69181  -20.211  -9.487  17.069 0.2222222239
71093  -31.665  -8.008  12.199 0.5555555820
72016  -32.090  -7.096  11.976 0.5555555820
71027  -19.719  -6.801  16.491 0.3333333433
72024  -32.750  -6.948  10.705 0.5555555820
72859  -20.083  -5.014  14.966 0.4444444478
72911  -32.125  -6.047  10.627 0.4444444478
73766  -19.460  -4.569  15.942 0.3333333433
74838  -32.337  -4.509  11.369 0.5555555820
74837  -32.278  -3.851  11.473 0.4444444478
76698  -20.859  -1.249  14.912 0.3333333433
76712  -21.212  -1.532  14.298 0.3333333433
75751  -21.031  -2.378  14.204 0.4444444478
75778  -31.987  -2.580  11.959 0.4444444478
76748  -31.805  -1.433  11.233 0.4444444478
77724  -31.441  -0.228  10.611 0.2222222239
78623  -22.428  0.293  14.762 0.3333333433
79590  -24.415  0.775  13.443 0.6666666865
78625  -25.547  0.674  12.906 0.6666666865
78627  -26.802  0.520  13.576 0.6666666865
78628  -27.666  0.626  14.277 0.6666666865
79582  -29.020  1.797  14.592 0.6666666865
79583  -30.244  1.751  14.519 0.6666666865
79584  -30.972  1.449  14.105 0.6666666865
79594  -31.296  1.770  13.605 0.6666666865
80608  -31.909  1.817  12.687 0.4444444478
78665  -31.941  0.748  11.132 0.3333333433
61032  -21.572  -17.327  17.511 0.5555555820
61034  -22.960  -17.707  16.290 0.6666666865
62893  -22.964  -15.377  15.716 0.8888888955
63878  -23.205  -14.221  14.726 1.0000000000
63896  -24.313  -14.507  13.738 1.0000000000
62930  -24.244  -15.220  14.090 0.8888888955
62011  -24.357  -15.655  14.503 0.8888888955
61020  -21.329  -17.622  18.102 0.5555555820
61004  -20.836  -17.686  18.731 0.4444444478
61950  -20.538  -16.290  18.536 0.5555555820
62874  -20.652  -15.501  18.213 0.6666666865
62875  -21.183  -15.646  17.508 0.6666666865
62915  -23.894  -15.321  14.615 0.8888888955
63879  -23.731  -14.497  14.315 1.0000000000
64873  -23.812  -13.676  13.974 1.0000000000
65929  -25.562  -12.840  13.124 1.0000000000
64845  -21.255  -13.323  16.737 0.8888888955
65908  -23.429  -13.120  14.171 1.0000000000
65928  -24.866  -12.631  13.483 1.0000000000
65906  -22.100  -12.057  14.546 1.0000000000
67072  -22.320  -11.487  14.216 1.0000000000
65943  -25.252  -12.262  13.035 1.0000000000
65945  -26.619  -12.485  12.773 0.8888888955
67098  -23.999  -11.041  13.086 1.0000000000
67118  -27.101  -11.275  12.733 0.8888888955
68211  -27.033  -10.977  12.602 0.7777777910
67054  -21.366  -11.428  15.726 1.0000000000
65878  -20.440  -12.325  16.858 0.6666666865
65877  -20.066  -11.771  17.000 0.5555555820
68179  -22.479  -10.556  13.897 1.0000000000
68191  -23.594  -10.253  12.979 1.0000000000
68133  -20.507  -10.311  16.548 0.5555555820
67053  -20.911  -11.041  16.221 0.5555555820
69204  -20.456  -9.640  16.032 0.6666666865
69205  -21.034  -9.585  15.350 0.6666666865
68173  -21.473  -10.504  15.174 0.7777777910
69217  -21.597  -9.585  14.655 0.7777777910
70171  -21.623  -8.616  14.397 0.6666666865
70177  -22.013  -8.516  13.795 0.8888888955
68174  -21.972  -10.572  14.509 0.8888888955
69232  -22.983  -9.508  12.890 0.8888888955
71091  -30.121  -8.607  12.950 0.6666666865
71092  -30.877  -8.305  12.527 0.6666666865
70156  -20.709  -8.614  15.522 0.5555555820
70138  -20.152  -8.444  16.682 0.3333333433
69203  -20.230  -9.173  16.495 0.3333333433
71059  -21.485  -7.585  14.185 0.6666666865
72013  -25.489  -6.547  13.308 1.0000000000
72002  -30.391  -6.727  14.047 0.7777777910
71974  -19.975  -6.667  15.580 0.4444444478
72010  -22.890  -6.109  12.777 0.8888888955
72896  -25.813  -5.515  13.465 0.8888888955
72879  -28.795  -5.694  14.244 0.7777777910
72881  -31.158  -5.716  14.004 0.6666666865
73823  -32.308  -5.623  11.901 0.5555555820
72899  -32.189  -6.308  11.463 0.5555555820
72893  -23.068  -5.431  13.093 0.8888888955
72877  -27.306  -5.418  13.595 0.8888888955
72864  -29.576  -4.711  14.447 0.8888888955
74814  -27.783  -3.749  14.286 0.8888888955
73830  -32.450  -4.603  11.647 0.5555555820
73781  -20.405  -4.387  14.595 0.5555555820
73800  -21.673  -4.463  13.696 0.5555555820
73817  -23.125  -4.368  13.167 0.7777777910
74827  -24.371  -3.481  13.072 0.7777777910
75752  -21.924  -2.521  13.517 0.5555555820
76725  -22.480  -1.990  13.383 0.4444444478
75764  -23.501  -2.520  12.975 0.6666666865
74825  -22.925  -3.464  13.032 0.7777777910
73799  -20.991  -4.116  14.116 0.7777777910
74810  -21.358  -3.402  13.820 0.6666666865
75776  -25.260  -2.229  12.687 0.7777777910
74826  -23.649  -3.468  13.028 0.7777777910
75741  -28.999  -2.337  15.078 0.6666666865
75740  -27.941  -2.348  14.580 0.6666666865
76705  -29.348  -1.251  15.024 0.6666666865
75756  -31.332  -2.306  14.337 0.5555555820
75755  -30.690  -2.728  14.606 0.5555555820
76741  -32.211  -1.415  12.426 0.4444444478
76713  -22.020  -1.467  13.691 0.4444444478
77699  -24.620  -1.069  12.756 0.6666666865
76715  -25.308  -1.379  12.684 0.7777777910
77683  -29.622  -0.185  15.158 0.6666666865
77694  -31.459  0.139  14.382 0.6666666865
77690  -23.408  -0.150  13.832 0.5555555820
78629  -28.703  0.767  14.876 0.6666666865
72849  -20.134  -6.165  15.151 0.4444444478
74808  -20.267  -3.336  14.587 0.3333333433
71028  -19.981  -7.361  16.305 0.4444444478
79602  -32.131  1.587  11.309 0.3333333433
61021  -21.838  -17.940  17.588 0.5555555820
62916  -25.189  -15.834  14.277 0.6666666865
60077  -21.653  -18.595  18.624 0.5555555820
61003  -20.605  -17.772  19.233 0.3333333433
67103  -28.719  -11.178  12.307 0.6666666865
69182  -20.358  -9.802  16.640 0.3333333433
68116  -20.181  -10.462  17.579 0.1111111119
71959  -19.666  -6.429  16.181 0.3333333433
72848  -19.755  -5.584  15.488 0.3333333433
79593  -30.698  1.993  14.037 0.6666666865
80597  -31.450  2.435  13.190 0.4444444478
60110  -24.810  -18.615  16.289 0.4444444478
59089  -26.632  -18.758  17.758 0.2222222239
60088  -23.101  -18.988  17.255 0.4444444478
60108  -23.025  -18.599  16.842 0.4444444478
60109  -23.759  -18.487  16.182 0.4444444478
60111  -25.694  -18.315  15.931 0.4444444478
61036  -26.351  -18.025  15.909 0.2222222239
61035  -23.760  -17.590  15.898 0.4444444478
61049  -24.451  -17.578  15.466 0.4444444478
60130  -24.868  -18.370  15.277 0.4444444478
61961  -27.774  -17.266  16.010 0.1111111119
61050  -24.981  -17.803  14.706 0.4444444478
61052  -26.635  -17.173  15.487 0.3333333433
61051  -25.945  -17.624  15.398 0.3333333433
61975  -26.194  -16.822  15.007 0.3333333433
61976  -27.299  -16.542  15.385 0.2222222239
61974  -25.326  -16.949  14.858 0.4444444478
61973  -24.415  -16.644  15.191 0.4444444478
62000  -27.053  -16.039  14.304 0.2222222239
62919  -27.576  -15.490  14.623 0.1111111119
63861  -28.842  -14.580  15.309 0.1111111119
62013  -26.719  -15.845  13.872 0.3333333433
62014  -27.088  -15.581  13.891 0.3333333433
62933  -26.588  -15.135  13.580 0.4444444478
63899  -26.815  -14.215  12.916 0.5555555820
63911  -27.233  -14.048  12.548 0.6666666865
63901  -28.180  -13.679  13.345 0.4444444478
64905  -26.871  -13.466  12.547 0.6666666865
65933  -29.887  -11.773  13.241 0.3333333433
65946  -27.580  -12.670  12.894 0.6666666865
65932  -29.141  -12.205  12.784 0.5555555820
65948  -29.121  -11.595  12.406 0.5555555820
67085  -29.709  -11.471  12.523 0.5555555820
67105  -30.187  -10.966  12.120 0.3333333433
65947  -28.462  -12.022  12.561 0.5555555820
68198  -29.851  -10.513  11.490 0.4444444478
69241  -30.918  -9.697  11.461 0.4444444478
79579  -26.208  1.414  13.146 0.5555555820
79580  -26.945  1.505  13.662 0.5555555820
79581  -27.821  1.705  14.275 0.5555555820
80595  -30.040  2.979  14.158 0.5555555820
59087  -24.610  -19.562  16.984 0.4444444478
60090  -26.117  -18.377  16.910 0.2222222239
61033  -22.216  -17.789  16.979 0.4444444478
62896  -27.984  -15.992  15.284 0.2222222239
62934  -27.252  -14.922  13.637 0.4444444478
63880  -27.687  -14.634  14.118 0.3333333433
64895  -27.870  -13.421  12.916 0.6666666865
64896  -28.200  -13.253  13.243 0.4444444478
68199  -30.819  -10.522  11.943 0.3333333433
70199  -32.137  -8.823  10.760 0.4444444478
80582  -27.111  2.459  13.366 0.5555555820
80581  -26.348  2.282  13.085 0.5555555820
64874  -28.630  -13.085  13.840 0.2222222239
80585  -30.277  2.434  14.258 0.5555555820
58069  -23.749  -20.336  18.188 0.4444444478
58084  -23.943  -20.010  17.666 0.4444444478
58085  -24.381  -19.837  17.514 0.4444444478
59076  -26.186  -19.392  18.263 0.2222222239
59077  -27.325  -19.532  18.333 0.1111111119
60078  -22.357  -19.170  18.090 0.4444444478
59073  -22.941  -19.724  17.746 0.4444444478
61022  -27.315  -17.823  16.806 0.1111111119
61038  -28.153  -17.478  16.695 0.1111111119
59090  -27.797  -18.979  17.846 0.1111111119
61962  -28.345  -16.965  16.193 0.1111111119
61977  -28.455  -16.303  15.849 0.1111111119
62898  -29.670  -15.366  15.819 0.1111111119
64858  -29.144  -13.665  15.020 0.1111111119
64875  -29.651  -12.806  14.672 0.2222222239
65910  -29.310  -12.345  13.681 0.2222222239
68180  -31.222  -10.768  12.417 0.2222222239
68200  -31.676  -9.955  11.997 0.2222222239
70205  -32.549  -8.753  10.006 0.3333333433
71094  -32.187  -8.011  11.458 0.4444444478
71104  -32.546  -7.889  10.706 0.3333333433
75750  -20.317  -2.910  14.604 0.4444444478
73831  -32.308  -5.171  11.361 0.4444444478
75785  -31.651  -2.622  10.724 0.3333333433
81574  -31.454  3.018  12.813 0.5555555820
79578  -25.364  1.289  12.970 0.5555555820
80583  -28.065  2.861  13.860 0.5555555820
81562  -29.471  3.503  14.186 0.5555555820
80580  -25.501  2.402  13.167 0.5555555820
60087  -22.482  -18.651  17.573 0.4444444478
62917  -25.706  -15.833  13.982 0.6666666865
67104  -29.508  -10.983  12.175 0.5555555820
72017  -32.473  -7.223  11.322 0.4444444478
61998  -25.591  -16.484  14.318 0.3333333433
59105  -24.791  -19.163  16.664 0.4444444478
60089  -25.534  -18.602  16.578 0.4444444478
59088  -25.469  -18.988  17.187 0.3333333433
60091  -27.147  -18.118  17.136 0.1111111119
59085  -23.065  -19.240  17.416 0.4444444478
59103  -23.642  -18.998  16.605 0.4444444478
59086  -23.556  -19.624  16.992 0.4444444478
59104  -24.188  -19.188  16.493 0.4444444478
60129  -24.280  -18.208  15.729 0.4444444478
60131  -25.367  -18.194  15.116 0.4444444478
60112  -26.490  -18.115  16.402 0.2222222239
61037  -27.108  -17.659  16.173 0.1111111119
61999  -26.434  -16.325  14.237 0.3333333433
62920  -28.126  -14.822  14.781 0.1111111119
62897  -28.499  -15.474  15.511 0.1111111119
63881  -28.297  -14.086  14.192 0.1111111119
62918  -26.267  -15.734  13.783 0.3333333433
63900  -27.645  -14.175  13.155 0.4444444478
65909  -28.892  -12.681  13.202 0.3333333433
65934  -30.785  -11.680  13.506 0.1111111119
65931  -28.320  -12.760  13.092 0.5555555820
67086  -30.429  -11.382  12.676 0.3333333433
69242  -31.259  -9.648  11.123 0.4444444478
80584  -29.415  2.714  14.373 0.5555555820
59074  -23.524  -19.928  17.609 0.4444444478
59075  -25.185  -19.654  17.824 0.4444444478
59072  -22.305  -19.679  18.434 0.4444444478
61023  -27.687  -17.771  16.989 0.1111111119
52549  -25.779  -25.452  22.019 0.1111111119
54604  -23.035  -23.677  20.171 0.3333333433
54583  -24.477  -24.122  21.220 0.2222222239
53543  -24.931  -24.510  21.739 0.2222222239
53544  -25.841  -24.613  21.664 0.1111111119
56893  -21.327  -21.605  20.177 0.3333333433
54617  -21.768  -23.206  19.924 0.3333333433
54603  -22.245  -23.856  20.020 0.3333333433
54620  -23.967  -23.080  19.812 0.3333333433
54605  -24.069  -23.608  20.612 0.2222222239
55766  -24.616  -23.226  20.111 0.2222222239
54584  -25.053  -24.000  21.281 0.2222222239
54585  -25.889  -23.856  21.407 0.1111111119
54606  -25.156  -23.453  20.800 0.2222222239
58043  -21.402  -20.670  19.943 0.2222222239
55772  -21.775  -22.487  19.722 0.3333333433
54618  -22.377  -23.226  19.653 0.3333333433
54619  -23.226  -23.120  19.797 0.3333333433
55767  -25.315  -22.952  20.241 0.1111111119
59045  -21.410  -19.963  19.631 0.2222222239
58055  -21.970  -20.681  19.260 0.3333333433
58067  -22.301  -20.294  18.802 0.3333333433
58056  -22.559  -20.929  18.784 0.3333333433
56902  -21.865  -21.615  19.515 0.3333333433
56918  -23.034  -21.334  18.608 0.3333333433
56904  -23.635  -21.824  19.104 0.3333333433
56905  -24.556  -21.764  19.169 0.3333333433
55776  -25.372  -22.300  19.775 0.1111111119
56906  -25.508  -21.631  19.311 0.2222222239
60057  -20.931  -18.516  19.531 0.2222222239
59060  -21.283  -19.298  19.609 0.2222222239
60058  -21.494  -18.946  19.321 0.3333333433
56919  -23.742  -21.170  18.621 0.3333333433
60039  -20.561  -18.416  20.228 0.3333333433
58068  -22.886  -20.553  18.349 0.3333333433
58070  -24.751  -20.214  18.257 0.3333333433
68212  -31.977  -10.154  11.256 0.2222222239
69249  -31.690  -9.623  10.742 0.2222222239
68221  -32.170  -10.299  10.549 0.2222222239
72031  -32.547  -6.861  9.780 0.3333333433
54607  -26.026  -23.207  21.013 0.1111111119
59044  -20.860  -19.538  20.193 0.3333333433
55774  -23.411  -22.454  19.468 0.3333333433
55775  -24.420  -22.549  19.623 0.3333333433
52548  -24.591  -25.065  22.111 0.1111111119
52536  -25.798  -25.992  22.206 0.1111111119
54602  -21.533  -23.582  20.473 0.3333333433
53559  -22.153  -24.304  20.569 0.3333333433
53560  -22.912  -24.154  20.604 0.3333333433
53542  -23.848  -24.357  21.271 0.3333333433
51572  -26.195  -26.137  22.126 0.1111111119
55765  -21.276  -22.545  20.431 0.3333333433
53545  -26.716  -24.524  21.527 0.1111111119
58042  -20.844  -20.714  20.569 0.2222222239
54586  -26.600  -23.772  21.298 0.1111111119
55768  -26.171  -22.709  20.424 0.1111111119
55777  -26.306  -22.205  19.863 0.1111111119
56907  -26.507  -21.548  19.506 0.1111111119
56921  -25.685  -20.934  18.859 0.1111111119
58071  -25.921  -20.218  18.476 0.1111111119
60982  -20.415  -17.666  19.774 0.1111111119
69256  -32.094  -9.637  10.154 0.2222222239
72924  -31.820  -5.840  9.701 0.2222222239
64825  -20.850  -13.281  17.511 0.5555555820
60076  -21.018  -18.084  19.077 0.3333333433
70213  -33.244  -8.759  9.271 0.2222222239
53561  -23.468  -23.993  20.608 0.3333333433
55773  -22.535  -22.464  19.440 0.3333333433
59061  -21.768  -19.631  19.110 0.3333333433
56903  -22.655  -21.669  19.063 0.3333333433
56920  -24.659  -21.004  18.726 0.3333333433
52534  -24.207  -25.737  22.314 0.1111111119
53558  -21.539  -24.209  20.825 0.2222222239
53540  -22.002  -24.778  21.026 0.3333333433
53541  -22.840  -24.593  21.206 0.3333333433
52547  -23.594  -25.098  21.750 0.3333333433
56892  -20.687  -21.652  20.728 0.2222222239
55764  -20.657  -22.355  20.961 0.2222222239
68231  -32.380  -10.286  9.865 0.1111111119
68242  -33.684  -10.362  8.718 0.1111111119
68232  -33.217  -10.359  9.474 0.1111111119
69265  -33.258  -9.777  8.830 0.1111111119
69273  -33.560  -9.970  7.788 0.1111111119
71113  -33.097  -7.772  9.935 0.1111111119
70232  -33.074  -9.416  7.296 0.1111111119
71122  -33.028  -7.880  8.869 0.1111111119
70224  -32.962  -8.912  7.734 0.1111111119
74845  -31.811  -3.838  10.230 0.2222222239
71130  -32.448  -8.181  7.866 0.1111111119
74844  -30.949  -3.506  9.781 0.1111111119
75792  -31.123  -2.293  9.969 0.1111111119
74853  -31.165  -4.108  9.602 0.1111111119
75791  -30.544  -2.708  9.474 0.1111111119
76756  -31.369  -1.443  10.169 0.1111111119
80578  -23.961  2.225  14.233 0.4444444478
79577  -24.542  1.429  13.516 0.4444444478
77723  -30.711  -0.479  9.530 0.1111111119
81586  -31.603  3.087  12.120 0.3333333433
80615  -31.827  2.257  11.510 0.2222222239
79608  -31.900  1.400  10.660 0.1111111119
78678  -30.381  0.593  9.387 0.1111111119
80592  -26.491  2.952  12.509 0.4444444478
80606  -26.601  3.865  12.601 0.4444444478
80594  -27.628  3.479  13.366 0.4444444478
81571  -28.034  3.762  13.517 0.4444444478
82486  -28.990  4.006  14.146 0.4444444478
82498  -30.007  4.523  13.439 0.4444444478
82513  -30.441  4.754  12.832 0.4444444478
82499  -30.784  4.260  12.992 0.2222222239
81594  -31.233  3.806  11.952 0.2222222239
81595  -31.561  3.298  11.216 0.2222222239
81602  -31.331  3.110  10.331 0.2222222239
80631  -31.149  2.293  9.874 0.2222222239
85805  -29.877  8.188  8.675 0.1111111119
83431  -29.874  5.829  8.211 0.1111111119
80638  -29.835  2.427  8.464 0.1111111119
81558  -24.252  2.961  14.389 0.4444444478
81559  -24.794  3.347  13.952 0.4444444478
80579  -24.753  2.286  13.645 0.4444444478
81560  -25.320  3.265  13.243 0.3333333433
80604  -25.903  3.479  12.399 0.4444444478
82511  -27.419  4.711  12.712 0.4444444478
82512  -27.949  5.017  12.736 0.4444444478
82497  -28.547  4.518  13.436 0.4444444478
83395  -30.036  5.366  12.889 0.4444444478
83408  -27.447  5.529  12.701 0.3333333433
84246  -30.435  5.904  12.366 0.3333333433
83416  -30.663  5.444  11.163 0.1111111119
83422  -30.653  5.479  10.178 0.1111111119
82530  -31.400  3.857  9.892 0.2222222239
82536  -30.869  4.470  9.315 0.1111111119
82542  -30.382  4.980  8.421 0.1111111119
81582  -25.744  4.165  12.554 0.3333333433
83394  -29.186  5.455  13.208 0.4444444478
84258  -28.668  6.350  12.736 0.2222222239
84259  -29.570  6.579  12.490 0.2222222239
84260  -30.330  6.347  11.934 0.2222222239
84266  -30.269  6.312  10.857 0.1111111119
85068  -28.810  7.057  12.186 0.1111111119
85069  -29.603  6.998  11.951 0.1111111119
85081  -29.941  7.115  11.369 0.1111111119
84277  -30.342  6.442  9.196 0.1111111119
85080  -29.082  7.602  11.650 0.1111111119
85089  -30.271  7.350  10.550 0.1111111119
85092  -30.508  7.228  9.660 0.1111111119
81569  -25.337  3.834  12.903 0.3333333433
82494  -24.921  4.384  13.505 0.3333333433
82495  -25.196  4.817  13.098 0.3333333433
82510  -26.465  4.892  12.505 0.3333333433
84257  -27.458  6.293  12.681 0.2222222239
85079  -28.388  7.776  12.176 0.1111111119
85785  -28.997  8.330  11.217 0.1111111119
85801  -30.214  7.782  9.294 0.1111111119
87237  -29.138  9.812  8.916 0.1111111119
83369  -25.358  4.567  16.333 0.1111111119
82478  -25.837  4.784  14.947 0.1111111119
83380  -25.427  5.543  13.737 0.2222222239
83391  -25.626  5.336  13.202 0.3333333433
84241  -25.826  6.221  13.513 0.2222222239
83407  -26.738  5.624  12.828 0.3333333433
84255  -26.212  6.420  13.004 0.3333333433
85065  -25.847  7.130  12.264 0.1111111119
85769  -25.978  7.679  11.756 0.1111111119
85770  -26.754  8.238  11.955 0.1111111119
86437  -27.307  8.649  11.902 0.1111111119
86452  -29.129  8.965  10.962 0.1111111119
86463  -28.767  9.556  10.781 0.1111111119
85800  -29.717  8.408  9.685 0.1111111119
85810  -29.429  8.275  7.723 0.1111111119
85099  -29.210  7.373  7.157 0.1111111119
82479  -26.493  4.866  14.913 0.1111111119
83376  -26.472  5.135  15.328 0.1111111119
83381  -25.783  5.547  14.537 0.1111111119
84230  -26.192  6.178  14.767 0.1111111119
85055  -25.583  7.062  13.893 0.1111111119
85077  -25.370  7.737  12.322 0.1111111119
86448  -25.414  8.967  12.286 0.1111111119
85783  -26.276  8.861  11.661 0.1111111119
86449  -25.931  9.536  11.976 0.1111111119
86450  -26.992  9.276  11.653 0.1111111119
84221  -26.617  6.113  15.615 0.1111111119
85042  -26.400  7.100  15.043 0.1111111119
85745  -25.758  7.496  14.405 0.1111111119
85758  -25.320  8.010  13.861 0.1111111119
86424  -25.364  8.747  13.367 0.1111111119
86435  -25.157  8.983  12.788 0.1111111119
85037  -27.255  7.021  15.508 0.1111111119
85746  -26.246  8.266  14.563 0.1111111119
69264  -32.642  -9.679  9.530 0.1111111119
72040  -32.193  -6.697  8.639 0.1111111119
72937  -31.392  -6.041  9.038 0.1111111119
81573  -30.975  3.527  13.381 0.4444444478
81585  -31.156  3.707  12.621 0.3333333433
80624  -31.877  2.244  10.598 0.1111111119
79615  -30.755  1.454  9.588 0.1111111119
80593  -27.140  3.378  12.821 0.4444444478
82537  -31.118  3.708  9.399 0.2222222239
83427  -30.520  5.601  9.281 0.1111111119
81617  -30.130  4.559  8.052 0.1111111119
85096  -30.218  7.118  9.004 0.1111111119
85041  -25.875  6.849  14.412 0.1111111119
85043  -27.389  7.713  14.891 0.1111111119
69275  -35.661  -10.148  7.841 0.1111111119
68243  -34.509  -10.494  8.487 0.1111111119
76755  -30.768  -1.645  9.472 0.1111111119
82496  -27.819  4.248  13.240 0.4444444478
84244  -29.600  6.108  13.066 0.2222222239
83370  -26.256  5.398  16.615 0.1111111119
84213  -26.910  5.861  16.319 0.1111111119
84222  -27.082  6.445  15.930 0.1111111119
68244  -35.707  -10.515  8.314 0.1111111119
68222  -33.017  -10.509  10.354 0.1111111119
68233  -34.265  -10.645  9.229 0.1111111119
68253  -36.745  -9.924  7.659 0.1111111119
69297  -35.464  -9.321  6.557 0.1111111119
69283  -33.465  -9.454  6.824 0.1111111119
69295  -33.763  -8.788  6.389 0.1111111119
70231  -32.651  -8.838  7.090 0.1111111119
72049  -31.489  -6.318  7.950 0.1111111119
72050  -31.811  -7.157  7.575 0.1111111119
71139  -32.055  -7.739  6.915 0.1111111119
72936  -31.150  -5.498  8.434 0.1111111119
73846  -30.603  -4.611  8.270 0.1111111119
74862  -30.009  -3.882  7.906 0.1111111119
76765  -30.019  -1.790  9.018 0.1111111119
78691  -29.754  0.549  8.811 0.1111111119
77733  -29.791  -0.642  8.793 0.1111111119
79632  -28.867  1.592  7.801 0.1111111119
80648  -29.289  2.729  7.712 0.1111111119
81549  -23.481  3.076  15.204 0.2222222239
81550  -24.199  3.803  15.030 0.2222222239
82476  -24.491  4.066  14.527 0.2222222239
82546  -28.882  4.819  7.478 0.1111111119
82472  -24.018  4.117  16.543 0.1111111119
82483  -25.244  4.895  14.213 0.2222222239
84286  -29.257  6.535  7.486 0.1111111119
85105  -28.445  7.412  6.736 0.1111111119
83368  -24.627  4.281  16.589 0.1111111119
83361  -24.322  4.492  17.362 0.1111111119
86483  -29.265  9.348  7.302 0.1111111119
83363  -26.179  5.725  17.883 0.1111111119
83371  -27.027  5.498  17.005 0.1111111119
87212  -27.568  10.010  11.017 0.1111111119
87236  -28.515  10.564  9.484 0.1111111119
87244  -28.316  10.745  8.256 0.1111111119
84223  -27.752  6.640  15.903 0.1111111119
86425  -25.602  9.687  13.447 0.1111111119
86436  -25.445  9.818  12.701 0.1111111119
73839  -31.915  -5.005  10.466 0.1111111119
78680  -31.525  0.789  10.502 0.1111111119
81572  -30.182  3.587  13.938 0.4444444478
75784  -31.115  -3.007  10.128 0.2222222239
80591  -25.729  2.933  12.601 0.4444444478
70214  -33.277  -8.938  8.421 0.1111111119
69284  -34.561  -9.878  6.958 0.1111111119
69282  -33.096  -8.877  6.550 0.1111111119
73838  -31.556  -4.774  9.718 0.1111111119
74852  -30.405  -3.831  9.117 0.1111111119
73847  -31.062  -4.674  9.074 0.1111111119
77734  -30.347  -1.140  9.167 0.1111111119
77722  -30.112  0.009  9.184 0.1111111119
83411  -30.674  5.382  12.083 0.2222222239
82521  -31.030  4.415  11.416 0.2222222239
82529  -31.047  4.616  10.429 0.1111111119
81605  -31.004  3.114  9.620 0.2222222239
80630  -30.532  2.376  9.089 0.1111111119
85095  -29.994  7.202  8.469 0.1111111119
82547  -29.855  5.038  7.937 0.1111111119
84281  -30.076  6.480  8.576 0.1111111119
84280  -29.735  6.512  8.026 0.1111111119
83438  -29.372  5.746  7.761 0.1111111119
79633  -29.451  2.050  8.063 0.1111111119
79624  -29.611  1.538  8.464 0.1111111119
80639  -30.317  3.068  8.598 0.2222222239
83409  -28.242  5.499  12.771 0.3333333433
81609  -30.464  3.933  8.306 0.2222222239
82509  -25.769  4.885  12.625 0.3333333433
85796  -29.616  8.267  10.542 0.1111111119
81568  -24.908  3.815  13.484 0.3333333433
82482  -24.697  4.256  14.116 0.1111111119
84256  -26.639  6.421  12.799 0.2222222239
85067  -27.783  7.365  12.458 0.1111111119
85771  -27.750  8.289  12.220 0.1111111119
85784  -28.418  8.378  11.841 0.1111111119
86464  -29.200  9.025  10.241 0.1111111119
86472  -29.343  9.330  9.388 0.1111111119
86471  -28.878  9.766  10.114 0.1111111119
86478  -29.426  9.187  8.387 0.1111111119
82473  -24.739  3.961  16.059 0.1111111119
82484  -26.007  5.154  14.763 0.1111111119
83406  -26.142  5.487  13.063 0.3333333433
85066  -26.670  7.214  12.355 0.1111111119
85078  -25.429  7.794  11.841 0.1111111119
86451  -28.315  9.224  11.427 0.1111111119
87227  -28.303  10.176  10.531 0.1111111119
87213  -28.251  9.761  10.971 0.1111111119
83362  -25.082  5.287  17.658 0.1111111119
84229  -25.598  6.272  14.145 0.1111111119
85768  -25.267  8.183  12.889 0.1111111119
85064  -25.686  7.319  13.076 0.1111111119
85781  -25.158  8.325  12.162 0.1111111119
85782  -25.690  8.457  11.694 0.1111111119
85036  -26.773  6.694  15.534 0.1111111119
85759  -25.805  8.840  13.867 0.1111111119
68223  -34.037  -10.548  10.114 0.1111111119
69274  -34.923  -10.099  7.831 0.1111111119
72923  -31.381  -5.357  9.231 0.1111111119
79614  -30.114  1.421  9.083 0.1111111119
81616  -29.578  3.983  7.809 0.1111111119
81615  -28.488  3.592  7.192 0.1111111119
86413  -26.655  9.546  14.215 0.1111111119
69298  -36.313  -9.213  6.748 0.1111111119
79623  -29.145  0.826  8.287 0.1111111119
82554  -28.262  5.126  7.055 0.1111111119
82477  -24.905  4.386  15.140 0.1111111119
82462  -23.536  4.083  17.407 0.1111111119
83437  -28.641  5.771  7.410 0.1111111119
87211  -26.119  10.674  11.017 0.1111111119
87180  -25.632  10.934  13.023 0.1111111119
65858  -20.042  -12.102  17.451 0.2222222239
67025  -20.255  -11.261  17.309 0.2222222239
64824  -20.537  -12.817  17.966 0.3333333433
79576  -23.562  1.280  14.073 0.3333333433
79575  -22.588  1.041  14.661 0.2222222239
81548  -22.858  2.702  15.735 0.1111111119
80568  -23.198  2.185  14.957 0.2222222239
75737  -20.240  -2.093  14.959 0.2222222239
75736  -19.852  -3.017  14.892 0.1111111119
64803  -20.518  -13.707  18.118 0.2222222239
75722  -19.997  -2.817  15.743 0.1111111119
77675  -20.789  -0.664  15.566 0.1111111119
78609  -20.717  -0.091  15.879 0.1111111119
79562  -21.931  1.516  15.404 0.1111111119
81544  -22.474  2.541  16.514 0.1111111119
64802  -20.253  -13.437  18.648 0.2222222239
79574  -21.957  0.834  15.133 0.1111111119
70119  -20.165  -8.578  17.204 0.1111111119
71010  -19.977  -7.657  16.890 0.3333333433
79563  -22.738  1.658  14.908 0.3333333433
79561  -21.355  0.941  15.600 0.1111111119
80567  -22.492  2.127  15.628 0.1111111119
78610  -21.007  0.419  15.773 0.1111111119
79555  -20.976  0.869  16.036 0.1111111119
79556  -21.374  1.304  16.153 0.1111111119
80560  -22.014  1.847  16.323 0.1111111119
52545  -21.800  -25.410  21.345 0.1111111119
52546  -22.700  -25.241  21.517 0.1111111119
51571  -23.372  -25.725  21.912 0.1111111119
52544  -20.715  -25.466  21.528 0.1111111119
53539  -21.082  -24.583  21.206 0.1111111119
55751  -21.019  -22.972  20.940 0.1111111119
62833  -20.284  -15.715  19.898 0.1111111119
67009  -20.071  -11.405  17.841 0.1111111119
72832  -19.480  -5.639  16.605 0.2222222239
73752  -19.560  -4.503  16.745 0.2222222239
51570  -22.652  -26.032  21.701 0.1111111119
53538  -20.443  -24.606  21.740 0.1111111119
54581  -20.529  -23.837  21.654 0.1111111119
55750  -20.427  -22.808  21.588 0.1111111119
56880  -20.270  -21.786  21.386 0.1111111119
59032  -20.625  -19.938  21.097 0.1111111119
62821  -20.492  -15.441  20.584 0.1111111119
63784  -20.166  -14.671  20.073 0.1111111119
66986  -20.300  -11.601  18.319 0.1111111119
74763  -19.723  -3.623  16.360 0.1111111119
51569  -21.656  -26.222  21.620 0.1111111119
74780  -19.763  -3.687  15.441 0.1111111119
63808  -20.126  -14.420  19.188 0.1111111119
72831  -19.539  -6.308  16.967 0.2222222239
68132  -20.383  -10.424  17.017 0.1111111119
61903  -20.317  -16.825  20.017 0.1111111119
54582  -21.029  -23.659  21.116 0.1111111119
65838  -20.321  -12.295  18.169 0.1111111119
62848  -20.168  -14.964  19.662 0.1111111119
62832  -19.887  -14.998  19.940 0.1111111119
65821  -20.428  -12.595  18.862 0.1111111119
73741  -19.786  -5.055  17.230 0.1111111119
61893  -20.515  -16.377  20.659 0.1111111119
61883  -20.853  -15.797  21.184 0.1111111119
63797  -20.169  -14.569  19.633 0.1111111119
74751  -19.788  -3.643  17.355 0.1111111119
74744  -19.692  -3.172  17.625 0.1111111119
75738  -20.767  -1.768  14.542 0.1111111119
71944  -19.773  -6.953  17.100 0.1111111119
75723  -20.118  -1.926  15.962 0.1111111119
76697  -20.374  -1.264  15.604 0.1111111119
77676  -21.419  -0.619  15.216 0.1111111119
61972  -23.962  -16.173  15.086 0.6666666865
62012  -24.726  -15.604  14.300 0.8888888955
62895  -23.974  -16.187  15.333 0.6666666865
63912  -27.605  -13.901  12.598 0.6666666865
64872  -23.289  -13.616  14.415 1.0000000000
64894  -26.637  -13.758  12.647 0.8888888955
64906  -27.453  -13.594  12.579 0.6666666865
65930  -27.976  -12.913  13.102 0.5555555820
67084  -24.852  -12.054  13.119 1.0000000000
67106  -30.682  -11.059  12.285 0.2222222239
67116  -26.347  -11.016  12.415 1.0000000000
67117  -26.683  -11.177  12.580 0.8888888955
68159  -20.656  -10.523  16.265 0.5555555820
68252  -36.186  -10.201  7.839 0.1111111119
68254  -37.108  -9.602  7.587 0.1111111119
69285  -35.846  -9.698  7.385 0.1111111119
69286  -36.859  -9.360  7.170 0.1111111119
70184  -23.151  -8.625  12.685 0.8888888955
70223  -32.668  -8.653  7.534 0.1111111119
70243  -34.539  -8.391  6.104 0.1111111119
70245  -36.047  -8.731  6.407 0.1111111119
71071  -28.728  -7.426  13.519 0.8888888955
71123  -32.859  -8.523  8.234 0.1111111119
71131  -32.725  -8.555  7.985 0.1111111119
71943  -19.566  -6.671  16.920 0.1111111119
71958  -19.593  -6.468  16.673 0.2222222239
72039  -31.481  -6.185  8.570 0.1111111119
72060  -31.537  -7.298  7.101 0.1111111119
72816  -19.618  -6.524  17.114 0.1111111119
72863  -29.049  -4.940  14.486 0.8888888955
72878  -27.924  -5.524  14.145 0.8888888955
73783  -28.053  -4.912  14.303 0.8888888955
73804  -28.038  -4.066  14.387 0.8888888955
73805  -30.061  -4.344  14.461 0.8888888955
74792  -20.065  -3.683  14.730 0.3333333433
74796  -29.775  -3.269  15.000 0.6666666865
74809  -20.574  -3.506  14.375 0.3333333433
74812  -26.462  -3.536  13.525 0.8888888955
74846  -32.180  -4.455  10.968 0.5555555820
75749  -20.084  -3.218  14.695 0.3333333433
75777  -25.480  -2.153  12.704 0.7777777910
76702  -26.435  -1.513  13.489 0.6666666865
76739  -25.083  -2.081  12.664 0.7777777910
76740  -25.299  -1.972  12.646 0.7777777910
78621  -21.067  -0.125  15.567 0.1111111119
78642  -31.937  1.379  13.441 0.5555555820
78645  -24.248  -0.062  13.267 0.6666666865
78646  -24.496  -0.052  13.272 0.6666666865
78647  -32.288  0.937  13.149 0.5555555820
78648  -32.154  1.437  13.193 0.4444444478
78654  -31.975  1.128  11.511 0.3333333433
78666  -32.142  1.219  11.196 0.3333333433
78679  -31.036  0.593  9.945 0.1111111119
79592  -25.328  0.755  12.987 0.6666666865
79595  -31.895  1.788  13.214 0.4444444478
79597  -31.960  1.464  12.513 0.4444444478
79598  -32.214  1.639  12.961 0.4444444478
79601  -31.763  1.520  11.887 0.3333333433
79609  -32.278  1.445  10.958 0.3333333433
79616  -31.369  1.464  10.182 0.1111111119
80596  -30.692  2.655  13.767 0.5555555820
80598  -31.941  2.027  12.914 0.4444444478
80605  -26.348  3.669  12.477 0.4444444478
80607  -31.659  2.177  12.451 0.4444444478
80616  -32.472  1.974  10.976 0.3333333433
80625  -32.204  1.762  10.759 0.3333333433
80629  -29.976  1.950  8.823 0.1111111119
81561  -28.712  3.575  14.030 0.4444444478
81570  -27.417  3.968  13.129 0.4444444478
81583  -26.238  4.291  12.440 0.3333333433
81584  -26.840  4.179  12.678 0.4444444478
81604  -30.816  3.417  8.983 0.2222222239
81608  -29.843  3.241  8.244 0.2222222239
82485  -26.587  5.159  14.832 0.1111111119
82487  -29.450  4.110  13.991 0.4444444478
82514  -30.848  4.504  12.362 0.4444444478
82522  -31.358  3.881  10.654 0.2222222239
82541  -30.113  5.423  8.263 0.1111111119
82548  -30.153  4.867  8.109 0.1111111119
83375  -25.642  4.687  15.446 0.1111111119
83377  -26.775  5.142  15.076 0.1111111119
83382  -26.423  5.335  14.864 0.1111111119
83392  -26.799  5.954  13.027 0.3333333433
83393  -27.036  5.806  12.863 0.3333333433
83396  -30.429  5.616  12.566 0.3333333433
83410  -30.520  5.137  12.559 0.2222222239
83432  -30.233  5.797  8.641 0.1111111119
84242  -27.028  6.081  12.923 0.2222222239
84243  -27.254  5.919  12.822 0.2222222239
84245  -30.210  6.121  12.728 0.2222222239
84272  -30.691  6.452  9.978 0.1111111119
85088  -29.659  7.785  11.107 0.1111111119
85100  -29.678  7.339  7.853 0.1111111119
85797  -30.167  7.866  9.965 0.1111111119
85806  -30.144  7.589  8.839 0.1111111119
86438  -27.766  8.792  11.858 0.1111111119
