#!ascii label  , from subject 3818 vox2ras=TkReg
805
96113  42.807  28.201  52.823 0.0000000000
100405  46.165  35.253  58.493 0.0000000000
93897  47.248  24.115  52.633 0.0000000000
93338  39.996  23.541  53.301 0.0000000000
92217  43.353  22.473  51.808 0.0000000000
99276  43.972  33.308  51.675 0.0000000000
99149  41.906  32.781  60.328 0.0000000000
99230  41.489  33.113  54.454 0.0000000000
92187  47.022  21.453  55.454 0.0000000000
91567  43.888  20.106  51.074 0.0000000000
98599  44.482  32.614  56.153 0.0000000000
95511  47.366  27.745  51.608 0.0000000000
96695  48.124  29.401  56.500 0.0000000000
94373  45.723  25.754  58.405 0.0000000000
99906  40.947  35.302  50.001 0.0000000000
101066  45.975  36.329  52.710 0.0000000000
93377  46.501  23.092  47.354 0.0000000000
94958  41.510  26.328  52.850 0.0000000000
92792  42.201  22.642  52.760 0.0000000000
94419  43.553  25.355  52.337 0.0000000000
97378  42.237  30.887  53.281 0.0000000000
96115  40.528  28.590  52.423 0.0000000000
97946  39.606  31.464  58.735 0.0000000000
91521  49.330  20.760  56.607 0.0000000000
89340  47.069  18.150  55.058 0.0000000000
90078  50.045  17.846  54.954 0.0000000000
99955  43.847  33.798  46.748 0.0000000000
99823  46.514  34.699  56.765 0.0000000000
97971  46.896  31.642  56.498 0.0000000000
98567  47.252  32.846  58.549 0.0000000000
94922  44.161  26.752  58.044 0.0000000000
95443  46.111  27.626  59.350 0.0000000000
93825  45.075  25.328  60.159 0.0000000000
92726  45.754  22.547  58.503 0.0000000000
99826  44.130  35.150  56.700 0.0000000000
100463  43.657  35.070  53.568 0.0000000000
101031  45.563  36.364  55.759 0.0000000000
100453  46.106  35.406  54.737 0.0000000000
94951  48.583  26.959  51.974 0.0000000000
94463  47.374  25.274  49.297 0.0000000000
92813  48.485  23.203  49.920 0.0000000000
91570  41.195  20.512  51.229 0.0000000000
91594  41.526  21.089  49.184 0.0000000000
99299  46.215  33.352  49.729 0.0000000000
98694  43.078  32.463  48.809 0.0000000000
99787  43.381  34.219  59.586 0.0000000000
98569  46.012  32.477  58.761 0.0000000000
98008  35.996  31.520  54.974 0.0000000000
99243  38.583  33.134  53.254 0.0000000000
99198  41.708  33.483  57.815 0.0000000000
92764  45.973  22.922  54.387 0.0000000000
92214  46.513  21.517  52.286 0.0000000000
91533  45.520  20.296  53.649 0.0000000000
89361  45.078  17.516  52.765 0.0000000000
96742  43.835  30.225  54.523 0.0000000000
96111  45.010  28.125  52.517 0.0000000000
96747  46.177  29.215  53.847 0.0000000000
96737  48.228  29.097  53.889 0.0000000000
95492  47.690  27.797  54.302 0.0000000000
97293  47.280  30.129  59.235 0.0000000000
95466  46.865  27.401  57.496 0.0000000000
94943  45.612  26.101  55.008 0.0000000000
93304  45.381  23.418  56.047 0.0000000000
92184  47.919  21.641  57.308 0.0000000000
99316  40.784  33.988  47.343 0.0000000000
99925  43.387  35.124  48.512 0.0000000000
100479  43.764  35.533  51.365 0.0000000000
100486  46.281  35.033  50.195 0.0000000000
99859  45.862  34.866  52.542 0.0000000000
98626  44.173  33.107  53.945 0.0000000000
93918  45.369  24.804  51.017 0.0000000000
92817  44.961  23.011  49.657 0.0000000000
92838  42.903  22.414  46.757 0.0000000000
92244  45.732  21.368  49.355 0.0000000000
95504  42.220  27.373  52.697 0.0000000000
94420  42.322  25.367  52.612 0.0000000000
95503  43.345  27.298  52.544 0.0000000000
97376  42.241  30.217  53.372 0.0000000000
97379  41.671  30.487  52.862 0.0000000000
96114  41.700  28.515  52.843 0.0000000000
95505  41.107  27.528  52.638 0.0000000000
90815  50.610  19.719  57.018 0.0000000000
90068  49.547  18.951  56.167 0.0000000000
90071  50.506  18.119  55.567 0.0000000000
90869  39.483  19.737  48.593 0.0000000000
99817  46.617  34.424  57.564 0.0000000000
98585  47.038  33.254  57.379 0.0000000000
99182  47.041  33.616  58.888 0.0000000000
94906  43.791  26.244  58.934 0.0000000000
94894  44.792  26.605  59.650 0.0000000000
100428  44.895  35.749  57.872 0.0000000000
99825  44.622  35.592  56.208 0.0000000000
100427  45.861  36.069  57.662 0.0000000000
100438  46.514  35.581  56.344 0.0000000000
94409  47.367  25.735  52.674 0.0000000000
93925  48.416  24.206  50.500 0.0000000000
93343  48.140  23.717  51.392 0.0000000000
93319  39.435  23.326  53.438 0.0000000000
93318  40.200  22.947  53.363 0.0000000000
92791  43.112  22.842  52.445 0.0000000000
92219  41.884  21.647  52.374 0.0000000000
92232  42.491  21.557  51.836 0.0000000000
91581  41.757  20.821  50.359 0.0000000000
91580  42.405  21.270  50.581 0.0000000000
99292  44.981  33.614  50.495 0.0000000000
98684  44.643  32.779  49.217 0.0000000000
98678  43.334  32.925  50.147 0.0000000000
94422  40.330  25.150  52.793 0.0000000000
93885  38.936  23.954  53.327 0.0000000000
99168  42.848  33.579  59.820 0.0000000000
98556  43.388  32.939  59.573 0.0000000000
98557  42.868  32.529  59.962 0.0000000000
98559  40.812  32.456  59.881 0.0000000000
98574  40.597  32.460  58.526 0.0000000000
98558  41.260  32.921  59.353 0.0000000000
99183  42.486  33.829  59.211 0.0000000000
92763  46.466  22.165  54.847 0.0000000000
92197  46.278  21.316  53.428 0.0000000000
91525  46.791  20.622  55.243 0.0000000000
89352  47.661  17.325  53.739 0.0000000000
89346  45.877  18.104  54.164 0.0000000000
88616  46.437  16.878  52.419 0.0000000000
97990  43.969  31.557  55.490 0.0000000000
96741  44.467  29.983  54.583 0.0000000000
97356  45.154  30.888  55.586 0.0000000000
97353  47.406  30.231  56.052 0.0000000000
97368  47.407  30.056  55.302 0.0000000000
96732  48.473  29.378  54.879 0.0000000000
96095  48.372  28.605  54.515 0.0000000000
96093  48.175  28.365  55.524 0.0000000000
97941  45.705  31.521  58.392 0.0000000000
97940  46.548  31.565  58.585 0.0000000000
97310  46.197  30.468  58.859 0.0000000000
94362  46.274  26.242  58.936 0.0000000000
95451  46.898  27.864  58.436 0.0000000000
94920  46.404  26.875  57.677 0.0000000000
94938  46.376  26.811  56.080 0.0000000000
94400  45.417  25.738  56.223 0.0000000000
93876  45.219  24.410  55.722 0.0000000000
93873  45.066  24.231  56.646 0.0000000000
92725  46.361  21.802  58.778 0.0000000000
92745  46.654  21.863  58.069 0.0000000000
99927  40.626  34.667  48.981 0.0000000000
99943  42.535  34.496  47.946 0.0000000000
99926  41.996  35.292  49.043 0.0000000000
98650  39.876  32.867  53.759 0.0000000000
99259  40.129  33.725  52.657 0.0000000000
99853  41.373  34.093  53.193 0.0000000000
100462  44.799  35.873  53.075 0.0000000000
100471  43.643  35.424  52.359 0.0000000000
100470  44.598  35.723  52.042 0.0000000000
100488  44.837  35.829  50.441 0.0000000000
101071  45.692  35.727  52.093 0.0000000000
99887  46.432  34.754  50.769 0.0000000000
100468  46.184  35.615  52.477 0.0000000000
99217  44.853  33.698  55.563 0.0000000000
99227  44.742  33.864  54.608 0.0000000000
99218  44.164  33.291  55.428 0.0000000000
98006  43.345  31.551  54.958 0.0000000000
96110  46.160  28.133  52.428 0.0000000000
95513  45.084  26.876  51.687 0.0000000000
94965  46.242  26.530  51.530 0.0000000000
93940  46.922  23.917  48.259 0.0000000000
93935  46.159  24.243  49.307 0.0000000000
93368  45.380  23.195  48.169 0.0000000000
92828  43.786  23.032  48.283 0.0000000000
92836  44.339  23.095  46.912 0.0000000000
91565  45.078  20.831  51.449 0.0000000000
92237  45.888  21.252  50.450 0.0000000000
91591  44.458  20.452  49.675 0.0000000000
94421  41.247  25.279  52.885 0.0000000000
93337  40.590  23.534  53.206 0.0000000000
93900  41.926  24.432  52.756 0.0000000000
93899  42.956  24.494  52.534 0.0000000000
93334  43.605  23.694  52.196 0.0000000000
98667  42.484  32.237  52.459 0.0000000000
94948  40.649  26.117  53.156 0.0000000000
91522  48.278  20.811  56.422 0.0000000000
90821  47.656  19.634  55.830 0.0000000000
90820  48.489  19.219  56.019 0.0000000000
89344  48.479  17.609  54.714 0.0000000000
98598  45.577  32.818  56.444 0.0000000000
97972  46.074  32.024  56.328 0.0000000000
98597  46.720  32.823  56.788 0.0000000000
97970  47.516  31.635  56.916 0.0000000000
97323  47.500  30.536  57.830 0.0000000000
96059  44.862  28.151  58.245 0.0000000000
96058  45.457  28.541  58.639 0.0000000000
95453  45.168  27.458  58.809 0.0000000000
94893  45.641  26.565  59.743 0.0000000000
94363  45.830  25.792  59.465 0.0000000000
93846  45.315  24.695  58.866 0.0000000000
93834  45.142  24.841  59.763 0.0000000000
93269  44.949  23.642  59.627 0.0000000000
92711  45.486  22.414  59.092 0.0000000000
99890  39.848  34.659  50.654 0.0000000000
99219  42.322  33.713  56.050 0.0000000000
99844  42.720  33.931  54.321 0.0000000000
99834  43.775  34.881  55.588 0.0000000000
100454  44.835  35.747  54.263 0.0000000000
101054  46.036  36.439  54.377 0.0000000000
101059  46.181  36.178  53.893 0.0000000000
101053  46.311  36.262  54.857 0.0000000000
99824  46.120  34.551  56.177 0.0000000000
95509  48.190  27.887  51.438 0.0000000000
94438  47.012  25.900  50.915 0.0000000000
94437  48.048  26.131  50.644 0.0000000000
93933  47.966  24.580  49.102 0.0000000000
92824  47.611  22.920  48.184 0.0000000000
90106  43.114  18.439  50.519 0.0000000000
90868  43.294  19.336  49.906 0.0000000000
91553  39.529  20.491  52.378 0.0000000000
92793  41.021  22.460  53.106 0.0000000000
91552  40.580  20.583  52.156 0.0000000000
91571  40.183  20.204  51.187 0.0000000000
91583  39.807  20.145  49.971 0.0000000000
91595  40.598  20.601  48.908 0.0000000000
91607  41.688  20.898  47.945 0.0000000000
98691  46.088  32.545  48.532 0.0000000000
98700  44.072  32.204  47.889 0.0000000000
99802  44.470  34.804  58.948 0.0000000000
99165  45.850  33.990  59.436 0.0000000000
99166  44.782  33.835  59.446 0.0000000000
98570  44.797  32.380  58.454 0.0000000000
97959  44.352  31.138  57.739 0.0000000000
96698  44.510  29.545  57.559 0.0000000000
96073  43.231  28.333  57.053 0.0000000000
98652  37.424  32.815  53.334 0.0000000000
98631  38.374  32.627  54.110 0.0000000000
98612  40.051  32.905  55.007 0.0000000000
99209  41.636  33.309  56.778 0.0000000000
99208  42.550  33.786  57.191 0.0000000000
100430  43.531  34.946  58.410 0.0000000000
93316  46.772  23.715  53.229 0.0000000000
92788  47.372  22.678  52.504 0.0000000000
92789  46.909  21.976  52.725 0.0000000000
92215  45.652  20.913  52.862 0.0000000000
90850  44.475  19.503  52.479 0.0000000000
90076  45.565  19.050  54.838 0.0000000000
90086  44.933  18.783  53.725 0.0000000000
90096  44.193  18.679  52.217 0.0000000000
96104  43.304  28.947  53.181 0.0000000000
96112  43.880  28.135  52.716 0.0000000000
96103  44.393  28.950  53.087 0.0000000000
96102  45.561  28.735  53.115 0.0000000000
96101  46.723  28.626  53.090 0.0000000000
96734  46.391  30.123  55.174 0.0000000000
96746  47.267  29.250  53.639 0.0000000000
96108  47.965  28.668  52.606 0.0000000000
96107  48.202  28.446  52.731 0.0000000000
95496  47.983  27.501  53.256 0.0000000000
94945  47.267  26.691  53.679 0.0000000000
98568  46.963  32.572  58.988 0.0000000000
97939  47.183  31.593  58.364 0.0000000000
96681  47.545  29.531  58.141 0.0000000000
96044  46.593  28.588  58.888 0.0000000000
96056  47.447  28.532  58.186 0.0000000000
96070  48.095  28.741  57.237 0.0000000000
95489  46.957  27.435  55.691 0.0000000000
94942  46.414  26.655  54.754 0.0000000000
94411  46.211  25.457  53.929 0.0000000000
93308  45.811  23.749  54.141 0.0000000000
92761  45.976  22.740  55.435 0.0000000000
92760  46.977  22.124  55.970 0.0000000000
93295  45.247  23.377  57.109 0.0000000000
92757  46.108  22.655  56.504 0.0000000000
92759  47.528  21.668  56.590 0.0000000000
92183  48.346  21.577  56.866 0.0000000000
99314  42.953  33.717  47.146 0.0000000000
99942  43.873  34.366  47.592 0.0000000000
99923  45.592  34.816  48.306 0.0000000000
100472  42.359  34.725  52.627 0.0000000000
100502  42.069  35.506  49.968 0.0000000000
100500  44.083  35.657  49.783 0.0000000000
100499  45.004  35.646  49.698 0.0000000000
100497  46.542  34.922  49.286 0.0000000000
99290  46.571  34.021  50.140 0.0000000000
99888  46.057  34.312  50.657 0.0000000000
99871  45.159  34.203  51.833 0.0000000000
99849  45.681  34.788  53.492 0.0000000000
99237  44.894  33.971  53.393 0.0000000000
99238  44.096  33.457  52.964 0.0000000000
98647  43.374  32.551  53.222 0.0000000000
97375  42.803  30.589  53.770 0.0000000000
94956  43.849  26.415  52.304 0.0000000000
94441  44.194  25.332  51.926 0.0000000000
93345  44.156  23.759  51.603 0.0000000000
93928  46.186  24.951  50.071 0.0000000000
93351  45.175  23.554  50.303 0.0000000000
92808  44.306  22.527  50.431 0.0000000000
92819  43.257  22.217  49.011 0.0000000000
92257  42.077  21.286  48.177 0.0000000000
92798  47.617  22.505  50.766 0.0000000000
92815  47.281  22.417  48.887 0.0000000000
92252  46.005  22.402  47.778 0.0000000000
91604  44.424  20.660  48.705 0.0000000000
92272  44.938  22.340  46.444 0.0000000000
89337  50.556  17.596  54.988 0.0000000000
89350  49.750  16.790  53.629 0.0000000000
96105  42.441  28.930  53.215 0.0000000000
96751  41.913  29.537  53.197 0.0000000000
90067  50.471  18.804  56.223 0.0000000000
99800  46.586  34.514  58.287 0.0000000000
99784  46.316  34.647  59.133 0.0000000000
100406  45.411  35.334  58.498 0.0000000000
100426  46.375  35.395  57.402 0.0000000000
93896  47.606  24.841  52.263 0.0000000000
93332  47.662  23.683  52.115 0.0000000000
92776  39.779  22.354  53.468 0.0000000000
92218  42.780  22.033  52.210 0.0000000000
92231  42.897  21.842  51.134 0.0000000000
91568  42.501  21.357  51.034 0.0000000000
99293  44.125  33.241  50.804 0.0000000000
98674  43.157  32.959  51.088 0.0000000000
93902  39.738  24.281  53.078 0.0000000000
93884  39.381  23.875  53.328 0.0000000000
99148  42.476  32.972  60.270 0.0000000000
99147  43.035  33.159  60.190 0.0000000000
98539  42.697  32.663  60.229 0.0000000000
99170  41.396  32.863  60.101 0.0000000000
99169  42.011  33.197  59.737 0.0000000000
92189  46.510  21.473  54.473 0.0000000000
88609  47.024  16.898  53.035 0.0000000000
98609  44.112  32.060  55.847 0.0000000000
97357  44.493  31.026  55.436 0.0000000000
97989  44.675  31.633  55.885 0.0000000000
96719  47.803  29.795  56.294 0.0000000000
96718  48.212  29.363  55.814 0.0000000000
96092  48.520  28.893  55.559 0.0000000000
96086  48.311  29.021  56.381 0.0000000000
97311  45.505  30.775  58.325 0.0000000000
97324  45.605  30.123  58.441 0.0000000000
94903  46.428  26.771  58.367 0.0000000000
94904  46.118  26.277  58.310 0.0000000000
94921  45.985  26.382  57.689 0.0000000000
94388  45.295  25.565  57.115 0.0000000000
94389  44.973  25.183  56.699 0.0000000000
93861  45.062  24.580  57.668 0.0000000000
99907  39.735  34.682  49.747 0.0000000000
99905  41.648  35.416  49.650 0.0000000000
98628  40.980  32.778  54.259 0.0000000000
99241  40.645  33.470  53.305 0.0000000000
99240  41.472  33.574  53.704 0.0000000000
101061  45.621  36.346  53.083 0.0000000000
101067  45.363  35.989  52.492 0.0000000000
101072  45.177  35.735  51.811 0.0000000000
101070  46.087  35.934  52.399 0.0000000000
101065  46.337  36.196  53.005 0.0000000000
99207  44.415  33.248  55.930 0.0000000000
98600  43.935  33.026  55.954 0.0000000000
98610  43.727  32.491  55.484 0.0000000000
95500  46.713  27.662  51.934 0.0000000000
95501  45.744  27.236  52.073 0.0000000000
94954  46.675  27.094  51.858 0.0000000000
93367  46.383  23.380  47.818 0.0000000000
93358  46.308  23.784  48.620 0.0000000000
93379  44.650  23.173  47.223 0.0000000000
93378  45.536  23.057  47.194 0.0000000000
91566  44.643  20.453  51.717 0.0000000000
91577  45.146  20.798  50.981 0.0000000000
91578  44.473  20.476  50.631 0.0000000000
94957  42.829  26.348  52.661 0.0000000000
93898  43.592  24.537  52.239 0.0000000000
98648  42.520  32.060  53.045 0.0000000000
98020  42.081  31.493  52.792 0.0000000000
96755  41.122  29.553  52.649 0.0000000000
97380  40.800  30.487  52.342 0.0000000000
94959  40.547  26.764  52.696 0.0000000000
94947  41.025  25.818  53.216 0.0000000000
94412  40.658  25.608  53.080 0.0000000000
90818  48.046  20.241  56.202 0.0000000000
90817  48.815  19.824  56.267 0.0000000000
90072  50.129  18.242  55.362 0.0000000000
90073  48.589  18.468  55.676 0.0000000000
90079  49.527  17.845  55.089 0.0000000000
89343  49.887  17.475  54.507 0.0000000000
99327  43.330  33.313  46.265 0.0000000000
99338  43.783  33.011  45.473 0.0000000000
99205  46.019  33.787  56.537 0.0000000000
98584  47.404  32.577  57.632 0.0000000000
97958  47.553  31.428  57.540 0.0000000000
95467  44.535  27.472  58.080 0.0000000000
94877  44.518  25.993  60.187 0.0000000000
94876  45.087  26.146  60.199 0.0000000000
94351  45.342  25.717  60.079 0.0000000000
92712  44.630  22.801  59.474 0.0000000000
99827  43.168  34.408  56.438 0.0000000000
99835  42.935  34.168  55.321 0.0000000000
100447  44.801  35.861  55.500 0.0000000000
101045  45.547  36.360  54.855 0.0000000000
101044  46.068  36.544  55.340 0.0000000000
101043  46.421  36.222  55.828 0.0000000000
99831  46.438  35.083  56.012 0.0000000000
94962  48.331  27.301  51.492 0.0000000000
94436  48.153  26.910  51.206 0.0000000000
94416  48.294  26.724  51.432 0.0000000000
93926  48.072  24.839  50.081 0.0000000000
93356  48.420  23.678  49.407 0.0000000000
93357  47.902  23.586  48.598 0.0000000000
91554  38.467  20.303  52.152 0.0000000000
93336  41.559  23.507  52.996 0.0000000000
91551  41.390  20.906  52.033 0.0000000000
92220  40.873  21.367  52.668 0.0000000000
91593  42.177  21.234  49.735 0.0000000000
91582  40.829  20.511  50.127 0.0000000000
99298  46.849  33.652  49.425 0.0000000000
98683  45.685  32.749  49.243 0.0000000000
98685  43.586  32.803  49.276 0.0000000000
98693  43.837  32.424  48.337 0.0000000000
98035  43.426  31.979  48.133 0.0000000000
98036  42.590  31.783  48.427 0.0000000000
99786  44.216  34.375  59.512 0.0000000000
98555  44.297  33.098  59.250 0.0000000000
98586  44.336  31.826  57.780 0.0000000000
97326  43.922  30.564  57.450 0.0000000000
96072  44.227  28.457  57.528 0.0000000000
98653  36.244  32.430  53.481 0.0000000000
98632  37.027  31.820  54.371 0.0000000000
98614  38.096  31.805  55.398 0.0000000000
98613  39.186  32.553  55.203 0.0000000000
99185  41.149  33.193  58.288 0.0000000000
99199  40.916  33.116  57.507 0.0000000000
99210  40.771  32.957  56.428 0.0000000000
99788  42.914  34.117  59.473 0.0000000000
99804  43.091  34.534  58.891 0.0000000000
100409  43.576  34.765  58.758 0.0000000000
100408  43.967  34.988  58.632 0.0000000000
92774  46.226  23.298  53.754 0.0000000000
92772  47.184  22.735  52.990 0.0000000000
92773  46.650  22.504  53.478 0.0000000000
91532  45.894  20.784  53.724 0.0000000000
91549  45.357  20.495  53.053 0.0000000000
92216  45.266  20.595  52.813 0.0000000000
91534  45.170  19.734  53.505 0.0000000000
90074  46.948  18.571  55.401 0.0000000000
90822  46.222  19.661  55.128 0.0000000000
90081  46.285  18.361  54.828 0.0000000000
89354  45.246  18.176  53.514 0.0000000000
89362  44.595  18.177  52.815 0.0000000000
90088  44.583  18.813  52.990 0.0000000000
89370  44.134  17.803  51.800 0.0000000000
89383  44.416  17.239  51.092 0.0000000000
96749  43.688  29.698  53.951 0.0000000000
96740  45.629  29.840  54.758 0.0000000000
96748  44.960  29.272  53.973 0.0000000000
97987  46.268  31.231  56.086 0.0000000000
97354  46.791  30.514  55.849 0.0000000000
96738  47.786  29.706  54.395 0.0000000000
96100  47.633  28.783  52.964 0.0000000000
96754  48.064  29.016  52.937 0.0000000000
96753  48.123  28.794  52.841 0.0000000000
96744  48.194  28.919  53.124 0.0000000000
95491  48.141  28.174  53.654 0.0000000000
98553  46.408  33.324  59.279 0.0000000000
97309  47.021  30.734  59.046 0.0000000000
97308  47.430  30.355  58.815 0.0000000000
96663  47.473  29.813  59.014 0.0000000000
95452  45.722  27.857  59.091 0.0000000000
96045  46.003  28.610  59.118 0.0000000000
95450  47.312  28.143  58.142 0.0000000000
95465  47.487  28.056  57.723 0.0000000000
95481  47.675  27.888  56.512 0.0000000000
95482  46.870  27.287  56.583 0.0000000000
94939  45.757  26.246  55.694 0.0000000000
94406  46.298  25.948  54.084 0.0000000000
94407  45.783  25.590  54.422 0.0000000000
93883  46.146  24.661  53.730 0.0000000000
93879  45.607  24.531  54.725 0.0000000000
93306  45.572  23.575  55.044 0.0000000000
93280  45.232  23.495  58.196 0.0000000000
92746  45.954  22.551  57.574 0.0000000000
92756  47.139  21.764  57.029 0.0000000000
92755  47.708  21.708  56.779 0.0000000000
99945  40.214  34.385  47.951 0.0000000000
99956  39.828  34.334  47.292 0.0000000000
99317  40.250  34.243  47.294 0.0000000000
99315  41.806  33.728  47.353 0.0000000000
99924  44.561  34.865  48.399 0.0000000000
99941  45.119  34.488  47.552 0.0000000000
99851  43.038  34.343  53.771 0.0000000000
99852  42.175  34.195  53.513 0.0000000000
100464  42.800  34.593  53.338 0.0000000000
100480  42.712  35.150  51.552 0.0000000000
100490  42.953  35.342  50.650 0.0000000000
100501  43.151  35.523  49.908 0.0000000000
100489  43.940  35.595  50.523 0.0000000000
100487  45.635  35.602  50.429 0.0000000000
100498  45.832  35.275  49.597 0.0000000000
99904  46.988  34.365  49.555 0.0000000000
99869  46.207  35.136  51.860 0.0000000000
99870  45.781  34.483  51.506 0.0000000000
99860  45.381  34.360  52.180 0.0000000000
100452  46.239  35.720  54.373 0.0000000000
100460  46.281  35.589  53.366 0.0000000000
99848  46.047  35.285  54.033 0.0000000000
99850  45.287  34.368  53.603 0.0000000000
98646  44.104  33.295  53.393 0.0000000000
97374  43.336  30.651  54.462 0.0000000000
98017  43.092  31.570  54.060 0.0000000000
95502  44.467  27.256  52.152 0.0000000000
94966  45.339  26.333  51.492 0.0000000000
94955  44.615  26.419  51.829 0.0000000000
94440  44.819  25.578  51.553 0.0000000000
93919  44.208  24.612  51.713 0.0000000000
94457  47.163  25.510  49.768 0.0000000000
94458  46.605  25.536  50.389 0.0000000000
93927  46.782  25.232  49.479 0.0000000000
93359  45.546  23.463  49.212 0.0000000000
93350  45.662  23.962  49.887 0.0000000000
93360  45.325  23.486  49.774 0.0000000000
92807  44.801  23.061  50.777 0.0000000000
92809  43.488  22.176  50.121 0.0000000000
92818  44.108  22.557  49.344 0.0000000000
92829  42.959  22.451  47.902 0.0000000000
92256  42.332  21.574  47.521 0.0000000000
92213  47.411  22.072  51.890 0.0000000000
92226  47.461  22.410  51.243 0.0000000000
92236  46.638  21.857  49.698 0.0000000000
92243  46.288  22.084  48.647 0.0000000000
92825  46.921  22.586  47.966 0.0000000000
90874  43.198  19.211  48.828 0.0000000000
91592  43.700  20.120  49.287 0.0000000000
91605  43.660  20.447  48.180 0.0000000000
90816  49.957  19.797  56.548 0.0000000000
99204  46.653  33.792  57.207 0.0000000000
99196  47.076  33.684  57.946 0.0000000000
99181  47.266  33.251  58.670 0.0000000000
94905  44.553  26.850  58.706 0.0000000000
94353  44.346  25.477  60.227 0.0000000000
99818  43.939  35.221  57.510 0.0000000000
100441  44.450  35.475  57.422 0.0000000000
100440  45.193  35.865  56.731 0.0000000000
101030  45.997  36.402  56.357 0.0000000000
101029  46.382  36.083  56.715 0.0000000000
101016  46.244  36.043  57.226 0.0000000000
94417  48.288  25.972  51.760 0.0000000000
93916  47.967  24.567  51.100 0.0000000000
92804  48.388  23.267  50.602 0.0000000000
91569  42.127  21.118  51.352 0.0000000000
99291  45.843  33.764  50.301 0.0000000000
99300  45.295  33.254  49.825 0.0000000000
99301  44.315  33.142  49.953 0.0000000000
98686  42.535  32.413  49.391 0.0000000000
94423  39.286  25.695  52.449 0.0000000000
93903  38.600  24.813  52.802 0.0000000000
93320  38.454  23.201  53.602 0.0000000000
99167  43.599  33.496  59.803 0.0000000000
99146  43.255  33.196  60.031 0.0000000000
98538  43.188  32.965  60.115 0.0000000000
97929  40.333  31.819  59.378 0.0000000000
98575  40.065  31.874  58.431 0.0000000000
98573  41.204  32.970  58.733 0.0000000000
99184  41.759  33.352  58.780 0.0000000000
91527  45.978  20.618  54.375 0.0000000000
89345  47.002  17.911  54.510 0.0000000000
89353  46.252  17.514  53.400 0.0000000000
89360  45.858  17.171  52.572 0.0000000000
97372  43.977  30.734  54.991 0.0000000000
97371  44.844  30.423  55.142 0.0000000000
96735  45.872  30.186  55.254 0.0000000000
97338  47.232  30.916  56.465 0.0000000000
96733  47.889  29.765  55.409 0.0000000000
96096  47.966  28.281  54.915 0.0000000000
97294  46.849  30.100  59.330 0.0000000000
94892  46.467  26.898  59.280 0.0000000000
95442  46.498  27.723  59.026 0.0000000000
94933  46.407  26.834  57.046 0.0000000000
94934  45.803  26.330  56.660 0.0000000000
94403  45.453  25.376  55.458 0.0000000000
93877  45.005  25.106  55.932 0.0000000000
99928  39.475  34.541  48.782 0.0000000000
99944  41.309  34.463  48.096 0.0000000000
99232  39.333  33.009  53.774 0.0000000000
99260  39.131  33.679  52.354 0.0000000000
99242  39.593  33.108  53.347 0.0000000000
99258  40.638  33.846  52.762 0.0000000000
100478  44.659  35.789  51.201 0.0000000000
100477  45.409  35.785  51.205 0.0000000000
100476  46.037  35.458  51.441 0.0000000000
99858  46.172  35.291  52.407 0.0000000000
99226  45.333  34.299  55.235 0.0000000000
99841  45.704  34.844  54.551 0.0000000000
99228  43.928  33.106  54.785 0.0000000000
98627  43.545  32.400  54.407 0.0000000000
95512  45.567  26.735  51.696 0.0000000000
94439  45.898  25.641  50.912 0.0000000000
93934  46.945  24.893  48.929 0.0000000000
92826  45.248  22.978  49.008 0.0000000000
92827  44.682  22.908  48.702 0.0000000000
93369  44.396  23.299  47.912 0.0000000000
93380  44.190  23.270  47.505 0.0000000000
92837  43.837  23.011  47.187 0.0000000000
92228  45.543  21.146  51.658 0.0000000000
92227  46.820  21.925  50.999 0.0000000000
91590  45.173  20.793  50.033 0.0000000000
91603  45.068  20.841  49.163 0.0000000000
93901  40.912  24.373  52.982 0.0000000000
93335  42.606  23.591  52.739 0.0000000000
92790  43.541  22.986  51.989 0.0000000000
98666  43.186  32.748  52.043 0.0000000000
98024  41.861  31.841  52.107 0.0000000000
98021  41.348  31.249  52.303 0.0000000000
94413  40.091  25.832  52.972 0.0000000000
97930  39.875  31.389  59.759 0.0000000000
98541  41.469  32.257  60.387 0.0000000000
91524  47.480  20.689  56.021 0.0000000000
90069  48.867  19.059  56.142 0.0000000000
89339  47.604  18.062  55.149 0.0000000000
99206  45.088  33.400  56.152 0.0000000000
97973  45.240  32.088  56.248 0.0000000000
98596  47.294  32.239  56.862 0.0000000000
97337  47.613  30.621  56.891 0.0000000000
96696  47.884  29.686  57.117 0.0000000000
96071  44.972  28.805  57.933 0.0000000000
96697  45.335  29.479  58.141 0.0000000000
95444  45.526  27.227  59.454 0.0000000000
93268  45.306  23.584  59.133 0.0000000000
92710  46.161  21.659  59.059 0.0000000000
99229  42.188  33.550  54.971 0.0000000000
99239  42.071  33.554  54.122 0.0000000000
99843  43.400  34.592  54.547 0.0000000000
99833  44.376  35.322  55.882 0.0000000000
100455  44.112  35.292  54.811 0.0000000000
101055  45.593  36.202  53.838 0.0000000000
101060  46.044  36.421  53.451 0.0000000000
100445  46.384  35.613  55.331 0.0000000000
99832  45.967  34.848  55.475 0.0000000000
99216  45.479  34.166  55.948 0.0000000000
95510  47.840  27.807  51.335 0.0000000000
94964  47.398  26.990  51.408 0.0000000000
94963  48.072  27.284  51.233 0.0000000000
94456  47.739  25.314  49.589 0.0000000000
94462  47.514  25.094  49.187 0.0000000000
93939  47.438  24.123  48.430 0.0000000000
93366  47.209  23.386  47.776 0.0000000000
93376  46.982  23.053  47.317 0.0000000000
90860  43.550  19.348  50.826 0.0000000000
92775  40.327  22.386  53.341 0.0000000000
92199  40.291  21.767  53.272 0.0000000000
91535  40.130  20.877  53.025 0.0000000000
91572  39.065  20.307  51.083 0.0000000000
91584  38.756  20.206  49.968 0.0000000000
98692  45.096  32.448  48.548 0.0000000000
98679  42.467  32.579  50.399 0.0000000000
100387  45.947  35.168  59.040 0.0000000000
99785  45.285  34.686  59.175 0.0000000000
98554  45.392  33.178  59.230 0.0000000000
97942  44.939  31.345  58.098 0.0000000000
95468  43.752  27.488  57.551 0.0000000000
98651  38.080  32.968  53.490 0.0000000000
99233  39.051  33.070  53.775 0.0000000000
98630  39.456  32.910  54.155 0.0000000000
98611  40.847  32.764  54.829 0.0000000000
98590  39.708  31.843  57.770 0.0000000000
98601  40.061  32.488  55.934 0.0000000000
99221  40.650  32.784  55.569 0.0000000000
99220  41.409  33.171  55.594 0.0000000000
99197  42.544  33.879  58.274 0.0000000000
99819  43.218  34.861  57.707 0.0000000000
100429  44.008  35.357  58.038 0.0000000000
100407  44.610  35.228  58.456 0.0000000000
93333  47.269  23.635  52.734 0.0000000000
93315  47.289  23.116  52.911 0.0000000000
92229  45.138  20.738  52.416 0.0000000000
90851  44.013  19.464  51.640 0.0000000000
90826  45.486  19.531  54.433 0.0000000000
90083  45.059  18.977  54.128 0.0000000000
90832  45.105  19.298  53.907 0.0000000000
90838  44.825  19.374  53.271 0.0000000000
90097  43.671  18.595  51.398 0.0000000000
96109  47.299  28.242  52.191 0.0000000000
97988  45.563  31.408  55.973 0.0000000000
97355  45.941  30.651  55.619 0.0000000000
97369  47.102  30.091  54.980 0.0000000000
96739  46.789  29.745  54.437 0.0000000000
96120  47.648  28.033  51.606 0.0000000000
96119  47.872  28.128  51.771 0.0000000000
95498  48.299  27.742  52.122 0.0000000000
96098  48.251  28.583  53.451 0.0000000000
95499  48.291  27.407  52.541 0.0000000000
94952  48.011  26.747  52.586 0.0000000000
93881  47.360  25.111  52.641 0.0000000000
99164  46.494  33.950  59.309 0.0000000000
96683  45.759  29.479  58.929 0.0000000000
96665  46.415  29.482  59.123 0.0000000000
96664  47.031  29.567  59.144 0.0000000000
96057  47.068  28.518  58.582 0.0000000000
96682  47.189  29.103  58.690 0.0000000000
96069  48.209  29.210  56.839 0.0000000000
96087  48.235  28.554  56.254 0.0000000000
95488  47.598  27.937  55.311 0.0000000000
94941  47.166  27.141  54.414 0.0000000000
94946  46.622  26.274  53.969 0.0000000000
94410  46.661  25.671  53.522 0.0000000000
93882  47.075  24.812  52.991 0.0000000000
93317  46.186  23.824  53.671 0.0000000000
92186  47.556  21.402  56.288 0.0000000000
91520  50.271  20.496  57.229 0.0000000000
99954  44.763  34.064  46.691 0.0000000000
99940  46.083  34.497  47.583 0.0000000000
99922  46.396  34.722  48.317 0.0000000000
99861  41.775  34.437  53.024 0.0000000000
100503  41.535  35.352  50.396 0.0000000000
100515  42.601  35.513  49.512 0.0000000000
100514  43.231  35.567  49.253 0.0000000000
100513  44.245  35.509  49.057 0.0000000000
100512  45.221  35.196  49.017 0.0000000000
100511  46.094  35.103  48.860 0.0000000000
99921  46.880  34.450  48.713 0.0000000000
99903  47.203  34.102  49.186 0.0000000000
99274  45.504  34.081  50.833 0.0000000000
99275  44.856  33.887  51.343 0.0000000000
100469  46.208  35.343  52.752 0.0000000000
100461  46.045  35.198  53.026 0.0000000000
99842  45.258  34.372  53.929 0.0000000000
99236  45.441  34.499  53.021 0.0000000000
99255  45.295  34.287  52.693 0.0000000000
99256  44.690  33.832  52.318 0.0000000000
99257  43.820  33.222  52.445 0.0000000000
98018  42.545  31.605  53.476 0.0000000000
96750  42.704  29.625  53.521 0.0000000000
94418  44.258  25.808  52.094 0.0000000000
92800  44.169  22.916  51.471 0.0000000000
93917  45.773  25.174  50.627 0.0000000000
93929  45.428  24.198  50.500 0.0000000000
93344  44.742  23.756  51.090 0.0000000000
92799  44.644  23.193  51.183 0.0000000000
92801  43.691  22.331  50.938 0.0000000000
92238  42.741  21.730  49.880 0.0000000000
92245  42.337  21.623  48.732 0.0000000000
92246  41.884  21.225  48.513 0.0000000000
92797  48.001  22.979  51.294 0.0000000000
92805  48.192  22.763  50.289 0.0000000000
92806  47.499  22.384  49.958 0.0000000000
92814  48.154  22.870  49.220 0.0000000000
92834  46.561  22.821  47.404 0.0000000000
91579  43.837  20.005  50.250 0.0000000000
92254  44.186  21.073  47.890 0.0000000000
92253  45.190  21.482  48.185 0.0000000000
92261  45.873  22.674  47.415 0.0000000000
92835  45.795  22.833  47.255 0.0000000000
92844  44.546  22.733  46.538 0.0000000000
92845  43.655  22.529  46.251 0.0000000000
89342  50.282  17.001  54.246 0.0000000000
88610  46.376  17.086  52.867 0.0000000000
89338  50.275  17.771  54.948 0.0000000000
89347  45.430  18.396  53.998 0.0000000000
89355  44.800  18.475  53.278 0.0000000000
89371  43.421  18.054  51.158 0.0000000000
90075  45.921  18.855  55.111 0.0000000000
90080  46.799  18.211  54.996 0.0000000000
90082  45.424  18.744  54.399 0.0000000000
90085  45.236  18.536  53.905 0.0000000000
90107  42.854  17.958  50.366 0.0000000000
90823  45.739  19.229  54.967 0.0000000000
90825  45.797  20.006  54.583 0.0000000000
90827  45.203  19.138  54.260 0.0000000000
90831  45.306  19.701  53.881 0.0000000000
91528  45.654  20.129  54.281 0.0000000000
91550  45.013  20.164  52.875 0.0000000000
92198  45.854  20.819  53.413 0.0000000000
92230  43.501  22.409  51.351 0.0000000000
92262  45.267  22.191  47.036 0.0000000000
92796  48.311  23.316  50.942 0.0000000000
92816  45.244  23.136  49.298 0.0000000000
92833  47.184  22.930  47.545 0.0000000000
92843  45.238  22.708  46.786 0.0000000000
93342  48.399  23.729  50.895 0.0000000000
93349  48.556  23.710  50.193 0.0000000000
93370  43.986  23.329  47.715 0.0000000000
93386  45.125  22.895  46.762 0.0000000000
93387  44.977  23.070  46.844 0.0000000000
93862  44.892  24.902  56.924 0.0000000000
93874  44.887  24.866  56.364 0.0000000000
93915  48.371  24.160  50.847 0.0000000000
93932  48.435  24.230  49.821 0.0000000000
94352  44.884  25.634  60.277 0.0000000000
94372  46.194  26.244  58.575 0.0000000000
94401  45.083  25.331  56.382 0.0000000000
94404  45.192  25.426  55.984 0.0000000000
94953  47.060  27.388  51.701 0.0000000000
95493  47.177  27.417  54.896 0.0000000000
95495  48.375  27.999  52.946 0.0000000000
96099  47.966  28.970  52.874 0.0000000000
96118  48.041  28.158  52.089 0.0000000000
96745  48.014  29.197  53.212 0.0000000000
97292  47.483  30.100  59.099 0.0000000000
97370  45.488  30.373  55.280 0.0000000000
97945  40.219  31.844  58.751 0.0000000000
98629  40.382  32.750  54.039 0.0000000000
98649  40.135  32.981  53.564 0.0000000000
98687  42.047  32.245  49.900 0.0000000000
99195  47.288  33.214  58.403 0.0000000000
99231  41.037  33.048  53.867 0.0000000000
99801  44.958  34.990  58.750 0.0000000000
99803  43.764  34.661  59.124 0.0000000000
99840  46.067  35.334  54.415 0.0000000000
99920  47.202  34.038  48.890 0.0000000000
100386  46.194  35.078  58.970 0.0000000000
100439  45.834  36.173  56.950 0.0000000000
100446  46.000  35.261  55.043 0.0000000000
100448  44.287  35.339  55.433 0.0000000000
100492  41.244  35.121  50.854 0.0000000000
100510  46.532  34.849  48.793 0.0000000000
101017  46.096  36.193  56.992 0.0000000000
