#!ascii label  , from subject 3802 vox2ras=TkReg
1850
63636  48.578  -38.716  71.848 0.0000000000
38207  35.842  -62.576  80.286 0.0000000000
34837  23.349  -64.981  80.236 0.0000000000
31074  16.679  -67.975  84.149 0.0000000000
31066  31.432  -66.631  84.004 0.0000000000
34943  27.626  -65.822  75.323 0.0000000000
54759  45.556  -46.904  70.637 0.0000000000
70048  55.741  -32.603  70.329 0.0000000000
50565  46.419  -49.389  79.257 0.0000000000
47535  37.652  -53.959  75.386 0.0000000000
41682  31.568  -59.321  68.989 0.0000000000
32424  24.067  -65.690  84.933 0.0000000000
33710  19.487  -65.845  82.163 0.0000000000
32385  20.731  -66.651  86.451 0.0000000000
33702  28.172  -65.826  81.653 0.0000000000
53647  49.714  -46.599  79.521 0.0000000000
38094  37.097  -61.433  84.089 0.0000000000
43544  37.518  -57.611  84.397 0.0000000000
44560  39.065  -54.435  79.585 0.0000000000
42658  35.771  -58.254  77.055 0.0000000000
43727  33.833  -57.118  71.971 0.0000000000
39399  35.381  -61.553  73.478 0.0000000000
31251  24.116  -68.751  73.606 0.0000000000
36086  24.921  -64.462  71.900 0.0000000000
66731  52.412  -35.212  70.743 0.0000000000
64729  53.088  -37.666  66.852 0.0000000000
33825  22.309  -66.819  74.644 0.0000000000
33801  18.771  -66.415  76.519 0.0000000000
32497  34.911  -65.731  80.751 0.0000000000
34919  33.066  -64.572  76.273 0.0000000000
31169  31.377  -67.612  78.978 0.0000000000
32556  26.434  -67.245  77.015 0.0000000000
60404  45.593  -41.660  72.996 0.0000000000
31004  17.250  -68.354  89.021 0.0000000000
29798  14.075  -69.463  85.849 0.0000000000
65663  54.388  -36.607  75.106 0.0000000000
61509  51.405  -40.133  75.923 0.0000000000
58069  47.823  -44.031  76.536 0.0000000000
52626  47.324  -48.070  74.604 0.0000000000
53683  43.217  -47.917  74.210 0.0000000000
46531  43.065  -52.196  81.535 0.0000000000
49580  40.847  -51.427  77.729 0.0000000000
52686  37.598  -49.000  72.234 0.0000000000
48621  33.958  -51.766  69.180 0.0000000000
39405  29.173  -61.390  73.648 0.0000000000
33609  23.679  -65.673  86.784 0.0000000000
33633  22.490  -66.354  85.885 0.0000000000
32341  22.544  -66.373  87.857 0.0000000000
33617  25.900  -65.421  85.950 0.0000000000
38156  37.592  -61.975  82.249 0.0000000000
40412  37.603  -60.344  82.345 0.0000000000
42576  36.101  -58.474  81.316 0.0000000000
40476  35.415  -60.847  78.409 0.0000000000
40528  36.508  -60.402  75.196 0.0000000000
38246  35.613  -61.672  76.533 0.0000000000
28656  20.946  -69.696  72.809 0.0000000000
32634  21.743  -67.970  71.662 0.0000000000
64659  50.566  -37.277  71.673 0.0000000000
64696  49.743  -36.840  68.576 0.0000000000
63667  48.019  -38.118  68.480 0.0000000000
34910  23.098  -65.178  76.357 0.0000000000
33799  20.288  -66.067  75.620 0.0000000000
34880  20.997  -64.789  78.427 0.0000000000
31106  17.766  -66.902  83.031 0.0000000000
33734  17.697  -66.301  80.134 0.0000000000
31142  15.847  -67.723  80.459 0.0000000000
29852  14.580  -68.958  81.126 0.0000000000
31083  35.313  -66.063  83.493 0.0000000000
31119  33.387  -66.605  81.669 0.0000000000
29871  32.691  -67.060  79.273 0.0000000000
29837  31.871  -67.290  80.975 0.0000000000
33704  26.188  -65.719  81.594 0.0000000000
32524  27.225  -65.735  78.924 0.0000000000
34876  25.416  -65.624  78.243 0.0000000000
33805  24.684  -67.141  75.824 0.0000000000
58107  44.626  -44.516  72.090 0.0000000000
58131  45.108  -43.528  70.278 0.0000000000
55837  44.772  -45.030  69.032 0.0000000000
29786  11.709  -69.580  86.595 0.0000000000
59224  49.238  -42.051  76.244 0.0000000000
58053  50.446  -43.483  77.788 0.0000000000
51564  47.808  -48.599  79.268 0.0000000000
52605  48.858  -47.495  77.454 0.0000000000
52608  46.364  -48.464  77.113 0.0000000000
52644  45.067  -48.328  74.324 0.0000000000
52610  44.340  -48.458  77.219 0.0000000000
45604  38.701  -55.227  77.261 0.0000000000
46563  40.561  -53.884  78.603 0.0000000000
47533  39.322  -52.794  76.160 0.0000000000
51599  39.529  -50.108  75.052 0.0000000000
49611  37.587  -51.274  74.101 0.0000000000
49654  35.950  -50.978  71.360 0.0000000000
48574  35.409  -52.718  72.818 0.0000000000
45735  32.800  -55.763  69.771 0.0000000000
36010  30.973  -65.187  76.453 0.0000000000
38263  31.208  -62.725  75.510 0.0000000000
37133  28.190  -63.977  74.927 0.0000000000
38357  25.530  -62.820  69.743 0.0000000000
68942  59.189  -32.789  68.753 0.0000000000
68960  56.474  -33.130  68.473 0.0000000000
33679  24.376  -65.453  82.694 0.0000000000
34822  21.553  -65.356  81.200 0.0000000000
32466  21.974  -65.755  83.476 0.0000000000
32446  20.076  -66.445  84.224 0.0000000000
31071  18.746  -66.883  85.100 0.0000000000
32398  29.799  -66.810  85.102 0.0000000000
32437  30.304  -66.686  82.947 0.0000000000
32399  28.021  -66.104  84.515 0.0000000000
33659  26.486  -65.695  83.871 0.0000000000
55670  50.985  -44.659  79.086 0.0000000000
49543  46.926  -49.472  81.128 0.0000000000
45551  36.630  -55.638  82.733 0.0000000000
44596  36.599  -56.324  78.508 0.0000000000
44617  37.325  -56.266  76.107 0.0000000000
45655  35.662  -55.484  74.158 0.0000000000
43693  36.444  -57.635  74.758 0.0000000000
41642  35.362  -59.629  72.382 0.0000000000
40579  33.862  -60.097  71.882 0.0000000000
32591  26.011  -67.715  74.512 0.0000000000
34966  26.072  -65.320  73.512 0.0000000000
33852  24.350  -66.548  73.038 0.0000000000
67798  54.113  -34.169  70.601 0.0000000000
66761  53.834  -34.680  68.350 0.0000000000
66783  52.103  -35.525  68.284 0.0000000000
35970  19.230  -65.366  79.177 0.0000000000
33655  36.407  -64.490  82.385 0.0000000000
34854  35.766  -64.330  80.346 0.0000000000
35993  34.810  -64.363  77.698 0.0000000000
33778  34.395  -65.498  78.680 0.0000000000
33782  31.905  -66.568  77.299 0.0000000000
32564  29.841  -67.481  76.966 0.0000000000
32501  30.051  -66.768  80.314 0.0000000000
31172  28.709  -67.648  78.000 0.0000000000
31211  27.823  -68.158  76.491 0.0000000000
31214  25.084  -68.584  75.300 0.0000000000
29902  23.067  -69.131  74.671 0.0000000000
61549  46.673  -40.046  71.929 0.0000000000
61566  46.043  -40.255  69.388 0.0000000000
60430  45.404  -41.842  69.845 0.0000000000
31009  18.900  -67.411  87.779 0.0000000000
29780  17.338  -68.870  86.304 0.0000000000
29768  15.278  -69.027  87.488 0.0000000000
29806  15.688  -68.656  84.873 0.0000000000
67773  54.467  -34.262  72.981 0.0000000000
65693  53.127  -36.315  72.775 0.0000000000
63608  51.953  -37.646  73.515 0.0000000000
62539  49.927  -39.399  74.318 0.0000000000
61524  47.952  -40.938  74.310 0.0000000000
59239  46.938  -42.698  74.747 0.0000000000
55746  46.185  -45.849  74.116 0.0000000000
55688  49.319  -45.394  77.816 0.0000000000
54694  48.076  -46.677  75.762 0.0000000000
53699  46.552  -47.674  73.100 0.0000000000
52700  45.475  -48.939  71.186 0.0000000000
53736  43.206  -47.666  71.612 0.0000000000
50544  44.617  -50.874  80.965 0.0000000000
45554  41.160  -53.577  81.003 0.0000000000
48515  42.485  -52.148  79.737 0.0000000000
51569  43.444  -50.056  79.279 0.0000000000
52622  41.441  -49.086  77.055 0.0000000000
53704  40.252  -47.976  73.821 0.0000000000
46644  33.919  -54.209  71.957 0.0000000000
37128  34.311  -62.856  75.232 0.0000000000
40547  32.065  -60.644  73.661 0.0000000000
40582  30.800  -59.619  71.371 0.0000000000
38301  27.062  -62.697  72.695 0.0000000000
38335  27.800  -61.297  70.616 0.0000000000
32340  23.286  -66.005  87.538 0.0000000000
34744  22.917  -65.861  88.268 0.0000000000
38194  36.917  -62.395  81.382 0.0000000000
39254  37.721  -61.410  82.335 0.0000000000
39275  36.571  -61.073  81.233 0.0000000000
40432  36.088  -60.242  80.610 0.0000000000
39324  35.588  -61.625  79.505 0.0000000000
39357  35.637  -61.512  77.180 0.0000000000
38232  35.493  -62.167  77.556 0.0000000000
63635  49.595  -38.139  71.489 0.0000000000
64683  49.076  -37.693  70.003 0.0000000000
63646  48.657  -38.146  70.719 0.0000000000
34878  23.352  -65.065  78.315 0.0000000000
34879  22.215  -64.732  78.389 0.0000000000
34858  22.810  -65.124  79.365 0.0000000000
31092  17.119  -67.518  83.646 0.0000000000
31124  17.110  -67.072  81.994 0.0000000000
31107  16.598  -67.448  82.657 0.0000000000
31126  15.138  -68.417  81.589 0.0000000000
31108  15.661  -68.045  82.410 0.0000000000
31043  31.523  -66.504  84.915 0.0000000000
31065  32.500  -66.623  84.450 0.0000000000
31085  33.216  -66.638  83.518 0.0000000000
31086  32.199  -66.688  83.197 0.0000000000
29836  32.261  -67.236  81.296 0.0000000000
31104  31.495  -67.762  82.025 0.0000000000
33728  24.594  -65.478  80.851 0.0000000000
33727  25.653  -65.562  80.301 0.0000000000
34856  24.994  -65.234  79.370 0.0000000000
34877  24.407  -65.396  78.334 0.0000000000
55773  44.756  -45.660  71.660 0.0000000000
56909  44.477  -44.796  70.073 0.0000000000
54773  44.863  -46.044  69.838 0.0000000000
59182  52.994  -41.960  78.142 0.0000000000
59184  51.674  -42.393  77.634 0.0000000000
58051  51.844  -42.871  78.130 0.0000000000
50552  47.245  -49.059  79.244 0.0000000000
52597  47.476  -48.570  78.156 0.0000000000
51585  46.266  -48.584  77.904 0.0000000000
52609  45.410  -48.466  77.385 0.0000000000
51576  45.181  -48.834  78.362 0.0000000000
45628  38.398  -54.900  76.030 0.0000000000
46582  39.237  -54.074  76.771 0.0000000000
47534  38.289  -53.381  75.640 0.0000000000
48546  38.250  -52.197  75.139 0.0000000000
48547  37.739  -52.512  74.714 0.0000000000
48560  36.380  -52.391  73.507 0.0000000000
47559  36.322  -53.575  73.953 0.0000000000
34922  29.188  -65.530  76.123 0.0000000000
36031  29.590  -64.580  75.842 0.0000000000
36048  28.267  -64.697  75.144 0.0000000000
70061  56.984  -32.530  68.871 0.0000000000
68943  55.874  -32.930  69.044 0.0000000000
32442  24.384  -65.644  84.258 0.0000000000
32465  22.981  -66.070  83.324 0.0000000000
32443  23.423  -65.712  84.134 0.0000000000
32384  21.896  -66.539  86.404 0.0000000000
32427  21.074  -66.122  84.882 0.0000000000
32428  20.199  -66.510  85.056 0.0000000000
31089  19.462  -66.601  84.733 0.0000000000
31047  19.465  -66.730  86.154 0.0000000000
32357  28.908  -65.879  85.890 0.0000000000
31046  29.097  -66.576  84.729 0.0000000000
32358  27.812  -65.917  85.938 0.0000000000
32402  24.746  -65.593  85.494 0.0000000000
32401  25.854  -65.735  85.218 0.0000000000
32423  25.104  -65.542  84.885 0.0000000000
32462  25.230  -65.431  83.633 0.0000000000
42525  37.875  -58.784  84.587 0.0000000000
43529  38.132  -57.560  85.706 0.0000000000
44531  37.317  -56.610  84.872 0.0000000000
45545  37.155  -55.321  83.646 0.0000000000
44539  36.705  -56.296  83.377 0.0000000000
42616  34.898  -57.887  79.082 0.0000000000
44581  36.003  -56.491  79.526 0.0000000000
43629  36.187  -56.875  77.979 0.0000000000
44604  37.475  -56.347  77.005 0.0000000000
43661  36.599  -57.519  76.476 0.0000000000
43692  36.629  -57.452  75.268 0.0000000000
42690  36.489  -58.518  75.677 0.0000000000
39397  36.366  -61.047  74.001 0.0000000000
40543  36.244  -59.948  74.099 0.0000000000
40558  35.508  -60.456  72.696 0.0000000000
41654  34.357  -59.576  71.531 0.0000000000
40560  34.197  -60.684  72.676 0.0000000000
31249  25.283  -68.460  74.112 0.0000000000
33841  24.854  -67.277  73.460 0.0000000000
31263  24.244  -68.070  73.402 0.0000000000
67800  52.926  -34.829  70.637 0.0000000000
67833  53.306  -34.361  69.473 0.0000000000
66743  52.205  -35.056  69.716 0.0000000000
64732  49.829  -37.560  66.863 0.0000000000
31233  21.508  -68.766  74.527 0.0000000000
32596  21.172  -67.982  74.665 0.0000000000
33709  20.804  -65.692  81.906 0.0000000000
34840  20.097  -65.521  80.323 0.0000000000
33732  19.283  -65.753  80.960 0.0000000000
32526  17.137  -66.836  79.527 0.0000000000
33774  17.433  -66.367  78.755 0.0000000000
31117  34.925  -65.837  81.836 0.0000000000
32433  35.788  -65.234  82.646 0.0000000000
33698  35.681  -65.261  81.569 0.0000000000
34820  36.574  -64.348  81.746 0.0000000000
33750  35.521  -65.146  80.129 0.0000000000
33771  35.010  -65.122  79.472 0.0000000000
32536  34.923  -65.778  79.548 0.0000000000
29873  31.962  -67.666  79.121 0.0000000000
31186  32.589  -67.004  78.391 0.0000000000
31187  31.796  -67.430  78.372 0.0000000000
32563  30.663  -67.185  77.246 0.0000000000
31200  30.286  -67.693  77.597 0.0000000000
32461  29.305  -66.684  82.691 0.0000000000
33673  30.196  -66.476  81.805 0.0000000000
33701  28.913  -66.075  81.325 0.0000000000
32542  26.908  -66.635  77.996 0.0000000000
32540  28.406  -66.798  78.364 0.0000000000
31192  27.209  -67.819  77.467 0.0000000000
31202  28.524  -68.303  76.965 0.0000000000
31203  27.559  -68.258  76.825 0.0000000000
31213  25.969  -68.561  75.408 0.0000000000
31205  25.724  -68.365  75.866 0.0000000000
33823  23.529  -67.049  75.110 0.0000000000
32577  23.599  -67.659  75.004 0.0000000000
32578  22.776  -68.170  74.880 0.0000000000
60410  45.926  -41.155  72.391 0.0000000000
61550  46.069  -40.602  71.612 0.0000000000
60419  45.053  -41.820  70.946 0.0000000000
56925  46.922  -44.076  69.226 0.0000000000
31003  18.009  -67.999  88.795 0.0000000000
29765  18.087  -68.904  86.781 0.0000000000
29751  17.880  -68.957  87.689 0.0000000000
29770  13.475  -69.594  87.539 0.0000000000
29783  14.591  -69.268  86.645 0.0000000000
29782  15.449  -68.931  86.588 0.0000000000
29808  14.281  -69.480  85.312 0.0000000000
29818  14.064  -69.324  83.460 0.0000000000
28561  13.899  -69.521  84.264 0.0000000000
68906  54.765  -33.648  72.790 0.0000000000
66690  54.073  -35.495  73.556 0.0000000000
65670  54.077  -36.324  74.434 0.0000000000
65681  52.708  -36.844  73.424 0.0000000000
64625  53.165  -37.370  74.364 0.0000000000
62530  52.359  -39.035  75.528 0.0000000000
63589  51.365  -38.995  74.653 0.0000000000
62532  50.552  -39.692  74.970 0.0000000000
62540  48.863  -39.822  74.278 0.0000000000
61511  49.847  -40.608  75.359 0.0000000000
58068  48.508  -43.416  76.736 0.0000000000
59226  47.958  -42.534  75.586 0.0000000000
58079  47.370  -43.484  75.890 0.0000000000
56862  45.851  -44.582  74.431 0.0000000000
56856  46.866  -44.719  75.845 0.0000000000
54659  50.487  -45.361  79.300 0.0000000000
55671  50.525  -45.009  78.603 0.0000000000
54664  49.827  -46.074  78.568 0.0000000000
52616  47.656  -48.081  75.951 0.0000000000
53666  48.651  -47.246  76.578 0.0000000000
53672  47.673  -47.304  75.350 0.0000000000
54727  47.052  -47.088  74.019 0.0000000000
52641  47.121  -48.072  73.694 0.0000000000
52680  46.204  -48.390  72.016 0.0000000000
52659  45.921  -48.637  73.058 0.0000000000
52645  44.131  -48.176  74.447 0.0000000000
53700  44.410  -48.324  72.851 0.0000000000
53723  43.021  -47.630  72.529 0.0000000000
53724  41.800  -47.522  72.645 0.0000000000
47500  43.801  -51.625  81.321 0.0000000000
46536  38.309  -53.969  81.505 0.0000000000
47490  39.839  -53.044  81.884 0.0000000000
45568  40.067  -54.094  80.097 0.0000000000
47517  40.690  -52.810  78.115 0.0000000000
47513  41.408  -52.914  78.882 0.0000000000
49574  41.657  -51.592  78.770 0.0000000000
49569  42.328  -51.528  79.367 0.0000000000
50567  41.764  -50.657  78.699 0.0000000000
52612  42.198  -48.842  77.848 0.0000000000
51588  41.317  -49.857  77.637 0.0000000000
51620  38.915  -49.630  74.310 0.0000000000
52647  40.031  -48.543  74.631 0.0000000000
52684  38.805  -48.480  73.238 0.0000000000
53726  39.204  -48.085  72.822 0.0000000000
53741  37.440  -48.181  70.973 0.0000000000
52704  36.645  -48.859  70.805 0.0000000000
49655  35.164  -51.272  70.705 0.0000000000
50647  35.503  -50.252  70.057 0.0000000000
44666  34.531  -56.577  73.325 0.0000000000
45674  34.527  -54.975  73.074 0.0000000000
45676  33.464  -55.745  72.041 0.0000000000
46681  32.711  -54.725  69.361 0.0000000000
36006  34.277  -64.600  76.685 0.0000000000
36005  34.810  -63.837  76.661 0.0000000000
36027  33.535  -64.183  76.132 0.0000000000
38287  30.666  -61.742  74.654 0.0000000000
38286  31.368  -61.554  74.541 0.0000000000
39403  31.094  -61.179  74.074 0.0000000000
40562  32.009  -60.259  72.936 0.0000000000
39417  29.826  -60.643  72.945 0.0000000000
36073  25.279  -64.715  72.487 0.0000000000
37142  26.810  -63.684  73.361 0.0000000000
37153  25.944  -63.728  72.428 0.0000000000
38336  27.239  -61.617  70.696 0.0000000000
40592  28.987  -60.451  69.897 0.0000000000
65771  53.415  -36.295  67.490 0.0000000000
65770  54.457  -36.434  67.423 0.0000000000
61577  46.343  -40.545  68.503 0.0000000000
32381  24.304  -65.710  86.111 0.0000000000
32403  23.611  -65.977  85.678 0.0000000000
32382  23.441  -66.016  86.390 0.0000000000
32363  22.170  -66.570  87.330 0.0000000000
32364  21.099  -66.686  87.254 0.0000000000
32360  24.673  -65.578  86.310 0.0000000000
38115  37.298  -61.851  83.299 0.0000000000
40369  37.694  -60.040  84.454 0.0000000000
39237  37.925  -61.086  83.287 0.0000000000
41484  38.032  -59.921  83.681 0.0000000000
41486  37.231  -59.087  83.040 0.0000000000
43566  36.546  -57.540  82.673 0.0000000000
41502  36.373  -59.096  81.813 0.0000000000
41531  35.629  -59.434  80.111 0.0000000000
41576  35.210  -59.525  77.723 0.0000000000
41608  36.417  -59.336  75.628 0.0000000000
40519  35.508  -60.326  76.454 0.0000000000
39378  36.173  -61.013  75.505 0.0000000000
38270  36.104  -61.703  74.605 0.0000000000
29947  22.612  -69.216  73.261 0.0000000000
31265  22.497  -68.636  72.872 0.0000000000
31266  21.538  -68.522  72.319 0.0000000000
65721  50.965  -36.470  71.166 0.0000000000
65731  50.682  -36.148  70.036 0.0000000000
64682  49.744  -37.039  69.652 0.0000000000
64697  48.846  -37.483  68.827 0.0000000000
34926  22.901  -65.725  75.376 0.0000000000
33808  21.666  -66.351  74.710 0.0000000000
36033  21.939  -64.946  75.722 0.0000000000
34912  20.400  -65.364  76.303 0.0000000000
34899  20.173  -64.946  77.420 0.0000000000
32484  19.191  -66.234  82.914 0.0000000000
33711  18.531  -66.184  81.409 0.0000000000
32486  17.675  -66.653  81.548 0.0000000000
32487  16.998  -67.196  81.156 0.0000000000
31144  14.425  -68.974  79.805 0.0000000000
31100  34.780  -66.321  82.756 0.0000000000
31137  33.678  -66.421  80.920 0.0000000000
31155  34.260  -66.410  79.916 0.0000000000
31138  33.129  -66.790  80.863 0.0000000000
29850  32.273  -67.332  80.507 0.0000000000
31158  31.316  -67.465  79.726 0.0000000000
33703  27.311  -65.636  81.520 0.0000000000
33725  28.068  -65.697  80.296 0.0000000000
33726  26.904  -65.596  80.244 0.0000000000
32525  26.712  -65.827  78.656 0.0000000000
33773  26.268  -66.168  77.838 0.0000000000
33796  25.558  -66.922  76.675 0.0000000000
33785  25.246  -66.393  77.013 0.0000000000
34909  23.681  -65.824  76.024 0.0000000000
58106  44.801  -43.817  72.444 0.0000000000
59268  44.802  -42.814  71.601 0.0000000000
58132  44.639  -44.146  70.610 0.0000000000
56927  45.277  -44.312  69.249 0.0000000000
29756  13.148  -69.323  88.464 0.0000000000
29785  12.785  -69.617  86.511 0.0000000000
28546  12.765  -69.649  85.586 0.0000000000
29799  12.363  -69.591  85.926 0.0000000000
61498  52.001  -40.424  76.450 0.0000000000
60353  50.315  -41.361  76.264 0.0000000000
59209  50.706  -42.156  76.945 0.0000000000
59186  50.270  -42.829  77.253 0.0000000000
58054  49.454  -43.419  77.287 0.0000000000
53649  49.019  -47.733  79.401 0.0000000000
53655  49.444  -47.069  78.393 0.0000000000
52596  48.163  -48.277  78.291 0.0000000000
52607  47.323  -48.428  77.335 0.0000000000
52617  46.675  -48.649  76.091 0.0000000000
52643  45.921  -48.598  74.069 0.0000000000
52628  45.849  -48.604  75.140 0.0000000000
52629  44.882  -48.326  75.301 0.0000000000
52630  43.783  -48.045  75.443 0.0000000000
44593  39.012  -55.012  78.263 0.0000000000
44577  40.137  -54.717  79.073 0.0000000000
46565  39.903  -54.192  77.847 0.0000000000
47523  40.389  -53.149  77.492 0.0000000000
48531  40.499  -52.104  76.887 0.0000000000
50577  40.509  -50.910  76.766 0.0000000000
49587  39.471  -51.443  75.806 0.0000000000
50592  38.569  -50.620  74.726 0.0000000000
50605  37.704  -50.526  73.673 0.0000000000
50636  37.131  -50.216  72.261 0.0000000000
49625  36.717  -51.371  72.907 0.0000000000
48590  35.869  -51.670  72.048 0.0000000000
48592  34.648  -52.536  71.834 0.0000000000
43741  33.912  -58.095  71.454 0.0000000000
44719  33.447  -56.727  71.008 0.0000000000
43777  33.119  -57.506  69.875 0.0000000000
44746  32.508  -56.393  68.764 0.0000000000
44760  31.545  -56.563  67.676 0.0000000000
36009  31.499  -64.868  76.470 0.0000000000
36028  32.550  -64.041  76.135 0.0000000000
36029  31.520  -64.079  76.137 0.0000000000
37131  29.901  -63.043  75.371 0.0000000000
37140  28.570  -62.816  74.509 0.0000000000
37173  25.157  -63.387  70.388 0.0000000000
37185  24.912  -63.474  69.163 0.0000000000
70045  58.568  -32.356  68.859 0.0000000000
68959  57.602  -33.567  68.240 0.0000000000
66758  56.910  -35.554  67.797 0.0000000000
33706  23.994  -65.502  81.720 0.0000000000
34838  22.361  -65.232  80.547 0.0000000000
33707  22.908  -65.270  81.647 0.0000000000
33681  22.458  -65.531  82.745 0.0000000000
33682  21.396  -65.723  82.802 0.0000000000
32426  22.113  -65.805  84.812 0.0000000000
32445  21.428  -66.018  84.129 0.0000000000
32468  19.704  -66.355  83.427 0.0000000000
32447  19.022  -66.704  83.893 0.0000000000
31091  18.222  -67.265  83.949 0.0000000000
31073  17.473  -67.797  84.511 0.0000000000
31044  30.610  -66.589  84.852 0.0000000000
31088  31.046  -66.874  82.570 0.0000000000
31068  29.548  -66.716  84.187 0.0000000000
32419  29.203  -66.736  83.706 0.0000000000
33657  28.201  -66.266  83.258 0.0000000000
32379  26.886  -65.740  85.491 0.0000000000
33642  27.011  -66.030  84.186 0.0000000000
33658  27.349  -65.990  83.445 0.0000000000
33678  25.587  -65.385  83.115 0.0000000000
33705  25.048  -65.487  81.689 0.0000000000
53749  45.871  -47.714  70.304 0.0000000000
54786  45.185  -46.621  68.767 0.0000000000
53779  45.171  -47.430  68.214 0.0000000000
56816  52.006  -43.687  79.206 0.0000000000
53641  49.221  -47.102  80.078 0.0000000000
51557  48.309  -48.132  80.577 0.0000000000
51559  47.615  -48.827  80.328 0.0000000000
49564  46.426  -49.514  80.279 0.0000000000
46529  37.442  -54.355  82.469 0.0000000000
45587  37.484  -54.616  80.930 0.0000000000
44551  36.183  -56.550  81.902 0.0000000000
44562  36.953  -55.428  80.069 0.0000000000
44561  37.738  -54.600  79.553 0.0000000000
45598  38.188  -55.431  77.840 0.0000000000
44603  37.956  -55.778  76.818 0.0000000000
45630  37.242  -55.523  75.536 0.0000000000
46618  36.244  -54.578  74.373 0.0000000000
45631  36.616  -55.998  75.306 0.0000000000
44664  35.842  -56.376  74.372 0.0000000000
43709  34.750  -57.375  73.283 0.0000000000
41620  36.312  -58.976  74.563 0.0000000000
42717  35.618  -58.891  73.699 0.0000000000
43725  34.939  -58.300  73.033 0.0000000000
42743  33.975  -58.794  71.305 0.0000000000
42744  33.652  -58.982  70.772 0.0000000000
41656  32.779  -59.470  71.055 0.0000000000
33821  27.109  -66.819  74.904 0.0000000000
34955  26.994  -65.355  74.826 0.0000000000
33839  25.931  -66.643  74.157 0.0000000000
34967  25.478  -65.573  73.124 0.0000000000
34968  24.695  -65.539  72.613 0.0000000000
33854  22.548  -66.931  72.148 0.0000000000
33863  23.020  -66.283  71.207 0.0000000000
68945  54.647  -33.889  70.093 0.0000000000
68962  54.620  -33.636  69.264 0.0000000000
67832  53.777  -34.017  69.096 0.0000000000
66782  53.045  -35.370  67.916 0.0000000000
65772  52.363  -36.175  67.688 0.0000000000
65774  50.785  -36.568  68.356 0.0000000000
64731  51.020  -37.535  66.779 0.0000000000
34859  21.709  -65.133  79.415 0.0000000000
34860  20.567  -65.055  79.432 0.0000000000
34882  18.993  -65.295  78.462 0.0000000000
34842  18.431  -65.576  79.761 0.0000000000
34883  18.266  -65.524  78.516 0.0000000000
36996  37.221  -62.871  83.551 0.0000000000
35938  37.058  -63.409  82.423 0.0000000000
35957  36.823  -63.381  81.617 0.0000000000
35967  35.599  -63.622  80.027 0.0000000000
37080  35.453  -63.110  79.093 0.0000000000
35982  35.057  -63.796  78.881 0.0000000000
34891  34.469  -65.046  78.092 0.0000000000
34893  33.594  -65.486  77.008 0.0000000000
31184  33.527  -66.293  79.090 0.0000000000
32553  32.974  -66.583  77.935 0.0000000000
33790  32.749  -65.763  76.910 0.0000000000
34906  31.434  -65.628  76.614 0.0000000000
34908  29.749  -66.166  76.457 0.0000000000
33802  28.745  -66.312  76.158 0.0000000000
32458  31.261  -67.389  82.000 0.0000000000
32499  30.877  -67.181  81.004 0.0000000000
32520  30.307  -66.959  79.671 0.0000000000
33752  28.494  -66.164  79.747 0.0000000000
32539  29.184  -67.103  78.621 0.0000000000
31189  29.976  -67.981  78.014 0.0000000000
31201  29.436  -67.961  77.337 0.0000000000
32566  28.341  -67.810  76.461 0.0000000000
33804  27.638  -66.997  75.436 0.0000000000
32573  26.777  -67.756  75.260 0.0000000000
29918  25.501  -68.670  74.639 0.0000000000
29920  24.538  -69.044  74.311 0.0000000000
32575  25.347  -68.148  75.720 0.0000000000
29900  24.397  -68.925  74.651 0.0000000000
29921  23.741  -69.355  74.215 0.0000000000
29941  21.853  -69.547  73.697 0.0000000000
62573  48.027  -39.076  72.021 0.0000000000
62582  47.208  -39.286  70.607 0.0000000000
62583  46.609  -39.857  70.993 0.0000000000
59278  45.045  -42.706  70.557 0.0000000000
58149  46.309  -43.514  69.383 0.0000000000
55876  45.704  -46.045  67.107 0.0000000000
34729  22.316  -65.550  88.595 0.0000000000
33595  21.524  -66.268  88.562 0.0000000000
32343  19.952  -66.685  87.897 0.0000000000
32327  19.283  -66.866  88.714 0.0000000000
31008  19.476  -67.134  87.315 0.0000000000
31032  18.560  -67.943  86.444 0.0000000000
29793  18.039  -68.439  85.485 0.0000000000
29805  16.698  -68.198  84.903 0.0000000000
29738  16.708  -68.884  88.784 0.0000000000
29767  16.286  -69.047  87.361 0.0000000000
29795  16.308  -68.563  85.850 0.0000000000
29816  16.060  -68.322  84.230 0.0000000000
29828  14.530  -68.809  82.821 0.0000000000
70015  56.206  -32.173  71.779 0.0000000000
68917  54.979  -33.324  71.660 0.0000000000
67786  53.983  -34.324  71.588 0.0000000000
67787  53.657  -34.999  71.986 0.0000000000
67763  54.593  -34.543  73.542 0.0000000000
66703  53.825  -35.270  72.904 0.0000000000
66717  52.495  -35.911  71.874 0.0000000000
65709  51.634  -36.625  71.844 0.0000000000
64648  50.853  -37.527  72.309 0.0000000000
63620  50.437  -38.003  72.353 0.0000000000
63598  52.256  -38.033  73.967 0.0000000000
63610  50.302  -38.652  73.481 0.0000000000
62561  48.922  -38.980  72.783 0.0000000000
62551  48.155  -39.825  73.627 0.0000000000
61534  47.616  -40.523  73.519 0.0000000000
60393  46.849  -41.706  73.686 0.0000000000
60366  49.294  -41.346  75.551 0.0000000000
60382  47.790  -41.700  74.705 0.0000000000
59251  45.728  -42.538  73.542 0.0000000000
56867  45.636  -44.038  73.852 0.0000000000
56868  45.296  -44.699  73.535 0.0000000000
55765  45.600  -45.869  73.146 0.0000000000
56818  51.037  -44.179  78.379 0.0000000000
56836  49.791  -44.348  77.803 0.0000000000
56837  48.888  -44.357  77.388 0.0000000000
53660  49.230  -47.082  77.585 0.0000000000
54670  48.703  -46.332  76.991 0.0000000000
55708  47.919  -45.552  76.495 0.0000000000
55727  46.801  -45.711  75.078 0.0000000000
54728  46.533  -46.914  73.544 0.0000000000
54747  46.085  -47.306  72.013 0.0000000000
52712  46.249  -48.380  71.079 0.0000000000
52714  45.194  -48.752  70.119 0.0000000000
52660  44.937  -48.507  73.291 0.0000000000
52683  44.636  -48.657  71.491 0.0000000000
48504  45.825  -49.955  81.091 0.0000000000
49566  45.219  -49.979  80.335 0.0000000000
45553  41.772  -53.276  81.182 0.0000000000
45593  40.807  -53.689  79.444 0.0000000000
46545  41.711  -53.132  80.374 0.0000000000
47502  42.451  -52.560  80.676 0.0000000000
49557  43.351  -51.539  80.385 0.0000000000
49567  44.197  -50.449  80.152 0.0000000000
51567  44.944  -49.329  79.131 0.0000000000
52599  44.207  -48.645  77.985 0.0000000000
52620  43.514  -48.311  76.490 0.0000000000
53675  41.959  -47.761  75.158 0.0000000000
51597  40.353  -49.447  75.822 0.0000000000
52646  40.625  -48.188  74.892 0.0000000000
53703  41.422  -47.560  73.620 0.0000000000
53725  40.563  -47.450  72.728 0.0000000000
51655  36.088  -49.406  70.345 0.0000000000
51675  35.491  -49.393  68.068 0.0000000000
47560  35.471  -53.615  73.407 0.0000000000
47572  34.383  -53.540  72.210 0.0000000000
47602  33.624  -53.222  70.765 0.0000000000
46664  33.114  -54.820  70.263 0.0000000000
47615  33.169  -53.881  69.859 0.0000000000
36004  35.300  -63.304  76.342 0.0000000000
37112  35.135  -62.857  75.307 0.0000000000
38285  34.556  -62.124  74.242 0.0000000000
37129  32.480  -62.636  75.260 0.0000000000
39389  33.526  -61.955  74.328 0.0000000000
39400  34.309  -61.588  73.675 0.0000000000
40561  33.228  -60.351  72.734 0.0000000000
40581  31.884  -59.703  71.791 0.0000000000
41658  31.110  -59.338  70.460 0.0000000000
36060  27.007  -64.516  74.380 0.0000000000
38290  27.425  -62.984  73.532 0.0000000000
38289  28.237  -62.298  73.534 0.0000000000
38318  26.428  -62.834  71.838 0.0000000000
38300  27.828  -61.706  72.255 0.0000000000
39418  28.707  -61.155  72.730 0.0000000000
39443  29.052  -60.493  71.134 0.0000000000
40590  30.308  -59.591  70.491 0.0000000000
67830  55.633  -34.087  68.202 0.0000000000
66759  55.874  -35.035  67.713 0.0000000000
65768  56.405  -36.590  67.719 0.0000000000
63669  47.026  -39.128  68.943 0.0000000000
38195  36.463  -62.496  80.892 0.0000000000
39298  36.730  -62.098  81.132 0.0000000000
39299  36.305  -61.881  80.704 0.0000000000
38208  35.595  -62.350  79.680 0.0000000000
38222  35.460  -62.419  78.784 0.0000000000
34857  23.870  -65.156  79.301 0.0000000000
31093  15.976  -67.877  83.476 0.0000000000
31103  32.135  -67.535  82.353 0.0000000000
31087  31.469  -66.797  82.854 0.0000000000
34836  24.268  -65.089  80.195 0.0000000000
34835  24.914  -65.248  80.215 0.0000000000
55789  45.182  -46.273  71.424 0.0000000000
55790  44.736  -45.824  71.205 0.0000000000
54760  45.001  -46.297  70.462 0.0000000000
59183  52.455  -42.300  77.947 0.0000000000
59163  52.681  -42.343  78.376 0.0000000000
50564  46.794  -49.215  79.004 0.0000000000
51575  46.148  -49.163  78.620 0.0000000000
51586  45.797  -48.676  78.110 0.0000000000
46594  37.837  -54.511  75.600 0.0000000000
46593  38.301  -54.377  76.010 0.0000000000
47546  37.897  -52.880  75.022 0.0000000000
47547  37.313  -53.462  74.735 0.0000000000
47558  36.761  -52.887  74.172 0.0000000000
47548  36.717  -54.036  74.441 0.0000000000
34923  28.391  -66.054  75.808 0.0000000000
34941  28.851  -65.119  75.805 0.0000000000
34942  28.522  -65.295  75.638 0.0000000000
70030  56.422  -31.926  70.759 0.0000000000
70047  56.476  -32.496  69.540 0.0000000000
68944  55.312  -33.036  69.626 0.0000000000
32406  21.013  -66.522  85.663 0.0000000000
32407  20.128  -66.531  85.835 0.0000000000
32386  20.001  -66.684  86.449 0.0000000000
33604  29.063  -66.081  85.975 0.0000000000
32378  28.600  -66.084  85.262 0.0000000000
43543  37.726  -58.068  84.548 0.0000000000
43537  38.088  -57.781  84.975 0.0000000000
43538  37.642  -57.279  84.998 0.0000000000
44526  37.702  -56.760  85.423 0.0000000000
44538  37.191  -56.506  84.056 0.0000000000
43553  37.145  -57.470  83.469 0.0000000000
43647  35.567  -57.932  77.669 0.0000000000
43630  35.402  -57.562  78.340 0.0000000000
43646  35.962  -57.739  77.259 0.0000000000
43662  36.243  -57.949  76.753 0.0000000000
42672  36.368  -58.188  76.190 0.0000000000
39398  36.023  -61.372  73.577 0.0000000000
39411  36.181  -60.861  73.471 0.0000000000
39412  35.785  -61.065  73.094 0.0000000000
40559  34.911  -60.687  72.442 0.0000000000
39414  34.677  -61.084  72.843 0.0000000000
31250  24.837  -68.445  73.768 0.0000000000
32611  24.760  -67.844  73.570 0.0000000000
66744  51.398  -35.590  70.029 0.0000000000
32595  22.022  -67.925  74.837 0.0000000000
33826  21.353  -67.147  74.554 0.0000000000
33731  20.065  -65.582  81.305 0.0000000000
32544  16.886  -67.143  78.374 0.0000000000
31135  34.842  -65.656  81.182 0.0000000000
32479  35.553  -65.440  82.016 0.0000000000
32496  35.258  -65.472  81.283 0.0000000000
33722  35.697  -65.154  81.069 0.0000000000
32518  35.243  -65.624  80.452 0.0000000000
32519  34.837  -66.152  80.131 0.0000000000
31188  30.814  -67.594  78.272 0.0000000000
31199  30.966  -67.374  77.839 0.0000000000
33675  28.689  -66.325  82.418 0.0000000000
33674  29.561  -66.278  82.025 0.0000000000
31174  27.412  -67.144  77.765 0.0000000000
31204  26.504  -68.166  76.465 0.0000000000
32567  26.214  -67.770  76.592 0.0000000000
33824  23.169  -66.654  74.985 0.0000000000
32594  22.870  -67.409  74.803 0.0000000000
31218  22.122  -68.603  74.638 0.0000000000
60411  45.403  -41.679  71.925 0.0000000000
30998  17.986  -68.093  89.122 0.0000000000
31011  17.533  -68.660  88.421 0.0000000000
29784  13.714  -69.584  86.568 0.0000000000
29769  14.371  -69.414  87.576 0.0000000000
29797  14.729  -69.247  85.804 0.0000000000
28553  14.054  -69.524  84.637 0.0000000000
28554  13.614  -69.622  84.902 0.0000000000
69996  55.572  -32.999  74.127 0.0000000000
69984  56.038  -32.656  74.584 0.0000000000
65662  54.716  -36.064  75.151 0.0000000000
65669  54.516  -35.883  74.498 0.0000000000
65671  53.481  -36.744  74.345 0.0000000000
64624  53.708  -36.955  74.668 0.0000000000
62521  51.953  -39.704  75.919 0.0000000000
62531  51.364  -39.440  75.264 0.0000000000
61510  50.588  -40.374  75.600 0.0000000000
61521  50.031  -40.064  75.058 0.0000000000
58078  48.130  -42.950  76.044 0.0000000000
58080  46.639  -44.045  75.616 0.0000000000
56849  47.519  -44.679  76.333 0.0000000000
54660  50.176  -45.803  79.153 0.0000000000
53654  49.719  -46.622  78.965 0.0000000000
53667  48.210  -47.533  75.991 0.0000000000
53682  47.286  -47.553  74.294 0.0000000000
52642  46.750  -48.504  73.817 0.0000000000
53701  43.927  -47.984  73.355 0.0000000000
53702  42.613  -47.639  73.460 0.0000000000
47488  43.506  -51.836  81.572 0.0000000000
46546  38.782  -53.962  80.567 0.0000000000
46535  39.320  -53.746  81.142 0.0000000000
44550  39.592  -54.098  80.040 0.0000000000
48526  40.809  -52.124  77.787 0.0000000000
48525  41.301  -52.272  78.463 0.0000000000
49579  41.136  -51.763  78.223 0.0000000000
49575  41.203  -51.262  78.344 0.0000000000
51580  41.522  -50.217  78.207 0.0000000000
50568  41.130  -50.701  78.023 0.0000000000
51635  38.007  -49.408  73.306 0.0000000000
52664  38.368  -49.125  73.527 0.0000000000
52685  38.246  -48.724  72.964 0.0000000000
53727  38.412  -48.316  72.310 0.0000000000
52702  37.945  -48.530  72.071 0.0000000000
52703  37.303  -48.737  71.425 0.0000000000
48607  34.566  -51.525  69.831 0.0000000000
48620  34.434  -51.314  69.408 0.0000000000
44683  34.173  -56.645  72.834 0.0000000000
45657  34.327  -56.095  73.170 0.0000000000
44684  33.826  -56.611  72.314 0.0000000000
36007  33.777  -64.789  76.459 0.0000000000
39404  30.163  -61.296  73.884 0.0000000000
39416  30.892  -60.615  73.395 0.0000000000
37154  25.288  -64.186  72.080 0.0000000000
64717  52.759  -37.007  67.248 0.0000000000
32361  23.726  -65.950  86.856 0.0000000000
32362  22.958  -66.109  87.129 0.0000000000
33608  24.257  -65.454  86.722 0.0000000000
33591  24.701  -65.279  87.210 0.0000000000
38137  37.493  -62.020  82.866 0.0000000000
39253  38.055  -61.190  82.886 0.0000000000
40419  37.641  -60.927  82.172 0.0000000000
40411  37.945  -60.588  82.815 0.0000000000
41500  37.685  -60.025  82.687 0.0000000000
41485  37.681  -59.566  83.348 0.0000000000
41501  37.123  -59.527  82.263 0.0000000000
40450  35.501  -60.385  79.559 0.0000000000
41541  35.428  -59.707  79.527 0.0000000000
41561  35.196  -59.255  78.438 0.0000000000
40477  35.393  -60.027  78.450 0.0000000000
40520  35.222  -60.292  76.950 0.0000000000
40501  35.272  -60.227  77.581 0.0000000000
38245  35.655  -61.254  76.194 0.0000000000
38258  35.682  -61.764  75.645 0.0000000000
39379  36.308  -61.256  75.068 0.0000000000
29948  21.662  -69.338  72.983 0.0000000000
64669  50.271  -36.843  70.549 0.0000000000
63655  48.229  -38.061  69.542 0.0000000000
36032  22.266  -65.279  75.543 0.0000000000
35995  22.520  -64.777  76.537 0.0000000000
34898  21.470  -64.655  77.144 0.0000000000
32485  18.443  -66.471  82.383 0.0000000000
31123  17.700  -66.713  82.266 0.0000000000
32505  16.527  -67.355  80.316 0.0000000000
32506  15.838  -67.713  79.899 0.0000000000
31143  15.040  -68.298  80.238 0.0000000000
29853  14.104  -69.446  80.361 0.0000000000
31064  33.657  -66.612  84.423 0.0000000000
31101  33.793  -66.536  82.673 0.0000000000
31118  34.215  -66.373  81.784 0.0000000000
29851  31.810  -67.612  80.209 0.0000000000
33755  26.047  -65.753  78.908 0.0000000000
32543  26.566  -66.020  78.324 0.0000000000
34894  25.582  -66.077  77.540 0.0000000000
34895  24.870  -65.825  77.531 0.0000000000
34896  23.890  -65.528  77.149 0.0000000000
58115  44.632  -43.508  71.764 0.0000000000
58116  44.556  -44.098  71.506 0.0000000000
56928  44.749  -44.688  69.389 0.0000000000
56945  44.970  -44.737  68.876 0.0000000000
56944  45.600  -44.607  68.549 0.0000000000
55858  45.871  -45.285  67.638 0.0000000000
29771  12.515  -69.571  87.544 0.0000000000
29800  12.141  -69.577  86.137 0.0000000000
60352  51.540  -41.512  76.765 0.0000000000
60335  51.662  -41.912  77.293 0.0000000000
58052  51.242  -43.116  77.937 0.0000000000
59185  50.933  -42.656  77.518 0.0000000000
52590  48.673  -48.052  79.334 0.0000000000
52589  49.024  -47.831  78.603 0.0000000000
51584  46.744  -48.581  77.663 0.0000000000
52618  45.660  -48.549  76.211 0.0000000000
52619  44.619  -48.414  76.320 0.0000000000
45596  39.457  -54.595  78.052 0.0000000000
47525  38.979  -53.525  76.350 0.0000000000
46581  40.028  -53.660  77.282 0.0000000000
47524  40.109  -53.003  76.679 0.0000000000
47519  40.488  -52.509  77.013 0.0000000000
48534  40.095  -52.117  76.498 0.0000000000
49586  39.956  -51.456  76.260 0.0000000000
48535  39.616  -52.086  76.162 0.0000000000
48558  37.880  -51.784  74.605 0.0000000000
49598  38.355  -51.317  74.932 0.0000000000
49610  38.086  -51.122  74.551 0.0000000000
50604  38.134  -50.571  74.245 0.0000000000
49624  37.289  -51.092  73.430 0.0000000000
50619  37.288  -50.517  72.932 0.0000000000
48573  36.059  -51.927  72.521 0.0000000000
48591  35.488  -52.018  72.047 0.0000000000
43758  33.710  -58.327  71.105 0.0000000000
43759  33.503  -57.762  70.776 0.0000000000
43792  32.402  -57.277  68.755 0.0000000000
44747  31.980  -56.746  68.417 0.0000000000
36030  30.533  -64.585  76.172 0.0000000000
37132  29.134  -63.604  75.198 0.0000000000
37118  29.965  -64.075  75.656 0.0000000000
38277  29.677  -62.803  75.138 0.0000000000
70060  57.542  -32.711  68.576 0.0000000000
67829  56.743  -34.332  67.968 0.0000000000
33680  23.373  -65.475  82.653 0.0000000000
33632  23.027  -66.274  85.882 0.0000000000
32404  22.749  -66.131  85.414 0.0000000000
32467  20.799  -66.008  83.542 0.0000000000
31090  18.913  -66.772  84.399 0.0000000000
31072  18.285  -67.451  84.756 0.0000000000
32356  29.933  -66.146  86.324 0.0000000000
32376  30.419  -66.313  85.760 0.0000000000
32397  30.013  -66.736  85.211 0.0000000000
31067  30.455  -66.642  83.733 0.0000000000
31045  29.783  -66.840  84.843 0.0000000000
31069  28.922  -66.583  84.237 0.0000000000
32420  28.529  -66.477  83.819 0.0000000000
32422  26.144  -65.728  84.564 0.0000000000
32421  26.729  -65.879  84.631 0.0000000000
33643  26.630  -65.822  84.378 0.0000000000
33677  26.802  -65.664  82.697 0.0000000000
33660  25.918  -65.465  83.908 0.0000000000
53765  45.465  -47.563  69.197 0.0000000000
52581  48.733  -47.695  80.555 0.0000000000
50530  47.699  -48.803  81.145 0.0000000000
50529  47.901  -48.523  80.900 0.0000000000
50543  47.391  -49.187  80.568 0.0000000000
49553  46.445  -49.543  80.675 0.0000000000
40368  38.051  -59.872  84.172 0.0000000000
45546  36.786  -55.539  83.210 0.0000000000
46521  37.459  -54.296  83.223 0.0000000000
45550  36.958  -54.963  82.930 0.0000000000
46537  37.506  -54.397  81.737 0.0000000000
45557  36.916  -54.966  82.160 0.0000000000
43576  36.127  -57.479  81.588 0.0000000000
44563  36.166  -56.256  80.879 0.0000000000
44580  37.017  -55.422  78.970 0.0000000000
44579  38.148  -54.905  78.740 0.0000000000
44595  37.478  -55.773  77.967 0.0000000000
45615  37.714  -55.344  75.765 0.0000000000
44632  36.697  -56.373  75.396 0.0000000000
44647  36.293  -56.658  74.910 0.0000000000
43708  35.700  -57.667  73.910 0.0000000000
41592  36.456  -59.890  75.411 0.0000000000
42689  36.740  -59.214  75.288 0.0000000000
40535  36.716  -59.751  74.932 0.0000000000
41641  35.719  -59.761  73.256 0.0000000000
41631  35.901  -59.503  74.096 0.0000000000
42728  35.471  -58.966  72.842 0.0000000000
43724  35.422  -58.510  73.367 0.0000000000
42729  35.012  -58.751  71.890 0.0000000000
42730  34.370  -58.350  71.695 0.0000000000
41655  33.620  -59.388  71.265 0.0000000000
41667  33.338  -59.138  70.611 0.0000000000
32590  26.652  -67.289  74.752 0.0000000000
33822  26.545  -66.717  74.529 0.0000000000
33840  25.327  -66.658  73.541 0.0000000000
33851  25.026  -66.126  72.988 0.0000000000
34969  23.957  -65.819  72.318 0.0000000000
32625  21.994  -67.918  72.399 0.0000000000
32624  22.765  -67.559  72.579 0.0000000000
32633  22.060  -67.271  71.973 0.0000000000
33864  22.526  -66.764  71.492 0.0000000000
34979  23.598  -65.551  71.342 0.0000000000
67813  54.256  -34.138  70.138 0.0000000000
68963  54.235  -33.967  69.638 0.0000000000
68946  54.279  -34.095  69.931 0.0000000000
66762  52.787  -34.738  68.914 0.0000000000
65749  49.936  -36.590  69.129 0.0000000000
65748  50.453  -36.430  68.815 0.0000000000
64695  50.212  -36.720  68.415 0.0000000000
33809  20.807  -66.392  74.989 0.0000000000
32580  20.478  -67.567  74.870 0.0000000000
34821  22.213  -65.300  81.357 0.0000000000
34839  21.194  -65.417  80.296 0.0000000000
34861  19.571  -65.267  79.334 0.0000000000
34881  19.814  -64.961  78.520 0.0000000000
35985  19.202  -65.348  78.935 0.0000000000
33712  17.904  -66.360  80.853 0.0000000000
33733  18.383  -65.856  80.472 0.0000000000
33756  17.952  -65.807  79.824 0.0000000000
34864  17.622  -65.915  78.969 0.0000000000
33788  17.670  -66.384  77.836 0.0000000000
32436  35.208  -66.080  84.091 0.0000000000
31082  35.609  -65.754  83.308 0.0000000000
33672  36.073  -64.979  82.242 0.0000000000
32414  35.807  -64.973  83.110 0.0000000000
34796  36.575  -64.104  82.949 0.0000000000
35929  37.081  -63.275  82.919 0.0000000000
34809  36.801  -63.995  82.362 0.0000000000
34834  36.333  -64.334  81.081 0.0000000000
35949  36.682  -63.866  81.480 0.0000000000
35958  36.411  -63.562  80.947 0.0000000000
35968  35.401  -64.091  79.725 0.0000000000
33777  34.602  -65.296  79.131 0.0000000000
34874  34.638  -64.659  78.907 0.0000000000
34890  34.506  -65.112  78.733 0.0000000000
33779  34.121  -65.773  78.023 0.0000000000
29862  33.458  -66.900  79.884 0.0000000000
31167  34.015  -66.398  79.424 0.0000000000
29885  32.951  -66.354  79.096 0.0000000000
32554  32.266  -66.929  77.781 0.0000000000
33781  32.546  -66.284  77.377 0.0000000000
33780  33.351  -65.808  77.432 0.0000000000
33791  32.075  -66.097  76.808 0.0000000000
33793  30.188  -66.671  76.738 0.0000000000
33794  29.170  -66.762  76.576 0.0000000000
32459  30.802  -66.812  82.008 0.0000000000
32483  30.209  -66.957  80.931 0.0000000000
32482  30.642  -67.005  81.238 0.0000000000
32500  30.536  -67.003  80.561 0.0000000000
31159  30.866  -67.045  80.023 0.0000000000
32503  27.574  -65.664  79.638 0.0000000000
33753  28.178  -65.898  79.724 0.0000000000
32523  28.035  -65.952  79.215 0.0000000000
31171  29.571  -67.697  78.312 0.0000000000
31190  29.066  -68.088  77.648 0.0000000000
32572  27.703  -67.817  75.913 0.0000000000
29898  25.488  -68.782  74.907 0.0000000000
29919  25.157  -68.774  74.415 0.0000000000
29899  25.042  -68.898  74.911 0.0000000000
32569  25.025  -67.343  75.971 0.0000000000
32568  25.638  -67.679  76.329 0.0000000000
32576  24.728  -67.723  75.532 0.0000000000
31216  23.287  -68.613  74.810 0.0000000000
31215  24.110  -68.368  74.917 0.0000000000
29901  23.577  -69.096  74.618 0.0000000000
29940  22.895  -69.457  73.660 0.0000000000
29922  22.747  -69.403  74.292 0.0000000000
62574  47.340  -39.499  71.829 0.0000000000
62575  46.653  -39.965  71.579 0.0000000000
61559  45.460  -41.070  70.601 0.0000000000
61558  45.960  -40.324  70.376 0.0000000000
61567  45.603  -40.936  69.695 0.0000000000
58150  45.550  -43.759  69.660 0.0000000000
58148  47.359  -43.491  69.340 0.0000000000
54800  45.286  -46.404  67.708 0.0000000000
33577  21.275  -66.281  88.960 0.0000000000
32325  21.076  -66.498  88.707 0.0000000000
32326  20.496  -66.545  88.796 0.0000000000
32344  19.126  -67.032  88.225 0.0000000000
31031  19.178  -67.283  86.549 0.0000000000
31017  19.009  -67.542  87.072 0.0000000000
29779  18.137  -68.700  85.925 0.0000000000
29804  17.364  -68.090  85.052 0.0000000000
29794  17.428  -68.455  85.531 0.0000000000
29754  14.864  -68.763  88.600 0.0000000000
29753  16.034  -68.631  88.179 0.0000000000
29739  15.643  -68.560  89.042 0.0000000000
29796  15.373  -68.842  85.766 0.0000000000
31051  15.744  -68.708  86.180 0.0000000000
29817  15.116  -68.620  83.822 0.0000000000
29829  13.694  -69.459  82.251 0.0000000000
28562  13.202  -69.865  83.552 0.0000000000
71171  56.748  -31.752  72.302 0.0000000000
70031  55.596  -32.601  71.206 0.0000000000
70016  55.478  -32.779  72.200 0.0000000000
68918  54.367  -33.905  72.117 0.0000000000
68907  54.406  -34.119  72.686 0.0000000000
68887  55.285  -33.659  74.692 0.0000000000
67755  54.947  -34.470  74.526 0.0000000000
66691  53.718  -35.949  73.348 0.0000000000
66704  53.494  -35.777  72.596 0.0000000000
66705  52.925  -36.147  72.478 0.0000000000
65708  52.160  -36.372  71.993 0.0000000000
65694  52.438  -36.544  72.706 0.0000000000
64636  52.356  -37.303  73.451 0.0000000000
64647  51.467  -37.248  72.560 0.0000000000
63619  50.993  -37.636  72.638 0.0000000000
63609  51.312  -37.892  73.250 0.0000000000
63597  52.840  -37.898  74.226 0.0000000000
63587  52.899  -38.174  74.954 0.0000000000
63600  50.616  -38.990  74.113 0.0000000000
63599  51.275  -38.676  74.074 0.0000000000
62549  49.743  -38.980  73.671 0.0000000000
62550  49.071  -39.109  73.483 0.0000000000
61523  48.621  -40.573  74.479 0.0000000000
61533  48.130  -40.409  74.045 0.0000000000
60402  47.071  -41.089  73.321 0.0000000000
60392  47.464  -41.403  73.909 0.0000000000
60354  49.625  -41.748  76.229 0.0000000000
59238  47.439  -42.492  75.089 0.0000000000
60368  47.812  -42.071  75.217 0.0000000000
59249  47.199  -42.097  74.333 0.0000000000
59250  46.460  -42.507  74.163 0.0000000000
58096  45.920  -43.422  74.077 0.0000000000
55728  46.259  -45.242  74.760 0.0000000000
55747  45.618  -45.443  73.759 0.0000000000
56817  51.475  -44.073  78.800 0.0000000000
55672  49.870  -45.597  78.213 0.0000000000
55687  50.047  -44.980  78.113 0.0000000000
52595  48.817  -47.576  77.918 0.0000000000
53671  48.388  -47.054  75.906 0.0000000000
54679  48.915  -46.728  76.847 0.0000000000
54680  48.379  -46.449  76.479 0.0000000000
54681  47.861  -46.145  76.007 0.0000000000
55709  47.469  -45.534  75.823 0.0000000000
54695  47.543  -46.358  75.415 0.0000000000
53698  46.998  -47.578  73.630 0.0000000000
54739  46.253  -47.218  72.735 0.0000000000
53733  46.166  -47.771  71.261 0.0000000000
53720  46.382  -47.878  72.210 0.0000000000
52681  45.963  -48.713  72.106 0.0000000000
52699  46.147  -48.693  71.386 0.0000000000
53722  44.053  -48.386  72.246 0.0000000000
53735  43.850  -48.291  71.156 0.0000000000
48495  45.075  -50.781  81.357 0.0000000000
48505  45.424  -50.213  80.801 0.0000000000
48513  45.628  -49.846  80.573 0.0000000000
46534  40.906  -53.193  81.797 0.0000000000
46533  41.903  -52.899  81.662 0.0000000000
45584  40.320  -54.551  78.980 0.0000000000
44576  40.381  -54.444  79.179 0.0000000000
45594  40.566  -54.022  78.964 0.0000000000
47509  41.761  -52.718  79.627 0.0000000000
46556  41.268  -53.398  79.754 0.0000000000
47508  41.779  -52.790  79.844 0.0000000000
47507  42.735  -52.226  80.316 0.0000000000
48507  43.296  -51.732  80.599 0.0000000000
48514  43.043  -51.835  80.204 0.0000000000
50557  42.777  -50.601  79.238 0.0000000000
49568  43.214  -51.217  79.976 0.0000000000
50556  43.753  -50.306  79.655 0.0000000000
50555  44.671  -49.791  79.781 0.0000000000
51568  44.046  -49.677  79.271 0.0000000000
51577  44.161  -49.120  78.674 0.0000000000
52611  43.313  -48.534  77.446 0.0000000000
52621  42.308  -48.436  76.770 0.0000000000
52631  42.585  -47.994  75.810 0.0000000000
51592  40.136  -50.435  76.117 0.0000000000
51591  40.512  -49.941  76.551 0.0000000000
51598  39.958  -50.071  75.656 0.0000000000
52662  39.793  -48.487  73.912 0.0000000000
53686  40.499  -48.106  74.487 0.0000000000
53685  41.102  -47.805  74.625 0.0000000000
53740  38.228  -47.930  71.422 0.0000000000
50637  36.559  -50.393  71.689 0.0000000000
51649  36.598  -49.542  71.186 0.0000000000
50646  35.945  -50.293  70.908 0.0000000000
50669  35.015  -50.079  68.617 0.0000000000
50657  35.282  -50.044  69.344 0.0000000000
50682  35.136  -50.062  67.686 0.0000000000
46619  35.593  -54.522  73.760 0.0000000000
46631  34.335  -54.441  72.651 0.0000000000
47586  33.828  -53.541  71.343 0.0000000000
44733  33.140  -56.729  70.239 0.0000000000
45720  33.074  -55.813  70.670 0.0000000000
46696  32.643  -54.288  68.895 0.0000000000
47629  32.877  -53.672  68.967 0.0000000000
35992  35.164  -63.475  77.394 0.0000000000
37088  35.556  -62.997  78.046 0.0000000000
37113  34.602  -63.226  75.457 0.0000000000
36025  35.032  -63.533  75.834 0.0000000000
37127  34.648  -62.755  75.017 0.0000000000
37126  34.997  -62.641  74.826 0.0000000000
37116  31.795  -63.110  75.660 0.0000000000
37115  32.891  -63.141  75.542 0.0000000000
37130  32.236  -62.774  75.400 0.0000000000
39402  32.050  -61.135  74.281 0.0000000000
39390  32.677  -61.861  74.476 0.0000000000
39401  33.113  -61.398  73.889 0.0000000000
39388  33.975  -61.983  74.259 0.0000000000
40545  33.525  -60.910  73.318 0.0000000000
40546  32.669  -60.741  73.500 0.0000000000
40563  30.870  -59.967  72.518 0.0000000000
41657  31.872  -59.527  70.746 0.0000000000
34956  26.441  -65.639  74.220 0.0000000000
36049  27.429  -64.876  75.019 0.0000000000
37152  26.607  -63.325  72.721 0.0000000000
37172  25.695  -62.914  70.631 0.0000000000
37162  25.728  -63.144  71.242 0.0000000000
38337  26.309  -62.406  70.495 0.0000000000
38317  27.124  -62.120  71.536 0.0000000000
38316  27.876  -61.508  71.169 0.0000000000
39431  28.464  -60.977  71.634 0.0000000000
39430  29.274  -60.523  71.977 0.0000000000
40604  29.400  -60.152  69.466 0.0000000000
40591  29.462  -60.233  70.334 0.0000000000
40603  30.087  -59.726  69.663 0.0000000000
68941  59.649  -33.071  68.655 0.0000000000
67831  54.625  -34.004  68.580 0.0000000000
68961  55.362  -33.370  68.781 0.0000000000
66780  55.130  -35.705  67.618 0.0000000000
65769  55.441  -36.561  67.536 0.0000000000
66779  55.969  -35.902  67.665 0.0000000000
62591  46.533  -39.657  70.005 0.0000000000
62590  47.082  -39.148  69.664 0.0000000000
62601  46.721  -39.562  69.040 0.0000000000
33592  23.798  -65.693  87.475 0.0000000000
32339  23.547  -65.734  87.285 0.0000000000
33593  23.023  -66.106  88.109 0.0000000000
38178  37.360  -62.357  81.828 0.0000000000
38157  37.585  -61.902  81.989 0.0000000000
39274  37.232  -61.661  81.600 0.0000000000
40420  37.216  -60.552  81.749 0.0000000000
40421  36.591  -60.341  81.274 0.0000000000
39276  36.319  -60.694  80.935 0.0000000000
39300  36.073  -61.023  80.440 0.0000000000
39342  35.390  -61.626  78.103 0.0000000000
64660  50.001  -37.712  71.424 0.0000000000
64670  49.683  -37.525  70.797 0.0000000000
64671  49.179  -37.803  70.591 0.0000000000
34897  22.749  -64.760  77.266 0.0000000000
31125  16.110  -67.686  81.357 0.0000000000
31109  15.018  -68.547  82.362 0.0000000000
31102  32.725  -66.832  82.273 0.0000000000
31120  32.866  -66.823  81.468 0.0000000000
29826  32.499  -67.491  81.917 0.0000000000
29827  32.172  -67.863  81.713 0.0000000000
56875  44.583  -45.163  71.738 0.0000000000
56889  44.295  -44.938  70.917 0.0000000000
55804  44.561  -45.569  70.319 0.0000000000
55818  44.703  -45.374  69.469 0.0000000000
29772  11.552  -69.683  87.657 0.0000000000
60333  52.907  -41.261  77.655 0.0000000000
60334  52.136  -41.747  77.383 0.0000000000
51573  47.447  -48.723  78.684 0.0000000000
50563  47.089  -48.936  78.824 0.0000000000
51574  46.927  -48.795  78.280 0.0000000000
52598  44.820  -48.547  77.744 0.0000000000
45614  38.668  -54.786  76.514 0.0000000000
45603  39.102  -54.724  77.074 0.0000000000
46592  38.601  -54.480  76.375 0.0000000000
48536  38.953  -52.206  75.732 0.0000000000
48559  37.203  -52.248  74.268 0.0000000000
49612  37.030  -51.668  73.648 0.0000000000
48561  35.874  -53.046  73.457 0.0000000000
34921  29.880  -65.025  76.270 0.0000000000
36047  28.966  -64.828  75.523 0.0000000000
70046  57.531  -32.068  69.172 0.0000000000
32464  23.787  -65.605  83.466 0.0000000000
32444  22.516  -65.728  84.048 0.0000000000
32405  21.908  -66.247  85.499 0.0000000000
31070  19.433  -66.608  85.403 0.0000000000
32377  29.629  -66.469  85.370 0.0000000000
31029  29.412  -66.660  85.018 0.0000000000
32380  25.334  -65.519  85.859 0.0000000000
32440  26.029  -65.569  84.213 0.0000000000
32441  25.393  -65.494  84.115 0.0000000000
32463  24.752  -65.477  83.582 0.0000000000
42510  38.046  -58.559  84.962 0.0000000000
43528  38.197  -58.057  85.203 0.0000000000
45535  37.516  -55.659  85.334 0.0000000000
46505  37.506  -54.476  85.024 0.0000000000
45541  37.249  -55.466  84.535 0.0000000000
43589  35.511  -58.147  80.020 0.0000000000
43588  35.746  -57.487  80.447 0.0000000000
43609  35.398  -57.481  79.422 0.0000000000
44597  35.888  -56.770  78.632 0.0000000000
43628  36.798  -56.463  77.977 0.0000000000
43645  36.759  -56.770  77.419 0.0000000000
43678  36.700  -57.453  75.654 0.0000000000
44631  36.850  -56.682  75.583 0.0000000000
42703  36.825  -58.367  74.950 0.0000000000
40537  36.422  -60.563  74.270 0.0000000000
40536  36.547  -60.145  74.623 0.0000000000
40544  36.223  -60.282  73.862 0.0000000000
40557  35.904  -60.486  73.270 0.0000000000
41653  35.001  -59.611  71.738 0.0000000000
40577  35.122  -60.148  72.165 0.0000000000
40578  34.628  -60.184  71.966 0.0000000000
32592  25.530  -67.998  74.181 0.0000000000
32609  25.635  -67.219  74.061 0.0000000000
32610  25.326  -67.773  73.876 0.0000000000
32622  24.382  -67.431  73.336 0.0000000000
67799  53.434  -34.651  70.900 0.0000000000
67814  53.835  -34.281  69.961 0.0000000000
67815  52.889  -34.537  70.055 0.0000000000
66763  51.760  -35.485  68.970 0.0000000000
64720  49.169  -37.609  67.575 0.0000000000
34823  20.740  -65.422  81.022 0.0000000000
34841  19.098  -65.492  80.036 0.0000000000
33757  17.600  -66.113  79.401 0.0000000000
31099  35.438  -65.875  82.739 0.0000000000
32478  35.833  -65.238  82.108 0.0000000000
33697  36.129  -64.957  81.804 0.0000000000
33696  36.567  -64.530  81.985 0.0000000000
33749  35.898  -64.786  80.802 0.0000000000
34855  35.241  -64.548  79.596 0.0000000000
32550  34.499  -65.664  79.111 0.0000000000
29872  32.401  -67.445  79.300 0.0000000000
29886  32.628  -66.644  79.001 0.0000000000
29887  32.363  -67.189  78.864 0.0000000000
32555  31.448  -66.988  77.603 0.0000000000
32460  30.036  -66.522  82.491 0.0000000000
33700  29.748  -66.555  81.047 0.0000000000
32541  27.638  -66.588  78.255 0.0000000000
31173  27.918  -67.363  77.791 0.0000000000
31191  28.157  -68.072  77.436 0.0000000000
31212  27.079  -68.316  76.065 0.0000000000
33806  23.985  -66.714  75.569 0.0000000000
31217  22.636  -68.849  74.707 0.0000000000
31232  22.157  -69.074  74.423 0.0000000000
61544  46.885  -40.447  72.569 0.0000000000
61551  45.426  -41.251  71.267 0.0000000000
56926  45.984  -44.047  69.116 0.0000000000
30997  18.507  -67.456  89.096 0.0000000000
31010  18.240  -68.184  88.119 0.0000000000
31018  18.316  -68.106  87.330 0.0000000000
29766  17.226  -69.117  87.141 0.0000000000
29755  14.043  -69.209  88.527 0.0000000000
29807  14.602  -69.360  84.744 0.0000000000
70005  55.341  -32.778  73.245 0.0000000000
68897  55.047  -33.701  73.822 0.0000000000
66676  54.594  -35.297  74.341 0.0000000000
66677  54.397  -35.775  74.182 0.0000000000
65679  53.844  -36.065  73.715 0.0000000000
65680  53.291  -36.490  73.571 0.0000000000
64635  52.824  -36.992  73.796 0.0000000000
64626  52.723  -37.722  73.978 0.0000000000
63588  51.851  -38.545  74.848 0.0000000000
62538  50.895  -39.262  74.515 0.0000000000
61522  49.404  -40.436  74.799 0.0000000000
60380  48.942  -40.864  74.945 0.0000000000
59211  48.996  -42.556  76.607 0.0000000000
59225  48.639  -42.385  75.997 0.0000000000
58088  47.044  -43.006  75.197 0.0000000000
58089  46.525  -43.512  74.963 0.0000000000
56857  46.416  -44.648  75.183 0.0000000000
55666  50.612  -45.181  79.103 0.0000000000
52615  48.212  -47.666  76.422 0.0000000000
53661  48.948  -47.369  77.124 0.0000000000
54709  47.030  -46.776  74.754 0.0000000000
52657  46.815  -47.938  73.354 0.0000000000
52658  46.444  -48.243  72.937 0.0000000000
52661  44.488  -48.365  73.850 0.0000000000
53752  42.577  -47.349  71.147 0.0000000000
53737  42.191  -47.370  71.726 0.0000000000
47487  44.374  -51.545  82.208 0.0000000000
48496  44.303  -51.315  81.262 0.0000000000
47492  38.456  -53.654  81.902 0.0000000000
47491  38.962  -53.356  81.799 0.0000000000
45555  40.131  -53.970  80.564 0.0000000000
46570  40.803  -53.387  78.495 0.0000000000
46562  41.083  -53.518  79.119 0.0000000000
48520  41.808  -52.299  79.200 0.0000000000
50558  42.057  -51.097  79.126 0.0000000000
50566  42.420  -50.150  78.823 0.0000000000
51578  43.115  -49.647  78.827 0.0000000000
51579  41.997  -49.654  78.415 0.0000000000
51587  41.752  -49.357  77.907 0.0000000000
51607  39.105  -50.089  74.650 0.0000000000
52634  39.728  -49.733  75.194 0.0000000000
52648  39.485  -49.452  74.715 0.0000000000
52663  38.991  -48.746  73.864 0.0000000000
53705  39.571  -48.307  73.619 0.0000000000
52717  36.552  -48.456  70.124 0.0000000000
49668  34.911  -50.879  69.328 0.0000000000
45656  34.812  -55.509  73.481 0.0000000000
45675  34.073  -55.607  72.789 0.0000000000
46632  33.676  -54.892  72.249 0.0000000000
45744  32.895  -55.974  69.125 0.0000000000
45736  32.686  -55.475  69.217 0.0000000000
46682  32.525  -55.147  69.041 0.0000000000
36026  34.372  -63.803  76.016 0.0000000000
37114  33.909  -63.142  75.480 0.0000000000
38276  30.406  -62.491  75.278 0.0000000000
38275  31.765  -62.233  75.096 0.0000000000
39415  31.593  -60.707  73.719 0.0000000000
40564  30.056  -60.060  72.060 0.0000000000
36072  26.006  -64.746  72.967 0.0000000000
36061  26.470  -64.697  73.559 0.0000000000
37143  26.336  -64.227  73.057 0.0000000000
38302  26.522  -63.146  72.427 0.0000000000
38356  26.113  -62.466  69.214 0.0000000000
39445  27.606  -61.223  70.116 0.0000000000
39444  28.394  -60.794  70.445 0.0000000000
66781  54.116  -35.511  67.717 0.0000000000
33619  23.431  -66.116  86.107 0.0000000000
33620  23.124  -66.231  86.186 0.0000000000
32383  22.717  -66.303  86.647 0.0000000000
33621  22.675  -66.353  86.214 0.0000000000
33607  25.304  -65.506  86.369 0.0000000000
39227  37.294  -61.430  83.794 0.0000000000
39226  37.689  -60.826  83.789 0.0000000000
40384  37.969  -60.175  83.779 0.0000000000
40399  38.008  -60.418  83.389 0.0000000000
41467  38.038  -59.626  83.950 0.0000000000
42537  37.927  -59.205  84.049 0.0000000000
42538  37.594  -58.728  84.031 0.0000000000
42539  37.436  -58.106  83.835 0.0000000000
42559  36.957  -58.546  82.835 0.0000000000
42560  36.407  -58.507  82.181 0.0000000000
41517  36.386  -59.474  81.189 0.0000000000
42593  35.770  -58.641  80.570 0.0000000000
42615  35.260  -58.399  79.497 0.0000000000
42640  35.056  -58.379  78.667 0.0000000000
42674  35.544  -58.874  76.927 0.0000000000
41609  36.252  -58.948  75.963 0.0000000000
41595  35.298  -59.488  76.853 0.0000000000
41594  35.888  -59.580  76.113 0.0000000000
40518  36.052  -60.420  75.764 0.0000000000
40500  35.560  -60.884  77.292 0.0000000000
39370  35.789  -60.988  75.913 0.0000000000
39386  36.519  -60.803  74.922 0.0000000000
38282  36.163  -61.553  73.981 0.0000000000
38283  35.757  -61.839  73.976 0.0000000000
31252  23.297  -69.065  73.391 0.0000000000
31264  23.448  -68.286  73.170 0.0000000000
29958  20.805  -69.058  72.009 0.0000000000
31272  21.283  -68.634  71.343 0.0000000000
66732  51.532  -35.961  71.161 0.0000000000
66745  51.130  -35.919  70.491 0.0000000000
66733  51.063  -36.123  70.710 0.0000000000
64681  50.250  -36.697  69.911 0.0000000000
64721  48.523  -37.828  68.047 0.0000000000
34945  22.695  -66.290  74.875 0.0000000000
34946  22.280  -66.070  74.811 0.0000000000
34927  21.726  -65.597  75.255 0.0000000000
34928  20.885  -65.682  75.632 0.0000000000
35996  22.182  -64.640  76.831 0.0000000000
34911  21.319  -65.013  76.005 0.0000000000
34913  19.367  -65.530  76.667 0.0000000000
32504  17.334  -66.815  80.592 0.0000000000
32527  16.339  -67.477  79.259 0.0000000000
31084  34.457  -66.498  83.846 0.0000000000
31136  34.383  -66.013  80.821 0.0000000000
31156  33.835  -66.555  80.214 0.0000000000
31157  33.430  -66.839  80.327 0.0000000000
29863  33.025  -67.454  80.001 0.0000000000
29849  32.601  -66.978  80.932 0.0000000000
29864  32.268  -67.797  79.775 0.0000000000
29865  31.753  -67.756  79.554 0.0000000000
33754  26.514  -65.660  79.410 0.0000000000
33772  26.540  -66.700  77.562 0.0000000000
33784  25.945  -66.646  77.152 0.0000000000
33797  24.891  -66.810  76.320 0.0000000000
33786  24.631  -66.132  76.877 0.0000000000
33798  24.251  -66.165  76.374 0.0000000000
34925  23.512  -66.121  75.575 0.0000000000
33807  23.396  -66.298  75.376 0.0000000000
59261  45.151  -42.595  72.713 0.0000000000
59279  44.680  -43.411  70.973 0.0000000000
56908  44.932  -44.176  69.879 0.0000000000
29741  13.652  -69.098  88.768 0.0000000000
28537  13.502  -69.548  86.236 0.0000000000
28545  13.489  -69.527  85.890 0.0000000000
28547  11.587  -69.830  85.631 0.0000000000
61499  51.174  -40.767  76.213 0.0000000000
59208  51.297  -42.094  77.271 0.0000000000
59210  49.742  -42.392  76.707 0.0000000000
58067  49.157  -42.920  76.893 0.0000000000
58055  48.922  -43.717  77.209 0.0000000000
53648  49.345  -47.434  79.246 0.0000000000
52606  48.348  -47.795  77.136 0.0000000000
52627  46.730  -48.440  74.922 0.0000000000
53673  43.558  -47.875  74.749 0.0000000000
46525  43.005  -52.429  82.248 0.0000000000
44578  39.353  -54.932  78.809 0.0000000000
45585  39.950  -54.685  78.803 0.0000000000
46564  40.194  -54.145  78.153 0.0000000000
46573  39.674  -54.187  77.453 0.0000000000
46572  40.163  -53.936  77.728 0.0000000000
46571  40.456  -53.716  78.127 0.0000000000
47522  40.460  -53.183  77.871 0.0000000000
48527  40.624  -52.235  77.262 0.0000000000
48530  40.721  -51.861  77.322 0.0000000000
50573  40.756  -50.726  77.302 0.0000000000
49583  40.358  -51.483  76.638 0.0000000000
50582  39.886  -50.825  75.935 0.0000000000
50583  39.379  -50.711  75.436 0.0000000000
49588  38.803  -51.405  75.428 0.0000000000
50584  38.754  -50.820  75.183 0.0000000000
50591  39.076  -50.427  75.021 0.0000000000
51608  38.634  -50.140  74.355 0.0000000000
51621  38.333  -49.774  73.823 0.0000000000
51636  37.582  -49.623  72.699 0.0000000000
51648  37.203  -49.630  71.854 0.0000000000
50620  36.794  -50.765  72.346 0.0000000000
49640  36.264  -51.264  72.030 0.0000000000
49641  35.665  -51.509  71.602 0.0000000000
49656  34.661  -51.891  71.206 0.0000000000
43742  33.736  -57.378  71.537 0.0000000000
44701  33.568  -56.625  71.712 0.0000000000
44745  32.842  -56.625  69.496 0.0000000000
34920  32.720  -64.747  76.398 0.0000000000
36008  32.148  -64.573  76.437 0.0000000000
37117  30.536  -63.429  75.684 0.0000000000
38288  29.443  -62.230  74.555 0.0000000000
37164  24.468  -64.115  70.984 0.0000000000
37163  25.008  -63.881  71.432 0.0000000000
37174  24.648  -63.859  70.701 0.0000000000
38375  25.510  -62.890  68.868 0.0000000000
70059  58.125  -33.008  68.426 0.0000000000
67828  58.013  -34.667  67.818 0.0000000000
63698  52.713  -38.251  66.463 0.0000000000
33729  23.728  -65.180  80.980 0.0000000000
33730  23.081  -65.045  80.901 0.0000000000
33708  21.921  -65.545  81.949 0.0000000000
33683  20.328  -66.019  82.822 0.0000000000
32425  23.085  -65.763  84.848 0.0000000000
33684  19.706  -66.179  82.867 0.0000000000
32469  18.736  -66.529  83.309 0.0000000000
32448  18.457  -66.872  83.614 0.0000000000
31027  31.027  -66.337  85.443 0.0000000000
32418  29.778  -66.730  83.566 0.0000000000
32438  29.547  -66.805  83.127 0.0000000000
32439  28.864  -66.788  83.170 0.0000000000
32400  26.851  -65.856  84.680 0.0000000000
33629  27.719  -66.184  84.274 0.0000000000
33641  27.732  -66.277  83.985 0.0000000000
33676  27.792  -65.858  82.537 0.0000000000
54772  45.345  -46.754  69.766 0.0000000000
55665  50.770  -44.965  79.514 0.0000000000
54653  50.385  -45.477  79.519 0.0000000000
54654  50.026  -45.947  79.835 0.0000000000
54655  49.730  -46.482  80.175 0.0000000000
53640  49.706  -46.564  79.902 0.0000000000
53642  48.931  -47.602  79.631 0.0000000000
52582  48.543  -47.767  80.058 0.0000000000
51558  47.972  -48.417  80.120 0.0000000000
50528  48.089  -48.323  80.833 0.0000000000
50542  47.774  -48.615  80.614 0.0000000000
51565  47.485  -49.012  79.898 0.0000000000
50553  46.749  -49.524  79.846 0.0000000000
46520  37.947  -53.656  82.748 0.0000000000
46528  38.014  -53.897  82.087 0.0000000000
46547  38.180  -54.210  80.814 0.0000000000
45569  38.405  -54.204  80.160 0.0000000000
43554  36.552  -57.000  83.167 0.0000000000
44545  36.408  -56.464  82.666 0.0000000000
45558  36.353  -55.663  82.015 0.0000000000
45572  36.363  -55.851  81.454 0.0000000000
45571  36.953  -55.018  81.131 0.0000000000
45570  37.557  -54.586  80.423 0.0000000000
44594  38.489  -55.203  78.226 0.0000000000
45597  38.688  -55.202  77.840 0.0000000000
45605  38.098  -55.614  77.415 0.0000000000
44602  38.507  -55.217  76.613 0.0000000000
44630  38.256  -55.160  75.979 0.0000000000
45629  38.051  -55.089  75.749 0.0000000000
46606  37.327  -54.500  75.243 0.0000000000
46607  36.842  -54.502  74.833 0.0000000000
45643  36.955  -54.990  75.197 0.0000000000
45644  36.447  -55.501  74.890 0.0000000000
44665  35.213  -56.515  73.786 0.0000000000
42702  36.957  -58.926  75.082 0.0000000000
42704  36.114  -58.559  74.375 0.0000000000
41630  36.385  -59.618  74.467 0.0000000000
43726  34.303  -57.627  72.265 0.0000000000
42754  33.606  -58.411  70.853 0.0000000000
42742  34.665  -59.192  71.563 0.0000000000
34944  26.974  -66.089  74.711 0.0000000000
34957  25.851  -65.956  73.733 0.0000000000
36074  24.658  -64.888  72.113 0.0000000000
32623  23.692  -67.375  73.058 0.0000000000
33853  23.207  -66.501  72.256 0.0000000000
34978  24.210  -65.249  71.991 0.0000000000
36087  24.312  -64.631  71.371 0.0000000000
68928  55.123  -33.222  70.647 0.0000000000
65730  51.014  -35.851  69.774 0.0000000000
65747  51.108  -35.957  69.313 0.0000000000
65773  51.384  -36.212  68.342 0.0000000000
64719  50.492  -36.963  67.908 0.0000000000
64718  51.693  -36.889  67.400 0.0000000000
34900  19.186  -65.262  77.598 0.0000000000
34914  18.659  -65.691  77.001 0.0000000000
34863  17.977  -65.598  79.186 0.0000000000
34862  18.855  -65.445  79.175 0.0000000000
34901  18.327  -65.613  77.738 0.0000000000
32434  35.741  -65.533  83.060 0.0000000000
36997  36.951  -62.810  83.911 0.0000000000
38116  36.858  -62.072  83.723 0.0000000000
36995  37.312  -62.577  83.092 0.0000000000
37013  37.442  -62.773  83.002 0.0000000000
37028  37.346  -62.722  82.579 0.0000000000
35948  37.022  -63.665  81.952 0.0000000000
37045  37.158  -62.936  81.947 0.0000000000
37057  36.844  -62.894  81.541 0.0000000000
37066  36.109  -63.054  80.547 0.0000000000
37079  35.590  -63.108  79.877 0.0000000000
38221  35.550  -62.752  79.563 0.0000000000
35981  35.431  -63.426  79.467 0.0000000000
35983  34.825  -64.346  78.447 0.0000000000
35994  34.458  -64.888  77.360 0.0000000000
34903  33.898  -65.058  76.630 0.0000000000
34904  33.346  -65.188  76.594 0.0000000000
32537  34.417  -66.211  79.500 0.0000000000
31183  34.064  -66.268  79.192 0.0000000000
32551  34.212  -65.994  78.916 0.0000000000
31185  32.954  -66.400  78.671 0.0000000000
32552  33.574  -66.200  78.312 0.0000000000
34905  32.314  -65.281  76.607 0.0000000000
33792  31.182  -66.452  76.915 0.0000000000
34907  30.402  -65.670  76.450 0.0000000000
31122  31.470  -67.367  81.351 0.0000000000
32481  31.141  -67.213  81.561 0.0000000000
31139  31.189  -67.262  80.999 0.0000000000
31141  30.852  -67.129  80.606 0.0000000000
31170  30.557  -67.448  78.937 0.0000000000
33724  28.985  -66.256  80.394 0.0000000000
33751  29.100  -66.443  79.766 0.0000000000
32522  28.794  -66.540  79.151 0.0000000000
32521  29.620  -66.702  79.452 0.0000000000
32538  29.900  -67.138  78.901 0.0000000000
32565  29.019  -67.759  76.787 0.0000000000
33795  28.680  -67.349  76.520 0.0000000000
33803  28.332  -66.972  76.047 0.0000000000
34924  28.018  -66.479  75.598 0.0000000000
32574  26.199  -68.267  74.986 0.0000000000
31231  25.559  -68.447  74.467 0.0000000000
29937  24.778  -68.776  73.830 0.0000000000
29938  24.692  -68.911  73.942 0.0000000000
29939  23.954  -69.266  73.842 0.0000000000
28650  21.060  -69.857  73.179 0.0000000000
63637  47.917  -38.964  71.733 0.0000000000
63647  47.827  -38.765  71.166 0.0000000000
59295  45.613  -42.935  69.744 0.0000000000
60429  45.812  -42.339  69.401 0.0000000000
59294  46.530  -42.752  69.289 0.0000000000
55817  45.043  -46.050  69.264 0.0000000000
55836  45.029  -45.464  68.580 0.0000000000
34715  22.866  -65.188  88.533 0.0000000000
33594  21.978  -66.026  88.392 0.0000000000
33576  21.738  -65.872  88.960 0.0000000000
32342  21.387  -66.508  88.244 0.0000000000
32365  20.102  -66.913  87.000 0.0000000000
31030  19.631  -66.973  86.662 0.0000000000
31048  18.889  -67.138  85.864 0.0000000000
31049  18.419  -67.907  85.503 0.0000000000
31050  17.869  -68.098  85.115 0.0000000000
29752  17.035  -69.270  88.033 0.0000000000
31034  15.781  -68.799  86.463 0.0000000000
29781  16.364  -68.883  86.609 0.0000000000
31094  15.212  -68.330  82.994 0.0000000000
71186  56.822  -31.686  71.563 0.0000000000
68929  54.515  -33.784  71.102 0.0000000000
66730  52.987  -34.998  70.929 0.0000000000
66716  53.138  -35.310  71.459 0.0000000000
69985  55.639  -33.113  74.583 0.0000000000
66689  54.395  -35.071  73.711 0.0000000000
67764  54.299  -34.954  73.407 0.0000000000
67774  54.101  -34.678  72.771 0.0000000000
67775  53.756  -35.185  72.581 0.0000000000
66718  51.966  -36.240  71.705 0.0000000000
65720  51.376  -36.362  71.388 0.0000000000
65710  51.067  -36.827  71.680 0.0000000000
65695  51.874  -36.829  72.490 0.0000000000
64658  51.191  -37.003  71.938 0.0000000000
63634  50.194  -37.860  71.686 0.0000000000
63621  49.429  -38.648  72.641 0.0000000000
64616  54.213  -37.338  75.260 0.0000000000
63622  48.810  -38.881  72.465 0.0000000000
62562  48.350  -39.285  72.594 0.0000000000
62563  47.648  -39.901  72.940 0.0000000000
62552  47.772  -40.068  73.384 0.0000000000
60403  46.391  -41.199  73.018 0.0000000000
60394  46.153  -41.838  73.565 0.0000000000
60365  49.981  -40.879  75.738 0.0000000000
60381  48.474  -41.191  74.892 0.0000000000
60367  48.280  -41.803  75.366 0.0000000000
58097  45.407  -43.499  73.378 0.0000000000
56874  44.827  -45.042  72.576 0.0000000000
55772  45.071  -45.963  71.988 0.0000000000
54748  45.653  -46.848  71.455 0.0000000000
58031  52.332  -43.073  78.664 0.0000000000
58032  51.511  -43.531  78.339 0.0000000000
58033  51.000  -43.776  78.073 0.0000000000
56835  50.514  -44.334  78.117 0.0000000000
56848  48.139  -44.619  76.854 0.0000000000
54665  49.423  -46.294  78.025 0.0000000000
53665  49.183  -47.009  77.011 0.0000000000
54669  49.012  -46.384  77.387 0.0000000000
55689  48.530  -45.624  77.161 0.0000000000
55745  46.696  -46.269  74.536 0.0000000000
54729  46.027  -46.673  73.102 0.0000000000
54740  45.802  -46.669  72.412 0.0000000000
53734  45.834  -47.349  70.907 0.0000000000
52698  46.288  -48.279  71.570 0.0000000000
52713  45.891  -48.522  70.624 0.0000000000
52682  45.123  -48.721  72.269 0.0000000000
53721  44.635  -48.526  72.644 0.0000000000
52701  44.565  -48.625  70.636 0.0000000000
48503  46.257  -49.773  81.267 0.0000000000
49554  46.016  -49.625  80.743 0.0000000000
49565  46.009  -49.557  80.361 0.0000000000
50554  45.755  -49.431  79.577 0.0000000000
46532  42.394  -52.686  81.304 0.0000000000
44559  39.924  -54.421  79.520 0.0000000000
45567  40.491  -53.837  80.025 0.0000000000
45582  40.991  -53.597  79.939 0.0000000000
45566  41.431  -53.427  80.657 0.0000000000
47489  42.863  -52.226  81.233 0.0000000000
47501  43.146  -51.942  80.976 0.0000000000
48506  43.776  -51.580  80.958 0.0000000000
49556  43.867  -51.208  80.645 0.0000000000
51566  45.569  -49.282  78.894 0.0000000000
52600  43.263  -48.833  78.297 0.0000000000
53674  42.926  -47.691  74.972 0.0000000000
52632  40.991  -48.511  75.755 0.0000000000
52633  39.978  -49.239  75.376 0.0000000000
53684  42.221  -47.564  74.357 0.0000000000
53738  41.096  -47.117  71.825 0.0000000000
53739  39.699  -46.963  71.434 0.0000000000
51664  36.022  -48.965  69.475 0.0000000000
51656  35.649  -49.605  69.657 0.0000000000
46630  34.900  -54.409  73.274 0.0000000000
47571  34.812  -53.570  72.904 0.0000000000
48575  34.744  -53.024  72.521 0.0000000000
48608  34.062  -52.351  70.561 0.0000000000
45697  33.268  -55.957  71.374 0.0000000000
46645  33.454  -54.763  71.296 0.0000000000
47603  33.425  -53.920  70.715 0.0000000000
48609  33.475  -53.224  70.306 0.0000000000
37098  35.399  -62.576  76.762 0.0000000000
36024  35.333  -63.201  75.780 0.0000000000
37111  35.450  -62.702  75.827 0.0000000000
38259  35.544  -62.255  75.187 0.0000000000
38271  35.356  -62.280  74.611 0.0000000000
38284  35.046  -62.038  74.024 0.0000000000
38261  33.555  -62.742  75.246 0.0000000000
38274  32.988  -62.468  74.919 0.0000000000
38273  34.042  -62.467  74.720 0.0000000000
40580  32.936  -59.748  71.991 0.0000000000
41669  31.812  -59.330  69.863 0.0000000000
36059  27.694  -64.269  74.818 0.0000000000
37141  27.778  -63.431  74.392 0.0000000000
40583  29.739  -59.951  71.263 0.0000000000
41670  30.883  -59.310  69.741 0.0000000000
66760  54.869  -34.853  68.073 0.0000000000
64716  53.816  -37.289  67.263 0.0000000000
63656  47.710  -38.657  70.122 0.0000000000
63668  47.359  -38.699  69.073 0.0000000000
63688  46.963  -39.091  68.622 0.0000000000
28538  13.257  -69.555  86.172 0.0000000000
29742  13.412  -69.078  88.938 0.0000000000
29825  32.561  -67.169  82.090 0.0000000000
29835  32.605  -67.100  81.648 0.0000000000
29870  33.117  -66.731  79.406 0.0000000000
29888  32.126  -67.470  78.898 0.0000000000
31016  19.511  -67.220  86.928 0.0000000000
31028  29.646  -66.793  85.051 0.0000000000
31033  16.020  -68.719  86.323 0.0000000000
31052  15.521  -68.806  86.284 0.0000000000
31105  31.250  -67.221  82.150 0.0000000000
31121  31.282  -67.311  81.241 0.0000000000
31140  31.259  -67.233  80.746 0.0000000000
31168  33.706  -66.564  79.629 0.0000000000
31230  26.085  -68.481  75.034 0.0000000000
32359  25.059  -65.560  86.114 0.0000000000
32456  35.779  -65.255  82.326 0.0000000000
32457  35.657  -65.476  82.491 0.0000000000
32480  31.151  -67.349  81.410 0.0000000000
32498  31.055  -67.222  81.198 0.0000000000
32502  27.846  -65.708  79.685 0.0000000000
32557  25.931  -67.131  76.758 0.0000000000
32579  22.376  -68.393  74.786 0.0000000000
32593  23.303  -67.187  74.926 0.0000000000
33618  25.476  -65.486  86.030 0.0000000000
33630  27.449  -66.113  84.318 0.0000000000
33631  23.301  -66.188  85.935 0.0000000000
33640  36.034  -64.698  83.079 0.0000000000
33656  35.980  -64.817  82.832 0.0000000000
33671  36.465  -64.538  82.067 0.0000000000
33699  30.293  -66.731  81.393 0.0000000000
33721  36.157  -64.762  81.331 0.0000000000
33723  29.558  -66.511  80.180 0.0000000000
33783  26.345  -66.694  77.390 0.0000000000
34728  23.115  -65.511  88.387 0.0000000000
34797  36.227  -64.516  83.054 0.0000000000
34819  36.818  -64.142  82.101 0.0000000000
34875  34.707  -64.601  78.282 0.0000000000
34884  17.749  -65.850  78.542 0.0000000000
34892  34.031  -65.347  77.135 0.0000000000
35928  37.321  -63.039  83.016 0.0000000000
35937  37.268  -63.002  82.795 0.0000000000
35969  19.419  -65.270  79.063 0.0000000000
35984  19.409  -65.222  78.822 0.0000000000
36011  22.481  -64.951  75.914 0.0000000000
36012  21.977  -64.577  76.299 0.0000000000
36099  24.651  -63.842  70.308 0.0000000000
37014  37.314  -62.866  83.149 0.0000000000
37029  37.191  -63.094  82.237 0.0000000000
37044  37.366  -62.613  82.067 0.0000000000
37058  36.559  -62.866  81.111 0.0000000000
38177  37.416  -62.437  81.997 0.0000000000
38257  35.684  -61.317  75.915 0.0000000000
38260  33.861  -62.748  75.211 0.0000000000
38262  31.590  -62.678  75.424 0.0000000000
38272  34.781  -62.425  74.542 0.0000000000
38338  25.647  -62.842  70.326 0.0000000000
39215  37.725  -60.397  84.133 0.0000000000
39323  35.742  -62.143  80.132 0.0000000000
39371  35.702  -61.033  76.450 0.0000000000
39387  36.464  -60.909  74.582 0.0000000000
39413  35.152  -61.195  72.880 0.0000000000
40351  37.782  -59.401  84.748 0.0000000000
40400  38.037  -60.189  83.264 0.0000000000
40410  38.122  -60.644  83.109 0.0000000000
40451  35.347  -59.741  79.063 0.0000000000
40517  36.481  -60.096  75.322 0.0000000000
40527  36.627  -60.057  75.057 0.0000000000
41468  37.980  -59.387  83.974 0.0000000000
41516  36.920  -59.966  81.600 0.0000000000
41532  35.472  -58.937  79.727 0.0000000000
41542  35.329  -59.144  79.300 0.0000000000
41593  36.234  -59.873  75.672 0.0000000000
41607  36.591  -59.710  75.303 0.0000000000
41618  36.756  -59.433  75.092 0.0000000000
41619  36.757  -59.337  74.853 0.0000000000
42526  37.833  -58.307  84.609 0.0000000000
42547  37.519  -58.990  83.649 0.0000000000
42548  37.368  -58.551  83.407 0.0000000000
42594  35.555  -58.721  79.990 0.0000000000
42641  35.055  -57.831  78.694 0.0000000000
42659  35.408  -58.536  77.490 0.0000000000
42673  36.028  -58.535  76.539 0.0000000000
42691  36.300  -58.687  76.036 0.0000000000
43525  38.212  -57.389  86.187 0.0000000000
43536  38.137  -58.287  84.983 0.0000000000
43565  37.180  -57.986  83.026 0.0000000000
43608  35.707  -57.126  79.823 0.0000000000
43610  35.128  -57.642  78.843 0.0000000000
43631  35.212  -57.670  78.611 0.0000000000
43710  34.351  -57.124  72.963 0.0000000000
44525  38.033  -56.899  85.826 0.0000000000
44549  39.796  -54.181  79.919 0.0000000000
44558  40.283  -54.334  79.297 0.0000000000
44582  35.600  -57.019  78.972 0.0000000000
44615  38.344  -55.184  76.226 0.0000000000
44616  37.958  -55.394  76.114 0.0000000000
44629  38.469  -55.064  76.090 0.0000000000
44646  36.544  -56.982  75.250 0.0000000000
45556  39.229  -53.962  80.282 0.0000000000
45583  40.437  -54.050  79.356 0.0000000000
45586  37.383  -54.706  80.734 0.0000000000
45595  40.214  -54.361  78.631 0.0000000000
45616  37.574  -55.577  75.861 0.0000000000
45745  32.536  -55.559  68.843 0.0000000000
46548  37.690  -54.432  81.165 0.0000000000
46557  37.646  -54.511  80.717 0.0000000000
46558  37.758  -54.431  80.917 0.0000000000
46579  40.528  -53.313  78.087 0.0000000000
46580  40.359  -53.511  77.743 0.0000000000
46583  38.658  -54.075  76.400 0.0000000000
47481  38.546  -53.320  82.301 0.0000000000
47514  41.634  -52.757  79.352 0.0000000000
47518  40.522  -52.629  77.382 0.0000000000
47526  38.483  -53.841  76.169 0.0000000000
47532  39.823  -52.521  76.378 0.0000000000
47587  33.545  -54.062  71.129 0.0000000000
47630  32.555  -54.029  68.546 0.0000000000
48512  45.794  -49.778  80.740 0.0000000000
48516  41.941  -52.500  79.597 0.0000000000
48521  41.776  -52.578  79.428 0.0000000000
49544  44.585  -51.013  81.127 0.0000000000
49545  44.225  -51.271  80.977 0.0000000000
49555  44.673  -50.701  80.796 0.0000000000
49582  40.649  -51.434  77.077 0.0000000000
49642  35.094  -51.779  71.516 0.0000000000
50531  44.441  -50.996  80.927 0.0000000000
50532  44.514  -51.314  80.909 0.0000000000
50541  47.987  -48.375  80.610 0.0000000000
50545  44.313  -51.076  80.879 0.0000000000
50578  40.249  -50.851  76.364 0.0000000000
51622  37.753  -49.960  73.305 0.0000000000
51665  35.500  -49.428  68.964 0.0000000000
52601  42.632  -49.177  78.404 0.0000000000
52613  41.646  -49.243  77.621 0.0000000000
53748  46.162  -48.170  70.773 0.0000000000
54710  46.714  -46.619  74.196 0.0000000000
54749  45.211  -46.460  71.039 0.0000000000
55764  46.106  -46.359  73.489 0.0000000000
56863  45.614  -45.198  74.066 0.0000000000
56961  46.097  -44.606  68.116 0.0000000000
59269  44.636  -43.431  71.456 0.0000000000
61545  46.297  -40.815  72.401 0.0000000000
62541  48.425  -40.160  74.144 0.0000000000
62600  47.045  -39.137  69.191 0.0000000000
63611  49.634  -38.810  73.335 0.0000000000
63645  49.267  -37.871  70.911 0.0000000000
64637  51.779  -37.469  73.235 0.0000000000
64646  51.990  -36.925  72.859 0.0000000000
65732  50.197  -36.565  69.496 0.0000000000
66784  51.734  -35.740  68.505 0.0000000000
