#!ascii label  , from subject 3802 vox2ras=TkReg
1271
31078  8.210  -69.156  84.465 0.0000000000
65724  46.157  -37.425  70.361 0.0000000000
39281  27.119  -62.826  80.479 0.0000000000
128720  34.784  -60.467  83.963 0.0000000000
39289  19.680  -61.986  81.016 0.0000000000
33612  15.462  -67.193  87.388 0.0000000000
73406  56.402  -30.379  66.855 0.0000000000
69978  54.073  -32.980  74.951 0.0000000000
53689  37.342  -49.997  80.143 0.0000000000
79051  60.907  -23.884  60.524 0.0000000000
38100  25.611  -64.007  85.203 0.0000000000
32411  11.430  -67.793  85.886 0.0000000000
72269  54.682  -31.394  70.887 0.0000000000
70050  51.647  -32.877  69.369 0.0000000000
129354  45.608  -40.403  74.057 0.0000000000
64620  49.905  -38.486  76.681 0.0000000000
59264  41.696  -44.212  72.628 0.0000000000
43611  32.397  -58.346  79.191 0.0000000000
38182  31.556  -63.485  80.592 0.0000000000
38085  21.863  -64.060  85.879 0.0000000000
35870  19.561  -64.931  88.385 0.0000000000
37005  17.796  -64.262  84.149 0.0000000000
33685  14.749  -66.314  82.447 0.0000000000
39285  23.436  -62.673  81.354 0.0000000000
76714  59.356  -27.130  68.700 0.0000000000
74410  58.570  -29.452  72.542 0.0000000000
67777  49.819  -35.206  71.960 0.0000000000
58071  41.570  -46.358  79.671 0.0000000000
49402  38.561  -53.551  88.133 0.0000000000
74521  59.671  -28.813  63.330 0.0000000000
80171  62.007  -24.391  64.675 0.0000000000
81329  64.210  -23.074  62.579 0.0000000000
36935  24.518  -64.618  86.782 0.0000000000
31055  9.717  -68.197  85.903 0.0000000000
32334  10.027  -67.490  89.316 0.0000000000
32353  8.191  -68.305  88.306 0.0000000000
71217  51.531  -32.248  67.336 0.0000000000
129302  45.073  -41.887  76.156 0.0000000000
63581  48.208  -40.929  78.695 0.0000000000
28558  2.094  -69.680  84.499 0.0000000000
129305  41.330  -42.312  69.814 0.0000000000
39329  27.624  -62.142  78.516 0.0000000000
39327  29.664  -62.267  78.126 0.0000000000
38184  28.887  -63.595  80.654 0.0000000000
38148  20.893  -62.971  83.341 0.0000000000
38107  19.496  -63.600  84.856 0.0000000000
38169  18.218  -62.858  83.037 0.0000000000
39287  21.632  -62.528  80.925 0.0000000000
38146  22.726  -63.533  83.160 0.0000000000
34755  17.931  -66.201  87.964 0.0000000000
74479  58.434  -28.518  67.965 0.0000000000
76677  59.694  -27.864  70.742 0.0000000000
74455  57.308  -29.399  70.126 0.0000000000
71138  54.291  -31.692  72.880 0.0000000000
72230  55.742  -30.851  74.085 0.0000000000
66766  45.867  -36.120  68.338 0.0000000000
67817  48.852  -34.725  69.675 0.0000000000
66721  47.947  -36.238  71.380 0.0000000000
54712  37.053  -47.820  76.919 0.0000000000
55729  38.675  -46.035  76.030 0.0000000000
52492  39.291  -48.073  80.357 0.0000000000
39238  32.519  -60.229  81.666 0.0000000000
128861  34.451  -56.253  84.817 0.0000000000
128842  35.993  -56.058  86.865 0.0000000000
73429  55.646  -29.982  65.212 0.0000000000
74524  56.944  -28.789  62.873 0.0000000000
73415  58.263  -29.525  65.632 0.0000000000
75584  59.734  -27.455  66.190 0.0000000000
82546  63.669  -21.925  60.462 0.0000000000
80198  63.328  -22.897  61.587 0.0000000000
82496  63.421  -23.267  63.737 0.0000000000
77887  62.450  -25.171  61.927 0.0000000000
38142  26.308  -63.459  83.336 0.0000000000
38140  28.334  -63.442  83.101 0.0000000000
38079  27.489  -63.738  85.800 0.0000000000
32368  13.441  -67.439  87.590 0.0000000000
32318  14.329  -67.232  90.368 0.0000000000
32332  12.209  -67.381  89.625 0.0000000000
72328  54.424  -31.355  66.193 0.0000000000
73382  55.688  -30.973  68.983 0.0000000000
72304  53.580  -31.514  67.987 0.0000000000
71187  53.075  -32.010  69.886 0.0000000000
70007  52.340  -33.074  71.927 0.0000000000
64662  46.108  -38.689  72.078 0.0000000000
65685  48.082  -37.871  73.157 0.0000000000
63603  47.674  -39.516  75.600 0.0000000000
129001  36.401  -50.500  83.362 0.0000000000
43530  36.949  -57.270  87.196 0.0000000000
29822  6.093  -69.862  83.680 0.0000000000
129546  5.767  -68.693  87.239 0.0000000000
129529  3.760  -69.274  85.472 0.0000000000
63670  43.833  -38.745  69.262 0.0000000000
129372  43.791  -40.717  71.617 0.0000000000
61546  43.884  -41.704  73.019 0.0000000000
60384  44.109  -43.142  75.847 0.0000000000
42660  31.187  -58.949  77.203 0.0000000000
39302  32.364  -61.489  79.676 0.0000000000
37030  33.582  -62.402  82.227 0.0000000000
37002  29.913  -64.341  83.352 0.0000000000
37000  32.230  -63.827  83.727 0.0000000000
38053  23.031  -64.085  87.325 0.0000000000
35868  21.579  -64.664  88.487 0.0000000000
36959  20.541  -64.411  87.213 0.0000000000
35897  19.018  -65.087  86.599 0.0000000000
34771  17.121  -65.909  85.021 0.0000000000
37050  16.923  -63.387  81.815 0.0000000000
34798  16.025  -65.460  83.020 0.0000000000
33636  14.892  -67.038  84.961 0.0000000000
32431  13.027  -67.519  84.501 0.0000000000
31095  11.302  -68.343  83.676 0.0000000000
31111  9.965  -68.823  82.711 0.0000000000
40435  25.393  -62.017  79.277 0.0000000000
40437  23.708  -62.123  79.410 0.0000000000
39283  25.095  -62.794  80.952 0.0000000000
38144  24.412  -63.804  83.254 0.0000000000
38083  23.989  -64.272  85.711 0.0000000000
73346  59.845  -30.225  72.206 0.0000000000
73348  56.722  -29.854  72.207 0.0000000000
68973  49.264  -33.793  68.160 0.0000000000
68930  50.441  -33.796  70.509 0.0000000000
68889  52.161  -34.265  74.229 0.0000000000
65683  49.804  -36.871  73.631 0.0000000000
66669  52.838  -35.900  75.484 0.0000000000
129216  39.311  -44.893  73.063 0.0000000000
58090  42.070  -45.351  75.067 0.0000000000
60357  43.650  -45.714  79.277 0.0000000000
52602  36.299  -51.266  83.967 0.0000000000
128908  38.295  -49.786  87.274 0.0000000000
44470  40.330  -55.564  90.674 0.0000000000
48412  40.892  -51.933  89.450 0.0000000000
128921  40.657  -48.250  86.807 0.0000000000
128986  41.834  -46.408  83.859 0.0000000000
60337  43.166  -45.472  82.543 0.0000000000
76800  60.751  -26.456  61.257 0.0000000000
76764  61.416  -27.007  64.410 0.0000000000
78996  60.524  -25.694  66.608 0.0000000000
35841  25.205  -64.758  87.523 0.0000000000
31056  8.515  -68.570  85.565 0.0000000000
31020  8.851  -68.300  87.377 0.0000000000
31037  7.770  -68.500  86.343 0.0000000000
129253  45.980  -42.658  77.789 0.0000000000
129222  46.754  -42.912  79.908 0.0000000000
28576  1.601  -70.969  82.213 0.0000000000
39305  27.298  -62.588  79.503 0.0000000000
39304  28.246  -62.640  79.245 0.0000000000
38185  27.911  -63.031  81.212 0.0000000000
39264  20.507  -62.534  82.322 0.0000000000
39243  19.076  -62.674  83.412 0.0000000000
39265  19.378  -62.275  82.417 0.0000000000
40424  20.965  -61.957  80.501 0.0000000000
39288  20.744  -62.338  81.195 0.0000000000
38168  21.324  -63.005  82.605 0.0000000000
33611  16.468  -66.768  87.664 0.0000000000
33580  15.781  -66.796  89.506 0.0000000000
74480  57.757  -29.424  67.481 0.0000000000
74470  57.809  -29.123  68.635 0.0000000000
74471  57.033  -29.738  68.283 0.0000000000
71123  53.867  -32.482  73.981 0.0000000000
71111  54.914  -31.754  75.289 0.0000000000
65751  46.002  -36.761  68.990 0.0000000000
66747  47.162  -36.144  69.875 0.0000000000
66737  47.078  -36.453  70.403 0.0000000000
54714  35.142  -50.491  78.508 0.0000000000
53688  37.915  -48.661  79.120 0.0000000000
53687  38.625  -47.588  78.684 0.0000000000
128957  39.101  -48.930  81.567 0.0000000000
128719  33.851  -60.192  83.283 0.0000000000
128799  34.609  -57.660  85.444 0.0000000000
73417  56.459  -30.165  65.958 0.0000000000
73428  56.525  -30.014  65.031 0.0000000000
73405  57.191  -30.024  66.701 0.0000000000
74490  57.928  -29.632  66.487 0.0000000000
81353  62.776  -22.642  60.533 0.0000000000
80211  62.194  -23.501  60.595 0.0000000000
79037  62.623  -24.332  61.797 0.0000000000
77903  62.156  -24.942  60.810 0.0000000000
38122  25.983  -63.744  84.319 0.0000000000
38121  26.911  -63.512  84.301 0.0000000000
38099  26.604  -63.717  85.226 0.0000000000
32369  12.284  -67.447  87.675 0.0000000000
32348  12.744  -67.473  88.665 0.0000000000
32349  11.606  -67.337  88.770 0.0000000000
33570  9.299  -66.959  90.542 0.0000000000
33553  10.620  -67.076  91.289 0.0000000000
72329  53.762  -31.339  66.018 0.0000000000
72317  53.697  -31.232  67.021 0.0000000000
72318  53.010  -31.452  67.101 0.0000000000
70071  51.452  -32.681  67.842 0.0000000000
71210  52.758  -32.097  68.126 0.0000000000
70049  52.303  -32.652  69.721 0.0000000000
71173  52.848  -32.614  70.894 0.0000000000
70033  51.566  -33.155  70.327 0.0000000000
129355  45.859  -39.677  73.267 0.0000000000
63624  46.922  -38.978  73.509 0.0000000000
63613  46.852  -39.526  74.819 0.0000000000
73431  53.934  -30.895  65.298 0.0000000000
29812  5.440  -69.650  84.759 0.0000000000
129524  4.285  -70.147  84.062 0.0000000000
129394  42.493  -39.565  69.344 0.0000000000
64674  44.046  -39.337  70.325 0.0000000000
129375  42.414  -40.179  69.753 0.0000000000
129286  41.838  -42.695  70.651 0.0000000000
60412  42.887  -42.094  71.339 0.0000000000
60396  42.858  -42.887  72.627 0.0000000000
61536  43.766  -42.377  74.042 0.0000000000
59252  42.909  -43.396  74.413 0.0000000000
42662  29.354  -59.163  76.545 0.0000000000
38210  30.892  -62.639  78.981 0.0000000000
39325  31.712  -61.871  78.831 0.0000000000
38197  32.254  -62.854  79.860 0.0000000000
39278  32.699  -61.483  80.711 0.0000000000
37046  32.760  -63.217  81.399 0.0000000000
38096  29.206  -64.512  85.058 0.0000000000
38119  29.088  -64.312  83.967 0.0000000000
38118  29.811  -64.447  84.489 0.0000000000
36969  32.039  -64.265  85.090 0.0000000000
36999  33.610  -63.510  83.218 0.0000000000
38067  22.442  -64.083  86.785 0.0000000000
36957  21.960  -64.206  87.050 0.0000000000
38069  20.825  -64.158  86.449 0.0000000000
38108  18.640  -63.684  84.758 0.0000000000
38089  18.703  -63.886  85.448 0.0000000000
36975  18.449  -64.776  85.254 0.0000000000
34770  17.861  -65.576  85.541 0.0000000000
35907  17.445  -65.224  84.416 0.0000000000
38188  17.357  -62.764  81.887 0.0000000000
34811  15.133  -65.951  81.911 0.0000000000
34810  15.693  -65.379  82.091 0.0000000000
34799  15.354  -66.013  82.691 0.0000000000
34785  15.531  -66.142  83.437 0.0000000000
33661  14.718  -66.427  83.181 0.0000000000
32430  13.751  -67.328  84.569 0.0000000000
33687  13.405  -66.935  83.315 0.0000000000
31110  11.006  -68.424  82.541 0.0000000000
40482  26.302  -61.260  77.542 0.0000000000
40483  25.119  -61.365  77.490 0.0000000000
39311  22.267  -62.315  80.564 0.0000000000
39309  23.567  -62.520  80.431 0.0000000000
39308  24.438  -62.522  80.213 0.0000000000
39284  24.238  -62.886  81.098 0.0000000000
39259  24.821  -63.188  81.714 0.0000000000
39260  24.064  -62.808  82.026 0.0000000000
38126  22.405  -63.935  83.978 0.0000000000
38125  23.300  -64.191  83.907 0.0000000000
38084  22.828  -64.350  85.894 0.0000000000
38066  23.405  -64.336  86.661 0.0000000000
35845  21.051  -64.790  89.221 0.0000000000
129541  4.897  -68.469  87.535 0.0000000000
32338  5.986  -68.169  88.917 0.0000000000
77800  60.439  -26.788  69.688 0.0000000000
75513  58.986  -29.046  71.727 0.0000000000
75511  60.030  -28.608  71.440 0.0000000000
74409  59.100  -29.589  72.479 0.0000000000
73323  58.557  -30.121  73.098 0.0000000000
72280  55.408  -31.052  69.948 0.0000000000
73362  55.863  -30.309  70.897 0.0000000000
73349  55.930  -30.242  71.973 0.0000000000
72217  56.660  -30.883  74.871 0.0000000000
66734  49.465  -35.205  71.103 0.0000000000
67816  49.536  -34.479  70.119 0.0000000000
67788  50.361  -34.405  71.943 0.0000000000
68910  51.544  -33.596  72.391 0.0000000000
68901  50.713  -34.529  72.815 0.0000000000
64639  49.082  -37.759  74.162 0.0000000000
65684  48.672  -37.508  73.256 0.0000000000
64627  50.715  -37.620  75.272 0.0000000000
129162  38.106  -45.679  73.318 0.0000000000
54696  39.533  -46.329  77.168 0.0000000000
58072  41.278  -45.580  76.193 0.0000000000
58082  42.233  -45.829  76.756 0.0000000000
59228  42.962  -45.306  76.766 0.0000000000
59214  42.698  -45.929  78.175 0.0000000000
45617  32.064  -56.456  78.270 0.0000000000
128885  32.690  -56.600  79.593 0.0000000000
52592  37.951  -53.625  86.798 0.0000000000
53663  37.017  -50.539  85.447 0.0000000000
128906  38.393  -51.643  88.566 0.0000000000
128744  37.983  -57.084  88.446 0.0000000000
47426  42.125  -50.192  88.407 0.0000000000
48440  40.723  -49.687  88.084 0.0000000000
128937  41.543  -48.842  86.865 0.0000000000
48464  41.426  -46.361  84.365 0.0000000000
128970  42.151  -49.379  86.145 0.0000000000
74522  58.648  -29.024  63.030 0.0000000000
75626  60.883  -27.972  62.650 0.0000000000
75636  61.403  -27.304  62.360 0.0000000000
75613  61.021  -27.907  63.690 0.0000000000
76733  59.459  -27.196  67.277 0.0000000000
76752  60.157  -26.831  65.970 0.0000000000
77839  59.951  -26.203  67.474 0.0000000000
78986  60.583  -25.838  67.224 0.0000000000
82545  64.098  -22.177  60.889 0.0000000000
81308  62.476  -23.875  64.506 0.0000000000
81282  63.071  -24.013  65.329 0.0000000000
80153  62.266  -24.760  65.801 0.0000000000
38064  25.609  -64.252  86.176 0.0000000000
38063  26.689  -63.641  86.409 0.0000000000
35866  25.865  -64.399  87.177 0.0000000000
32412  10.503  -67.867  86.246 0.0000000000
32371  10.299  -67.223  87.657 0.0000000000
32372  9.605  -67.773  87.483 0.0000000000
32335  9.103  -67.425  89.563 0.0000000000
32322  8.202  -67.323  90.146 0.0000000000
71227  50.754  -32.475  66.185 0.0000000000
70072  50.830  -32.993  67.440 0.0000000000
129281  45.633  -41.045  75.581 0.0000000000
63604  46.559  -40.749  76.269 0.0000000000
63592  47.171  -41.154  77.803 0.0000000000
62522  47.593  -42.089  79.400 0.0000000000
129525  3.573  -70.674  83.214 0.0000000000
28575  2.772  -70.881  82.365 0.0000000000
28568  0.842  -70.753  83.319 0.0000000000
129331  41.463  -41.456  69.599 0.0000000000
129255  40.925  -44.089  70.858 0.0000000000
40480  28.684  -60.928  77.286 0.0000000000
39328  28.669  -62.251  78.409 0.0000000000
39303  29.172  -62.734  78.968 0.0000000000
38183  30.325  -63.568  80.754 0.0000000000
37004  20.776  -63.588  84.447 0.0000000000
38106  20.380  -63.843  84.876 0.0000000000
38129  19.898  -63.483  84.517 0.0000000000
39230  18.878  -63.304  83.951 0.0000000000
38150  17.919  -63.417  83.549 0.0000000000
32470  13.332  -66.991  82.193 0.0000000000
34845  13.808  -66.172  80.152 0.0000000000
40439  21.520  -61.708  80.051 0.0000000000
39286  22.621  -62.656  81.287 0.0000000000
39261  23.141  -62.992  82.171 0.0000000000
39241  21.983  -63.314  82.368 0.0000000000
38147  21.859  -63.385  83.009 0.0000000000
35848  18.734  -65.576  88.799 0.0000000000
75565  58.980  -27.811  68.460 0.0000000000
75558  59.602  -27.563  69.875 0.0000000000
74469  58.491  -28.453  69.048 0.0000000000
74453  58.762  -28.722  70.946 0.0000000000
74445  58.045  -29.158  71.657 0.0000000000
72254  54.441  -31.300  72.039 0.0000000000
72242  55.218  -30.873  72.764 0.0000000000
71121  54.930  -31.373  73.595 0.0000000000
71110  55.448  -31.211  75.345 0.0000000000
67848  47.663  -34.772  67.863 0.0000000000
66764  47.523  -35.636  69.494 0.0000000000
67803  47.966  -35.549  70.198 0.0000000000
66719  49.427  -35.426  71.557 0.0000000000
64596  51.469  -37.819  77.869 0.0000000000
55749  36.176  -46.999  74.986 0.0000000000
55748  37.508  -46.298  74.654 0.0000000000
54698  38.050  -46.942  77.361 0.0000000000
54682  39.402  -46.852  78.249 0.0000000000
128971  41.119  -47.202  80.980 0.0000000000
41503  32.535  -58.894  80.730 0.0000000000
128824  32.870  -57.633  81.036 0.0000000000
40401  32.542  -59.013  81.773 0.0000000000
128766  37.507  -55.102  88.129 0.0000000000
73460  54.896  -29.485  63.645 0.0000000000
74525  56.093  -28.678  63.117 0.0000000000
73442  56.625  -29.844  64.076 0.0000000000
73441  57.521  -29.714  63.886 0.0000000000
74510  59.062  -29.030  64.047 0.0000000000
74499  59.927  -28.284  65.092 0.0000000000
74500  59.300  -28.773  65.297 0.0000000000
75574  59.161  -27.896  67.528 0.0000000000
82547  62.997  -21.943  59.879 0.0000000000
81352  63.309  -22.218  60.483 0.0000000000
82536  63.866  -22.349  61.632 0.0000000000
82526  63.964  -22.912  62.947 0.0000000000
81331  63.358  -23.199  62.562 0.0000000000
80181  62.664  -24.136  63.374 0.0000000000
79024  62.485  -24.537  63.294 0.0000000000
38163  26.549  -63.501  82.077 0.0000000000
38162  27.682  -63.008  82.241 0.0000000000
38141  27.313  -63.067  83.302 0.0000000000
38120  27.761  -63.869  84.147 0.0000000000
38078  28.498  -64.346  85.711 0.0000000000
32367  14.653  -67.276  87.638 0.0000000000
32346  14.856  -67.263  88.829 0.0000000000
32347  13.809  -67.295  88.677 0.0000000000
32319  13.506  -67.357  90.442 0.0000000000
33568  10.982  -67.098  90.493 0.0000000000
32292  11.514  -67.633  91.426 0.0000000000
73407  55.538  -30.803  67.057 0.0000000000
73394  56.417  -30.448  67.813 0.0000000000
72302  55.011  -30.882  67.546 0.0000000000
73383  55.144  -31.265  69.043 0.0000000000
72281  54.809  -31.348  69.733 0.0000000000
72305  52.938  -31.691  67.594 0.0000000000
71198  53.274  -31.961  69.163 0.0000000000
72282  53.875  -31.748  70.113 0.0000000000
72255  54.010  -31.777  71.895 0.0000000000
71155  53.483  -32.311  71.930 0.0000000000
69997  53.338  -33.014  73.309 0.0000000000
64673  45.639  -38.508  71.234 0.0000000000
65713  47.000  -37.097  71.967 0.0000000000
64650  47.193  -38.177  72.651 0.0000000000
64640  48.193  -38.339  73.798 0.0000000000
63590  49.266  -39.011  76.183 0.0000000000
63591  48.276  -39.722  76.901 0.0000000000
63580  49.063  -39.324  77.538 0.0000000000
64611  49.846  -38.672  77.987 0.0000000000
129021  36.304  -50.621  81.615 0.0000000000
128798  35.045  -58.276  86.042 0.0000000000
74527  53.726  -29.075  63.408 0.0000000000
73444  54.875  -29.904  64.395 0.0000000000
73430  54.895  -30.523  65.158 0.0000000000
81342  60.036  -22.295  61.069 0.0000000000
80200  60.182  -23.433  61.020 0.0000000000
29810  7.490  -69.405  84.182 0.0000000000
31038  6.864  -68.681  86.320 0.0000000000
31080  6.236  -69.272  84.984 0.0000000000
29789  4.758  -68.960  86.367 0.0000000000
129542  3.770  -68.174  87.954 0.0000000000
129534  2.929  -69.394  84.986 0.0000000000
64698  44.802  -37.630  69.019 0.0000000000
64699  44.193  -37.966  68.698 0.0000000000
129414  44.627  -38.095  69.681 0.0000000000
129373  44.707  -39.848  71.473 0.0000000000
129352  45.040  -40.638  73.089 0.0000000000
129332  42.371  -41.339  70.497 0.0000000000
129329  44.955  -41.434  74.664 0.0000000000
129328  44.672  -42.139  75.907 0.0000000000
61512  45.035  -42.895  76.976 0.0000000000
43632  31.536  -58.378  78.083 0.0000000000
40478  30.399  -60.730  77.557 0.0000000000
41544  31.575  -59.831  78.225 0.0000000000
41533  32.248  -59.476  79.347 0.0000000000
39257  32.077  -60.129  80.951 0.0000000000
128741  32.806  -60.720  82.244 0.0000000000
38138  33.583  -61.643  82.470 0.0000000000
38161  28.526  -63.674  81.911 0.0000000000
38160  29.618  -63.770  81.606 0.0000000000
37033  31.298  -63.809  82.144 0.0000000000
36983  31.563  -64.160  84.657 0.0000000000
37018  31.675  -63.901  82.939 0.0000000000
37032  32.356  -63.688  82.071 0.0000000000
37017  32.922  -63.671  82.716 0.0000000000
36998  33.852  -62.292  82.856 0.0000000000
128702  34.692  -61.699  83.489 0.0000000000
35843  23.580  -64.581  88.261 0.0000000000
35867  22.036  -64.739  88.316 0.0000000000
36938  21.186  -64.543  87.856 0.0000000000
35886  20.401  -64.525  87.784 0.0000000000
38070  20.114  -64.174  86.360 0.0000000000
36960  19.764  -64.399  86.624 0.0000000000
35888  19.061  -65.148  87.646 0.0000000000
34760  18.610  -65.469  87.145 0.0000000000
34761  17.844  -66.044  86.591 0.0000000000
33623  16.564  -66.823  86.566 0.0000000000
39267  17.875  -62.537  82.294 0.0000000000
38170  17.761  -63.010  82.738 0.0000000000
37021  17.300  -64.182  83.514 0.0000000000
37051  16.418  -64.014  81.507 0.0000000000
35939  16.764  -64.252  82.814 0.0000000000
37007  17.177  -64.906  83.742 0.0000000000
34784  16.396  -65.754  84.066 0.0000000000
33645  16.023  -66.473  84.656 0.0000000000
33624  15.383  -67.048  86.177 0.0000000000
32388  14.268  -67.398  86.339 0.0000000000
32409  13.473  -67.488  85.413 0.0000000000
32410  12.459  -67.595  85.672 0.0000000000
32471  12.896  -67.228  82.798 0.0000000000
32450  12.310  -67.857  83.851 0.0000000000
31053  11.443  -68.014  85.239 0.0000000000
31076  10.496  -68.409  84.668 0.0000000000
31077  9.419  -68.747  84.671 0.0000000000
31097  9.270  -69.022  83.599 0.0000000000
29832  8.363  -69.628  82.746 0.0000000000
29833  7.296  -69.936  82.333 0.0000000000
39330  26.729  -62.205  78.910 0.0000000000
39306  26.193  -62.379  79.644 0.0000000000
40436  24.597  -61.911  79.387 0.0000000000
39307  25.285  -62.525  80.030 0.0000000000
39282  26.104  -63.245  80.723 0.0000000000
39258  25.567  -63.445  81.482 0.0000000000
38143  25.329  -63.695  83.360 0.0000000000
38123  25.032  -63.768  84.264 0.0000000000
38145  23.485  -63.611  83.078 0.0000000000
38124  24.191  -64.193  84.033 0.0000000000
38101  24.713  -64.104  85.071 0.0000000000
38065  24.397  -64.453  86.396 0.0000000000
38052  23.669  -64.414  87.294 0.0000000000
31014  6.764  -68.282  87.778 0.0000000000
32323  7.140  -67.548  90.020 0.0000000000
76675  60.404  -27.404  70.870 0.0000000000
73370  56.544  -29.853  70.179 0.0000000000
73360  57.372  -29.574  71.511 0.0000000000
73347  57.507  -29.547  72.335 0.0000000000
73327  56.477  -30.312  73.692 0.0000000000
73326  56.988  -30.245  73.646 0.0000000000
73325  57.587  -30.265  73.355 0.0000000000
70073  49.506  -33.459  67.466 0.0000000000
70064  49.694  -33.539  68.274 0.0000000000
67847  48.346  -34.577  68.357 0.0000000000
68965  49.653  -33.809  68.821 0.0000000000
70051  50.899  -33.359  69.674 0.0000000000
70018  51.387  -33.311  71.223 0.0000000000
68909  52.552  -33.324  72.825 0.0000000000
68888  52.971  -33.625  74.135 0.0000000000
65712  48.066  -36.633  71.885 0.0000000000
65697  48.878  -36.618  72.610 0.0000000000
66694  49.836  -36.133  73.174 0.0000000000
64618  51.718  -37.582  76.409 0.0000000000
65672  51.701  -36.609  74.902 0.0000000000
66692  51.197  -35.358  74.026 0.0000000000
67756  52.252  -35.017  74.558 0.0000000000
67750  53.570  -35.084  75.570 0.0000000000
56891  38.867  -44.706  71.451 0.0000000000
56890  40.455  -44.509  71.664 0.0000000000
129069  39.581  -45.620  75.536 0.0000000000
58099  41.063  -44.962  73.945 0.0000000000
58098  41.852  -44.420  74.257 0.0000000000
59240  42.754  -44.119  75.242 0.0000000000
60370  43.827  -44.934  77.395 0.0000000000
61500  44.990  -44.061  78.982 0.0000000000
52585  33.550  -55.052  81.485 0.0000000000
128922  37.455  -49.873  86.179 0.0000000000
128923  37.685  -49.756  85.262 0.0000000000
128822  35.924  -57.248  86.844 0.0000000000
128764  37.961  -56.048  88.734 0.0000000000
46459  39.308  -54.351  89.964 0.0000000000
47420  41.697  -53.622  90.020 0.0000000000
48414  39.985  -52.443  89.725 0.0000000000
47427  39.717  -50.503  88.363 0.0000000000
51465  39.474  -48.363  86.465 0.0000000000
50421  38.860  -48.047  84.886 0.0000000000
52505  40.333  -47.468  82.388 0.0000000000
52504  40.803  -47.081  81.674 0.0000000000
129117  42.154  -46.069  81.379 0.0000000000
59164  42.835  -47.567  84.947 0.0000000000
128974  42.044  -45.949  83.108 0.0000000000
129116  42.453  -45.930  81.328 0.0000000000
59212  43.435  -45.986  80.257 0.0000000000
79040  59.353  -24.284  61.418 0.0000000000
77896  60.229  -25.432  61.084 0.0000000000
77888  62.087  -25.950  62.220 0.0000000000
77881  61.933  -25.940  63.240 0.0000000000
77873  61.577  -26.014  64.398 0.0000000000
75593  60.501  -27.412  65.310 0.0000000000
77861  60.949  -26.109  65.492 0.0000000000
79006  61.804  -25.203  65.517 0.0000000000
78995  61.043  -25.510  66.513 0.0000000000
35825  24.141  -64.783  88.341 0.0000000000
34712  24.481  -64.943  88.337 0.0000000000
31057  7.449  -68.725  85.491 0.0000000000
33597  16.739  -66.511  88.677 0.0000000000
33598  15.664  -66.884  88.483 0.0000000000
74481  56.977  -30.025  67.452 0.0000000000
69986  53.934  -32.582  74.313 0.0000000000
65734  46.091  -37.148  69.661 0.0000000000
65733  46.618  -36.752  70.118 0.0000000000
128779  34.902  -58.543  85.779 0.0000000000
80212  61.348  -23.451  60.519 0.0000000000
79050  61.713  -24.436  60.645 0.0000000000
77902  62.235  -24.644  60.859 0.0000000000
38081  26.185  -63.932  85.834 0.0000000000
32390  11.863  -67.602  86.752 0.0000000000
32370  11.224  -67.248  87.727 0.0000000000
72338  52.757  -30.997  65.389 0.0000000000
72330  53.051  -31.282  66.330 0.0000000000
71235  52.652  -31.391  65.936 0.0000000000
70062  51.367  -32.824  68.398 0.0000000000
71200  51.844  -32.628  68.816 0.0000000000
70032  52.259  -32.830  70.228 0.0000000000
63625  46.367  -39.375  73.326 0.0000000000
129330  46.211  -39.878  74.083 0.0000000000
29824  4.619  -70.355  83.605 0.0000000000
63658  41.468  -39.275  68.607 0.0000000000
129376  42.027  -39.924  69.371 0.0000000000
63649  42.664  -39.753  69.550 0.0000000000
59263  42.296  -43.074  72.010 0.0000000000
60395  43.263  -42.792  73.522 0.0000000000
59253  42.446  -43.738  73.653 0.0000000000
38198  31.193  -63.316  79.670 0.0000000000
38209  31.760  -62.531  79.250 0.0000000000
38181  32.501  -63.184  80.688 0.0000000000
37047  31.921  -63.613  81.376 0.0000000000
38068  21.613  -64.149  86.509 0.0000000000
38086  21.003  -63.896  85.784 0.0000000000
38109  18.198  -63.985  84.478 0.0000000000
36988  18.331  -64.385  84.832 0.0000000000
35906  18.096  -65.247  84.904 0.0000000000
35918  17.642  -64.822  84.101 0.0000000000
33662  14.010  -66.787  83.566 0.0000000000
33686  13.898  -66.656  82.486 0.0000000000
39310  22.915  -62.485  80.705 0.0000000000
40438  22.683  -61.993  79.841 0.0000000000
38104  22.118  -64.054  84.999 0.0000000000
35846  19.984  -65.054  89.026 0.0000000000
129555  4.253  -67.936  88.686 0.0000000000
31000  5.188  -67.954  88.882 0.0000000000
77817  59.606  -26.623  68.766 0.0000000000
77816  59.962  -26.505  69.127 0.0000000000
76713  59.639  -27.150  69.320 0.0000000000
74427  58.370  -28.996  72.061 0.0000000000
75496  58.865  -28.914  71.904 0.0000000000
73335  59.127  -30.196  72.983 0.0000000000
74395  58.377  -29.819  72.982 0.0000000000
72268  55.336  -30.931  70.498 0.0000000000
72253  55.260  -30.836  71.529 0.0000000000
67789  49.971  -34.822  71.478 0.0000000000
67766  50.680  -34.925  73.107 0.0000000000
64628  49.820  -38.187  75.147 0.0000000000
129142  37.243  -45.969  73.277 0.0000000000
58081  42.429  -45.988  77.788 0.0000000000
44598  32.130  -57.552  78.719 0.0000000000
128873  32.609  -57.701  79.492 0.0000000000
128899  37.840  -52.053  88.291 0.0000000000
128907  38.139  -51.870  89.088 0.0000000000
46481  42.856  -51.367  88.511 0.0000000000
128956  42.067  -50.555  87.501 0.0000000000
128961  42.259  -49.852  86.824 0.0000000000
74536  59.255  -28.464  62.488 0.0000000000
74535  60.124  -28.474  62.688 0.0000000000
74520  60.502  -28.453  63.471 0.0000000000
76722  59.297  -27.168  67.978 0.0000000000
77840  59.537  -26.709  67.614 0.0000000000
77828  59.499  -26.575  68.186 0.0000000000
77827  59.829  -26.307  68.401 0.0000000000
81339  64.418  -22.810  61.633 0.0000000000
80188  64.456  -23.648  62.112 0.0000000000
81295  62.754  -24.062  64.882 0.0000000000
81296  62.320  -24.259  65.136 0.0000000000
81283  62.566  -24.361  65.495 0.0000000000
81284  62.321  -24.520  65.520 0.0000000000
36955  24.935  -64.441  86.466 0.0000000000
36934  25.366  -64.469  86.872 0.0000000000
32413  10.031  -67.906  86.449 0.0000000000
32392  10.169  -67.676  86.909 0.0000000000
32393  9.774  -67.933  86.733 0.0000000000
31012  8.340  -68.409  87.827 0.0000000000
32352  8.914  -68.102  88.255 0.0000000000
32321  8.782  -67.156  90.289 0.0000000000
32336  7.847  -67.790  88.942 0.0000000000
70084  49.996  -32.883  66.640 0.0000000000
70083  50.634  -32.737  66.806 0.0000000000
63593  46.633  -41.848  77.573 0.0000000000
27393  3.146  -71.019  81.958 0.0000000000
40481  27.493  -61.393  77.514 0.0000000000
39346  28.323  -61.794  77.812 0.0000000000
38200  28.798  -63.002  79.751 0.0000000000
38199  29.848  -63.308  79.550 0.0000000000
38128  20.325  -63.308  84.177 0.0000000000
39228  19.896  -63.025  83.951 0.0000000000
39244  18.508  -62.913  83.404 0.0000000000
38130  18.378  -63.402  83.838 0.0000000000
38149  18.166  -63.108  83.332 0.0000000000
40423  21.344  -62.050  80.528 0.0000000000
39262  22.298  -62.990  81.736 0.0000000000
39263  21.559  -63.033  81.946 0.0000000000
38127  21.309  -63.649  84.171 0.0000000000
34746  18.373  -65.789  88.517 0.0000000000
34747  17.659  -66.157  88.795 0.0000000000
74461  57.867  -29.003  69.658 0.0000000000
74454  58.020  -29.325  70.666 0.0000000000
71137  54.767  -31.272  72.995 0.0000000000
67836  46.828  -35.454  68.098 0.0000000000
66765  46.928  -36.082  68.940 0.0000000000
66736  47.725  -35.926  70.744 0.0000000000
66746  47.697  -35.702  70.010 0.0000000000
66735  48.816  -35.401  70.993 0.0000000000
66720  48.666  -36.000  71.595 0.0000000000
54711  37.264  -46.667  76.190 0.0000000000
128985  40.223  -47.371  80.200 0.0000000000
73443  55.706  -29.800  64.279 0.0000000000
73459  55.834  -29.370  63.502 0.0000000000
73427  57.479  -29.919  64.825 0.0000000000
73426  58.352  -29.474  64.557 0.0000000000
74489  58.747  -28.735  66.651 0.0000000000
81341  63.161  -22.834  61.163 0.0000000000
81340  63.485  -22.482  61.148 0.0000000000
81330  63.630  -22.788  62.098 0.0000000000
80189  63.333  -23.212  62.026 0.0000000000
80190  62.950  -23.733  62.463 0.0000000000
79031  62.573  -24.603  62.756 0.0000000000
38098  27.407  -63.499  85.212 0.0000000000
38097  28.225  -63.970  85.054 0.0000000000
32331  13.163  -67.357  89.610 0.0000000000
32320  12.641  -67.364  90.446 0.0000000000
32305  13.007  -67.582  91.113 0.0000000000
32306  12.143  -67.548  91.184 0.0000000000
32333  10.386  -67.395  89.255 0.0000000000
33601  10.688  -67.286  89.211 0.0000000000
33583  10.535  -67.203  89.613 0.0000000000
73408  54.969  -30.941  66.810 0.0000000000
72315  54.991  -30.863  67.076 0.0000000000
72303  54.356  -31.039  67.756 0.0000000000
72291  54.478  -31.287  68.659 0.0000000000
72292  53.888  -31.548  69.056 0.0000000000
71226  51.794  -31.958  66.321 0.0000000000
71216  52.378  -31.741  67.183 0.0000000000
71199  52.482  -32.441  69.182 0.0000000000
72270  54.078  -31.918  71.280 0.0000000000
71172  53.320  -32.111  70.715 0.0000000000
71156  52.780  -32.819  71.441 0.0000000000
70006  53.180  -32.988  72.677 0.0000000000
64661  46.686  -38.202  72.033 0.0000000000
63612  47.595  -39.053  74.226 0.0000000000
63623  47.604  -38.657  73.614 0.0000000000
64630  48.007  -38.851  74.556 0.0000000000
64629  48.640  -38.662  74.730 0.0000000000
63602  48.813  -38.958  75.647 0.0000000000
63566  49.246  -39.709  78.887 0.0000000000
129250  50.635  -38.722  79.804 0.0000000000
54683  35.017  -49.830  81.108 0.0000000000
74511  53.548  -29.532  63.822 0.0000000000
73461  54.324  -29.649  63.894 0.0000000000
73445  53.885  -29.884  64.341 0.0000000000
73420  54.311  -31.334  65.841 0.0000000000
73419  54.960  -31.237  66.094 0.0000000000
73418  55.676  -30.517  66.051 0.0000000000
29811  6.577  -69.491  84.312 0.0000000000
29801  5.123  -69.332  85.759 0.0000000000
29790  4.264  -68.821  86.590 0.0000000000
129536  3.662  -68.612  87.001 0.0000000000
129527  3.137  -70.471  83.712 0.0000000000
129526  3.539  -70.215  84.126 0.0000000000
29813  2.365  -69.556  84.668 0.0000000000
65752  44.960  -36.958  68.589 0.0000000000
63671  43.492  -38.509  68.724 0.0000000000
64700  42.989  -37.932  68.391 0.0000000000
129415  44.301  -38.323  69.120 0.0000000000
129408  43.563  -39.074  69.704 0.0000000000
129357  42.894  -40.316  70.316 0.0000000000
129308  41.780  -41.724  70.202 0.0000000000
129307  42.097  -41.918  70.579 0.0000000000
60405  43.283  -42.205  71.985 0.0000000000
61535  44.217  -41.781  73.923 0.0000000000
61526  43.960  -42.445  74.748 0.0000000000
60383  44.386  -42.645  75.958 0.0000000000
42675  30.721  -58.561  76.828 0.0000000000
43648  31.151  -58.046  77.330 0.0000000000
39345  29.146  -61.570  77.831 0.0000000000
40479  29.588  -60.871  77.479 0.0000000000
39344  30.073  -61.500  77.637 0.0000000000
40453  31.183  -60.699  77.909 0.0000000000
40452  31.928  -60.568  78.776 0.0000000000
41543  31.821  -59.485  78.818 0.0000000000
40433  32.430  -60.180  79.841 0.0000000000
39279  32.478  -60.512  80.545 0.0000000000
38180  32.884  -62.312  81.120 0.0000000000
39277  32.813  -61.674  81.189 0.0000000000
38158  33.265  -61.931  81.717 0.0000000000
38139  29.438  -64.039  82.683 0.0000000000
37034  30.346  -63.791  82.071 0.0000000000
37019  30.555  -64.165  82.839 0.0000000000
36982  32.891  -63.916  84.490 0.0000000000
128691  34.112  -62.777  83.364 0.0000000000
128703  34.278  -61.631  83.240 0.0000000000
36936  23.227  -64.285  87.718 0.0000000000
36920  23.123  -64.455  88.090 0.0000000000
36937  22.276  -64.487  87.728 0.0000000000
36958  21.420  -64.312  87.145 0.0000000000
36939  20.681  -64.535  87.865 0.0000000000
38087  20.153  -63.948  85.711 0.0000000000
38088  19.270  -63.898  85.813 0.0000000000
36974  18.699  -64.346  85.686 0.0000000000
36973  19.253  -64.457  86.272 0.0000000000
35896  19.481  -64.640  86.734 0.0000000000
34762  17.011  -66.439  85.847 0.0000000000
33622  17.086  -66.618  87.119 0.0000000000
38171  17.289  -63.203  82.312 0.0000000000
37035  17.557  -63.613  83.295 0.0000000000
37036  17.158  -63.732  82.752 0.0000000000
37060  16.126  -64.049  80.409 0.0000000000
35950  15.865  -64.693  81.286 0.0000000000
35940  16.312  -64.642  82.365 0.0000000000
35931  16.771  -64.777  83.373 0.0000000000
35919  16.927  -65.176  83.850 0.0000000000
35908  17.031  -65.272  84.148 0.0000000000
33646  14.893  -66.626  84.278 0.0000000000
33635  15.379  -66.843  85.151 0.0000000000
33625  14.841  -67.103  85.526 0.0000000000
33648  13.523  -67.240  84.224 0.0000000000
32472  12.049  -68.034  82.742 0.0000000000
32432  12.076  -67.965  84.980 0.0000000000
31075  11.434  -68.184  84.645 0.0000000000
31054  10.835  -68.098  85.438 0.0000000000
31096  10.268  -68.714  83.646 0.0000000000
29841  8.092  -69.699  81.632 0.0000000000
40455  25.852  -61.894  78.622 0.0000000000
40434  25.781  -62.131  79.223 0.0000000000
40457  23.902  -60.916  78.958 0.0000000000
38165  24.640  -63.463  82.504 0.0000000000
39239  22.924  -63.291  82.671 0.0000000000
38103  23.115  -64.160  84.920 0.0000000000
38102  23.888  -64.137  84.786 0.0000000000
36919  23.824  -64.267  87.860 0.0000000000
35844  22.420  -64.883  88.563 0.0000000000
32329  15.027  -66.909  89.748 0.0000000000
32317  15.127  -67.099  90.224 0.0000000000
31023  6.420  -68.663  87.125 0.0000000000
32324  5.957  -67.817  89.716 0.0000000000
32337  6.746  -68.123  89.132 0.0000000000
32309  6.329  -67.550  91.011 0.0000000000
75553  59.397  -27.866  70.376 0.0000000000
76699  59.778  -27.656  70.581 0.0000000000
76676  59.884  -27.695  70.817 0.0000000000
74425  59.927  -29.255  71.801 0.0000000000
73381  56.375  -30.304  68.962 0.0000000000
73361  56.576  -29.862  71.269 0.0000000000
73338  56.136  -30.238  73.004 0.0000000000
72228  57.029  -30.540  74.208 0.0000000000
73316  57.780  -30.556  73.738 0.0000000000
73324  58.150  -30.128  73.183 0.0000000000
70074  48.325  -33.799  66.783 0.0000000000
67835  47.816  -35.081  68.895 0.0000000000
67834  48.619  -34.541  68.911 0.0000000000
68931  50.016  -34.276  70.542 0.0000000000
68948  49.798  -34.062  69.756 0.0000000000
68964  50.256  -33.636  69.360 0.0000000000
68947  50.443  -33.620  69.959 0.0000000000
70034  50.902  -33.418  70.449 0.0000000000
70019  50.788  -33.528  70.928 0.0000000000
68900  51.284  -34.271  73.288 0.0000000000
68899  52.214  -33.689  73.427 0.0000000000
65698  47.794  -37.431  72.612 0.0000000000
65696  49.487  -36.285  72.997 0.0000000000
65682  50.507  -36.429  74.006 0.0000000000
65664  52.738  -36.498  76.131 0.0000000000
65665  51.938  -36.971  75.749 0.0000000000
66670  52.107  -36.389  75.075 0.0000000000
66679  51.679  -35.885  74.488 0.0000000000
67757  51.630  -34.977  74.166 0.0000000000
66678  52.476  -35.482  74.807 0.0000000000
129188  38.172  -45.175  72.163 0.0000000000
59241  42.334  -44.507  74.752 0.0000000000
59229  42.536  -45.043  75.658 0.0000000000
59227  43.317  -45.715  77.747 0.0000000000
60369  44.654  -43.791  77.243 0.0000000000
128797  35.647  -57.863  86.527 0.0000000000
43500  39.803  -56.080  89.847 0.0000000000
44461  39.825  -55.021  89.976 0.0000000000
128765  38.767  -54.982  89.435 0.0000000000
45482  40.100  -54.823  90.687 0.0000000000
46466  41.745  -53.296  89.581 0.0000000000
46467  42.165  -53.334  90.779 0.0000000000
47419  41.222  -52.924  90.476 0.0000000000
47408  40.454  -53.030  90.220 0.0000000000
48413  40.444  -52.241  89.659 0.0000000000
49436  39.824  -50.943  89.326 0.0000000000
48427  41.057  -50.744  89.136 0.0000000000
128936  39.367  -47.794  84.323 0.0000000000
128958  41.059  -46.487  83.633 0.0000000000
128973  41.100  -46.588  82.997 0.0000000000
128959  41.220  -46.642  82.145 0.0000000000
48463  41.292  -46.483  82.897 0.0000000000
128934  42.989  -49.748  86.074 0.0000000000
59165  42.453  -45.678  83.420 0.0000000000
58056  42.491  -45.676  82.497 0.0000000000
59188  42.980  -45.781  81.865 0.0000000000
59189  42.970  -46.036  80.525 0.0000000000
74539  56.339  -28.085  62.640 0.0000000000
77895  61.669  -25.460  61.097 0.0000000000
76799  61.565  -26.650  61.790 0.0000000000
76778  61.658  -26.774  63.676 0.0000000000
76790  61.716  -26.696  62.722 0.0000000000
75604  60.205  -28.018  64.960 0.0000000000
75594  59.977  -27.653  65.634 0.0000000000
77849  60.130  -26.314  66.488 0.0000000000
77862  60.433  -26.347  65.887 0.0000000000
79008  60.571  -25.842  66.036 0.0000000000
79016  61.439  -25.768  65.193 0.0000000000
79007  61.344  -25.413  65.807 0.0000000000
80154  61.706  -25.284  66.037 0.0000000000
78972  60.710  -26.088  67.837 0.0000000000
83709  63.250  -21.254  59.627 0.0000000000
84831  63.442  -20.816  59.391 0.0000000000
83708  63.845  -21.342  59.722 0.0000000000
82516  63.718  -23.171  63.426 0.0000000000
35824  24.625  -64.802  88.177 0.0000000000
31035  9.340  -68.144  86.899 0.0000000000
31036  8.695  -68.344  86.530 0.0000000000
31021  8.058  -68.350  87.168 0.0000000000
129251  46.547  -42.835  78.737 0.0000000000
39280  28.044  -62.852  80.205 0.0000000000
39242  19.937  -62.675  83.486 0.0000000000
39266  18.390  -62.491  82.582 0.0000000000
33610  17.286  -66.489  87.729 0.0000000000
34748  17.035  -66.409  88.992 0.0000000000
33579  16.653  -66.608  89.486 0.0000000000
33565  16.191  -66.823  89.860 0.0000000000
74462  57.160  -29.567  69.322 0.0000000000
71122  54.327  -32.052  74.157 0.0000000000
65750  46.564  -36.568  69.502 0.0000000000
54713  36.254  -49.584  77.337 0.0000000000
73416  57.325  -29.925  65.794 0.0000000000
80199  62.882  -23.413  61.392 0.0000000000
79049  62.397  -24.210  61.028 0.0000000000
77894  62.352  -24.842  61.199 0.0000000000
38080  27.054  -63.381  85.958 0.0000000000
32389  12.948  -67.487  86.564 0.0000000000
33584  9.733  -67.033  89.895 0.0000000000
33569  10.178  -66.957  90.561 0.0000000000
72316  54.508  -31.052  66.843 0.0000000000
71211  51.919  -32.494  68.281 0.0000000000
71188  52.733  -32.414  70.109 0.0000000000
70017  52.223  -33.018  71.006 0.0000000000
63648  45.806  -39.265  72.437 0.0000000000
129374  46.383  -38.957  72.702 0.0000000000
72337  53.419  -30.992  65.482 0.0000000000
28566  5.767  -70.445  83.089 0.0000000000
29823  5.105  -70.177  83.697 0.0000000000
63657  42.722  -38.995  69.169 0.0000000000
129407  43.330  -39.047  69.451 0.0000000000
129393  43.226  -39.422  69.709 0.0000000000
60413  42.457  -41.976  70.912 0.0000000000
59271  42.561  -42.451  71.350 0.0000000000
59262  42.796  -42.532  71.784 0.0000000000
60385  43.485  -43.416  75.121 0.0000000000
42661  30.054  -59.274  77.067 0.0000000000
38211  30.089  -62.647  78.718 0.0000000000
39326  30.886  -61.771  78.210 0.0000000000
39301  32.614  -62.101  80.076 0.0000000000
38159  33.121  -62.659  81.502 0.0000000000
35905  32.987  -63.874  85.464 0.0000000000
35898  18.400  -65.195  85.718 0.0000000000
34824  15.367  -65.423  81.151 0.0000000000
32429  14.216  -67.092  84.448 0.0000000000
33647  13.921  -66.982  84.146 0.0000000000
33663  13.461  -67.107  83.887 0.0000000000
31128  10.431  -68.659  81.779 0.0000000000
40456  24.786  -61.351  78.685 0.0000000000
38166  23.911  -63.357  82.550 0.0000000000
31015  5.985  -68.415  87.734 0.0000000000
75538  59.435  -28.414  71.061 0.0000000000
75512  59.523  -28.766  71.473 0.0000000000
74426  59.517  -29.116  71.803 0.0000000000
74408  59.478  -29.662  72.269 0.0000000000
73334  59.289  -29.876  72.488 0.0000000000
73371  55.785  -30.583  69.874 0.0000000000
72209  56.363  -31.064  75.398 0.0000000000
72229  56.509  -30.606  74.350 0.0000000000
68974  48.583  -34.209  67.692 0.0000000000
67801  49.451  -34.898  70.593 0.0000000000
68921  50.104  -34.535  70.964 0.0000000000
68920  50.607  -33.917  71.440 0.0000000000
68911  50.761  -34.218  72.397 0.0000000000
64638  49.708  -37.582  74.258 0.0000000000
65674  50.085  -37.438  74.351 0.0000000000
55774  37.665  -45.498  72.376 0.0000000000
50401  38.766  -51.061  88.133 0.0000000000
128938  38.773  -50.703  87.962 0.0000000000
42459  39.286  -57.041  89.037 0.0000000000
47417  41.672  -52.078  89.367 0.0000000000
128962  41.329  -50.414  87.552 0.0000000000
128944  41.291  -49.679  87.465 0.0000000000
128972  41.445  -48.138  86.256 0.0000000000
128984  42.437  -48.630  85.477 0.0000000000
73456  58.050  -29.183  63.149 0.0000000000
74523  57.774  -28.851  62.794 0.0000000000
75627  59.946  -27.818  61.964 0.0000000000
75637  60.869  -27.336  61.780 0.0000000000
75625  61.441  -27.407  63.179 0.0000000000
75612  61.380  -27.405  64.042 0.0000000000
75585  59.524  -27.691  66.591 0.0000000000
76740  59.831  -27.099  66.395 0.0000000000
76732  59.730  -26.735  67.028 0.0000000000
78973  60.145  -26.156  68.025 0.0000000000
81351  64.546  -22.683  60.548 0.0000000000
81307  62.996  -23.343  64.139 0.0000000000
81294  63.056  -23.856  64.678 0.0000000000
80151  63.015  -24.346  65.999 0.0000000000
38082  25.081  -63.886  85.841 0.0000000000
38050  26.249  -64.042  86.465 0.0000000000
32391  10.901  -67.565  86.870 0.0000000000
32351  9.752  -67.532  88.489 0.0000000000
31019  9.294  -68.113  87.345 0.0000000000
33585  9.364  -67.071  89.991 0.0000000000
33571  8.583  -67.102  90.890 0.0000000000
33556  8.513  -67.272  91.363 0.0000000000
71218  50.903  -32.520  66.978 0.0000000000
129304  46.358  -40.119  74.967 0.0000000000
63582  47.508  -41.855  78.821 0.0000000000
27379  3.454  -70.863  82.640 0.0000000000
129531  2.988  -70.734  83.077 0.0000000000
28567  2.119  -70.392  83.524 0.0000000000
28559  1.039  -70.019  84.786 0.0000000000
129256  41.179  -43.670  70.349 0.0000000000
129257  41.441  -43.753  71.319 0.0000000000
37048  30.943  -63.608  81.443 0.0000000000
38105  21.193  -63.946  84.998 0.0000000000
36985  20.764  -63.742  84.705 0.0000000000
39219  19.344  -63.443  84.459 0.0000000000
39229  19.521  -63.229  84.126 0.0000000000
39220  19.106  -63.445  84.433 0.0000000000
38131  18.072  -63.719  84.123 0.0000000000
37020  17.684  -63.793  83.773 0.0000000000
34843  14.950  -65.470  80.492 0.0000000000
34825  14.807  -65.928  81.188 0.0000000000
34812  14.561  -66.274  81.876 0.0000000000
34826  14.181  -66.311  81.279 0.0000000000
33713  13.495  -66.884  81.396 0.0000000000
39240  22.401  -63.269  82.386 0.0000000000
75559  59.104  -27.721  69.437 0.0000000000
74460  58.577  -28.448  70.056 0.0000000000
74444  58.674  -29.024  71.677 0.0000000000
74428  57.930  -29.091  72.332 0.0000000000
72231  55.038  -31.373  74.545 0.0000000000
72219  55.338  -31.053  75.072 0.0000000000
72218  55.942  -30.843  75.175 0.0000000000
67818  48.043  -35.322  69.761 0.0000000000
67802  48.453  -35.292  70.315 0.0000000000
64597  50.706  -38.320  78.431 0.0000000000
64610  50.820  -38.322  77.277 0.0000000000
54697  38.316  -46.371  76.649 0.0000000000
42595  32.555  -58.584  79.792 0.0000000000
128862  32.812  -57.870  80.000 0.0000000000
128843  32.812  -58.034  80.409 0.0000000000
128801  38.383  -53.720  88.402 0.0000000000
46453  38.277  -54.096  88.882 0.0000000000
73458  56.749  -29.362  63.381 0.0000000000
73457  57.543  -29.278  63.247 0.0000000000
73440  58.229  -29.404  63.611 0.0000000000
74509  60.099  -28.515  64.407 0.0000000000
75595  59.356  -28.194  66.034 0.0000000000
83710  62.415  -21.156  59.625 0.0000000000
82535  64.096  -22.532  62.135 0.0000000000
82527  63.807  -22.827  62.642 0.0000000000
82517  63.418  -23.185  63.237 0.0000000000
81319  62.813  -23.395  63.023 0.0000000000
81320  62.635  -23.646  63.883 0.0000000000
80182  62.164  -24.081  63.962 0.0000000000
79025  62.063  -24.843  63.702 0.0000000000
38186  27.101  -63.075  81.381 0.0000000000
38062  27.346  -63.453  86.648 0.0000000000
36953  27.768  -64.092  86.757 0.0000000000
38061  27.631  -64.267  86.184 0.0000000000
39290  18.686  -62.208  81.302 0.0000000000
33613  15.074  -67.227  87.687 0.0000000000
33599  15.116  -67.097  87.999 0.0000000000
32330  14.089  -67.086  89.660 0.0000000000
32304  13.770  -67.702  91.134 0.0000000000
33582  11.339  -67.227  89.706 0.0000000000
33567  11.794  -67.239  90.469 0.0000000000
33552  11.355  -67.242  91.156 0.0000000000
73395  55.705  -30.773  68.128 0.0000000000
73396  55.063  -31.033  68.349 0.0000000000
73372  55.419  -31.098  69.536 0.0000000000
71225  52.508  -31.555  66.426 0.0000000000
71209  53.392  -31.774  68.589 0.0000000000
71154  54.056  -31.738  72.198 0.0000000000
71139  53.692  -32.448  73.314 0.0000000000
69987  53.552  -32.969  74.030 0.0000000000
64672  46.560  -37.687  71.496 0.0000000000
65699  47.148  -37.659  72.294 0.0000000000
63638  46.783  -38.541  72.693 0.0000000000
64649  47.645  -38.239  73.166 0.0000000000
63601  49.334  -38.790  75.576 0.0000000000
64569  50.745  -38.519  79.289 0.0000000000
128761  35.104  -59.330  84.769 0.0000000000
128778  35.405  -58.737  86.087 0.0000000000
80213  60.802  -23.397  60.645 0.0000000000
31079  7.036  -68.993  84.779 0.0000000000
31058  6.558  -68.967  85.582 0.0000000000
31039  5.789  -68.911  86.438 0.0000000000
31059  5.841  -69.244  85.436 0.0000000000
129522  3.860  -70.467  83.625 0.0000000000
129530  3.601  -69.941  84.599 0.0000000000
129537  3.021  -68.200  87.686 0.0000000000
65735  45.350  -37.409  69.283 0.0000000000
64684  45.566  -37.712  70.018 0.0000000000
129356  42.053  -40.791  69.865 0.0000000000
61552  43.040  -41.480  71.030 0.0000000000
129353  45.322  -41.003  74.470 0.0000000000
129303  45.113  -41.443  75.314 0.0000000000
61525  44.389  -41.918  74.879 0.0000000000
129252  45.389  -42.537  77.005 0.0000000000
44618  31.262  -57.061  77.302 0.0000000000
44605  31.501  -57.464  78.016 0.0000000000
43612  32.075  -58.394  78.719 0.0000000000
41578  29.138  -59.911  77.001 0.0000000000
41563  29.973  -60.062  77.342 0.0000000000
42643  30.810  -59.577  77.317 0.0000000000
39343  30.668  -61.185  77.759 0.0000000000
41562  30.906  -60.043  77.654 0.0000000000
42642  31.364  -59.327  77.794 0.0000000000
42618  31.615  -59.025  78.549 0.0000000000
42617  32.110  -58.917  79.038 0.0000000000
41518  32.456  -59.379  80.115 0.0000000000
40422  32.305  -59.815  80.668 0.0000000000
40413  32.412  -59.827  81.435 0.0000000000
39255  32.677  -61.187  81.511 0.0000000000
37049  30.298  -63.657  81.500 0.0000000000
36984  30.355  -64.401  84.907 0.0000000000
37001  30.661  -64.289  83.897 0.0000000000
37031  33.285  -63.081  81.931 0.0000000000
37016  33.703  -62.987  82.525 0.0000000000
37015  33.737  -62.341  82.528 0.0000000000
35826  23.480  -64.896  88.426 0.0000000000
35869  20.533  -64.595  88.389 0.0000000000
35887  19.775  -64.617  87.471 0.0000000000
35871  18.892  -65.357  88.378 0.0000000000
34754  18.476  -65.660  87.718 0.0000000000
38187  17.672  -62.601  82.152 0.0000000000
37037  16.708  -63.998  82.268 0.0000000000
35930  16.967  -64.211  83.150 0.0000000000
37022  17.173  -64.611  83.610 0.0000000000
37006  17.422  -64.632  83.841 0.0000000000
36989  17.411  -65.048  83.985 0.0000000000
34772  16.954  -65.476  84.442 0.0000000000
34783  16.517  -66.130  84.607 0.0000000000
33644  16.501  -66.312  84.878 0.0000000000
33634  16.298  -66.612  85.427 0.0000000000
32387  14.976  -67.365  86.958 0.0000000000
32408  14.374  -67.315  85.016 0.0000000000
32449  13.025  -67.306  83.670 0.0000000000
31112  9.074  -69.263  82.712 0.0000000000
31098  8.619  -69.305  83.376 0.0000000000
29820  7.978  -69.439  83.733 0.0000000000
29821  7.191  -69.862  83.403 0.0000000000
28572  6.977  -70.189  82.954 0.0000000000
29834  6.751  -69.913  81.837 0.0000000000
28573  6.499  -70.256  82.470 0.0000000000
40454  26.811  -61.670  78.309 0.0000000000
38164  25.535  -63.506  82.415 0.0000000000
38051  23.842  -64.589  87.025 0.0000000000
32345  15.348  -66.958  89.265 0.0000000000
33581  15.387  -66.803  89.968 0.0000000000
31022  7.233  -68.491  87.104 0.0000000000
31013  7.622  -68.398  87.974 0.0000000000
31006  6.373  -68.233  88.377 0.0000000000
31005  7.064  -68.177  88.447 0.0000000000
32308  7.900  -67.474  91.241 0.0000000000
76698  60.072  -27.403  70.079 0.0000000000
73369  57.185  -29.629  70.754 0.0000000000
74411  57.968  -29.202  72.675 0.0000000000
73337  56.791  -30.015  72.831 0.0000000000
73336  57.729  -29.795  72.940 0.0000000000
74396  58.126  -29.672  72.997 0.0000000000
70085  48.897  -33.225  66.139 0.0000000000
70063  50.503  -33.353  68.585 0.0000000000
68966  48.957  -34.201  68.499 0.0000000000
68949  49.187  -34.271  69.121 0.0000000000
68919  51.290  -33.525  71.726 0.0000000000
70008  51.641  -33.366  71.821 0.0000000000
69979  53.490  -33.386  74.559 0.0000000000
65723  46.815  -37.052  70.935 0.0000000000
65722  47.494  -36.577  71.360 0.0000000000
65711  48.669  -36.392  72.001 0.0000000000
66708  49.027  -36.261  72.084 0.0000000000
66707  49.737  -35.884  72.373 0.0000000000
66706  50.294  -35.347  72.851 0.0000000000
64619  51.068  -37.993  76.005 0.0000000000
65666  51.169  -37.413  75.372 0.0000000000
65658  52.168  -37.381  77.086 0.0000000000
65673  50.823  -36.943  74.690 0.0000000000
66680  50.862  -36.217  74.201 0.0000000000
66693  50.576  -35.790  73.538 0.0000000000
67765  51.149  -34.968  73.661 0.0000000000
68890  51.522  -34.579  73.869 0.0000000000
66668  53.343  -35.497  75.772 0.0000000000
67751  52.971  -35.060  74.910 0.0000000000
68882  52.700  -34.580  74.657 0.0000000000
68881  53.405  -34.064  74.989 0.0000000000
68880  53.958  -33.648  75.238 0.0000000000
59254  41.786  -44.327  73.611 0.0000000000
60371  43.274  -44.423  76.068 0.0000000000
128844  32.903  -57.132  80.339 0.0000000000
128939  38.424  -49.318  83.460 0.0000000000
128819  37.133  -56.992  87.430 0.0000000000
128820  37.111  -56.700  87.487 0.0000000000
45475  39.529  -54.424  89.042 0.0000000000
47403  38.537  -53.864  89.352 0.0000000000
45494  41.200  -55.397  91.244 0.0000000000
45492  42.591  -53.896  91.722 0.0000000000
46468  41.892  -53.688  91.214 0.0000000000
45481  41.040  -54.726  91.082 0.0000000000
46458  40.447  -54.555  90.169 0.0000000000
47410  39.387  -53.756  89.845 0.0000000000
48395  38.816  -52.394  89.745 0.0000000000
49438  39.116  -51.971  89.422 0.0000000000
128940  40.737  -50.450  88.473 0.0000000000
128925  39.732  -49.771  88.186 0.0000000000
128909  38.501  -49.027  87.188 0.0000000000
52513  40.698  -47.376  81.294 0.0000000000
128954  42.509  -50.138  86.500 0.0000000000
58070  42.607  -46.246  80.141 0.0000000000
59213  43.010  -45.840  79.114 0.0000000000
60356  43.767  -45.407  80.676 0.0000000000
80201  59.425  -23.471  61.453 0.0000000000
79039  60.734  -24.586  60.796 0.0000000000
79032  62.287  -25.328  62.751 0.0000000000
79015  61.817  -25.208  65.008 0.0000000000
74508  60.671  -28.200  64.088 0.0000000000
75603  60.774  -27.570  64.685 0.0000000000
75602  61.221  -27.341  64.386 0.0000000000
76751  60.651  -26.971  65.509 0.0000000000
76765  61.113  -26.623  64.930 0.0000000000
77874  61.321  -26.142  65.046 0.0000000000
80161  61.826  -25.088  65.571 0.0000000000
78985  61.332  -25.678  66.854 0.0000000000
27380  3.253  -70.984  82.197 0.0000000000
27392  3.724  -70.951  82.109 0.0000000000
28564  6.958  -70.117  83.204 0.0000000000
28565  6.630  -70.207  83.169 0.0000000000
29809  7.900  -69.329  84.141 0.0000000000
29831  8.849  -69.489  82.455 0.0000000000
31007  5.680  -68.226  88.289 0.0000000000
31081  5.862  -69.412  85.063 0.0000000000
31113  8.681  -69.335  82.942 0.0000000000
32307  8.504  -67.339  91.640 0.0000000000
32328  15.379  -66.853  89.562 0.0000000000
32350  10.589  -67.304  88.794 0.0000000000
32366  15.032  -67.325  87.325 0.0000000000
32373  9.216  -68.127  87.629 0.0000000000
33566  15.654  -66.859  90.012 0.0000000000
33596  17.412  -66.347  88.327 0.0000000000
33600  10.941  -67.189  89.211 0.0000000000
35917  17.964  -64.843  84.375 0.0000000000
36956  24.628  -64.474  86.457 0.0000000000
36986  20.540  -63.602  84.566 0.0000000000
36987  18.508  -63.980  85.262 0.0000000000
36990  17.167  -65.123  83.926 0.0000000000
37003  21.004  -63.731  84.586 0.0000000000
38041  24.131  -64.604  87.221 0.0000000000
38042  23.962  -64.418  87.496 0.0000000000
38167  21.709  -63.207  82.450 0.0000000000
38179  32.925  -61.769  81.389 0.0000000000
38196  32.728  -62.453  80.430 0.0000000000
39256  32.418  -60.402  81.162 0.0000000000
40414  32.276  -59.703  81.149 0.0000000000
41564  29.332  -60.442  77.289 0.0000000000
41577  29.693  -59.750  77.165 0.0000000000
44583  32.373  -57.991  78.982 0.0000000000
46469  41.333  -54.196  90.778 0.0000000000
47409  40.477  -53.696  89.762 0.0000000000
47418  41.157  -53.193  89.572 0.0000000000
47430  40.732  -51.176  88.953 0.0000000000
47433  40.846  -51.131  88.328 0.0000000000
48385  38.459  -53.457  88.264 0.0000000000
48396  38.985  -53.151  90.070 0.0000000000
48397  38.363  -53.583  89.355 0.0000000000
48439  41.306  -50.303  88.391 0.0000000000
48441  39.986  -50.607  88.306 0.0000000000
48451  40.379  -51.113  88.119 0.0000000000
49403  38.482  -53.684  87.661 0.0000000000
49437  39.407  -51.630  89.265 0.0000000000
59270  42.916  -42.325  71.588 0.0000000000
60406  42.815  -42.644  72.091 0.0000000000
62564  46.620  -39.629  74.285 0.0000000000
64570  50.417  -38.799  79.480 0.0000000000
67776  50.266  -34.878  72.375 0.0000000000
68898  53.028  -33.408  73.442 0.0000000000
68908  53.090  -33.256  73.036 0.0000000000
71101  55.679  -31.549  75.473 0.0000000000
72239  59.242  -30.163  72.463 0.0000000000
72243  54.677  -31.264  72.680 0.0000000000
73315  58.187  -30.497  73.492 0.0000000000
74394  58.646  -29.945  72.955 0.0000000000
75497  58.719  -29.024  71.959 0.0000000000
75552  59.703  -27.605  70.133 0.0000000000
76741  59.634  -27.165  66.837 0.0000000000
79038  61.377  -24.875  60.763 0.0000000000
80162  61.745  -25.232  65.790 0.0000000000
82515  63.910  -23.052  63.256 0.0000000000
82528  63.530  -23.058  62.803 0.0000000000
128821  37.397  -56.797  87.615 0.0000000000
128823  37.752  -56.735  87.785 0.0000000000
128841  37.514  -56.998  87.666 0.0000000000
128898  38.238  -53.085  88.871 0.0000000000
128904  32.705  -55.841  79.424 0.0000000000
128910  40.945  -48.832  87.136 0.0000000000
128924  40.679  -51.039  88.629 0.0000000000
128926  41.432  -48.951  87.026 0.0000000000
128927  41.382  -49.304  87.229 0.0000000000
128941  40.514  -50.509  88.149 0.0000000000
128942  40.355  -50.675  88.239 0.0000000000
128943  40.856  -51.180  87.949 0.0000000000
128945  41.609  -49.503  87.194 0.0000000000
128960  41.844  -49.484  87.135 0.0000000000
129521  4.200  -70.451  83.575 0.0000000000
129533  2.847  -69.821  84.526 0.0000000000
