#!ascii label  , from subject 3802 vox2ras=TkReg
772
86506  23.396  -18.632  13.658 0.2500000000
86522  23.683  -18.240  13.233 0.2500000000
85398  24.278  -19.302  12.935 0.7500000000
89613  21.698  -15.376  14.614 0.2500000000
88570  22.549  -16.135  13.963 0.1250000000
88571  22.247  -15.707  14.421 0.3750000000
87545  22.807  -16.835  13.499 0.2500000000
86507  22.992  -18.117  13.681 0.2500000000
86521  24.442  -18.312  12.424 0.7500000000
85397  24.956  -19.376  12.146 0.8750000000
85417  25.977  -19.305  11.779 0.8750000000
88569  23.132  -16.130  13.400 0.3750000000
87560  23.397  -17.133  13.267 0.3750000000
87559  24.213  -17.247  12.811 0.8750000000
86542  26.641  -18.356  11.536 1.0000000000
86544  25.085  -18.262  11.826 1.0000000000
87579  24.889  -17.311  12.141 0.8750000000
85416  26.915  -19.269  11.563 1.0000000000
89612  22.180  -15.174  14.190 0.2500000000
88582  24.581  -16.269  12.334 0.8750000000
88583  23.916  -16.205  13.026 0.7500000000
87576  27.283  -17.480  11.291 1.0000000000
87577  26.359  -17.373  11.348 1.0000000000
87578  25.504  -17.350  11.551 1.0000000000
86540  28.424  -18.587  11.355 1.0000000000
86541  27.541  -18.468  11.432 1.0000000000
90671  21.223  -14.691  15.234 0.1250000000
89611  22.798  -15.044  13.606 0.6250000000
89638  24.963  -15.319  11.812 1.0000000000
89625  23.492  -15.364  13.129 0.8750000000
88602  25.190  -16.373  11.593 1.0000000000
88598  28.779  -16.953  11.263 1.0000000000
88601  25.995  -16.437  11.198 1.0000000000
87574  29.016  -17.752  11.236 1.0000000000
87575  28.168  -17.667  11.246 1.0000000000
86561  30.732  -17.786  11.122 1.0000000000
86539  29.324  -18.620  11.411 1.0000000000
94682  23.654  -10.411  14.639 0.2500000000
90695  21.586  -14.517  14.486 0.2500000000
91727  21.731  -13.908  14.380 0.3750000000
90694  22.059  -14.324  13.890 0.5000000000
90709  24.160  -14.080  12.530 1.0000000000
90693  22.521  -14.018  13.357 0.6250000000
89624  24.073  -15.141  12.418 1.0000000000
89636  26.331  -15.715  10.823 1.0000000000
89637  25.679  -15.425  11.127 1.0000000000
88599  27.963  -16.720  11.083 1.0000000000
88619  27.380  -15.629  10.686 1.0000000000
88616  29.615  -16.535  11.008 1.0000000000
87596  30.252  -17.403  11.073 1.0000000000
88615  30.680  -16.522  10.913 1.0000000000
87595  31.043  -17.339  10.821 1.0000000000
94696  23.654  -10.346  13.925 0.5000000000
94697  22.807  -10.494  14.709 0.3750000000
93685  22.670  -11.055  14.209 0.3750000000
92741  22.834  -12.115  13.809 0.5000000000
92757  23.667  -12.247  13.184 0.5000000000
91741  24.596  -13.316  12.294 0.8750000000
90724  24.716  -14.288  11.994 1.0000000000
92771  25.504  -12.714  11.533 1.0000000000
89651  26.938  -15.202  10.688 1.0000000000
90722  26.006  -14.013  10.972 1.0000000000
89648  29.396  -15.395  10.469 1.0000000000
89650  27.732  -15.082  10.564 1.0000000000
89647  30.322  -15.527  10.931 1.0000000000
88614  31.563  -16.637  10.887 0.8750000000
94695  24.575  -10.181  13.408 0.5000000000
93684  23.389  -11.169  13.414 0.5000000000
93699  24.148  -11.375  12.795 0.6250000000
93698  24.897  -11.542  12.147 0.6250000000
92772  24.966  -12.416  11.870 1.0000000000
92756  24.357  -12.356  12.509 0.7500000000
91754  26.450  -13.356  10.956 1.0000000000
91766  29.817  -13.521  10.721 1.0000000000
90736  28.288  -14.291  10.675 1.0000000000
90737  27.432  -14.265  10.614 1.0000000000
90734  30.067  -14.517  10.661 1.0000000000
90735  29.157  -14.389  10.403 1.0000000000
90733  31.038  -14.654  10.745 0.8750000000
89646  31.294  -15.668  11.073 0.8750000000
94709  24.776  -10.530  12.591 0.5000000000
94708  25.141  -10.915  12.163 0.8750000000
93729  28.308  -11.586  10.578 1.0000000000
93731  27.053  -11.924  10.975 1.0000000000
92780  30.437  -12.659  10.702 1.0000000000
92782  28.648  -12.461  10.708 1.0000000000
91769  27.173  -13.367  10.653 1.0000000000
93726  31.056  -11.998  10.268 1.0000000000
91764  31.569  -13.743  10.898 1.0000000000
91765  30.696  -13.642  10.713 1.0000000000
92778  31.889  -12.869  11.237 1.0000000000
95733  25.555  -10.446  12.158 0.8750000000
94727  26.277  -10.931  11.632 1.0000000000
95747  28.268  -10.000  10.576 1.0000000000
94742  27.943  -10.779  10.749 1.0000000000
94726  27.004  -10.879  11.442 1.0000000000
94723  30.826  -10.555  11.273 1.0000000000
93714  30.118  -11.115  10.529 1.0000000000
93712  31.274  -11.451  11.053 1.0000000000
93713  30.689  -11.235  10.470 1.0000000000
93725  31.482  -12.164  11.025 1.0000000000
98412  28.495  -6.832  12.103 1.0000000000
97508  27.198  -8.086  12.792 0.3750000000
97507  28.105  -7.609  12.366 0.8750000000
96628  28.959  -8.795  10.836 1.0000000000
95728  30.530  -9.455  10.985 1.0000000000
95729  29.773  -9.543  10.732 1.0000000000
98413  27.785  -6.484  12.674 0.8750000000
99256  28.822  -5.888  11.546 1.0000000000
97526  28.626  -7.814  11.637 1.0000000000
98420  28.954  -6.510  11.517 1.0000000000
96627  30.101  -8.451  10.740 1.0000000000
95727  31.062  -9.616  11.712 1.0000000000
99251  27.901  -5.251  12.684 0.7500000000
98419  29.765  -6.448  11.378 1.0000000000
97523  31.161  -7.290  11.439 1.0000000000
97524  30.401  -7.392  11.188 1.0000000000
98418  30.673  -6.348  11.453 1.0000000000
101969  28.886  -2.669  16.876 0.1250000000
101975  29.598  -1.946  16.518 0.1250000000
101976  29.489  -2.446  15.861 0.2500000000
101988  29.513  -2.627  14.835 0.3750000000
102871  29.616  -1.201  15.728 0.2500000000
102890  29.037  -1.775  14.093 0.5000000000
102874  29.600  -1.484  14.794 0.2500000000
103742  29.634  -0.969  13.601 0.3750000000
103743  29.678  -0.457  14.416 0.2500000000
103722  29.716  -0.736  15.068 0.2500000000
103719  29.934  0.181  15.264 0.2500000000
104607  30.487  0.373  13.313 0.2500000000
85369  22.917  -19.098  13.808 0.1250000000
87561  22.931  -17.429  13.515 0.2500000000
87526  22.336  -16.979  14.043 0.1250000000
93697  25.282  -11.245  11.964 0.8750000000
93728  29.371  -11.510  10.719 1.0000000000
84258  22.664  -19.490  14.898 0.1250000000
84292  24.599  -20.010  12.694 0.6250000000
84290  26.303  -20.434  12.185 0.7500000000
88548  22.251  -16.122  14.603 0.1250000000
86488  22.422  -17.763  13.919 0.1250000000
85415  27.786  -19.449  11.497 1.0000000000
85414  28.746  -19.555  11.449 1.0000000000
86537  31.279  -18.906  11.434 1.0000000000
91681  20.198  -13.169  15.918 0.3750000000
93665  21.847  -11.136  15.318 0.2500000000
93666  20.950  -11.674  15.637 0.2500000000
87594  31.826  -17.489  10.961 0.8750000000
90732  32.158  -14.815  10.948 0.8750000000
89645  32.108  -15.947  11.060 0.8750000000
91763  32.443  -13.737  11.136 0.8750000000
97495  27.313  -8.391  13.215 0.1250000000
129927  25.178  -9.779  13.020 0.3750000000
129930  26.375  -9.880  12.086 0.6250000000
92769  32.587  -12.931  11.382 0.8750000000
97527  27.721  -8.464  12.005 0.8750000000
95726  31.729  -9.529  12.119 1.0000000000
96625  31.317  -8.971  11.898 1.0000000000
99250  28.516  -5.686  11.850 1.0000000000
96626  30.952  -8.400  11.445 1.0000000000
100105  28.771  -4.784  12.272 0.8750000000
100110  29.247  -4.515  11.056 1.0000000000
99254  29.836  -5.423  11.560 1.0000000000
98417  31.363  -6.649  11.667 1.0000000000
101968  29.674  -2.257  17.230 0.1250000000
101970  28.543  -3.146  16.417 0.1250000000
102009  29.132  -3.460  14.273 0.6250000000
102903  29.233  -1.810  13.309 0.5000000000
103741  30.380  -0.694  13.024 0.5000000000
102870  30.217  -1.139  16.621 0.2500000000
130201  29.709  1.052  14.356 0.2500000000
103773  31.100  0.030  11.895 0.3750000000
104606  31.495  1.300  12.298 0.2500000000
85384  23.277  -18.852  13.894 0.1250000000
85383  23.613  -19.318  13.623 0.3750000000
87546  22.516  -17.185  13.774 0.1250000000
85396  25.539  -19.975  12.125 0.7500000000
85418  25.411  -18.816  11.802 0.8750000000
84314  26.538  -19.816  11.692 1.0000000000
86543  25.782  -18.260  11.571 1.0000000000
90710  23.437  -14.310  13.045 0.8750000000
87597  29.570  -17.339  11.206 1.0000000000
88600  26.994  -16.347  10.827 1.0000000000
87573  29.699  -17.898  11.283 1.0000000000
86538  30.369  -18.458  11.364 1.0000000000
91702  21.641  -12.674  14.641 0.3750000000
91725  23.090  -13.209  13.391 0.5000000000
91742  23.857  -13.254  12.781 0.8750000000
90723  25.451  -14.368  11.378 1.0000000000
90739  25.923  -14.629  10.859 1.0000000000
88617  28.696  -16.077  10.879 1.0000000000
88618  27.883  -15.830  10.780 1.0000000000
91755  25.797  -13.418  11.320 1.0000000000
92770  26.183  -12.567  11.295 1.0000000000
90738  26.549  -14.269  10.653 1.0000000000
88613  32.391  -16.802  10.988 0.8750000000
93717  25.584  -11.744  11.680 1.0000000000
92784  26.946  -12.427  10.828 1.0000000000
92779  31.135  -12.801  10.939 1.0000000000
91768  28.005  -13.349  10.784 1.0000000000
91774  28.388  -12.997  10.817 1.0000000000
90731  32.752  -14.356  11.097 0.8750000000
93716  26.715  -11.671  11.239 1.0000000000
92783  27.814  -12.549  10.592 1.0000000000
92781  29.597  -12.541  10.716 1.0000000000
92791  27.971  -12.879  10.658 1.0000000000
93727  30.286  -11.799  10.284 1.0000000000
129931  26.040  -10.157  12.374 0.6250000000
95732  26.047  -10.391  12.055 0.7500000000
95730  27.178  -10.452  11.198 1.0000000000
95748  27.434  -10.047  10.773 1.0000000000
94741  28.756  -10.688  10.795 1.0000000000
96643  28.569  -9.468  10.683 1.0000000000
95746  28.995  -9.810  10.677 1.0000000000
94725  29.564  -10.516  10.789 1.0000000000
94724  30.213  -10.458  10.938 1.0000000000
96645  27.395  -9.322  10.959 1.0000000000
96629  27.916  -8.671  11.106 1.0000000000
97525  29.514  -7.562  11.174 1.0000000000
99255  29.155  -5.519  11.511 1.0000000000
99249  29.145  -5.152  11.719 1.0000000000
101977  28.775  -3.193  15.647 0.3750000000
85368  23.316  -19.329  13.925 0.2500000000
84231  23.508  -19.948  14.518 0.1250000000
84257  23.333  -20.207  14.179 0.1250000000
84273  24.366  -20.528  13.423 0.6250000000
84291  25.122  -20.667  12.599 0.7500000000
84313  27.102  -20.121  11.615 1.0000000000
129934  26.026  -9.945  12.677 0.6250000000
95749  27.125  -9.710  11.040 0.8750000000
96613  26.721  -9.220  12.290 0.7500000000
96631  26.736  -9.487  11.654 0.8750000000
96630  27.156  -9.008  11.450 1.0000000000
100111  28.893  -4.532  11.287 1.0000000000
99248  30.533  -5.358  11.754 1.0000000000
101023  27.923  -3.651  16.176 0.3750000000
102008  29.031  -2.676  13.911 0.7500000000
101989  29.087  -3.455  14.902 0.5000000000
104627  31.170  0.630  11.764 0.2500000000
79678  28.211  -24.368  13.190 0.7500000000
79703  30.029  -24.160  12.636 0.7500000000
79679  27.219  -24.386  13.466 0.7500000000
80807  26.802  -23.474  13.234 0.7500000000
80833  29.558  -23.363  12.433 0.7500000000
80805  28.210  -23.853  13.158 0.7500000000
80834  28.474  -23.480  12.861 0.7500000000
80835  27.475  -22.984  12.823 0.7500000000
80832  30.570  -23.380  12.268 0.7500000000
81987  28.035  -22.417  12.427 0.7500000000
83151  25.925  -21.476  12.604 0.7500000000
83149  27.700  -21.504  11.968 0.8750000000
83150  26.786  -21.476  12.302 0.8750000000
81986  29.037  -22.486  12.438 0.7500000000
83147  29.398  -21.715  12.067 0.7500000000
84289  27.310  -20.830  12.043 0.8750000000
82008  30.777  -22.029  11.835 0.7500000000
83146  29.994  -21.622  11.897 0.7500000000
83171  29.699  -21.174  11.599 0.8750000000
84312  28.052  -20.634  11.632 0.8750000000
84309  31.073  -20.495  11.416 0.7500000000
84310  30.159  -20.485  11.390 0.8750000000
84311  29.200  -20.458  11.447 0.8750000000
84308  31.926  -20.373  11.262 0.8750000000
85412  30.689  -19.607  11.481 0.8750000000
86536  31.773  -19.162  11.444 0.8750000000
86534  34.069  -18.207  11.867 0.3750000000
86535  33.495  -18.233  11.421 0.6250000000
86558  32.920  -18.337  11.136 0.7500000000
86560  31.226  -18.055  11.185 0.7500000000
86533  34.829  -18.243  12.002 0.5000000000
87571  33.814  -17.383  11.641 0.7500000000
88612  32.977  -17.078  11.048 0.7500000000
87558  35.280  -17.415  12.216 0.1250000000
88593  35.104  -16.502  11.715 0.3750000000
88594  34.375  -16.538  11.474 0.6250000000
88595  33.513  -16.707  11.402 0.6250000000
89635  32.634  -16.179  11.229 0.6250000000
88561  36.902  -16.727  13.129 0.1250000000
88581  35.777  -16.583  12.331 0.1250000000
89623  35.474  -15.684  12.024 0.1250000000
90719  34.389  -14.812  11.333 0.6250000000
89622  36.382  -15.697  12.478 0.1250000000
91740  36.183  -14.229  12.182 0.1250000000
91751  34.790  -13.916  11.739 0.1250000000
91752  33.759  -13.784  11.456 0.6250000000
91753  33.047  -13.435  11.298 0.7500000000
89602  37.118  -15.691  13.100 0.1250000000
92767  34.385  -12.725  11.973 0.5000000000
92768  33.273  -12.733  11.548 0.6250000000
99241  27.052  -5.008  13.616 0.6250000000
100082  27.222  -4.676  14.119 0.5000000000
100106  28.103  -4.388  12.550 0.7500000000
93709  34.149  -11.812  12.417 0.6250000000
94721  32.750  -11.138  11.674 0.6250000000
93710  33.379  -11.724  11.977 0.6250000000
94706  32.997  -10.559  12.270 0.6250000000
101077  27.940  -3.930  12.751 0.7500000000
94722  31.895  -10.623  11.718 0.8750000000
96611  31.685  -8.380  12.185 0.8750000000
96612  31.330  -7.820  11.767 0.8750000000
94707  32.263  -10.042  12.186 0.7500000000
97505  31.982  -7.394  12.550 0.8750000000
97506  31.621  -7.309  11.901 0.8750000000
93695  34.492  -11.328  12.907 0.3750000000
93696  33.797  -11.185  12.482 0.5000000000
94705  33.911  -10.577  12.891 0.5000000000
94691  34.733  -10.614  13.590 0.2500000000
95713  33.318  -9.870  12.912 0.5000000000
101068  27.757  -4.113  13.698 0.6250000000
101076  28.574  -3.630  12.243 0.7500000000
100112  28.737  -4.155  12.039 0.8750000000
101084  28.494  -3.925  12.226 0.7500000000
101082  28.809  -4.039  10.522 0.8750000000
98411  31.152  -6.011  11.808 0.7500000000
98410  31.632  -6.437  12.390 0.8750000000
95714  32.481  -9.397  12.515 0.6250000000
96597  32.360  -8.269  12.987 0.7500000000
95712  33.976  -10.062  13.370 0.3750000000
95698  33.584  -9.436  13.422 0.5000000000
97493  32.285  -7.246  13.147 0.7500000000
101054  28.564  -3.812  14.186 0.6250000000
101083  28.604  -3.750  11.280 0.8750000000
101074  29.424  -3.897  10.712 0.8750000000
100103  30.149  -4.383  11.173 0.8750000000
101073  30.169  -3.731  11.362 0.7500000000
99247  31.177  -5.383  12.249 0.8750000000
98401  31.894  -6.339  13.020 0.7500000000
96576  34.298  -9.042  13.945 0.2500000000
96595  33.980  -8.837  13.978 0.5000000000
94672  35.013  -10.341  14.185 0.2500000000
100081  28.787  -3.621  13.874 0.5000000000
101066  28.826  -3.049  13.630 0.6250000000
102033  28.997  -3.470  11.667 0.7500000000
102032  29.656  -3.277  11.426 0.7500000000
102031  30.495  -3.024  11.574 0.7500000000
101064  30.928  -3.527  11.912 0.7500000000
100093  31.309  -4.456  12.611 0.7500000000
99238  31.780  -5.585  13.091 0.7500000000
98399  32.979  -6.321  14.158 0.5000000000
99237  32.472  -5.470  13.995 0.3750000000
97475  33.689  -7.161  14.416 0.2500000000
97476  33.313  -6.794  14.243 0.3750000000
102021  29.191  -2.667  12.587 0.6250000000
102020  30.346  -2.403  11.933 0.7500000000
102019  31.189  -2.448  11.993 0.7500000000
101063  31.473  -3.368  12.924 0.7500000000
101062  32.339  -3.353  13.866 0.6250000000
99236  33.251  -5.484  14.725 0.3750000000
100091  32.762  -4.419  14.586 0.3750000000
99223  34.460  -5.333  15.338 0.1250000000
99224  33.923  -5.743  15.046 0.2500000000
100090  33.506  -4.758  14.943 0.2500000000
100092  31.974  -4.448  13.565 0.6250000000
99212  35.157  -5.232  15.644 0.1250000000
98386  34.586  -6.323  15.188 0.1250000000
102902  30.245  -1.511  12.663 0.6250000000
102900  31.547  -1.439  12.491 0.3750000000
102901  30.969  -1.603  12.032 0.3750000000
102018  31.801  -2.247  13.248 0.3750000000
102007  33.767  -2.697  14.595 0.2500000000
101037  35.006  -3.938  15.578 0.1250000000
100078  33.578  -4.123  14.924 0.3750000000
101051  33.157  -3.337  14.725 0.3750000000
99211  35.939  -5.241  15.815 0.1250000000
100077  34.102  -4.527  15.281 0.1250000000
103762  30.918  -0.632  12.396 0.3750000000
102899  32.634  -1.240  12.857 0.3750000000
102017  33.037  -2.354  13.871 0.3750000000
102005  35.737  -2.253  14.897 0.1250000000
101050  34.245  -3.514  15.139 0.1250000000
101036  35.772  -3.858  15.475 0.1250000000
102912  32.072  -0.854  11.930 0.2500000000
102911  32.474  -0.514  12.196 0.2500000000
103739  34.148  -0.761  13.532 0.1250000000
102898  33.559  -1.463  13.649 0.1250000000
102897  35.729  -1.115  14.006 0.1250000000
102016  33.927  -2.137  14.096 0.1250000000
103761  31.604  -0.465  11.611 0.3750000000
103740  33.392  -0.909  13.123 0.1250000000
103759  33.135  -0.097  12.553 0.1250000000
103758  34.397  0.087  12.710 0.1250000000
102896  36.387  -0.920  13.694 0.1250000000
103757  35.403  -0.100  12.650 0.1250000000
104604  33.742  0.884  11.876 0.1250000000
104603  34.689  0.682  12.087 0.1250000000
104624  34.043  1.357  11.675 0.1250000000
103756  36.536  -0.275  12.806 0.1250000000
85410  32.145  -19.500  11.335 0.6250000000
95699  32.918  -9.158  13.010 0.5000000000
95697  34.384  -9.760  13.939 0.3750000000
101067  28.313  -3.341  13.136 0.6250000000
102034  28.854  -3.502  12.069 0.8750000000
102039  28.930  -3.598  10.875 0.8750000000
100102  30.617  -4.467  11.900 0.7500000000
97492  32.853  -7.368  13.741 0.5000000000
97491  33.138  -7.905  13.919 0.5000000000
102888  35.141  -1.347  14.333 0.1250000000
104602  35.665  0.531  12.189 0.1250000000
89632  34.924  -15.688  11.245 0.5000000000
89633  33.985  -15.762  11.378 0.6250000000
90721  32.652  -15.550  11.223 0.7500000000
92755  34.755  -12.079  12.670 0.3750000000
93676  35.142  -11.431  13.378 0.2500000000
103730  34.580  -1.085  14.065 0.1250000000
94690  35.599  -11.034  13.898 0.1250000000
78541  28.772  -25.296  13.266 0.7500000000
78542  27.678  -25.395  13.782 0.7500000000
79680  26.358  -24.335  13.686 0.7500000000
78540  29.748  -25.508  13.358 0.7500000000
78566  28.847  -24.525  13.044 0.7500000000
79702  31.109  -24.352  12.669 0.7500000000
83127  25.629  -21.791  13.054 0.6250000000
80836  26.696  -22.777  12.663 0.7500000000
81984  31.070  -22.527  12.020 0.7500000000
82007  31.304  -21.860  11.670 0.6250000000
83169  31.522  -21.199  11.374 0.6250000000
84307  32.823  -19.992  11.312 0.5000000000
84305  34.437  -19.947  12.007 0.3750000000
84328  33.312  -19.497  11.399 0.5000000000
85407  35.016  -18.953  12.186 0.1250000000
87557  36.203  -17.637  12.678 0.1250000000
87540  36.660  -17.231  12.960 0.1250000000
88560  37.533  -16.753  13.662 0.1250000000
89621  36.874  -15.192  12.576 0.1250000000
90706  37.134  -14.689  12.716 0.1250000000
100097  27.395  -4.711  13.347 0.3750000000
91739  36.610  -13.813  12.567 0.1250000000
91749  36.047  -13.772  12.170 0.1250000000
92754  35.350  -12.700  12.505 0.1250000000
92733  34.880  -11.771  13.080 0.2500000000
101055  27.797  -4.296  14.711 0.5000000000
94671  35.364  -10.498  14.154 0.1250000000
96575  35.865  -8.998  14.201 0.1250000000
97474  34.927  -7.485  13.961 0.1250000000
98385  36.395  -6.482  15.730 0.1250000000
101039  28.248  -3.822  15.301 0.3750000000
98371  36.363  -5.935  15.699 0.1250000000
100066  36.606  -4.408  15.540 0.1250000000
99210  36.730  -5.405  15.614 0.1250000000
102004  36.725  -2.377  14.538 0.1250000000
102895  37.455  -1.317  13.645 0.1250000000
104625  32.231  0.457  11.289 0.2500000000
104605  32.645  0.922  11.581 0.1250000000
105397  33.212  1.471  12.424 0.1250000000
102910  37.057  -0.672  13.433 0.1250000000
104622  35.807  0.997  11.611 0.1250000000
93711  32.361  -11.910  11.352 0.7500000000
99240  27.387  -5.492  13.413 0.3750000000
85413  29.741  -19.541  11.405 0.8750000000
87593  32.610  -17.633  10.965 0.7500000000
90720  33.265  -14.875  11.219 0.6250000000
104626  31.909  0.633  11.444 0.1250000000
80806  27.756  -23.717  13.203 0.7500000000
79704  29.171  -24.071  12.825 0.7500000000
78565  29.472  -24.729  13.040 0.7500000000
78564  30.347  -24.869  13.103 0.7500000000
80808  25.926  -23.470  13.582 0.7500000000
81957  26.070  -22.901  12.805 0.7500000000
81989  26.352  -22.270  12.458 0.7500000000
83152  25.421  -21.349  12.866 0.6250000000
81988  27.116  -22.302  12.293 0.7500000000
83148  28.542  -21.758  12.088 0.8750000000
81985  30.141  -22.319  12.098 0.7500000000
83172  28.850  -21.213  11.671 0.8750000000
83170  30.584  -21.432  11.558 0.7500000000
86559  32.074  -18.504  11.306 0.7500000000
85408  34.447  -19.164  11.779 0.2500000000
85409  33.735  -19.025  11.513 0.5000000000
85432  33.193  -18.935  11.366 0.6250000000
87572  33.267  -17.568  11.127 0.7500000000
87570  34.533  -17.322  11.919 0.5000000000
86520  35.461  -18.375  12.445 0.1250000000
89603  36.699  -16.185  12.866 0.1250000000
90718  35.161  -14.832  11.780 0.1250000000
90708  35.876  -14.859  12.175 0.1250000000
91750  35.636  -14.047  11.927 0.1250000000
92765  35.764  -13.587  12.066 0.1250000000
92766  35.354  -13.332  11.996 0.1250000000
98409  32.056  -6.768  12.902 0.7500000000
102022  28.727  -3.244  12.340 0.6250000000
98400  32.362  -6.437  13.434 0.6250000000
96596  32.935  -8.690  13.299 0.5000000000
95680  35.047  -9.872  14.427 0.1250000000
98387  33.637  -6.312  14.637 0.3750000000
99235  33.840  -5.180  15.094 0.3750000000
98373  34.866  -5.709  15.565 0.1250000000
100067  35.543  -4.547  15.650 0.1250000000
98372  35.442  -5.885  15.815 0.1250000000
100068  34.789  -4.614  15.547 0.1250000000
102914  30.931  -1.204  12.338 0.3750000000
101049  35.297  -3.151  15.283 0.1250000000
102913  31.366  -1.010  12.120 0.3750000000
101048  36.381  -3.298  15.077 0.1250000000
102887  36.137  -1.503  14.431 0.1250000000
102006  34.643  -2.358  14.677 0.1250000000
103760  32.306  -0.040  11.460 0.2500000000
103738  35.242  -0.674  13.511 0.1250000000
103737  35.896  -0.482  13.165 0.1250000000
77442  28.397  -26.102  13.653 0.7500000000
78543  26.632  -24.966  13.955 0.7500000000
81958  25.474  -22.537  13.356 0.5000000000
81990  25.902  -22.242  12.807 0.6250000000
82006  31.825  -21.632  11.605 0.6250000000
83167  33.127  -20.618  11.580 0.5000000000
91717  37.077  -13.326  13.176 0.1250000000
92753  35.928  -13.286  12.340 0.1250000000
102886  36.908  -1.656  14.112 0.1250000000
76258  29.527  -27.078  13.529 0.6250000000
77440  30.081  -26.381  13.499 0.6250000000
78538  31.474  -25.572  13.241 0.3750000000
78539  30.627  -25.652  13.316 0.6250000000
78537  32.404  -25.478  13.377 0.2500000000
79676  31.917  -24.802  12.985 0.3750000000
84306  33.761  -20.052  11.548 0.3750000000
101040  27.639  -4.088  15.715 0.2500000000
77441  29.208  -26.227  13.467 0.6250000000
79701  32.098  -23.934  12.767 0.5000000000
80830  32.443  -23.196  12.405 0.5000000000
81983  32.079  -22.273  11.898 0.3750000000
77438  31.920  -26.423  13.576 0.5000000000
77439  30.987  -26.486  13.465 0.6250000000
83168  32.442  -21.158  11.569 0.5000000000
75131  29.061  -27.588  13.754 0.6250000000
79682  25.261  -24.134  14.331 0.3750000000
78544  26.087  -24.804  14.109 0.3750000000
76259  28.795  -26.858  13.756 0.6250000000
78519  27.000  -25.655  14.208 0.6250000000
76256  31.350  -27.423  13.923 0.3750000000
80809  25.072  -23.414  14.255 0.2500000000
76254  33.188  -26.908  14.061 0.3750000000
79675  33.014  -24.433  12.874 0.2500000000
84272  24.825  -20.886  13.089 0.3750000000
79700  32.665  -23.732  12.718 0.2500000000
81982  33.121  -22.398  12.430 0.2500000000
83144  33.454  -21.233  12.042 0.2500000000
84287  34.197  -20.583  12.146 0.2500000000
93630  21.505  -10.999  17.387 0.1250000000
94681  24.804  -9.554  13.834 0.2500000000
85395  34.822  -19.552  12.248 0.2500000000
97509  25.958  -9.698  13.293 0.3750000000
129935  25.181  -9.445  13.497 0.2500000000
94683  22.607  -10.655  15.542 0.1250000000
93646  20.520  -11.840  16.189 0.2500000000
80831  31.558  -23.302  12.282 0.5000000000
78567  26.333  -24.790  13.909 0.5000000000
79707  26.126  -24.481  13.842 0.5000000000
78563  31.009  -25.076  13.076 0.5000000000
83128  25.000  -21.464  13.266 0.2500000000
77443  27.887  -26.096  13.832 0.6250000000
81959  24.740  -22.333  13.874 0.3750000000
83145  32.782  -21.790  11.930 0.2500000000
76257  30.373  -27.282  13.559 0.6250000000
77437  32.778  -26.267  13.875 0.2500000000
78536  33.307  -25.367  13.766 0.2500000000
76255  32.437  -27.121  13.961 0.3750000000
79656  25.589  -24.603  14.451 0.3750000000
76260  28.043  -26.663  13.908 0.6250000000
76236  31.463  -27.998  14.349 0.3750000000
80829  33.051  -23.386  12.722 0.2500000000
81981  33.762  -21.866  12.559 0.2500000000
92675  20.957  -11.992  17.688 0.1250000000
75115  27.976  -28.196  14.431 0.5000000000
75129  30.573  -28.163  13.845 0.2500000000
75113  29.952  -28.878  13.884 0.3750000000
76237  28.411  -27.477  14.092 0.5000000000
76220  27.118  -27.964  14.975 0.3750000000
76239  26.531  -27.138  14.798 0.5000000000
76238  27.454  -27.145  14.376 0.5000000000
77420  26.741  -26.347  14.474 0.3750000000
77419  27.455  -26.151  14.087 0.5000000000
74025  25.249  -28.998  16.078 0.1250000000
75097  26.646  -28.795  15.370 0.3750000000
78520  26.023  -25.516  14.547 0.2500000000
72969  26.519  -30.945  15.988 0.1250000000
74024  26.117  -29.814  15.921 0.2500000000
74023  27.312  -29.828  15.387 0.3750000000
74039  30.341  -29.634  14.273 0.2500000000
74040  29.329  -29.701  14.493 0.3750000000
74041  28.432  -29.058  14.493 0.5000000000
74002  25.844  -30.128  16.363 0.1250000000
75096  27.614  -28.970  14.886 0.3750000000
75099  24.982  -28.012  16.008 0.1250000000
77406  24.862  -26.565  15.707 0.1250000000
92732  35.346  -12.111  13.110 0.1250000000
75130  29.722  -27.930  13.723 0.3750000000
75114  28.910  -28.479  13.922 0.5000000000
79634  25.517  -24.852  15.040 0.2500000000
75111  31.592  -28.662  14.526 0.2500000000
75112  30.886  -29.011  13.867 0.3750000000
76221  26.214  -27.745  15.357 0.2500000000
76240  25.937  -26.959  15.225 0.1250000000
77421  26.080  -26.463  14.798 0.1250000000
75098  25.654  -28.464  15.696 0.2500000000
75078  25.124  -28.505  16.544 0.1250000000
77405  25.480  -26.269  15.195 0.1250000000
72970  26.061  -30.709  16.355 0.1250000000
72992  26.383  -30.583  15.953 0.1250000000
73005  30.133  -30.206  14.729 0.2500000000
76222  25.342  -27.301  15.623 0.1250000000
72990  28.138  -30.725  15.420 0.2500000000
72989  29.121  -30.658  14.884 0.2500000000
72991  26.987  -30.863  15.683 0.1250000000
74022  28.459  -29.827  15.001 0.2500000000
81960  24.382  -22.083  14.288 0.1250000000
99227  27.014  -5.046  13.863 0.1250000000
99226  27.296  -5.213  14.279 0.1250000000
99215  27.763  -4.963  15.245 0.1250000000
99204  27.779  -4.847  16.330 0.1250000000
101024  27.194  -3.999  16.556 0.1250000000
99239  27.825  -5.830  13.612 0.1250000000
100059  27.616  -4.396  16.051 0.1250000000
100049  26.958  -4.597  16.800 0.1250000000
99190  28.045  -5.064  17.400 0.1250000000
98403  27.576  -6.765  13.160 0.1250000000
79657  24.848  -24.144  14.677 0.1250000000
81914  24.213  -22.974  15.087 0.1250000000
129933  26.274  -9.821  13.470 0.1250000000
98402  28.058  -6.801  13.557 0.1250000000
99225  27.961  -5.732  14.437 0.1250000000
99214  28.229  -5.498  15.480 0.1250000000
99202  28.996  -5.329  16.591 0.1250000000
99189  29.093  -4.696  17.347 0.1250000000
100048  27.664  -4.405  17.501 0.1250000000
100069  27.576  -4.587  15.014 0.1250000000
80810  24.541  -22.734  14.469 0.1250000000
80790  24.409  -23.484  14.836 0.1250000000
83110  24.126  -21.395  14.269 0.1250000000
83129  24.432  -21.590  13.809 0.1250000000
83086  24.240  -21.612  14.698 0.1250000000
81936  24.221  -22.387  14.712 0.1250000000
99213  28.744  -5.470  15.833 0.1250000000
101014  26.922  -4.164  17.213 0.1250000000
99191  27.351  -5.254  17.024 0.1250000000
98376  29.661  -5.875  15.340 0.1250000000
130058  29.288  -4.205  17.760 0.1250000000
76235  31.985  -27.713  14.598 0.1250000000
76233  33.597  -26.944  14.428 0.1250000000
77436  33.560  -26.319  14.167 0.1250000000
79674  34.180  -24.454  13.666 0.1250000000
80804  33.666  -23.504  13.190 0.1250000000
81956  33.404  -22.916  12.941 0.1250000000
80801  35.933  -23.009  14.380 0.1250000000
81954  34.882  -22.475  13.596 0.1250000000
81955  34.046  -22.474  13.047 0.1250000000
83125  35.303  -21.441  13.457 0.1250000000
83143  34.424  -21.343  12.739 0.1250000000
83124  36.181  -21.394  14.228 0.1250000000
84286  34.862  -20.304  12.543 0.1250000000
74021  28.988  -30.076  14.781 0.1250000000
73004  30.620  -30.012  14.726 0.1250000000
74038  31.120  -29.608  14.644 0.1250000000
75095  32.153  -28.883  15.089 0.1250000000
76218  33.964  -27.570  15.062 0.1250000000
76219  33.408  -28.031  14.905 0.1250000000
78517  34.875  -25.404  14.503 0.1250000000
79654  35.188  -24.432  14.189 0.1250000000
79673  34.827  -23.925  13.789 0.1250000000
80788  35.813  -23.714  14.396 0.1250000000
83103  36.502  -21.683  14.450 0.1250000000
84285  35.575  -20.368  13.156 0.1250000000
84284  36.210  -20.242  13.508 0.1250000000
84270  36.555  -20.548  13.969 0.1250000000
85394  35.427  -19.389  12.678 0.1250000000
76234  33.074  -27.689  14.445 0.1250000000
83142  35.056  -20.873  12.958 0.1250000000
78535  34.184  -25.510  14.120 0.1250000000
83126  34.665  -21.932  13.216 0.1250000000
74037  31.779  -29.332  14.945 0.1250000000
72988  29.949  -30.718  15.176 0.1250000000
75110  32.440  -28.289  14.890 0.1250000000
77418  34.476  -26.492  14.620 0.1250000000
79655  34.577  -24.923  14.174 0.1250000000
80803  34.447  -23.355  13.629 0.1250000000
80802  35.275  -23.338  13.969 0.1250000000
81953  35.535  -22.273  14.232 0.1250000000
84271  35.980  -20.800  13.645 0.1250000000
83102  36.917  -21.467  14.488 0.1250000000
72987  30.946  -30.505  15.471 0.1250000000
74020  31.712  -29.907  15.138 0.1250000000
77404  34.690  -27.146  15.015 0.1250000000
84269  36.960  -20.700  14.325 0.1250000000
73006  29.615  -30.318  14.807 0.1250000000
75109  33.103  -28.293  14.883 0.1250000000
75128  31.176  -28.313  14.009 0.3750000000
76253  33.402  -26.722  14.222 0.1250000000
78518  27.377  -25.734  14.033 0.6250000000
78568  26.131  -24.715  13.931 0.5000000000
79677  31.370  -24.945  13.024 0.3750000000
79681  25.770  -24.273  13.972 0.5000000000
79705  28.681  -24.117  13.013 0.7500000000
79706  26.303  -24.612  13.785 0.5000000000
80789  24.664  -23.726  14.613 0.2500000000
81932  36.407  -22.228  14.528 0.1250000000
83123  36.656  -21.015  14.262 0.1250000000
83173  28.265  -21.310  11.752 0.8750000000
84288  27.674  -21.017  11.825 0.8750000000
84329  33.013  -19.396  11.335 0.5000000000
85411  31.498  -19.697  11.422 0.8750000000
85433  32.693  -19.113  11.345 0.6250000000
86523  23.250  -17.737  13.468 0.2500000000
88526  22.010  -16.366  15.007 0.1250000000
88547  22.405  -16.609  14.068 0.1250000000
88580  36.429  -16.669  12.743 0.1250000000
88596  32.930  -16.581  11.274 0.8750000000
88597  29.245  -17.137  11.257 1.0000000000
89634  33.169  -15.949  11.381 0.6250000000
89649  28.516  -15.202  10.372 1.0000000000
89652  26.235  -15.056  10.724 1.0000000000
90707  36.573  -14.739  12.377 0.1250000000
91703  21.137  -13.393  15.072 0.3750000000
91704  20.658  -12.909  15.607 0.3750000000
91726  22.204  -13.233  14.202 0.3750000000
91756  25.126  -13.423  11.671 1.0000000000
91762  33.095  -14.015  11.089 0.8750000000
91767  28.864  -13.389  10.995 1.0000000000
91775  28.151  -13.006  10.742 1.0000000000
92676  20.413  -12.075  18.289 0.1250000000
92677  19.741  -12.171  18.156 0.2500000000
92691  21.634  -12.072  16.700 0.1250000000
92692  19.720  -12.299  17.382 0.2500000000
92702  20.072  -12.444  16.519 0.2500000000
92718  21.321  -12.152  15.001 0.3750000000
92719  20.875  -12.441  15.486 0.3750000000
92720  20.494  -12.501  15.920 0.2500000000
92742  21.988  -11.975  14.427 0.5000000000
92790  28.193  -12.767  10.661 1.0000000000
93615  20.887  -11.474  18.236 0.1250000000
93616  20.360  -11.231  18.232 0.1250000000
93617  19.820  -11.405  17.766 0.2500000000
93631  20.577  -10.879  17.275 0.1250000000
93632  20.175  -11.556  16.959 0.2500000000
93644  21.569  -10.686  16.442 0.1250000000
93645  20.793  -10.996  16.287 0.2500000000
93667  20.680  -12.079  15.764 0.2500000000
93715  27.206  -11.267  11.242 1.0000000000
93718  25.096  -11.885  11.821 0.6250000000
93730  27.432  -11.631  10.853 1.0000000000
94710  24.101  -10.677  13.234 0.5000000000
94728  25.559  -10.843  11.936 0.8750000000
94729  25.263  -10.505  12.190 0.8750000000
94743  27.456  -10.834  11.152 1.0000000000
95715  25.499  -10.167  12.396 0.6250000000
95731  26.785  -10.117  11.431 0.8750000000
96644  28.066  -9.344  10.730 1.0000000000
96646  26.993  -9.484  11.248 0.8750000000
99176  27.635  -5.003  17.580 0.1250000000
99177  27.354  -5.047  17.567 0.1250000000
100037  27.335  -4.707  17.648 0.1250000000
100038  26.903  -4.766  17.428 0.1250000000
100079  29.135  -3.350  13.827 0.5000000000
100080  29.000  -3.512  13.833 0.5000000000
100083  27.058  -4.837  13.799 0.1250000000
100094  28.909  -3.285  13.814 0.5000000000
100095  28.658  -3.372  13.686 0.5000000000
100096  28.475  -3.562  13.660 0.5000000000
100098  27.147  -4.825  13.600 0.3750000000
100104  28.878  -5.088  12.132 1.0000000000
100113  28.354  -4.121  12.337 0.7500000000
101008  27.215  -4.175  17.507 0.1250000000
101009  26.945  -4.430  17.617 0.1250000000
101038  34.501  -4.127  15.523 0.1250000000
101052  29.075  -3.188  13.990 0.5000000000
101053  29.094  -3.423  14.027 0.5000000000
101065  29.078  -3.107  13.771 0.5000000000
101075  28.805  -3.639  11.803 0.8750000000
101085  28.162  -4.058  12.461 0.7500000000
102040  28.773  -3.576  11.129 0.8750000000
102889  34.327  -1.509  14.108 0.1250000000
103729  34.767  -0.887  13.958 0.1250000000
103771  32.057  0.302  11.153 0.2500000000
103772  31.673  0.177  11.297 0.2500000000
129928  25.796  -9.820  13.583 0.1250000000
129929  25.289  -9.496  13.621 0.2500000000
