#!ascii label  , from subject 3802 vox2ras=TkReg
304
23499  43.797  -76.318  28.458 0.0000000000
27115  48.930  -72.022  17.463 0.0000000000
20169  49.332  -78.516  26.399 0.0000000000
24798  44.370  -74.816  20.771 0.0000000000
19084  49.445  -79.873  20.552 0.0000000000
19038  48.910  -79.113  23.271 0.0000000000
16664  49.445  -81.299  22.655 0.0000000000
25978  46.586  -73.614  18.451 0.0000000000
32089  44.737  -68.986  20.035 0.0000000000
21225  46.901  -77.797  27.640 0.0000000000
22401  46.576  -77.348  23.758 0.0000000000
21307  46.489  -77.865  20.574 0.0000000000
23600  48.754  -76.263  18.935 0.0000000000
19103  50.540  -78.852  19.078 0.0000000000
24669  44.211  -74.319  31.290 0.0000000000
22320  47.063  -77.388  30.913 0.0000000000
20120  50.384  -78.348  29.239 0.0000000000
29426  43.394  -70.629  22.359 0.0000000000
16638  49.414  -81.610  24.893 0.0000000000
25977  47.761  -73.595  18.246 0.0000000000
29469  46.468  -70.805  18.321 0.0000000000
20152  48.484  -78.443  27.107 0.0000000000
21263  48.061  -77.914  25.165 0.0000000000
19054  48.214  -79.685  22.252 0.0000000000
21300  47.368  -78.369  22.145 0.0000000000
19086  47.860  -79.284  21.057 0.0000000000
22440  47.342  -77.018  19.416 0.0000000000
20248  48.561  -78.374  19.857 0.0000000000
21321  50.708  -77.494  18.578 0.0000000000
22305  49.909  -77.074  32.056 0.0000000000
21202  49.016  -77.920  30.495 0.0000000000
21200  50.990  -78.103  30.525 0.0000000000
24764  44.366  -75.201  23.307 0.0000000000
27048  43.667  -73.259  21.901 0.0000000000
33325  46.678  -66.859  20.635 0.0000000000
33313  45.860  -67.177  21.415 0.0000000000
19009  50.703  -79.095  25.613 0.0000000000
20188  49.310  -78.445  24.597 0.0000000000
17836  50.068  -79.844  24.136 0.0000000000
17851  49.609  -80.309  23.509 0.0000000000
17881  49.434  -80.805  21.851 0.0000000000
24808  45.113  -74.501  19.699 0.0000000000
27083  44.380  -72.180  20.013 0.0000000000
28257  45.190  -71.660  18.947 0.0000000000
30776  45.928  -69.263  19.064 0.0000000000
28283  50.345  -71.648  17.088 0.0000000000
22341  45.028  -77.072  27.901 0.0000000000
23550  45.448  -76.671  24.482 0.0000000000
23578  45.297  -76.187  22.434 0.0000000000
21283  48.145  -78.315  24.111 0.0000000000
22414  46.567  -77.330  22.415 0.0000000000
23588  45.056  -76.109  21.354 0.0000000000
23617  45.888  -75.423  18.882 0.0000000000
24823  47.417  -74.514  18.516 0.0000000000
24822  48.578  -74.584  18.486 0.0000000000
20230  49.773  -79.011  19.879 0.0000000000
21312  50.338  -77.671  19.145 0.0000000000
23613  50.387  -75.647  18.422 0.0000000000
25975  50.050  -73.808  18.098 0.0000000000
25827  42.640  -73.339  30.317 0.0000000000
23475  43.651  -75.795  30.646 0.0000000000
23473  45.760  -76.105  31.532 0.0000000000
22322  45.325  -77.317  30.101 0.0000000000
21216  47.380  -78.027  29.454 0.0000000000
21223  48.233  -78.305  28.734 0.0000000000
20150  50.427  -78.737  27.772 0.0000000000
18972  51.333  -79.045  28.767 0.0000000000
18986  50.921  -79.210  27.420 0.0000000000
29440  44.001  -70.137  20.923 0.0000000000
24687  42.838  -75.147  28.171 0.0000000000
24703  42.549  -74.504  27.387 0.0000000000
24702  43.327  -75.136  27.246 0.0000000000
27098  48.085  -72.523  17.659 0.0000000000
28268  47.773  -71.352  17.629 0.0000000000
20170  48.431  -78.461  26.057 0.0000000000
20180  48.889  -78.258  25.382 0.0000000000
19070  48.635  -80.152  21.700 0.0000000000
19071  47.926  -79.549  21.661 0.0000000000
19085  48.415  -79.619  20.840 0.0000000000
20231  48.949  -79.124  20.097 0.0000000000
21326  50.510  -77.569  17.635 0.0000000000
21187  50.472  -77.690  31.373 0.0000000000
24788  44.101  -74.416  21.757 0.0000000000
25927  43.839  -73.718  22.462 0.0000000000
25939  43.783  -73.687  21.557 0.0000000000
34494  47.322  -66.661  21.439 0.0000000000
17818  50.212  -79.877  25.014 0.0000000000
16652  49.277  -81.470  23.856 0.0000000000
17863  49.242  -80.396  22.607 0.0000000000
25979  45.459  -73.762  18.927 0.0000000000
27082  44.790  -72.683  19.439 0.0000000000
27100  45.734  -72.680  18.566 0.0000000000
30783  46.368  -69.842  18.360 0.0000000000
32096  46.939  -68.600  18.629 0.0000000000
33337  47.432  -67.134  19.569 0.0000000000
22340  46.040  -77.571  27.812 0.0000000000
22353  45.363  -77.151  27.060 0.0000000000
22352  46.050  -77.343  26.689 0.0000000000
23571  45.423  -76.353  23.236 0.0000000000
22402  45.977  -76.793  23.437 0.0000000000
19022  49.631  -78.858  24.127 0.0000000000
20189  48.556  -78.337  24.256 0.0000000000
20196  48.601  -78.622  23.637 0.0000000000
21293  47.412  -78.121  22.720 0.0000000000
21301  46.757  -77.752  21.781 0.0000000000
22415  46.002  -76.907  22.058 0.0000000000
22425  45.568  -76.964  20.946 0.0000000000
23603  45.394  -75.983  19.915 0.0000000000
22441  46.257  -77.111  19.824 0.0000000000
22439  48.407  -76.962  19.231 0.0000000000
23601  47.721  -76.217  18.996 0.0000000000
23615  48.166  -75.424  18.772 0.0000000000
16733  47.767  -81.525  18.743 0.0000000000
19104  50.221  -79.286  18.821 0.0000000000
17962  49.606  -79.893  18.711 0.0000000000
17944  49.833  -80.007  19.324 0.0000000000
19095  50.218  -79.208  19.546 0.0000000000
20246  50.152  -78.389  19.512 0.0000000000
20245  50.560  -78.416  19.142 0.0000000000
22453  50.928  -76.482  18.399 0.0000000000
24821  49.695  -74.674  18.363 0.0000000000
24820  50.670  -74.661  18.139 0.0000000000
25826  43.509  -73.253  31.136 0.0000000000
24670  43.016  -74.591  30.543 0.0000000000
24654  43.827  -75.359  31.280 0.0000000000
22307  47.577  -76.873  31.584 0.0000000000
23472  46.818  -75.815  31.738 0.0000000000
22308  46.523  -76.831  31.350 0.0000000000
22309  45.663  -77.001  31.100 0.0000000000
22321  46.393  -77.453  30.467 0.0000000000
22332  46.341  -77.782  29.234 0.0000000000
21204  47.095  -77.662  30.265 0.0000000000
21214  49.660  -78.033  29.546 0.0000000000
21215  48.566  -78.001  29.606 0.0000000000
21222  49.070  -78.220  28.915 0.0000000000
20132  48.906  -78.466  28.135 0.0000000000
20130  50.744  -78.582  28.682 0.0000000000
17753  50.667  -80.305  29.493 0.0000000000
17767  51.252  -79.633  29.128 0.0000000000
20149  51.021  -78.813  28.081 0.0000000000
29449  44.269  -70.605  20.098 0.0000000000
29450  43.759  -70.860  20.696 0.0000000000
30771  44.463  -69.567  20.426 0.0000000000
32069  45.413  -67.872  22.091 0.0000000000
27099  46.883  -72.617  18.211 0.0000000000
28270  46.112  -71.639  18.391 0.0000000000
21239  47.555  -77.990  26.950 0.0000000000
21240  46.729  -77.577  26.870 0.0000000000
21252  47.184  -77.516  26.018 0.0000000000
22392  47.327  -77.603  24.623 0.0000000000
19053  48.740  -79.696  22.805 0.0000000000
20206  48.553  -79.092  23.125 0.0000000000
20207  47.850  -79.024  22.647 0.0000000000
20217  47.419  -78.747  21.418 0.0000000000
20233  47.156  -78.497  20.438 0.0000000000
21316  47.010  -77.971  19.675 0.0000000000
20249  47.730  -78.364  19.927 0.0000000000
21315  48.026  -77.728  19.575 0.0000000000
21314  49.009  -77.657  19.514 0.0000000000
20272  50.378  -78.264  17.921 0.0000000000
21320  51.056  -76.989  18.170 0.0000000000
21189  48.471  -77.630  31.387 0.0000000000
21203  47.831  -77.875  30.625 0.0000000000
21188  49.430  -77.723  31.431 0.0000000000
21201  50.025  -77.896  30.476 0.0000000000
27049  43.511  -72.815  22.268 0.0000000000
27059  43.448  -72.285  21.881 0.0000000000
33326  45.830  -67.547  20.457 0.0000000000
32078  45.259  -67.969  21.023 0.0000000000
33311  47.578  -66.933  22.141 0.0000000000
19008  50.656  -78.790  26.050 0.0000000000
20179  50.142  -78.479  25.757 0.0000000000
20187  50.186  -78.707  25.077 0.0000000000
19021  50.073  -79.158  24.473 0.0000000000
19036  49.906  -79.489  23.998 0.0000000000
17850  49.841  -79.711  23.791 0.0000000000
19052  49.264  -79.926  23.151 0.0000000000
17882  49.083  -80.492  21.975 0.0000000000
25952  44.058  -73.658  20.883 0.0000000000
27070  44.564  -73.189  19.888 0.0000000000
28258  44.523  -71.608  19.690 0.0000000000
29458  44.889  -70.819  19.398 0.0000000000
29457  45.611  -70.512  18.749 0.0000000000
32088  45.533  -68.381  19.952 0.0000000000
33338  46.293  -67.605  19.921 0.0000000000
33324  47.192  -66.816  20.275 0.0000000000
27114  49.900  -72.360  17.397 0.0000000000
22342  44.249  -76.604  27.815 0.0000000000
23517  43.530  -75.764  27.309 0.0000000000
22354  44.657  -76.733  27.142 0.0000000000
24777  44.710  -75.672  22.917 0.0000000000
24787  44.668  -75.295  21.995 0.0000000000
22400  47.210  -77.701  24.160 0.0000000000
20197  47.807  -78.433  23.219 0.0000000000
21284  47.473  -78.001  23.713 0.0000000000
21285  46.869  -77.534  23.315 0.0000000000
22407  46.053  -76.692  22.976 0.0000000000
23618  45.431  -75.154  19.328 0.0000000000
24824  46.269  -74.572  18.594 0.0000000000
23602  46.529  -76.272  19.120 0.0000000000
23616  46.992  -75.415  18.704 0.0000000000
25976  48.946  -73.685  18.135 0.0000000000
17902  49.433  -80.686  20.976 0.0000000000
17946  48.527  -80.834  18.439 0.0000000000
17924  49.844  -80.390  20.129 0.0000000000
21313  49.834  -77.698  19.420 0.0000000000
22438  49.408  -76.938  19.063 0.0000000000
22454  50.102  -76.751  18.710 0.0000000000
23614  49.347  -75.764  18.668 0.0000000000
27097  49.401  -72.938  17.795 0.0000000000
27096  50.375  -73.192  17.739 0.0000000000
28112  42.470  -71.972  29.110 0.0000000000
26953  42.846  -72.477  30.521 0.0000000000
25836  42.421  -73.325  29.491 0.0000000000
24681  42.414  -74.131  29.416 0.0000000000
24680  42.656  -75.036  29.271 0.0000000000
23491  43.950  -76.463  29.698 0.0000000000
24651  47.148  -74.636  31.716 0.0000000000
24653  45.006  -75.222  31.383 0.0000000000
23474  44.594  -76.448  30.996 0.0000000000
23490  44.588  -76.943  30.126 0.0000000000
22323  44.657  -77.194  29.519 0.0000000000
22333  45.222  -77.595  28.867 0.0000000000
22339  46.709  -77.873  28.347 0.0000000000
21224  47.392  -78.241  28.197 0.0000000000
20133  48.148  -78.473  27.958 0.0000000000
20151  49.573  -78.616  27.458 0.0000000000
20168  50.213  -78.655  26.790 0.0000000000
20167  50.706  -78.907  27.120 0.0000000000
20178  50.576  -78.760  26.409 0.0000000000
28237  43.982  -72.207  20.986 0.0000000000
28238  43.595  -71.676  21.483 0.0000000000
30768  43.739  -69.853  21.742 0.0000000000
30767  44.289  -69.298  21.270 0.0000000000
30748  44.071  -69.003  22.176 0.0000000000
17819  49.755  -80.707  25.391 0.0000000000
17864  48.869  -80.251  22.307 0.0000000000
19037  49.480  -79.302  23.628 0.0000000000
19094  50.458  -78.787  19.305 0.0000000000
20119  51.012  -78.414  29.602 0.0000000000
20131  49.852  -78.502  28.552 0.0000000000
20153  47.862  -78.358  27.545 0.0000000000
20181  48.274  -78.229  25.541 0.0000000000
20195  49.347  -78.722  23.950 0.0000000000
20218  46.899  -78.261  21.055 0.0000000000
20232  47.991  -78.918  20.477 0.0000000000
20247  49.468  -78.368  19.731 0.0000000000
21213  50.436  -78.161  29.861 0.0000000000
21217  46.806  -77.732  29.871 0.0000000000
21238  48.018  -78.336  26.448 0.0000000000
21251  47.784  -78.108  25.854 0.0000000000
21253  46.565  -77.367  26.226 0.0000000000
21262  48.529  -77.955  25.013 0.0000000000
21275  47.515  -77.843  24.341 0.0000000000
21294  46.937  -77.621  22.827 0.0000000000
21302  46.058  -77.299  21.485 0.0000000000
21308  46.079  -77.503  21.072 0.0000000000
21325  51.104  -76.923  17.899 0.0000000000
22331  46.919  -78.027  28.833 0.0000000000
22334  44.424  -77.006  28.700 0.0000000000
22368  44.979  -76.818  26.597 0.0000000000
22378  47.600  -77.577  25.050 0.0000000000
22391  47.782  -77.703  24.901 0.0000000000
22406  46.544  -77.171  22.902 0.0000000000
22424  45.963  -77.299  20.515 0.0000000000
22437  49.981  -77.292  19.089 0.0000000000
22442  45.718  -76.874  20.258 0.0000000000
22455  49.558  -76.470  18.784 0.0000000000
23476  43.320  -75.312  30.510 0.0000000000
23492  43.248  -75.538  29.960 0.0000000000
23500  43.274  -75.745  28.915 0.0000000000
23504  43.688  -76.189  27.689 0.0000000000
23505  43.300  -75.783  27.930 0.0000000000
23516  43.898  -76.272  27.037 0.0000000000
23561  45.776  -76.805  23.834 0.0000000000
23599  49.289  -76.364  18.839 0.0000000000
24655  43.440  -75.273  30.796 0.0000000000
24671  42.488  -73.860  29.997 0.0000000000
24701  43.652  -75.605  26.867 0.0000000000
24778  44.327  -74.744  22.663 0.0000000000
24799  43.963  -74.171  21.193 0.0000000000
24825  45.546  -74.692  18.977 0.0000000000
25928  43.546  -73.149  22.771 0.0000000000
25951  44.567  -73.725  20.220 0.0000000000
25963  44.903  -73.563  19.641 0.0000000000
26963  42.431  -72.552  29.721 0.0000000000
27058  43.787  -72.785  21.406 0.0000000000
27071  44.219  -72.757  20.391 0.0000000000
28247  44.017  -71.658  20.524 0.0000000000
28248  43.622  -71.239  20.965 0.0000000000
28284  49.380  -71.307  17.237 0.0000000000
29441  43.619  -70.722  21.347 0.0000000000
30775  46.561  -69.007  18.668 0.0000000000
30777  45.029  -69.725  19.636 0.0000000000
32070  44.749  -68.530  21.675 0.0000000000
32079  44.793  -68.756  20.718 0.0000000000
32086  47.223  -67.802  19.099 0.0000000000
32087  46.654  -68.204  19.144 0.0000000000
33312  46.783  -66.882  21.737 0.0000000000
33339  45.851  -67.816  20.075 0.0000000000
34493  48.129  -66.585  21.852 0.0000000000
34495  46.921  -66.680  21.183 0.0000000000
34513  47.485  -66.580  20.717 0.0000000000
34514  47.073  -66.612  20.971 0.0000000000
