#!ascii label  , from subject 3542 vox2ras=TkReg
1253
52507  -37.567  -26.407  47.522 0.0000000000
61107  -51.403  -17.455  44.741 0.0000000000
56221  -44.418  -23.437  46.169 0.0000000000
35931  -14.801  -44.588  68.727 0.0000000000
46509  -37.470  -32.127  52.307 0.0000000000
37854  -28.424  -41.709  66.935 0.0000000000
38789  -37.932  -40.181  65.912 0.0000000000
43470  -39.493  -35.660  60.325 0.0000000000
44557  -41.869  -34.569  56.429 0.0000000000
41520  -20.460  -38.695  61.812 0.0000000000
40519  -24.998  -39.486  67.976 0.0000000000
39697  -24.333  -39.936  62.166 0.0000000000
36988  -33.802  -42.554  60.873 0.0000000000
38863  -38.881  -40.208  60.572 0.0000000000
50473  -40.564  -28.367  52.121 0.0000000000
55147  -39.493  -23.423  51.345 0.0000000000
57180  -48.571  -21.815  45.105 0.0000000000
55221  -39.612  -24.911  46.623 0.0000000000
61180  -49.495  -17.949  40.255 0.0000000000
33349  -11.994  -47.190  70.697 0.0000000000
48337  -41.046  -30.965  55.837 0.0000000000
49443  -36.755  -30.107  49.458 0.0000000000
37916  -28.405  -41.932  62.337 0.0000000000
35984  -33.694  -43.342  66.205 0.0000000000
57090  -43.464  -21.332  51.902 0.0000000000
63160  -55.868  -14.462  36.076 0.0000000000
42489  -38.588  -36.591  57.835 0.0000000000
44532  -38.378  -35.599  57.148 0.0000000000
40596  -22.099  -38.870  62.497 0.0000000000
38887  -37.039  -40.937  58.182 0.0000000000
40691  -38.219  -38.699  57.637 0.0000000000
41561  -39.159  -37.828  59.904 0.0000000000
50500  -39.807  -27.937  49.437 0.0000000000
53337  -40.589  -25.952  51.606 0.0000000000
53375  -38.603  -25.490  49.229 0.0000000000
58124  -50.636  -19.991  45.016 0.0000000000
57157  -51.519  -20.803  47.640 0.0000000000
63058  -53.003  -16.394  44.605 0.0000000000
34272  -13.471  -45.361  66.686 0.0000000000
34236  -13.677  -45.856  69.390 0.0000000000
45599  -39.883  -33.277  53.955 0.0000000000
46477  -42.517  -32.504  55.446 0.0000000000
47408  -38.896  -31.065  53.580 0.0000000000
49395  -38.720  -30.143  53.047 0.0000000000
49418  -36.688  -30.567  51.033 0.0000000000
38759  -26.577  -40.591  67.653 0.0000000000
39623  -27.158  -40.207  69.841 0.0000000000
37794  -29.159  -41.444  69.876 0.0000000000
37814  -31.706  -41.955  68.947 0.0000000000
38873  -26.419  -40.367  59.451 0.0000000000
37960  -28.773  -41.246  59.093 0.0000000000
36965  -36.075  -42.002  62.834 0.0000000000
36946  -34.018  -43.312  63.489 0.0000000000
37871  -36.101  -41.767  65.947 0.0000000000
37819  -36.219  -41.800  68.564 0.0000000000
37866  -17.792  -41.796  65.206 0.0000000000
39628  -18.742  -39.492  68.330 0.0000000000
39609  -18.288  -39.325  70.714 0.0000000000
55224  -42.391  -23.987  46.652 0.0000000000
56173  -41.231  -23.222  49.044 0.0000000000
56175  -44.058  -23.239  48.875 0.0000000000
64992  -57.005  -12.386  35.174 0.0000000000
35903  -14.335  -43.413  72.417 0.0000000000
43456  -41.379  -35.260  61.740 0.0000000000
44490  -43.557  -34.529  59.764 0.0000000000
44511  -41.335  -34.858  58.461 0.0000000000
44573  -39.077  -34.499  55.585 0.0000000000
41451  -20.358  -38.560  64.945 0.0000000000
40528  -22.451  -38.538  67.355 0.0000000000
40563  -22.317  -39.002  64.905 0.0000000000
39662  -24.573  -39.910  65.175 0.0000000000
38801  -26.528  -41.143  64.855 0.0000000000
37963  -31.606  -41.969  59.551 0.0000000000
37986  -34.366  -41.840  58.697 0.0000000000
37968  -36.538  -41.591  59.832 0.0000000000
38829  -38.192  -40.316  63.009 0.0000000000
39700  -39.651  -39.112  62.391 0.0000000000
42438  -39.932  -36.280  62.120 0.0000000000
38825  -19.330  -40.306  62.237 0.0000000000
51435  -41.243  -27.469  56.359 0.0000000000
53286  -42.428  -25.726  57.304 0.0000000000
52423  -40.771  -26.444  54.473 0.0000000000
54205  -40.576  -24.713  52.998 0.0000000000
56223  -46.338  -22.859  45.659 0.0000000000
56179  -47.222  -22.909  48.453 0.0000000000
57139  -49.823  -22.329  48.483 0.0000000000
30571  -8.236  -49.535  74.808 0.0000000000
54299  -37.876  -25.091  46.834 0.0000000000
55258  -39.707  -24.278  44.081 0.0000000000
56251  -44.509  -22.679  43.719 0.0000000000
57201  -45.862  -21.531  43.442 0.0000000000
58146  -47.332  -20.049  43.389 0.0000000000
61118  -49.157  -17.901  43.502 0.0000000000
62100  -50.334  -16.884  43.076 0.0000000000
61157  -47.815  -17.749  40.919 0.0000000000
35019  -13.064  -44.862  73.214 0.0000000000
33330  -11.084  -46.529  73.822 0.0000000000
32417  -9.201  -48.030  74.500 0.0000000000
48293  -45.905  -29.619  59.294 0.0000000000
45554  -44.925  -33.873  57.639 0.0000000000
47374  -44.125  -31.318  57.169 0.0000000000
49349  -42.311  -29.296  57.805 0.0000000000
50445  -39.972  -29.243  54.698 0.0000000000
49421  -39.452  -29.641  50.944 0.0000000000
50514  -37.406  -29.122  47.843 0.0000000000
40497  -24.692  -38.836  69.946 0.0000000000
38827  -26.397  -41.112  62.789 0.0000000000
37885  -28.691  -42.285  64.560 0.0000000000
36973  -31.225  -42.563  61.408 0.0000000000
36927  -30.725  -43.020  64.381 0.0000000000
36889  -31.499  -43.077  66.388 0.0000000000
37816  -33.493  -42.136  68.691 0.0000000000
35110  -14.380  -44.294  65.763 0.0000000000
36900  -16.016  -43.089  65.562 0.0000000000
36840  -16.002  -42.997  68.146 0.0000000000
56147  -39.117  -23.357  49.112 0.0000000000
57105  -40.774  -21.979  51.557 0.0000000000
58045  -42.995  -21.102  53.764 0.0000000000
57093  -46.602  -21.881  51.624 0.0000000000
61141  -51.903  -17.362  42.273 0.0000000000
61164  -54.278  -17.003  41.080 0.0000000000
63123  -56.028  -15.434  39.583 0.0000000000
63145  -55.504  -15.513  36.884 0.0000000000
64932  -57.393  -13.290  39.206 0.0000000000
42488  -38.224  -36.773  57.282 0.0000000000
43517  -37.548  -36.140  56.931 0.0000000000
43516  -36.821  -36.234  56.486 0.0000000000
39779  -37.146  -39.125  56.799 0.0000000000
41613  -37.414  -37.801  56.484 0.0000000000
41582  -38.617  -37.404  58.074 0.0000000000
51509  -38.737  -27.194  48.475 0.0000000000
52476  -39.122  -26.357  49.251 0.0000000000
52491  -38.149  -26.330  48.215 0.0000000000
60120  -51.319  -18.246  44.894 0.0000000000
59065  -51.715  -19.322  45.712 0.0000000000
60121  -52.080  -18.348  45.634 0.0000000000
61109  -53.168  -16.924  45.680 0.0000000000
62063  -52.610  -16.671  45.013 0.0000000000
35081  -13.969  -45.174  67.422 0.0000000000
34243  -13.512  -45.972  68.406 0.0000000000
35046  -14.477  -44.882  69.898 0.0000000000
46498  -38.205  -32.463  52.792 0.0000000000
46486  -39.661  -32.071  53.752 0.0000000000
47428  -38.088  -31.418  52.571 0.0000000000
48356  -38.062  -30.857  52.522 0.0000000000
48365  -37.085  -31.050  51.763 0.0000000000
41395  -20.353  -38.017  69.355 0.0000000000
37853  -27.683  -41.314  67.163 0.0000000000
38761  -27.699  -40.913  68.293 0.0000000000
37812  -29.336  -41.555  68.927 0.0000000000
37795  -30.067  -41.898  69.670 0.0000000000
37813  -30.484  -42.072  68.593 0.0000000000
37903  -36.931  -40.897  63.923 0.0000000000
36948  -35.845  -42.301  63.850 0.0000000000
37872  -36.719  -41.197  65.898 0.0000000000
37858  -36.657  -41.141  67.028 0.0000000000
39646  -19.361  -39.413  66.365 0.0000000000
40514  -19.765  -38.862  67.787 0.0000000000
40493  -19.506  -38.559  69.503 0.0000000000
50397  -46.050  -28.403  59.106 0.0000000000
55225  -43.233  -23.707  46.782 0.0000000000
55207  -43.489  -23.604  47.673 0.0000000000
55208  -44.223  -23.486  47.644 0.0000000000
43471  -40.199  -35.380  60.840 0.0000000000
44464  -40.807  -35.126  60.259 0.0000000000
44486  -39.709  -35.250  59.243 0.0000000000
44554  -38.619  -34.874  56.505 0.0000000000
44572  -38.069  -34.586  55.601 0.0000000000
45581  -38.075  -33.884  53.883 0.0000000000
41466  -20.370  -38.736  63.985 0.0000000000
41468  -21.217  -38.554  64.813 0.0000000000
41485  -21.172  -38.657  63.810 0.0000000000
40597  -23.029  -39.164  62.009 0.0000000000
40579  -22.896  -39.326  63.160 0.0000000000
39676  -24.401  -40.034  64.225 0.0000000000
39677  -25.109  -40.348  64.717 0.0000000000
39688  -25.034  -40.382  63.730 0.0000000000
38006  -33.032  -41.639  57.770 0.0000000000
38888  -37.719  -40.768  58.663 0.0000000000
37988  -36.518  -41.384  58.697 0.0000000000
37969  -37.326  -41.218  59.896 0.0000000000
37937  -37.224  -40.964  61.941 0.0000000000
38862  -38.234  -40.651  61.091 0.0000000000
38830  -38.829  -40.058  62.582 0.0000000000
38848  -39.331  -39.718  61.391 0.0000000000
42462  -39.045  -36.203  60.342 0.0000000000
41528  -39.638  -36.824  61.555 0.0000000000
43454  -39.888  -35.782  61.431 0.0000000000
43437  -41.025  -35.845  62.522 0.0000000000
39695  -19.735  -39.662  61.992 0.0000000000
50456  -40.623  -28.460  54.243 0.0000000000
52412  -40.868  -26.545  55.421 0.0000000000
51461  -40.742  -27.423  53.790 0.0000000000
54221  -39.712  -24.325  51.609 0.0000000000
53330  -40.662  -25.359  52.882 0.0000000000
54204  -40.302  -24.292  52.752 0.0000000000
54193  -40.543  -23.915  53.441 0.0000000000
56085  -40.286  -23.034  52.995 0.0000000000
56225  -48.367  -22.390  45.662 0.0000000000
56197  -48.760  -22.601  47.672 0.0000000000
56213  -49.104  -22.419  47.048 0.0000000000
58077  -53.237  -20.122  49.894 0.0000000000
57200  -45.084  -22.018  43.276 0.0000000000
57218  -45.018  -21.312  42.673 0.0000000000
59106  -45.894  -19.959  42.035 0.0000000000
60170  -46.892  -19.026  42.162 0.0000000000
59090  -48.321  -19.210  43.456 0.0000000000
60171  -47.469  -18.743  42.423 0.0000000000
61137  -47.974  -17.916  41.798 0.0000000000
33366  -12.335  -47.142  68.679 0.0000000000
32438  -11.284  -47.733  70.952 0.0000000000
36785  -13.732  -42.887  74.310 0.0000000000
35020  -13.586  -44.396  72.807 0.0000000000
35884  -12.748  -43.782  74.742 0.0000000000
35006  -11.593  -44.885  75.353 0.0000000000
34196  -10.920  -46.020  75.387 0.0000000000
33329  -10.556  -46.991  74.115 0.0000000000
33321  -10.586  -46.943  75.224 0.0000000000
32407  -9.785  -48.150  75.423 0.0000000000
44537  -43.119  -34.752  57.745 0.0000000000
44514  -44.276  -34.465  58.777 0.0000000000
44559  -43.874  -34.322  57.096 0.0000000000
47399  -41.581  -31.737  55.203 0.0000000000
47388  -43.845  -31.913  56.463 0.0000000000
48325  -42.401  -30.768  56.773 0.0000000000
48315  -43.251  -30.196  57.743 0.0000000000
48324  -41.234  -30.216  56.621 0.0000000000
49359  -40.715  -29.465  56.279 0.0000000000
49373  -40.096  -29.508  55.544 0.0000000000
49420  -38.428  -30.005  51.203 0.0000000000
49409  -39.297  -29.699  51.944 0.0000000000
49433  -38.703  -29.908  50.131 0.0000000000
49445  -39.007  -29.420  49.066 0.0000000000
49465  -37.059  -29.850  48.289 0.0000000000
40529  -23.168  -38.918  66.930 0.0000000000
40507  -24.004  -38.665  69.037 0.0000000000
40508  -24.890  -39.089  68.865 0.0000000000
37931  -27.188  -41.196  60.971 0.0000000000
38844  -26.445  -41.037  61.639 0.0000000000
37915  -27.307  -41.522  62.268 0.0000000000
37899  -27.002  -41.460  63.566 0.0000000000
37901  -28.783  -42.322  63.343 0.0000000000
37964  -32.633  -42.179  59.672 0.0000000000
36985  -31.455  -42.363  60.769 0.0000000000
36974  -32.214  -42.760  61.530 0.0000000000
36022  -33.850  -43.518  64.880 0.0000000000
36929  -32.393  -43.383  64.072 0.0000000000
36000  -32.645  -43.528  65.340 0.0000000000
36910  -31.301  -43.301  65.242 0.0000000000
36890  -32.618  -43.107  66.799 0.0000000000
36867  -32.232  -42.741  67.571 0.0000000000
36869  -34.059  -42.401  67.531 0.0000000000
40570  -40.302  -38.490  65.506 0.0000000000
37865  -17.223  -42.285  65.367 0.0000000000
37826  -16.959  -42.318  67.282 0.0000000000
36859  -16.341  -42.869  67.318 0.0000000000
40470  -18.127  -38.955  71.927 0.0000000000
55201  -38.430  -24.992  46.588 0.0000000000
54284  -38.519  -24.339  48.326 0.0000000000
55187  -39.045  -24.115  48.110 0.0000000000
56128  -42.259  -22.448  50.400 0.0000000000
57124  -41.371  -22.307  50.376 0.0000000000
57106  -41.655  -21.794  51.189 0.0000000000
57088  -41.429  -21.584  52.334 0.0000000000
57072  -43.113  -21.033  52.896 0.0000000000
56134  -47.898  -22.645  50.283 0.0000000000
56133  -47.057  -22.625  50.126 0.0000000000
56113  -48.166  -22.466  51.184 0.0000000000
61159  -49.515  -17.825  41.355 0.0000000000
62101  -51.257  -16.724  43.029 0.0000000000
61161  -51.517  -17.962  41.327 0.0000000000
61184  -53.484  -17.628  40.395 0.0000000000
61197  -54.117  -17.431  39.554 0.0000000000
62130  -55.344  -16.167  41.219 0.0000000000
62148  -55.530  -16.351  39.031 0.0000000000
63159  -55.129  -15.006  35.904 0.0000000000
63144  -54.586  -15.640  36.397 0.0000000000
64075  -56.142  -14.759  37.422 0.0000000000
63131  -56.508  -14.384  38.542 0.0000000000
64076  -56.602  -13.864  37.913 0.0000000000
64960  -57.409  -12.386  37.079 0.0000000000
64980  -58.164  -12.865  36.283 0.0000000000
43485  -38.791  -35.920  58.959 0.0000000000
44485  -39.199  -35.561  58.805 0.0000000000
43501  -38.635  -36.148  57.863 0.0000000000
44531  -37.564  -35.612  56.696 0.0000000000
41503  -21.184  -38.650  62.502 0.0000000000
39761  -36.806  -40.226  57.204 0.0000000000
39762  -37.446  -40.007  57.514 0.0000000000
39741  -38.825  -39.463  58.985 0.0000000000
39728  -39.382  -38.994  60.269 0.0000000000
40656  -39.018  -38.290  59.121 0.0000000000
41560  -38.928  -37.187  59.426 0.0000000000
50490  -40.425  -28.230  50.541 0.0000000000
51474  -40.715  -27.592  51.601 0.0000000000
52461  -40.187  -26.483  50.421 0.0000000000
53352  -39.705  -25.478  50.543 0.0000000000
54243  -39.075  -24.243  50.524 0.0000000000
58123  -49.887  -20.465  44.821 0.0000000000
57171  -50.473  -21.267  46.077 0.0000000000
58113  -50.970  -20.500  45.745 0.0000000000
59027  -52.498  -19.530  47.523 0.0000000000
63059  -53.774  -15.985  44.772 0.0000000000
33367  -12.987  -46.575  68.535 0.0000000000
33351  -13.170  -46.374  70.101 0.0000000000
45569  -40.859  -33.866  54.779 0.0000000000
45571  -42.572  -33.523  55.513 0.0000000000
45585  -41.068  -33.279  54.542 0.0000000000
47410  -40.401  -31.682  54.489 0.0000000000
47397  -39.860  -30.984  54.871 0.0000000000
48335  -39.605  -30.415  55.078 0.0000000000
48347  -38.835  -30.604  53.632 0.0000000000
49407  -37.808  -30.461  51.947 0.0000000000
49431  -36.506  -30.458  50.477 0.0000000000
39639  -25.506  -39.903  67.547 0.0000000000
39630  -25.658  -39.783  68.663 0.0000000000
38750  -26.770  -40.484  68.242 0.0000000000
38741  -28.126  -40.822  69.779 0.0000000000
37796  -31.253  -42.148  69.627 0.0000000000
37946  -27.786  -41.104  59.924 0.0000000000
37947  -28.877  -41.506  60.233 0.0000000000
36977  -34.914  -42.507  61.876 0.0000000000
36962  -33.559  -43.092  62.550 0.0000000000
36963  -34.508  -42.938  62.697 0.0000000000
36042  -34.752  -43.235  64.579 0.0000000000
36911  -34.809  -42.941  65.899 0.0000000000
36870  -34.681  -42.157  67.446 0.0000000000
37857  -35.840  -41.717  66.977 0.0000000000
37898  -18.498  -41.347  63.374 0.0000000000
38784  -18.572  -40.954  65.010 0.0000000000
38745  -17.959  -40.731  67.890 0.0000000000
39627  -17.947  -40.086  69.075 0.0000000000
40492  -18.907  -39.021  69.315 0.0000000000
55222  -40.417  -24.802  46.729 0.0000000000
55189  -40.939  -23.740  48.370 0.0000000000
55190  -41.885  -23.750  48.428 0.0000000000
55174  -42.989  -23.483  49.109 0.0000000000
56130  -44.372  -22.643  50.257 0.0000000000
61192  -49.573  -17.546  39.347 0.0000000000
60211  -50.694  -18.291  39.985 0.0000000000
61203  -50.546  -17.165  38.673 0.0000000000
64106  -55.619  -13.870  35.384 0.0000000000
64122  -56.716  -12.703  35.571 0.0000000000
64991  -55.967  -12.903  34.722 0.0000000000
65931  -56.435  -11.975  34.161 0.0000000000
35913  -15.227  -43.369  70.594 0.0000000000
35912  -14.632  -44.061  71.007 0.0000000000
44445  -44.027  -33.951  62.001 0.0000000000
44466  -42.796  -34.478  60.742 0.0000000000
44512  -42.333  -34.826  58.598 0.0000000000
44536  -42.121  -34.791  57.555 0.0000000000
44509  -39.560  -35.341  58.207 0.0000000000
44534  -40.018  -34.809  57.444 0.0000000000
44556  -40.683  -34.641  56.440 0.0000000000
44594  -39.477  -34.188  54.715 0.0000000000
45597  -38.650  -33.261  53.355 0.0000000000
40527  -20.388  -38.578  66.494 0.0000000000
41425  -21.306  -38.190  67.546 0.0000000000
41439  -21.282  -38.426  66.670 0.0000000000
40545  -22.146  -38.790  66.120 0.0000000000
40546  -23.213  -39.287  65.608 0.0000000000
40578  -22.226  -39.055  63.761 0.0000000000
40564  -22.955  -39.440  64.337 0.0000000000
39647  -24.732  -39.764  66.094 0.0000000000
38770  -25.862  -40.400  66.538 0.0000000000
38786  -26.367  -40.914  65.863 0.0000000000
37868  -27.611  -41.574  66.133 0.0000000000
37984  -32.339  -41.844  58.654 0.0000000000
37965  -33.654  -42.179  59.458 0.0000000000
38008  -35.066  -41.472  57.929 0.0000000000
37967  -35.676  -41.858  59.668 0.0000000000
37952  -35.221  -42.178  60.240 0.0000000000
37936  -36.369  -41.687  61.843 0.0000000000
37919  -36.718  -41.350  62.898 0.0000000000
38816  -37.540  -40.486  63.998 0.0000000000
38790  -38.608  -39.726  65.727 0.0000000000
38818  -38.742  -39.902  63.611 0.0000000000
39690  -39.872  -38.899  63.818 0.0000000000
40586  -40.284  -38.204  64.583 0.0000000000
40624  -39.763  -37.871  61.670 0.0000000000
40604  -40.228  -37.858  63.266 0.0000000000
41491  -40.807  -36.956  63.945 0.0000000000
42426  -41.214  -36.404  63.681 0.0000000000
38799  -19.133  -40.458  63.709 0.0000000000
50407  -42.318  -27.778  58.007 0.0000000000
52385  -41.922  -26.412  57.348 0.0000000000
54183  -41.422  -25.712  56.279 0.0000000000
53316  -40.881  -25.655  55.127 0.0000000000
52442  -40.711  -26.356  52.472 0.0000000000
56222  -45.207  -23.236  45.825 0.0000000000
56194  -45.944  -23.332  47.750 0.0000000000
56195  -46.754  -23.169  47.582 0.0000000000
56180  -48.203  -22.733  48.536 0.0000000000
56158  -49.370  -22.573  49.801 0.0000000000
57156  -50.663  -21.580  47.406 0.0000000000
57125  -50.947  -22.151  50.353 0.0000000000
53435  -36.581  -25.612  46.153 0.0000000000
53414  -37.653  -25.543  47.345 0.0000000000
54316  -37.085  -25.077  45.913 0.0000000000
54317  -37.801  -24.964  45.932 0.0000000000
55219  -38.309  -24.951  45.816 0.0000000000
54344  -39.777  -24.781  45.354 0.0000000000
54346  -41.022  -24.478  45.268 0.0000000000
55261  -42.171  -23.924  44.810 0.0000000000
55262  -43.039  -23.623  44.934 0.0000000000
56235  -44.075  -23.342  44.986 0.0000000000
56236  -45.459  -22.734  44.687 0.0000000000
56237  -46.576  -22.386  44.749 0.0000000000
57192  -47.572  -21.339  44.235 0.0000000000
58163  -45.377  -20.532  42.262 0.0000000000
57203  -47.237  -20.591  43.668 0.0000000000
57193  -48.354  -20.914  44.341 0.0000000000
58135  -49.383  -19.937  44.306 0.0000000000
59079  -49.747  -19.092  44.259 0.0000000000
61119  -49.827  -17.342  43.950 0.0000000000
62074  -50.408  -16.822  43.978 0.0000000000
61130  -49.551  -17.288  43.293 0.0000000000
61138  -48.777  -17.705  42.051 0.0000000000
61179  -48.607  -17.717  40.072 0.0000000000
61191  -48.683  -17.059  39.211 0.0000000000
35036  -13.999  -45.055  70.979 0.0000000000
34220  -13.540  -45.693  71.262 0.0000000000
34211  -12.756  -45.920  72.440 0.0000000000
35013  -12.270  -44.778  74.496 0.0000000000
34206  -12.351  -45.618  73.559 0.0000000000
33341  -11.797  -47.145  71.725 0.0000000000
32423  -10.862  -47.498  72.815 0.0000000000
32428  -9.715  -48.181  73.027 0.0000000000
31505  -8.972  -48.361  73.339 0.0000000000
32416  -8.828  -48.310  74.774 0.0000000000
49325  -45.082  -28.719  59.119 0.0000000000
46455  -46.191  -32.974  58.888 0.0000000000
46470  -44.500  -32.860  56.651 0.0000000000
46461  -45.265  -32.911  57.314 0.0000000000
48316  -44.568  -30.760  57.998 0.0000000000
48304  -44.105  -29.861  58.437 0.0000000000
49336  -42.780  -28.926  58.211 0.0000000000
50421  -41.387  -28.654  56.973 0.0000000000
50446  -40.650  -28.587  55.406 0.0000000000
49385  -39.218  -29.805  53.994 0.0000000000
50464  -40.062  -29.153  52.567 0.0000000000
50472  -40.059  -29.070  51.590 0.0000000000
49434  -39.631  -29.334  49.997 0.0000000000
49467  -38.681  -28.720  48.434 0.0000000000
50535  -37.511  -27.674  47.509 0.0000000000
48375  -35.034  -31.245  50.898 0.0000000000
48387  -35.701  -30.822  50.518 0.0000000000
48399  -35.465  -30.610  49.746 0.0000000000
49464  -35.775  -30.186  48.536 0.0000000000
49482  -36.269  -29.557  47.485 0.0000000000
50533  -35.544  -28.700  46.840 0.0000000000
51524  -36.085  -27.791  46.779 0.0000000000
52526  -36.280  -26.495  46.437 0.0000000000
39621  -25.565  -39.253  69.960 0.0000000000
39711  -24.315  -39.715  61.082 0.0000000000
39726  -25.188  -40.039  60.640 0.0000000000
39698  -25.002  -40.360  62.703 0.0000000000
38815  -26.364  -41.062  63.830 0.0000000000
37884  -27.396  -41.644  64.802 0.0000000000
37869  -28.443  -41.942  65.777 0.0000000000
37962  -30.644  -41.762  59.511 0.0000000000
37948  -29.884  -41.814  60.444 0.0000000000
37934  -30.100  -42.335  61.527 0.0000000000
36961  -32.578  -43.054  62.469 0.0000000000
36959  -30.554  -42.694  62.338 0.0000000000
36958  -29.875  -42.627  62.763 0.0000000000
36926  -29.678  -42.743  64.474 0.0000000000
36908  -29.742  -42.611  65.565 0.0000000000
37856  -29.896  -42.266  66.896 0.0000000000
36866  -31.284  -42.632  67.558 0.0000000000
37815  -32.642  -42.024  68.899 0.0000000000
35109  -13.648  -44.754  65.770 0.0000000000
35961  -14.890  -44.312  67.285 0.0000000000
36939  -15.924  -42.826  63.712 0.0000000000
36031  -15.143  -43.295  63.762 0.0000000000
35992  -15.433  -43.539  65.593 0.0000000000
35962  -15.331  -43.852  67.241 0.0000000000
36825  -15.636  -43.429  68.886 0.0000000000
36812  -16.241  -42.418  69.837 0.0000000000
39608  -17.765  -39.787  71.215 0.0000000000
54265  -38.093  -25.114  48.694 0.0000000000
54266  -38.337  -24.487  48.966 0.0000000000
55162  -39.252  -23.328  50.389 0.0000000000
56171  -39.943  -23.327  48.877 0.0000000000
56126  -39.645  -22.820  50.171 0.0000000000
56110  -39.696  -22.685  51.083 0.0000000000
57087  -40.745  -21.949  52.485 0.0000000000
56154  -45.790  -22.932  49.309 0.0000000000
56131  -45.342  -22.597  50.152 0.0000000000
57092  -45.515  -21.653  51.720 0.0000000000
62089  -51.860  -16.484  43.828 0.0000000000
62090  -52.830  -16.334  43.599 0.0000000000
62091  -53.807  -16.156  43.541 0.0000000000
60189  -52.183  -18.058  40.741 0.0000000000
62115  -53.777  -16.946  41.962 0.0000000000
62105  -55.158  -15.842  43.049 0.0000000000
63094  -55.756  -15.472  42.730 0.0000000000
63106  -56.573  -14.723  41.356 0.0000000000
62155  -54.296  -17.006  37.737 0.0000000000
63130  -56.034  -15.209  38.275 0.0000000000
64061  -56.940  -13.811  39.754 0.0000000000
65896  -57.857  -12.074  37.182 0.0000000000
42507  -37.309  -36.818  56.648 0.0000000000
42523  -36.948  -37.204  56.368 0.0000000000
41600  -38.166  -37.502  57.133 0.0000000000
51508  -38.128  -27.168  48.003 0.0000000000
60122  -52.839  -17.596  45.983 0.0000000000
61108  -52.293  -17.206  45.296 0.0000000000
62062  -51.905  -16.819  44.738 0.0000000000
35066  -14.442  -44.895  68.134 0.0000000000
35052  -14.477  -44.948  68.967 0.0000000000
46510  -38.023  -31.782  52.537 0.0000000000
47427  -37.692  -31.418  52.313 0.0000000000
47426  -36.957  -31.427  51.852 0.0000000000
41396  -21.347  -37.801  69.668 0.0000000000
41409  -20.648  -38.133  68.034 0.0000000000
37834  -28.245  -41.200  68.053 0.0000000000
37835  -29.304  -41.837  67.783 0.0000000000
38803  -37.393  -40.563  64.921 0.0000000000
37888  -36.803  -41.081  64.887 0.0000000000
38788  -37.274  -40.654  65.903 0.0000000000
38774  -37.758  -40.359  66.941 0.0000000000
40505  -20.069  -38.405  68.348 0.0000000000
55247  -43.728  -23.544  46.016 0.0000000000
55226  -44.115  -23.511  46.855 0.0000000000
55227  -44.492  -23.476  47.197 0.0000000000
44463  -40.067  -35.137  60.039 0.0000000000
44571  -37.097  -34.709  55.489 0.0000000000
41484  -20.797  -38.678  63.375 0.0000000000
41502  -20.693  -38.733  62.421 0.0000000000
39686  -23.621  -39.677  62.655 0.0000000000
39687  -24.320  -40.050  63.203 0.0000000000
38876  -38.592  -40.253  59.461 0.0000000000
38875  -38.107  -40.770  60.069 0.0000000000
38847  -38.826  -40.241  61.614 0.0000000000
42450  -39.345  -36.216  61.126 0.0000000000
41501  -20.348  -38.869  62.303 0.0000000000
40594  -19.996  -39.141  62.583 0.0000000000
50465  -40.632  -28.394  53.150 0.0000000000
55130  -39.897  -23.558  52.349 0.0000000000
57169  -48.753  -22.300  45.858 0.0000000000
57170  -49.475  -22.041  46.343 0.0000000000
57217  -44.004  -21.460  42.389 0.0000000000
60187  -47.309  -18.143  41.577 0.0000000000
33359  -12.197  -47.236  69.668 0.0000000000
32446  -11.454  -47.753  69.860 0.0000000000
35885  -13.353  -43.153  74.857 0.0000000000
33315  -10.917  -47.352  75.538 0.0000000000
44558  -42.923  -34.497  56.775 0.0000000000
44538  -43.961  -34.575  57.944 0.0000000000
47386  -41.910  -31.170  55.986 0.0000000000
48323  -40.656  -30.038  56.315 0.0000000000
48336  -40.214  -30.344  55.801 0.0000000000
49432  -37.556  -30.108  50.360 0.0000000000
49444  -37.890  -29.951  49.243 0.0000000000
40518  -24.184  -38.970  67.765 0.0000000000
37932  -28.083  -41.568  61.175 0.0000000000
36987  -32.868  -42.514  60.599 0.0000000000
36002  -34.140  -43.383  65.727 0.0000000000
36021  -33.024  -43.512  64.572 0.0000000000
36001  -33.398  -43.531  65.481 0.0000000000
35982  -32.226  -43.434  65.948 0.0000000000
35983  -33.013  -43.464  66.143 0.0000000000
36891  -33.497  -42.979  66.856 0.0000000000
40571  -40.748  -37.841  65.099 0.0000000000
38734  -17.365  -41.140  69.497 0.0000000000
55202  -39.045  -24.760  47.147 0.0000000000
55203  -39.766  -24.511  47.533 0.0000000000
57107  -42.819  -21.872  51.159 0.0000000000
57089  -42.387  -21.371  52.127 0.0000000000
56135  -48.760  -22.616  50.488 0.0000000000
61160  -50.431  -17.833  41.535 0.0000000000
61181  -50.314  -18.152  40.544 0.0000000000
61207  -53.919  -17.480  38.652 0.0000000000
62138  -54.847  -16.916  39.762 0.0000000000
62147  -54.732  -17.072  38.723 0.0000000000
64090  -56.281  -14.185  36.836 0.0000000000
64945  -57.401  -12.592  37.853 0.0000000000
64091  -56.749  -13.000  37.068 0.0000000000
42474  -38.766  -36.582  58.667 0.0000000000
44530  -36.879  -35.670  56.427 0.0000000000
44552  -36.930  -35.184  56.113 0.0000000000
39778  -36.335  -39.873  56.605 0.0000000000
40690  -37.805  -38.635  57.158 0.0000000000
39763  -38.082  -39.213  57.703 0.0000000000
39751  -38.212  -39.868  58.202 0.0000000000
40674  -38.564  -38.745  58.141 0.0000000000
42461  -38.900  -36.498  59.689 0.0000000000
50489  -40.025  -28.454  50.016 0.0000000000
51483  -40.238  -27.440  50.142 0.0000000000
51495  -39.800  -27.305  49.554 0.0000000000
53376  -39.286  -25.974  49.691 0.0000000000
53351  -38.851  -24.972  50.091 0.0000000000
57182  -50.358  -20.750  45.359 0.0000000000
59004  -52.900  -19.484  48.249 0.0000000000
59005  -53.617  -18.990  48.648 0.0000000000
63046  -53.569  -16.191  45.034 0.0000000000
63047  -54.186  -15.995  45.353 0.0000000000
34242  -13.128  -46.363  67.999 0.0000000000
33368  -13.399  -46.203  68.947 0.0000000000
33360  -12.806  -46.738  69.491 0.0000000000
45584  -40.404  -33.267  54.184 0.0000000000
47421  -39.085  -31.603  53.462 0.0000000000
46487  -40.065  -32.334  53.973 0.0000000000
47409  -39.558  -31.560  53.967 0.0000000000
48348  -39.168  -30.545  54.313 0.0000000000
48378  -37.369  -30.671  51.691 0.0000000000
49419  -37.395  -30.453  51.309 0.0000000000
39649  -25.864  -40.198  67.204 0.0000000000
39640  -26.138  -40.248  67.830 0.0000000000
37811  -28.612  -41.103  69.289 0.0000000000
38752  -27.936  -40.882  68.911 0.0000000000
36978  -35.612  -42.184  61.896 0.0000000000
36964  -35.353  -42.557  62.820 0.0000000000
36931  -35.676  -42.437  64.925 0.0000000000
36930  -35.071  -42.959  65.051 0.0000000000
36912  -35.472  -42.402  65.950 0.0000000000
37841  -37.367  -41.152  67.946 0.0000000000
38798  -18.839  -40.842  64.058 0.0000000000
37882  -18.368  -41.444  64.196 0.0000000000
39636  -18.846  -39.808  67.057 0.0000000000
38746  -18.480  -40.119  67.527 0.0000000000
41394  -19.854  -38.135  70.034 0.0000000000
55223  -41.451  -24.517  46.419 0.0000000000
55205  -41.673  -24.103  47.542 0.0000000000
55192  -43.858  -23.393  48.515 0.0000000000
55191  -42.875  -23.598  48.653 0.0000000000
55175  -43.285  -23.394  49.044 0.0000000000
56151  -42.790  -23.304  49.579 0.0000000000
56152  -43.880  -23.144  49.361 0.0000000000
61202  -49.711  -16.886  38.737 0.0000000000
64977  -54.963  -13.378  34.871 0.0000000000
36802  -15.265  -42.851  71.342 0.0000000000
36777  -14.634  -42.150  74.728 0.0000000000
44443  -42.260  -34.795  61.667 0.0000000000
44465  -41.721  -34.925  60.686 0.0000000000
44487  -40.606  -34.987  59.325 0.0000000000
44488  -41.539  -34.870  59.502 0.0000000000
44508  -38.997  -35.758  58.049 0.0000000000
44533  -39.167  -35.249  57.346 0.0000000000
44555  -39.602  -34.673  56.498 0.0000000000
44574  -40.184  -34.395  55.407 0.0000000000
41438  -20.849  -38.431  66.162 0.0000000000
41452  -20.823  -38.407  65.293 0.0000000000
40562  -21.720  -38.753  65.275 0.0000000000
40544  -21.752  -38.714  65.716 0.0000000000
40595  -21.607  -38.812  63.379 0.0000000000
39661  -23.819  -39.646  64.782 0.0000000000
40547  -24.102  -39.532  65.615 0.0000000000
38800  -25.765  -40.693  65.252 0.0000000000
38772  -27.003  -41.116  66.536 0.0000000000
38787  -26.957  -41.313  65.537 0.0000000000
37985  -33.356  -41.880  58.645 0.0000000000
38904  -35.655  -40.954  57.368 0.0000000000
38009  -35.861  -41.310  58.028 0.0000000000
37953  -35.785  -42.004  60.790 0.0000000000
37920  -37.264  -40.786  63.107 0.0000000000
38828  -37.736  -40.480  63.323 0.0000000000
38817  -38.114  -40.153  63.902 0.0000000000
39699  -39.295  -39.695  62.563 0.0000000000
39689  -39.328  -39.568  63.213 0.0000000000
40657  -39.223  -38.471  59.898 0.0000000000
39713  -39.623  -38.970  61.132 0.0000000000
40641  -39.463  -38.200  60.545 0.0000000000
41510  -40.067  -37.083  62.338 0.0000000000
40605  -40.545  -37.233  63.688 0.0000000000
41511  -40.479  -36.795  63.130 0.0000000000
42439  -40.519  -36.188  62.726 0.0000000000
38813  -19.279  -40.347  63.106 0.0000000000
40561  -19.880  -39.043  64.569 0.0000000000
51436  -41.521  -27.401  56.961 0.0000000000
51423  -41.972  -27.293  57.668 0.0000000000
53308  -41.069  -25.775  55.936 0.0000000000
53309  -41.416  -25.291  55.675 0.0000000000
52450  -40.768  -26.808  51.841 0.0000000000
53329  -40.471  -24.831  52.641 0.0000000000
53323  -40.874  -25.386  54.132 0.0000000000
54194  -40.767  -24.417  53.715 0.0000000000
55114  -41.022  -23.812  54.641 0.0000000000
56210  -45.970  -23.302  46.788 0.0000000000
56211  -47.162  -22.948  46.554 0.0000000000
56196  -47.770  -22.880  47.531 0.0000000000
56181  -49.332  -22.501  48.751 0.0000000000
56157  -48.525  -22.684  49.528 0.0000000000
56182  -49.827  -22.441  49.363 0.0000000000
57141  -51.560  -21.273  48.600 0.0000000000
57126  -51.789  -21.599  49.982 0.0000000000
30570  -7.771  -49.411  74.416 0.0000000000
30581  -7.582  -49.481  73.786 0.0000000000
29692  -7.659  -50.095  74.365 0.0000000000
54342  -37.229  -24.650  45.410 0.0000000000
55242  -37.860  -24.608  45.099 0.0000000000
54355  -38.957  -24.721  44.955 0.0000000000
54356  -39.393  -24.617  44.808 0.0000000000
54345  -40.408  -24.635  45.332 0.0000000000
54357  -40.090  -24.507  44.740 0.0000000000
55260  -41.354  -24.187  44.545 0.0000000000
55278  -42.623  -23.678  44.383 0.0000000000
56234  -43.429  -23.430  44.565 0.0000000000
57190  -46.005  -22.158  44.158 0.0000000000
57191  -46.678  -21.772  44.122 0.0000000000
56238  -47.269  -22.053  44.610 0.0000000000
59088  -47.111  -19.699  43.045 0.0000000000
58165  -46.388  -20.172  42.884 0.0000000000
58145  -46.774  -20.238  43.202 0.0000000000
58133  -47.844  -20.287  43.841 0.0000000000
58134  -48.617  -20.137  44.089 0.0000000000
59077  -48.269  -19.646  43.687 0.0000000000
60156  -48.389  -18.585  43.155 0.0000000000
59078  -48.828  -19.135  43.867 0.0000000000
60138  -48.947  -18.450  43.612 0.0000000000
60139  -49.426  -18.290  43.949 0.0000000000
61129  -48.938  -17.753  42.874 0.0000000000
61158  -48.651  -17.770  41.070 0.0000000000
32445  -10.510  -48.250  70.140 0.0000000000
35911  -14.037  -44.542  71.575 0.0000000000
35028  -13.634  -44.984  72.084 0.0000000000
35027  -13.222  -45.372  72.442 0.0000000000
34219  -13.063  -46.176  71.420 0.0000000000
35007  -12.274  -44.277  75.498 0.0000000000
35011  -11.035  -45.495  74.867 0.0000000000
34202  -11.816  -45.542  74.253 0.0000000000
34205  -11.696  -46.120  73.666 0.0000000000
34210  -12.108  -46.225  72.960 0.0000000000
33334  -11.515  -46.896  72.855 0.0000000000
33333  -10.903  -47.152  73.426 0.0000000000
32418  -9.944  -47.505  74.360 0.0000000000
32422  -10.316  -47.703  73.451 0.0000000000
32421  -9.495  -47.997  73.803 0.0000000000
31498  -8.910  -48.193  73.965 0.0000000000
31497  -8.236  -48.581  74.106 0.0000000000
32399  -10.296  -48.037  75.624 0.0000000000
49326  -45.761  -29.068  59.355 0.0000000000
49339  -45.192  -29.180  59.132 0.0000000000
44467  -43.919  -34.083  60.848 0.0000000000
45513  -44.285  -33.807  61.365 0.0000000000
44468  -44.563  -33.941  60.360 0.0000000000
45543  -45.110  -34.001  58.922 0.0000000000
45555  -45.560  -33.615  58.427 0.0000000000
45544  -45.903  -33.385  59.192 0.0000000000
46478  -43.053  -33.209  55.731 0.0000000000
46469  -43.359  -32.600  56.001 0.0000000000
47389  -44.484  -31.984  56.812 0.0000000000
47375  -45.183  -31.911  57.376 0.0000000000
48317  -45.431  -31.122  58.202 0.0000000000
49350  -42.929  -29.426  58.086 0.0000000000
49337  -43.469  -29.210  58.441 0.0000000000
50423  -42.386  -28.501  58.053 0.0000000000
49347  -41.160  -29.082  56.731 0.0000000000
50455  -40.050  -29.209  53.612 0.0000000000
50479  -40.094  -28.906  50.706 0.0000000000
49466  -38.075  -29.387  48.346 0.0000000000
50515  -37.934  -28.343  47.945 0.0000000000
48376  -35.479  -31.198  50.955 0.0000000000
48398  -34.695  -30.883  49.801 0.0000000000
48413  -34.988  -30.535  49.042 0.0000000000
48414  -35.549  -30.430  49.252 0.0000000000
49463  -34.495  -30.291  48.031 0.0000000000
49481  -35.105  -29.775  47.241 0.0000000000
51546  -36.227  -27.195  46.660 0.0000000000
41426  -22.103  -38.215  67.998 0.0000000000
40516  -22.514  -38.398  67.851 0.0000000000
39622  -26.422  -39.855  69.694 0.0000000000
38859  -25.744  -40.603  61.134 0.0000000000
38843  -25.664  -40.769  62.187 0.0000000000
38826  -25.678  -40.760  63.253 0.0000000000
37900  -27.902  -41.893  63.475 0.0000000000
37870  -29.174  -42.355  65.625 0.0000000000
37949  -30.915  -42.146  60.604 0.0000000000
37935  -30.692  -42.397  61.288 0.0000000000
36972  -30.615  -42.524  61.630 0.0000000000
36928  -31.663  -43.310  64.318 0.0000000000
36944  -32.034  -43.199  63.338 0.0000000000
36943  -31.116  -42.959  63.373 0.0000000000
36942  -30.203  -42.824  63.447 0.0000000000
36941  -29.466  -42.617  63.391 0.0000000000
36909  -30.513  -42.919  65.453 0.0000000000
36887  -29.635  -42.421  66.122 0.0000000000
36888  -30.280  -42.533  66.657 0.0000000000
36865  -30.652  -42.362  67.825 0.0000000000
36868  -33.242  -42.527  67.731 0.0000000000
36849  -32.744  -42.288  68.288 0.0000000000
37839  -35.394  -41.688  67.904 0.0000000000
39664  -39.210  -39.252  65.399 0.0000000000
35096  -14.384  -44.573  66.537 0.0000000000
35974  -14.894  -44.130  66.489 0.0000000000
37881  -17.826  -41.834  64.333 0.0000000000
37896  -17.317  -42.106  63.705 0.0000000000
37880  -17.283  -42.220  64.504 0.0000000000
36901  -16.622  -42.711  65.490 0.0000000000
36920  -16.657  -42.617  64.597 0.0000000000
36919  -16.043  -42.927  64.727 0.0000000000
36032  -15.651  -43.091  64.235 0.0000000000
36011  -15.512  -43.310  64.756 0.0000000000
36858  -15.810  -43.397  67.253 0.0000000000
36839  -15.641  -43.544  67.921 0.0000000000
36826  -16.177  -42.691  69.149 0.0000000000
39620  -18.457  -39.490  69.642 0.0000000000
39619  -17.849  -40.055  70.166 0.0000000000
52387  -43.645  -26.322  57.409 0.0000000000
54283  -38.092  -24.916  48.010 0.0000000000
55172  -38.754  -23.731  48.923 0.0000000000
55161  -38.795  -23.875  49.684 0.0000000000
56125  -39.113  -23.295  49.569 0.0000000000
56172  -40.342  -23.248  48.955 0.0000000000
57123  -40.830  -22.120  50.766 0.0000000000
56149  -40.562  -22.697  49.891 0.0000000000
56127  -40.079  -22.134  50.832 0.0000000000
56111  -40.135  -22.198  51.764 0.0000000000
57071  -42.046  -21.234  53.269 0.0000000000
57070  -41.117  -21.585  53.280 0.0000000000
57056  -42.339  -21.419  53.986 0.0000000000
56178  -46.295  -23.113  48.470 0.0000000000
56177  -45.294  -23.293  48.414 0.0000000000
57111  -46.616  -22.348  50.734 0.0000000000
56132  -46.229  -22.608  50.084 0.0000000000
57110  -45.874  -22.155  50.852 0.0000000000
57109  -44.918  -22.069  50.957 0.0000000000
62087  -50.083  -16.936  43.540 0.0000000000
62088  -50.779  -16.681  43.655 0.0000000000
62102  -52.334  -16.716  42.948 0.0000000000
62103  -53.511  -16.713  42.649 0.0000000000
60202  -51.462  -18.235  40.425 0.0000000000
60203  -52.086  -18.113  40.181 0.0000000000
61163  -53.679  -17.248  41.398 0.0000000000
62116  -54.416  -16.704  41.768 0.0000000000
62104  -54.480  -16.268  42.819 0.0000000000
62117  -55.204  -16.026  42.222 0.0000000000
63114  -56.013  -15.464  40.708 0.0000000000
63115  -56.571  -14.632  40.237 0.0000000000
62166  -54.509  -16.254  36.960 0.0000000000
62167  -54.888  -16.326  37.351 0.0000000000
62156  -55.252  -16.384  37.919 0.0000000000
64070  -56.805  -13.791  38.866 0.0000000000
63124  -56.509  -14.564  39.195 0.0000000000
64921  -57.556  -13.485  39.928 0.0000000000
64978  -56.947  -12.486  35.776 0.0000000000
64979  -57.498  -12.397  36.273 0.0000000000
43500  -38.275  -36.279  57.369 0.0000000000
40706  -37.306  -38.518  56.636 0.0000000000
41601  -38.375  -38.191  57.571 0.0000000000
41581  -38.430  -37.165  57.471 0.0000000000
51494  -39.269  -27.256  49.018 0.0000000000
52492  -38.658  -26.529  48.648 0.0000000000
53395  -38.329  -25.998  48.615 0.0000000000
59064  -51.203  -19.058  45.007 0.0000000000
60104  -52.426  -18.653  46.295 0.0000000000
61098  -53.634  -17.259  46.697 0.0000000000
62051  -54.036  -16.614  46.126 0.0000000000
62077  -52.807  -16.533  44.792 0.0000000000
34256  -13.537  -45.710  67.462 0.0000000000
35065  -13.991  -45.335  68.264 0.0000000000
35051  -14.034  -45.383  69.168 0.0000000000
35045  -14.053  -45.333  70.050 0.0000000000
45598  -39.451  -33.255  53.713 0.0000000000
46500  -39.876  -32.925  53.754 0.0000000000
46499  -39.285  -32.342  53.432 0.0000000000
47420  -38.532  -31.531  52.962 0.0000000000
47419  -38.067  -31.096  52.580 0.0000000000
48377  -36.634  -30.939  51.352 0.0000000000
38760  -27.244  -40.905  67.665 0.0000000000
37833  -27.717  -41.145  67.625 0.0000000000
36846  -30.771  -42.235  68.266 0.0000000000
37902  -36.418  -41.561  63.859 0.0000000000
37887  -36.274  -41.746  64.883 0.0000000000
37859  -37.344  -40.737  67.335 0.0000000000
39637  -19.318  -39.258  67.409 0.0000000000
39629  -19.316  -39.087  68.018 0.0000000000
40503  -19.133  -38.934  68.916 0.0000000000
40504  -19.499  -38.830  68.555 0.0000000000
40494  -19.867  -38.440  68.941 0.0000000000
55206  -42.598  -23.819  47.617 0.0000000000
56176  -44.430  -23.247  48.777 0.0000000000
43472  -40.901  -35.337  61.067 0.0000000000
44553  -37.716  -35.055  56.343 0.0000000000
44593  -38.547  -34.284  54.732 0.0000000000
41467  -20.786  -38.526  64.388 0.0000000000
40577  -21.655  -38.829  64.327 0.0000000000
39675  -23.611  -39.790  63.732 0.0000000000
38814  -25.729  -40.746  64.272 0.0000000000
37989  -37.064  -41.332  59.237 0.0000000000
37954  -36.772  -41.386  60.840 0.0000000000
37955  -37.546  -40.947  60.864 0.0000000000
37938  -37.769  -40.792  61.468 0.0000000000
38846  -38.117  -40.566  62.041 0.0000000000
38831  -39.238  -39.829  62.097 0.0000000000
41544  -39.153  -37.038  60.502 0.0000000000
43436  -40.289  -35.868  62.143 0.0000000000
43455  -40.526  -35.566  61.672 0.0000000000
39685  -19.673  -39.753  62.913 0.0000000000
40576  -19.938  -39.159  63.519 0.0000000000
51445  -40.945  -27.500  55.802 0.0000000000
51454  -40.768  -27.494  54.853 0.0000000000
53336  -40.242  -25.020  51.999 0.0000000000
55112  -40.358  -23.616  53.124 0.0000000000
56086  -40.563  -22.551  53.648 0.0000000000
56224  -47.596  -22.491  45.397 0.0000000000
56212  -48.410  -22.607  46.476 0.0000000000
57155  -49.680  -22.270  47.788 0.0000000000
58089  -52.386  -20.252  48.410 0.0000000000
58076  -52.379  -20.898  49.404 0.0000000000
63084  -56.191  -15.092  43.502 0.0000000000
55259  -40.561  -24.228  44.127 0.0000000000
56266  -43.650  -22.390  42.873 0.0000000000
56267  -44.489  -22.045  42.916 0.0000000000
59107  -46.656  -19.579  42.473 0.0000000000
59108  -47.223  -19.345  42.800 0.0000000000
59089  -47.773  -19.410  43.163 0.0000000000
60155  -47.891  -18.900  42.905 0.0000000000
60172  -48.243  -18.040  42.501 0.0000000000
32437  -10.505  -48.049  71.326 0.0000000000
35894  -14.170  -42.923  73.093 0.0000000000
35893  -13.593  -43.588  73.586 0.0000000000
35892  -12.903  -44.211  74.054 0.0000000000
35001  -11.927  -44.975  75.916 0.0000000000
35005  -11.039  -45.345  75.210 0.0000000000
34200  -10.814  -45.885  74.913 0.0000000000
33326  -10.769  -46.357  74.481 0.0000000000
33325  -10.338  -46.737  74.867 0.0000000000
32412  -9.780  -47.501  74.859 0.0000000000
32411  -9.449  -47.905  75.086 0.0000000000
33320  -10.173  -47.633  75.370 0.0000000000
33314  -10.512  -47.739  75.560 0.0000000000
44513  -43.317  -34.754  58.736 0.0000000000
44491  -44.444  -34.204  59.763 0.0000000000
46468  -42.943  -32.263  55.783 0.0000000000
47400  -42.260  -31.747  55.601 0.0000000000
47387  -42.859  -31.723  56.041 0.0000000000
48326  -43.297  -31.186  56.829 0.0000000000
48314  -42.020  -29.986  57.218 0.0000000000
49348  -41.550  -29.395  57.110 0.0000000000
49360  -41.112  -29.563  56.751 0.0000000000
49408  -38.401  -30.062  52.170 0.0000000000
40517  -22.979  -38.459  68.228 0.0000000000
38728  -27.676  -40.485  70.277 0.0000000000
39615  -27.039  -40.028  70.614 0.0000000000
37945  -27.126  -40.956  60.326 0.0000000000
38860  -26.530  -40.772  60.519 0.0000000000
37950  -31.794  -42.255  60.278 0.0000000000
36986  -31.959  -42.487  60.807 0.0000000000
36040  -33.636  -43.444  64.138 0.0000000000
36945  -33.017  -43.361  63.492 0.0000000000
35999  -31.958  -43.460  65.204 0.0000000000
35981  -31.726  -43.367  65.699 0.0000000000
37837  -33.968  -42.114  68.228 0.0000000000
37848  -17.661  -41.818  66.084 0.0000000000
37847  -17.145  -42.325  66.294 0.0000000000
36879  -16.535  -42.796  66.399 0.0000000000
36878  -15.951  -43.259  66.425 0.0000000000
37803  -16.689  -42.380  68.363 0.0000000000
37785  -16.713  -42.055  69.492 0.0000000000
40471  -18.733  -38.688  71.526 0.0000000000
55186  -38.517  -24.697  47.520 0.0000000000
55173  -39.228  -23.542  48.774 0.0000000000
56150  -41.697  -22.909  49.747 0.0000000000
56156  -47.599  -22.745  49.358 0.0000000000
56155  -46.698  -22.826  49.295 0.0000000000
56112  -47.324  -22.382  50.983 0.0000000000
57094  -47.645  -22.013  51.881 0.0000000000
61139  -49.713  -17.365  42.508 0.0000000000
61140  -50.811  -17.328  42.340 0.0000000000
61185  -54.225  -17.230  40.481 0.0000000000
62129  -54.794  -16.766  40.736 0.0000000000
62139  -55.484  -16.252  40.157 0.0000000000
64105  -54.524  -14.499  35.664 0.0000000000
64939  -57.135  -13.135  38.522 0.0000000000
65932  -57.425  -11.885  34.406 0.0000000000
64993  -57.795  -12.296  35.171 0.0000000000
43469  -38.994  -35.919  59.799 0.0000000000
43486  -39.207  -35.644  59.460 0.0000000000
43518  -38.019  -35.932  57.246 0.0000000000
41504  -21.546  -38.619  61.637 0.0000000000
39696  -23.759  -39.512  61.688 0.0000000000
38927  -35.403  -40.500  56.559 0.0000000000
38928  -36.005  -40.519  57.013 0.0000000000
38905  -36.590  -40.733  57.550 0.0000000000
38906  -37.231  -40.662  57.939 0.0000000000
39750  -37.830  -40.266  58.088 0.0000000000
38889  -38.402  -40.151  58.788 0.0000000000
39727  -39.090  -39.622  59.902 0.0000000000
39742  -39.153  -38.986  59.619 0.0000000000
41543  -38.924  -36.884  59.905 0.0000000000
50480  -40.537  -28.374  51.222 0.0000000000
52462  -40.631  -26.856  50.994 0.0000000000
53353  -40.371  -26.157  50.846 0.0000000000
52477  -39.724  -26.587  49.750 0.0000000000
57181  -49.691  -21.273  45.325 0.0000000000
58101  -51.222  -20.771  46.666 0.0000000000
58114  -51.602  -20.014  46.164 0.0000000000
58102  -51.915  -20.126  47.135 0.0000000000
58090  -53.222  -19.681  48.914 0.0000000000
62052  -54.760  -16.322  46.480 0.0000000000
63060  -54.692  -15.606  44.968 0.0000000000
63075  -54.221  -15.819  44.228 0.0000000000
34255  -13.108  -46.183  67.513 0.0000000000
33373  -12.347  -46.941  67.778 0.0000000000
33350  -12.741  -46.682  70.521 0.0000000000
44576  -42.094  -34.092  55.586 0.0000000000
45561  -42.720  -34.096  55.988 0.0000000000
45570  -41.731  -33.373  54.990 0.0000000000
46476  -41.758  -32.518  54.996 0.0000000000
46488  -41.073  -32.473  54.528 0.0000000000
47411  -40.965  -31.750  54.793 0.0000000000
47398  -40.660  -31.236  55.177 0.0000000000
49384  -38.812  -30.295  53.634 0.0000000000
48357  -38.458  -30.702  52.920 0.0000000000
48367  -38.209  -30.423  52.436 0.0000000000
39638  -24.838  -39.582  67.069 0.0000000000
39631  -26.402  -40.108  68.681 0.0000000000
39632  -26.964  -40.276  69.066 0.0000000000
38751  -27.353  -40.684  68.597 0.0000000000
38740  -27.548  -40.546  69.423 0.0000000000
38729  -28.202  -40.944  70.494 0.0000000000
38861  -27.010  -40.790  59.851 0.0000000000
37933  -29.094  -41.934  61.351 0.0000000000
36976  -34.114  -42.754  61.717 0.0000000000
36947  -35.039  -43.070  63.929 0.0000000000
36041  -34.315  -43.382  64.330 0.0000000000
36023  -34.523  -43.331  65.076 0.0000000000
36892  -34.306  -42.834  66.666 0.0000000000
36893  -35.079  -42.257  66.824 0.0000000000
37840  -36.403  -41.356  67.974 0.0000000000
37897  -17.904  -41.769  63.512 0.0000000000
37867  -18.192  -41.513  64.836 0.0000000000
38769  -18.345  -40.930  65.940 0.0000000000
38768  -18.014  -41.422  65.860 0.0000000000
40482  -18.881  -38.863  70.228 0.0000000000
55204  -40.707  -24.383  47.620 0.0000000000
56174  -42.071  -23.447  49.134 0.0000000000
56129  -43.331  -22.728  50.419 0.0000000000
57108  -43.899  -22.014  51.081 0.0000000000
61193  -50.584  -17.890  39.487 0.0000000000
61194  -51.636  -17.793  39.205 0.0000000000
64107  -56.574  -13.158  36.048 0.0000000000
64121  -56.404  -13.055  35.286 0.0000000000
65930  -55.421  -12.281  34.380 0.0000000000
35920  -15.253  -43.728  69.863 0.0000000000
35919  -14.857  -44.413  69.572 0.0000000000
36801  -14.798  -43.236  71.864 0.0000000000
36786  -14.234  -42.427  73.815 0.0000000000
44489  -42.530  -34.724  59.665 0.0000000000
44510  -40.354  -34.959  58.365 0.0000000000
44535  -41.068  -34.778  57.447 0.0000000000
44575  -41.281  -34.300  55.519 0.0000000000
44595  -40.172  -33.965  54.581 0.0000000000
45583  -39.755  -33.659  54.173 0.0000000000
45582  -39.007  -33.788  54.076 0.0000000000
46497  -37.636  -32.700  52.559 0.0000000000
41424  -20.790  -38.347  67.056 0.0000000000
41440  -21.818  -38.432  67.015 0.0000000000
41453  -21.394  -38.586  65.799 0.0000000000
41454  -21.647  -38.568  66.407 0.0000000000
40530  -24.060  -39.302  66.496 0.0000000000
39648  -25.544  -40.099  66.618 0.0000000000
38771  -26.248  -40.580  66.889 0.0000000000
39663  -25.263  -40.204  65.654 0.0000000000
38785  -25.826  -40.497  66.130 0.0000000000
38005  -32.074  -41.631  57.732 0.0000000000
36997  -33.216  -42.340  59.956 0.0000000000
36998  -33.731  -42.405  60.151 0.0000000000
37987  -35.356  -41.687  58.785 0.0000000000
37966  -34.631  -42.187  59.752 0.0000000000
36989  -34.755  -42.439  60.842 0.0000000000
36990  -35.267  -42.320  61.329 0.0000000000
38804  -38.028  -40.137  64.872 0.0000000000
38805  -38.662  -39.758  64.659 0.0000000000
39678  -39.308  -39.398  64.309 0.0000000000
39679  -39.751  -38.765  65.007 0.0000000000
40587  -40.627  -37.481  64.286 0.0000000000
38864  -39.331  -39.558  60.638 0.0000000000
41474  -41.097  -37.023  64.664 0.0000000000
43420  -41.625  -35.964  63.132 0.0000000000
37914  -18.560  -41.164  62.562 0.0000000000
38812  -18.892  -40.830  63.225 0.0000000000
39673  -19.137  -40.374  64.127 0.0000000000
39674  -19.486  -39.892  63.997 0.0000000000
40542  -19.936  -38.867  65.739 0.0000000000
51406  -42.726  -27.241  58.104 0.0000000000
52401  -41.284  -26.687  56.302 0.0000000000
53300  -41.639  -26.138  56.765 0.0000000000
54163  -41.821  -25.181  56.951 0.0000000000
54185  -42.019  -25.057  56.176 0.0000000000
51467  -40.724  -27.341  52.626 0.0000000000
52433  -40.716  -26.360  53.425 0.0000000000
56209  -44.853  -23.426  46.799 0.0000000000
56136  -49.613  -22.503  50.746 0.0000000000
57140  -50.446  -22.134  48.945 0.0000000000
56159  -50.146  -22.423  50.025 0.0000000000
30590  -7.751  -49.380  72.804 0.0000000000
52506  -36.955  -26.502  46.966 0.0000000000
53413  -37.058  -25.976  46.841 0.0000000000
54298  -37.303  -25.475  46.573 0.0000000000
55220  -38.945  -25.018  46.136 0.0000000000
55243  -38.627  -24.810  45.294 0.0000000000
54343  -39.185  -24.868  45.410 0.0000000000
54318  -39.514  -24.980  45.907 0.0000000000
54319  -40.095  -24.907  45.974 0.0000000000
54320  -40.781  -24.702  45.900 0.0000000000
54321  -41.234  -24.536  45.731 0.0000000000
54358  -40.694  -24.416  44.792 0.0000000000
55244  -41.610  -24.311  45.388 0.0000000000
55245  -42.295  -24.015  45.679 0.0000000000
55246  -43.024  -23.700  45.913 0.0000000000
55263  -43.478  -23.560  45.445 0.0000000000
56252  -45.412  -22.281  43.819 0.0000000000
57179  -47.780  -21.981  44.792 0.0000000000
57219  -45.706  -20.871  42.826 0.0000000000
58144  -46.228  -20.679  43.112 0.0000000000
57202  -46.721  -21.034  43.625 0.0000000000
58122  -49.114  -20.816  44.599 0.0000000000
58136  -50.054  -19.788  44.520 0.0000000000
60140  -50.483  -18.194  44.418 0.0000000000
61120  -50.610  -17.193  44.234 0.0000000000
62099  -49.882  -17.049  43.139 0.0000000000
35037  -14.328  -44.852  70.501 0.0000000000
35902  -13.923  -44.126  72.232 0.0000000000
34229  -13.621  -45.863  70.292 0.0000000000
34228  -13.276  -46.197  70.730 0.0000000000
33342  -12.492  -46.685  71.538 0.0000000000
35879  -12.908  -43.566  75.660 0.0000000000
33335  -12.200  -46.630  72.326 0.0000000000
32430  -11.033  -47.511  71.973 0.0000000000
30582  -7.846  -48.965  73.426 0.0000000000
31488  -8.482  -48.711  74.921 0.0000000000
32410  -8.986  -48.349  75.045 0.0000000000
31479  -9.028  -48.621  75.202 0.0000000000
50396  -45.240  -28.231  58.987 0.0000000000
45496  -44.484  -33.697  61.595 0.0000000000
45562  -43.567  -33.710  56.218 0.0000000000
45563  -44.313  -33.768  56.780 0.0000000000
46462  -45.938  -32.861  58.199 0.0000000000
46463  -46.299  -32.094  58.614 0.0000000000
48306  -46.359  -30.729  59.170 0.0000000000
48305  -45.430  -30.024  58.900 0.0000000000
49338  -44.523  -29.054  58.935 0.0000000000
50409  -43.918  -28.210  58.804 0.0000000000
50408  -42.967  -28.141  58.401 0.0000000000
50422  -41.814  -28.315  57.489 0.0000000000
50434  -41.451  -28.168  56.973 0.0000000000
50433  -41.131  -28.294  56.438 0.0000000000
49372  -39.468  -29.918  55.077 0.0000000000
49396  -39.244  -29.696  52.946 0.0000000000
49446  -39.660  -28.753  49.411 0.0000000000
50499  -39.286  -28.347  48.875 0.0000000000
50516  -38.722  -27.840  48.407 0.0000000000
51526  -37.563  -27.113  47.472 0.0000000000
46508  -36.544  -32.391  51.897 0.0000000000
47437  -36.439  -31.324  51.564 0.0000000000
48388  -36.386  -30.663  50.886 0.0000000000
49442  -35.981  -30.405  49.622 0.0000000000
49483  -36.940  -29.319  47.654 0.0000000000
50534  -36.847  -28.488  47.323 0.0000000000
50550  -35.350  -27.875  46.450 0.0000000000
51525  -36.879  -27.203  47.080 0.0000000000
41410  -21.283  -37.956  68.575 0.0000000000
41411  -21.992  -37.954  68.967 0.0000000000
39710  -23.859  -39.424  61.180 0.0000000000
37883  -26.800  -41.348  64.260 0.0000000000
38802  -26.949  -41.370  65.059 0.0000000000
37961  -29.696  -41.481  59.362 0.0000000000
37917  -29.351  -42.357  62.415 0.0000000000
36975  -33.178  -42.816  61.603 0.0000000000
36960  -31.596  -42.898  62.398 0.0000000000
37918  -29.942  -42.527  62.253 0.0000000000
36925  -29.118  -42.540  63.939 0.0000000000
37886  -29.294  -42.533  65.055 0.0000000000
37855  -29.393  -42.145  66.647 0.0000000000
37836  -30.002  -42.194  67.405 0.0000000000
36847  -31.153  -42.283  68.320 0.0000000000
36848  -31.984  -42.274  68.316 0.0000000000
34286  -13.486  -45.053  66.238 0.0000000000
35095  -13.898  -44.953  66.661 0.0000000000
35082  -14.445  -44.771  67.343 0.0000000000
35947  -14.868  -44.461  68.069 0.0000000000
36010  -14.700  -43.757  64.745 0.0000000000
35991  -14.884  -43.924  65.709 0.0000000000
35975  -15.409  -43.714  66.445 0.0000000000
35948  -15.265  -43.954  68.050 0.0000000000
35932  -15.132  -44.095  68.868 0.0000000000
36811  -15.720  -42.856  70.137 0.0000000000
39596  -18.083  -39.179  71.496 0.0000000000
53394  -38.000  -25.621  48.327 0.0000000000
54242  -38.646  -24.580  49.726 0.0000000000
55188  -39.920  -23.740  48.471 0.0000000000
56148  -39.665  -23.175  49.208 0.0000000000
56098  -39.873  -22.793  52.049 0.0000000000
56099  -40.402  -22.426  52.680 0.0000000000
57069  -40.699  -22.041  53.254 0.0000000000
55194  -45.007  -23.430  47.896 0.0000000000
56153  -44.855  -22.992  49.383 0.0000000000
57091  -44.504  -21.474  51.780 0.0000000000
57073  -44.124  -20.968  52.629 0.0000000000
62075  -51.237  -16.744  44.232 0.0000000000
62076  -52.231  -16.564  44.445 0.0000000000
63072  -52.250  -16.476  44.181 0.0000000000
63073  -52.555  -16.365  44.161 0.0000000000
63074  -53.307  -16.136  44.194 0.0000000000
62092  -54.690  -15.891  43.570 0.0000000000
61182  -50.910  -18.186  40.873 0.0000000000
61162  -52.662  -17.755  41.264 0.0000000000
61142  -52.932  -17.193  42.137 0.0000000000
62093  -55.179  -15.694  43.541 0.0000000000
63083  -55.525  -15.508  43.394 0.0000000000
63095  -56.450  -14.901  42.449 0.0000000000
63105  -55.910  -15.463  41.770 0.0000000000
64039  -57.130  -14.327  42.113 0.0000000000
64050  -57.340  -13.986  40.824 0.0000000000
64108  -56.990  -12.555  36.623 0.0000000000
65919  -58.055  -12.242  36.830 0.0000000000
31487  -7.975  -49.014  74.568 0.0000000000
31496  -7.814  -49.091  74.282 0.0000000000
33324  -10.016  -47.338  75.035 0.0000000000
33361  -13.306  -46.299  69.461 0.0000000000
34201  -11.173  -45.823  74.412 0.0000000000
34212  -13.282  -45.651  71.945 0.0000000000
35012  -11.405  -45.241  74.814 0.0000000000
36020  -32.319  -43.471  64.692 0.0000000000
36999  -34.229  -42.428  60.386 0.0000000000
37951  -32.301  -42.366  60.329 0.0000000000
38773  -37.132  -40.748  66.681 0.0000000000
38783  -18.216  -41.349  65.385 0.0000000000
38845  -37.689  -40.639  62.670 0.0000000000
40615  -20.004  -38.966  61.675 0.0000000000
40617  -23.425  -39.178  61.017 0.0000000000
45545  -46.192  -33.112  59.823 0.0000000000
45572  -42.992  -33.649  55.845 0.0000000000
47436  -35.974  -31.417  51.285 0.0000000000
48303  -43.590  -29.771  58.232 0.0000000000
48313  -41.571  -29.896  57.022 0.0000000000
48366  -37.640  -30.866  52.117 0.0000000000
49430  -35.911  -30.557  50.120 0.0000000000
51405  -42.323  -27.250  57.927 0.0000000000
51484  -40.617  -27.719  50.867 0.0000000000
52402  -41.584  -26.651  56.879 0.0000000000
53285  -41.882  -25.553  57.089 0.0000000000
53287  -43.136  -26.116  57.623 0.0000000000
53299  -41.381  -26.093  56.358 0.0000000000
53374  -38.200  -25.389  48.764 0.0000000000
54164  -41.967  -25.151  57.178 0.0000000000
54176  -41.427  -25.884  56.422 0.0000000000
54177  -41.668  -25.582  56.598 0.0000000000
54178  -41.949  -24.972  56.794 0.0000000000
54184  -41.599  -25.360  56.226 0.0000000000
55193  -44.605  -23.420  48.130 0.0000000000
55209  -44.758  -23.452  47.525 0.0000000000
56193  -45.318  -23.410  47.521 0.0000000000
56208  -44.466  -23.456  46.603 0.0000000000
59080  -50.446  -19.240  44.598 0.0000000000
60188  -51.822  -18.166  40.676 0.0000000000
60201  -50.905  -18.299  40.332 0.0000000000
61143  -53.475  -17.037  42.035 0.0000000000
63057  -52.471  -16.479  44.355 0.0000000000
63158  -54.505  -15.220  36.010 0.0000000000
