#!ascii label  , from subject 3542 vox2ras=TkReg
1602
44339  -35.493  -32.699  68.893 0.0000000000
63948  -45.966  -14.770  53.921 0.0000000000
58919  -32.341  -19.556  58.937 0.0000000000
40557  -7.834  -39.065  65.047 0.0000000000
46390  -20.626  -31.682  67.659 0.0000000000
50319  -5.584  -27.581  65.638 0.0000000000
48167  -5.344  -29.486  72.591 0.0000000000
62908  -38.673  -15.607  57.430 0.0000000000
51396  -6.803  -27.443  58.275 0.0000000000
37746  -4.873  -41.530  72.232 0.0000000000
47320  -34.575  -30.729  61.867 0.0000000000
41413  -30.462  -35.511  67.018 0.0000000000
43342  -28.567  -32.789  69.329 0.0000000000
62997  -49.362  -15.150  51.990 0.0000000000
61947  -34.533  -16.476  57.084 0.0000000000
45445  -15.840  -32.549  64.546 0.0000000000
56005  -7.451  -22.991  59.857 0.0000000000
45416  -9.028  -33.639  65.788 0.0000000000
45456  -7.893  -32.996  63.197 0.0000000000
41516  -7.894  -37.727  61.382 0.0000000000
40441  -9.674  -37.571  74.817 0.0000000000
41351  -6.548  -37.074  76.220 0.0000000000
56016  -35.874  -22.027  60.617 0.0000000000
46349  -24.665  -31.186  71.053 0.0000000000
44378  -23.304  -32.241  65.669 0.0000000000
49225  -5.745  -28.435  69.574 0.0000000000
44330  -8.221  -34.306  69.771 0.0000000000
62934  -42.077  -14.637  55.477 0.0000000000
42339  -11.522  -36.231  71.579 0.0000000000
43363  -13.017  -34.840  68.204 0.0000000000
50365  -6.134  -27.279  62.884 0.0000000000
46446  -9.835  -32.459  60.391 0.0000000000
48133  -5.268  -30.660  76.885 0.0000000000
42338  -6.002  -36.076  72.678 0.0000000000
39625  -5.950  -39.751  68.394 0.0000000000
46382  -37.315  -30.965  68.047 0.0000000000
43387  -34.230  -33.714  67.050 0.0000000000
46408  -35.716  -31.722  66.053 0.0000000000
42363  -32.766  -34.041  68.295 0.0000000000
41447  -32.053  -35.211  65.944 0.0000000000
42342  -31.693  -33.608  69.630 0.0000000000
62978  -47.605  -15.465  52.376 0.0000000000
62992  -44.314  -15.601  51.392 0.0000000000
62010  -46.155  -16.383  49.975 0.0000000000
62027  -47.065  -16.105  49.283 0.0000000000
60968  -33.040  -17.395  58.761 0.0000000000
57989  -34.649  -21.468  57.267 0.0000000000
58949  -33.134  -19.825  56.215 0.0000000000
61005  -32.983  -17.840  55.266 0.0000000000
43391  -9.736  -36.009  65.788 0.0000000000
42404  -8.258  -35.846  63.610 0.0000000000
40590  -8.700  -38.594  62.587 0.0000000000
38853  -7.262  -40.665  59.890 0.0000000000
36952  -8.152  -41.789  62.278 0.0000000000
39581  -9.698  -39.231  72.233 0.0000000000
38680  -8.491  -39.894  73.625 0.0000000000
56004  -37.658  -23.652  61.619 0.0000000000
48284  -36.580  -29.016  62.060 0.0000000000
47360  -34.624  -29.777  60.007 0.0000000000
51390  -36.029  -26.674  60.760 0.0000000000
53263  -36.364  -24.752  60.013 0.0000000000
46326  -26.480  -31.103  72.134 0.0000000000
43384  -28.197  -33.706  65.798 0.0000000000
44356  -26.222  -32.648  66.693 0.0000000000
64884  -48.491  -13.297  48.203 0.0000000000
66674  -49.643  -11.388  47.777 0.0000000000
49202  -5.163  -28.857  71.503 0.0000000000
47258  -6.542  -30.566  70.469 0.0000000000
46355  -6.607  -31.557  71.361 0.0000000000
62920  -39.635  -15.417  56.512 0.0000000000
60998  -36.718  -17.122  55.119 0.0000000000
61973  -38.080  -16.151  54.534 0.0000000000
62945  -39.711  -15.094  53.740 0.0000000000
44293  -12.098  -33.868  74.269 0.0000000000
45343  -12.604  -33.013  73.260 0.0000000000
54084  -5.073  -25.153  64.830 0.0000000000
53214  -5.423  -25.796  63.424 0.0000000000
50341  -5.738  -27.300  64.263 0.0000000000
43445  -7.248  -35.248  61.116 0.0000000000
45487  -8.410  -32.836  62.166 0.0000000000
44494  -8.174  -35.195  58.812 0.0000000000
47188  -6.507  -30.976  77.597 0.0000000000
39564  -5.682  -39.416  75.275 0.0000000000
42330  -5.759  -36.255  74.850 0.0000000000
40452  -5.076  -38.949  72.227 0.0000000000
40479  -5.919  -38.553  70.751 0.0000000000
38730  -4.720  -41.168  69.505 0.0000000000
47301  -36.626  -30.129  64.023 0.0000000000
45351  -28.475  -32.170  71.560 0.0000000000
44302  -30.058  -32.890  70.886 0.0000000000
42358  -29.818  -34.123  68.167 0.0000000000
63988  -50.199  -14.242  50.538 0.0000000000
63029  -47.553  -15.059  48.711 0.0000000000
61940  -37.015  -16.313  56.913 0.0000000000
61007  -34.627  -17.505  54.634 0.0000000000
45448  -19.837  -31.863  64.421 0.0000000000
46398  -18.491  -32.120  66.306 0.0000000000
53265  -5.691  -25.555  58.956 0.0000000000
48246  -7.608  -30.408  65.571 0.0000000000
47291  -7.388  -30.013  64.349 0.0000000000
45429  -8.172  -33.172  64.391 0.0000000000
43427  -7.387  -35.579  62.615 0.0000000000
41548  -6.546  -37.547  59.684 0.0000000000
43304  -9.422  -34.394  77.068 0.0000000000
43301  -7.813  -34.909  76.593 0.0000000000
40429  -8.053  -37.599  75.825 0.0000000000
38672  -6.772  -40.102  75.146 0.0000000000
56972  -33.063  -21.384  59.812 0.0000000000
56055  -35.586  -22.853  57.929 0.0000000000
45391  -22.679  -31.448  69.289 0.0000000000
44310  -26.373  -32.149  70.659 0.0000000000
44344  -23.915  -31.883  68.371 0.0000000000
44363  -22.315  -31.901  66.935 0.0000000000
53174  -4.857  -25.241  66.715 0.0000000000
52245  -5.001  -25.892  68.453 0.0000000000
50296  -5.849  -27.737  66.996 0.0000000000
47269  -7.456  -30.736  68.760 0.0000000000
44341  -9.005  -34.226  67.953 0.0000000000
41420  -8.675  -37.163  67.178 0.0000000000
63915  -44.316  -14.581  55.432 0.0000000000
62972  -41.456  -14.689  52.141 0.0000000000
44285  -11.073  -34.228  76.089 0.0000000000
41362  -10.911  -36.536  73.819 0.0000000000
40468  -10.845  -38.284  70.769 0.0000000000
47280  -16.693  -31.548  67.852 0.0000000000
47271  -14.803  -31.601  69.165 0.0000000000
45361  -12.968  -32.619  71.289 0.0000000000
43352  -12.526  -34.941  69.427 0.0000000000
40502  -11.556  -37.577  68.625 0.0000000000
55035  -8.449  -23.720  61.952 0.0000000000
53233  -5.678  -25.791  61.389 0.0000000000
50376  -6.335  -28.110  61.063 0.0000000000
47304  -7.684  -30.614  63.411 0.0000000000
49308  -8.440  -29.940  61.777 0.0000000000
49321  -9.059  -29.795  59.854 0.0000000000
49157  -5.218  -29.494  74.781 0.0000000000
45328  -6.241  -33.624  76.674 0.0000000000
45339  -6.000  -33.344  74.539 0.0000000000
46323  -6.073  -32.180  73.549 0.0000000000
43338  -7.279  -35.421  71.344 0.0000000000
41404  -7.107  -38.015  68.857 0.0000000000
39642  -6.680  -39.659  66.257 0.0000000000
35916  -4.391  -44.501  69.882 0.0000000000
36855  -4.659  -43.097  67.469 0.0000000000
37876  -6.933  -41.731  64.715 0.0000000000
45404  -36.508  -31.897  68.454 0.0000000000
46361  -36.374  -31.861  69.782 0.0000000000
44349  -35.502  -32.857  68.179 0.0000000000
45413  -35.983  -32.503  67.988 0.0000000000
43358  -33.972  -33.577  68.832 0.0000000000
42375  -33.356  -33.869  67.425 0.0000000000
45382  -35.168  -32.731  69.993 0.0000000000
43349  -33.455  -33.546  69.591 0.0000000000
62963  -46.910  -15.185  53.319 0.0000000000
62961  -44.900  -15.041  52.782 0.0000000000
61994  -44.912  -16.075  50.648 0.0000000000
62994  -46.194  -15.849  51.384 0.0000000000
62995  -47.088  -15.724  51.374 0.0000000000
59977  -32.307  -18.670  58.510 0.0000000000
60956  -32.947  -17.480  59.880 0.0000000000
59967  -32.229  -18.758  59.482 0.0000000000
58004  -34.014  -21.007  56.640 0.0000000000
58929  -32.928  -19.887  57.383 0.0000000000
59986  -32.394  -18.574  57.515 0.0000000000
41448  -8.910  -37.703  65.124 0.0000000000
41463  -8.968  -37.717  64.104 0.0000000000
39670  -8.351  -39.078  63.890 0.0000000000
38821  -8.505  -40.193  62.478 0.0000000000
38808  -7.665  -40.483  63.549 0.0000000000
39606  -10.020  -39.397  70.761 0.0000000000
38695  -9.085  -40.124  72.008 0.0000000000
51365  -38.132  -26.808  63.117 0.0000000000
50385  -36.728  -27.918  62.023 0.0000000000
52337  -37.094  -25.886  62.189 0.0000000000
53251  -37.387  -24.879  61.686 0.0000000000
65800  -49.779  -12.726  48.799 0.0000000000
65822  -48.834  -12.125  47.911 0.0000000000
67467  -50.343  -11.399  48.405 0.0000000000
48186  -5.437  -29.471  71.925 0.0000000000
47246  -6.157  -30.451  71.339 0.0000000000
48187  -5.653  -30.189  72.218 0.0000000000
62893  -40.855  -15.511  58.748 0.0000000000
61963  -37.283  -16.816  55.565 0.0000000000
61972  -37.271  -16.692  54.736 0.0000000000
61964  -37.975  -16.320  55.420 0.0000000000
61965  -38.767  -15.715  55.331 0.0000000000
46321  -13.072  -31.944  74.305 0.0000000000
46322  -13.417  -31.858  73.665 0.0000000000
46370  -21.170  -31.355  69.631 0.0000000000
46368  -19.515  -31.241  68.705 0.0000000000
51413  -6.364  -26.892  57.816 0.0000000000
51317  -5.241  -26.873  65.278 0.0000000000
51327  -5.420  -26.926  64.712 0.0000000000
50331  -5.582  -27.545  64.928 0.0000000000
42467  -6.631  -36.247  59.161 0.0000000000
43460  -7.936  -34.966  59.898 0.0000000000
43491  -7.787  -35.664  58.206 0.0000000000
48116  -6.757  -30.360  77.584 0.0000000000
47189  -7.446  -31.349  77.568 0.0000000000
38694  -5.006  -41.188  73.474 0.0000000000
39570  -5.064  -39.954  73.475 0.0000000000
39592  -4.900  -39.876  71.934 0.0000000000
39605  -4.932  -40.013  70.920 0.0000000000
38704  -4.776  -40.832  71.636 0.0000000000
47288  -37.047  -30.880  66.051 0.0000000000
47293  -36.128  -30.725  64.886 0.0000000000
47295  -37.364  -29.983  64.770 0.0000000000
48262  -37.617  -29.366  64.014 0.0000000000
42361  -31.550  -34.227  68.379 0.0000000000
42348  -30.727  -33.826  68.870 0.0000000000
42372  -30.126  -35.059  67.403 0.0000000000
42389  -29.105  -34.859  65.870 0.0000000000
63975  -49.974  -14.520  50.664 0.0000000000
63007  -48.402  -15.431  50.285 0.0000000000
62038  -47.526  -15.580  49.189 0.0000000000
63021  -48.964  -15.007  50.166 0.0000000000
63986  -48.930  -14.410  49.451 0.0000000000
61938  -35.318  -16.083  57.516 0.0000000000
62889  -36.854  -15.386  58.672 0.0000000000
62888  -35.882  -15.535  58.987 0.0000000000
61959  -33.885  -16.862  56.675 0.0000000000
61006  -33.635  -17.603  54.752 0.0000000000
61960  -34.515  -16.883  56.247 0.0000000000
61962  -35.808  -17.245  55.665 0.0000000000
56021  -6.617  -22.743  59.328 0.0000000000
55063  -5.525  -23.814  58.586 0.0000000000
54138  -6.409  -24.653  59.487 0.0000000000
46383  -8.513  -32.273  66.253 0.0000000000
47283  -8.141  -31.402  65.611 0.0000000000
46394  -8.472  -32.397  65.202 0.0000000000
41479  -8.295  -36.960  62.662 0.0000000000
43414  -7.787  -35.629  63.360 0.0000000000
41496  -7.676  -36.685  62.060 0.0000000000
41514  -7.226  -37.040  61.222 0.0000000000
40627  -7.244  -37.984  60.189 0.0000000000
39716  -6.984  -39.574  59.563 0.0000000000
41350  -9.509  -36.319  75.748 0.0000000000
41344  -9.011  -35.995  76.114 0.0000000000
40436  -9.137  -37.762  75.154 0.0000000000
37732  -7.777  -40.849  73.531 0.0000000000
38673  -7.308  -40.068  74.596 0.0000000000
37731  -7.375  -41.040  73.761 0.0000000000
37730  -6.747  -41.199  74.166 0.0000000000
56974  -35.371  -22.117  59.972 0.0000000000
56977  -37.029  -23.146  60.331 0.0000000000
55074  -36.168  -23.349  58.970 0.0000000000
56989  -36.105  -22.433  59.563 0.0000000000
56988  -35.489  -22.231  59.211 0.0000000000
46348  -23.485  -31.067  71.161 0.0000000000
46347  -22.413  -31.323  71.032 0.0000000000
45378  -23.428  -31.419  69.874 0.0000000000
44312  -28.716  -32.802  70.198 0.0000000000
44299  -27.060  -32.220  71.019 0.0000000000
44325  -27.956  -32.632  69.498 0.0000000000
44365  -24.233  -32.450  66.407 0.0000000000
44345  -24.983  -32.262  68.211 0.0000000000
44354  -24.050  -32.262  67.479 0.0000000000
44353  -23.051  -31.932  67.683 0.0000000000
44377  -22.330  -32.050  65.947 0.0000000000
45436  -21.550  -32.111  65.136 0.0000000000
50275  -5.307  -27.887  69.982 0.0000000000
51275  -5.186  -26.863  69.205 0.0000000000
51286  -5.217  -26.695  67.947 0.0000000000
49226  -6.246  -28.531  68.663 0.0000000000
49227  -6.802  -29.263  68.167 0.0000000000
49212  -6.591  -29.360  69.163 0.0000000000
45386  -7.518  -32.483  70.376 0.0000000000
46365  -7.610  -31.870  69.713 0.0000000000
44340  -8.681  -34.222  68.914 0.0000000000
43361  -8.732  -35.232  68.431 0.0000000000
42367  -8.290  -36.132  68.649 0.0000000000
63914  -43.429  -14.640  55.156 0.0000000000
63886  -44.717  -14.599  57.495 0.0000000000
62912  -43.099  -14.825  57.805 0.0000000000
62946  -40.761  -14.714  54.229 0.0000000000
62957  -40.530  -14.617  52.993 0.0000000000
62947  -41.776  -14.579  54.574 0.0000000000
63945  -42.977  -14.549  53.201 0.0000000000
45334  -11.295  -33.586  76.247 0.0000000000
43321  -11.639  -34.668  73.601 0.0000000000
43320  -11.362  -35.176  74.036 0.0000000000
42336  -11.368  -36.099  72.536 0.0000000000
41368  -10.593  -37.285  72.580 0.0000000000
41376  -11.480  -37.022  71.169 0.0000000000
45432  -16.555  -32.094  65.072 0.0000000000
46387  -17.861  -32.074  67.079 0.0000000000
46396  -16.024  -31.935  66.250 0.0000000000
44351  -13.238  -33.985  67.570 0.0000000000
46384  -14.499  -32.345  67.653 0.0000000000
45398  -13.680  -32.855  68.817 0.0000000000
46356  -13.848  -32.067  70.133 0.0000000000
44331  -13.144  -33.497  69.434 0.0000000000
44321  -12.718  -33.470  70.440 0.0000000000
43353  -12.982  -34.494  68.983 0.0000000000
41407  -11.976  -36.980  67.948 0.0000000000
55025  -8.315  -23.551  62.946 0.0000000000
52320  -5.375  -26.369  62.596 0.0000000000
52321  -5.451  -26.025  61.991 0.0000000000
52330  -5.379  -26.794  61.796 0.0000000000
52341  -5.536  -26.685  60.670 0.0000000000
50366  -6.227  -27.603  62.150 0.0000000000
46417  -7.827  -31.712  63.590 0.0000000000
47297  -7.583  -30.491  63.922 0.0000000000
46423  -7.955  -31.982  63.197 0.0000000000
46439  -9.336  -32.432  61.071 0.0000000000
47316  -8.565  -31.629  62.076 0.0000000000
47326  -9.038  -31.691  61.418 0.0000000000
49313  -8.645  -29.853  61.091 0.0000000000
48289  -9.619  -30.783  60.204 0.0000000000
48290  -10.318  -31.034  59.712 0.0000000000
48144  -4.978  -29.833  75.944 0.0000000000
42321  -7.622  -35.709  76.201 0.0000000000
44280  -7.134  -33.882  76.736 0.0000000000
43305  -6.507  -35.450  76.086 0.0000000000
42332  -5.651  -36.064  74.044 0.0000000000
44291  -6.064  -34.337  74.577 0.0000000000
44294  -6.386  -34.148  73.863 0.0000000000
46320  -5.814  -32.336  74.399 0.0000000000
44296  -6.477  -34.073  73.150 0.0000000000
44305  -6.914  -34.057  72.635 0.0000000000
43327  -6.455  -35.190  72.473 0.0000000000
40489  -6.200  -38.945  69.768 0.0000000000
41390  -6.603  -37.959  70.156 0.0000000000
40500  -6.495  -38.837  68.528 0.0000000000
40510  -6.637  -38.895  67.863 0.0000000000
40520  -6.321  -39.560  67.388 0.0000000000
35048  -4.383  -45.233  69.323 0.0000000000
36822  -4.341  -43.554  69.005 0.0000000000
47285  -37.529  -30.688  66.687 0.0000000000
44381  -33.823  -33.559  66.282 0.0000000000
45453  -34.430  -32.763  65.621 0.0000000000
45424  -35.012  -32.847  67.008 0.0000000000
46401  -36.617  -31.389  66.614 0.0000000000
41401  -31.747  -34.593  67.766 0.0000000000
41417  -32.522  -34.588  67.097 0.0000000000
42392  -33.012  -34.122  66.367 0.0000000000
42351  -32.714  -33.801  68.974 0.0000000000
62979  -48.656  -15.343  52.694 0.0000000000
61055  -45.304  -16.636  48.912 0.0000000000
61077  -45.589  -16.606  48.548 0.0000000000
61086  -45.829  -16.323  47.705 0.0000000000
62011  -46.765  -16.257  49.849 0.0000000000
61997  -47.236  -15.901  50.604 0.0000000000
61936  -33.655  -16.790  58.401 0.0000000000
62887  -34.863  -15.860  59.235 0.0000000000
61929  -33.568  -16.861  59.370 0.0000000000
61920  -33.602  -16.901  60.407 0.0000000000
56059  -34.683  -22.481  56.540 0.0000000000
57026  -34.061  -22.051  55.873 0.0000000000
58025  -33.563  -21.553  55.125 0.0000000000
58035  -32.778  -21.021  54.266 0.0000000000
58043  -32.279  -20.164  53.716 0.0000000000
58948  -32.830  -19.426  55.960 0.0000000000
60982  -32.598  -17.783  57.113 0.0000000000
44360  -9.250  -34.183  65.769 0.0000000000
44374  -9.226  -34.437  64.964 0.0000000000
43402  -9.368  -36.040  64.597 0.0000000000
41480  -8.812  -37.535  63.105 0.0000000000
41498  -8.429  -37.753  62.032 0.0000000000
40629  -7.581  -39.254  60.380 0.0000000000
39704  -8.576  -39.770  61.158 0.0000000000
37924  -8.411  -41.427  61.365 0.0000000000
40444  -9.691  -37.904  74.098 0.0000000000
40440  -8.940  -38.443  74.522 0.0000000000
39572  -9.036  -39.503  73.359 0.0000000000
56002  -37.051  -22.643  61.499 0.0000000000
47322  -35.838  -30.172  62.114 0.0000000000
47346  -34.703  -30.157  60.421 0.0000000000
48292  -35.806  -29.401  60.981 0.0000000000
49335  -35.538  -28.545  60.712 0.0000000000
51404  -35.343  -27.510  60.541 0.0000000000
52358  -36.310  -25.488  60.731 0.0000000000
55061  -37.144  -23.843  60.618 0.0000000000
46333  -25.853  -31.432  71.553 0.0000000000
43374  -27.975  -33.204  66.800 0.0000000000
44347  -27.041  -32.542  68.106 0.0000000000
43383  -27.051  -32.919  65.954 0.0000000000
44366  -25.493  -32.731  65.891 0.0000000000
65820  -47.622  -12.500  46.971 0.0000000000
66678  -47.959  -11.608  46.369 0.0000000000
67509  -48.513  -10.811  46.235 0.0000000000
68382  -49.200  -9.896  46.025 0.0000000000
49210  -5.540  -28.907  70.602 0.0000000000
48218  -6.579  -29.968  69.846 0.0000000000
48217  -6.131  -29.800  70.570 0.0000000000
46364  -6.867  -31.419  70.601 0.0000000000
45373  -7.393  -33.157  70.957 0.0000000000
62921  -40.879  -14.959  56.611 0.0000000000
62894  -41.829  -15.486  58.777 0.0000000000
61022  -36.869  -16.111  52.931 0.0000000000
61023  -37.459  -15.781  52.404 0.0000000000
61984  -38.866  -15.257  52.048 0.0000000000
61974  -38.877  -15.589  54.248 0.0000000000
62932  -39.916  -15.137  55.180 0.0000000000
45337  -12.113  -33.224  75.312 0.0000000000
46318  -12.347  -32.681  75.158 0.0000000000
44295  -12.177  -33.752  73.457 0.0000000000
43323  -11.810  -34.498  72.760 0.0000000000
43393  -13.634  -34.962  65.263 0.0000000000
42378  -12.689  -35.593  67.468 0.0000000000
54086  -5.947  -24.332  64.250 0.0000000000
54096  -6.396  -24.485  63.653 0.0000000000
53203  -5.338  -25.559  64.272 0.0000000000
52311  -5.407  -26.202  63.711 0.0000000000
50354  -5.961  -27.280  63.540 0.0000000000
45485  -7.610  -34.231  62.419 0.0000000000
45470  -8.042  -32.882  62.784 0.0000000000
44434  -7.995  -34.066  61.737 0.0000000000
44452  -8.872  -34.097  60.390 0.0000000000
44473  -9.084  -34.328  59.563 0.0000000000
49135  -6.158  -29.010  77.838 0.0000000000
49122  -5.561  -29.243  78.026 0.0000000000
48124  -5.888  -30.682  77.561 0.0000000000
40438  -5.807  -38.322  75.698 0.0000000000
42327  -6.050  -36.315  75.535 0.0000000000
40442  -5.578  -38.375  74.713 0.0000000000
40445  -5.497  -38.211  73.634 0.0000000000
41375  -5.957  -37.244  72.183 0.0000000000
42343  -6.351  -36.446  71.795 0.0000000000
40467  -5.585  -38.239  71.677 0.0000000000
40478  -5.620  -39.430  70.335 0.0000000000
39624  -5.358  -40.275  68.701 0.0000000000
47310  -34.131  -30.919  62.801 0.0000000000
46414  -34.856  -32.222  65.398 0.0000000000
47299  -35.273  -30.747  64.051 0.0000000000
47312  -35.833  -30.155  63.072 0.0000000000
48268  -36.801  -29.582  62.873 0.0000000000
49304  -37.813  -28.510  63.548 0.0000000000
43331  -29.405  -33.249  69.958 0.0000000000
43326  -31.132  -33.226  70.623 0.0000000000
43344  -29.935  -33.553  69.106 0.0000000000
43356  -29.440  -33.673  68.301 0.0000000000
43375  -28.612  -33.917  66.605 0.0000000000
62050  -46.275  -15.554  47.547 0.0000000000
63997  -47.480  -14.329  48.131 0.0000000000
64880  -49.535  -13.417  49.082 0.0000000000
61941  -37.678  -16.054  56.796 0.0000000000
62891  -38.820  -15.447  58.436 0.0000000000
62890  -37.850  -15.462  58.486 0.0000000000
60008  -32.834  -18.321  54.294 0.0000000000
61008  -35.459  -17.434  54.600 0.0000000000
60984  -36.636  -17.136  55.795 0.0000000000
45422  -20.498  -31.996  66.308 0.0000000000
46389  -19.634  -31.893  67.210 0.0000000000
45433  -18.952  -32.033  65.778 0.0000000000
46412  -17.973  -32.033  64.913 0.0000000000
53264  -5.448  -25.450  58.330 0.0000000000
51394  -5.589  -27.087  58.849 0.0000000000
50321  -6.652  -28.603  65.499 0.0000000000
49270  -6.725  -28.876  65.060 0.0000000000
48252  -7.489  -30.184  65.103 0.0000000000
46403  -8.108  -32.025  64.526 0.0000000000
45442  -7.856  -33.379  63.589 0.0000000000
43388  -8.434  -34.482  64.189 0.0000000000
44384  -7.771  -34.317  63.605 0.0000000000
45467  -7.411  -34.359  62.989 0.0000000000
42442  -7.189  -35.450  61.836 0.0000000000
45324  -8.488  -32.957  77.588 0.0000000000
43303  -8.930  -34.261  77.255 0.0000000000
41347  -8.017  -36.450  76.156 0.0000000000
40428  -7.434  -37.672  75.918 0.0000000000
39562  -8.107  -39.099  74.730 0.0000000000
39559  -7.542  -38.887  75.423 0.0000000000
38667  -6.690  -39.563  75.883 0.0000000000
38671  -6.176  -40.065  75.567 0.0000000000
37738  -5.491  -41.708  73.717 0.0000000000
36790  -5.413  -42.671  72.581 0.0000000000
57969  -33.019  -20.880  58.749 0.0000000000
58913  -32.069  -19.885  60.492 0.0000000000
57952  -32.238  -21.005  61.064 0.0000000000
47358  -33.412  -30.264  59.390 0.0000000000
54182  -34.626  -23.646  56.436 0.0000000000
56998  -34.347  -21.432  58.254 0.0000000000
46359  -21.668  -31.292  70.531 0.0000000000
45400  -21.878  -31.579  68.671 0.0000000000
46335  -27.904  -31.571  71.866 0.0000000000
45349  -26.437  -31.874  71.188 0.0000000000
45365  -25.531  -31.770  70.754 0.0000000000
44334  -25.869  -32.425  69.019 0.0000000000
44333  -24.805  -31.927  69.152 0.0000000000
45379  -24.629  -31.792  69.818 0.0000000000
45392  -23.670  -31.655  68.990 0.0000000000
45401  -22.787  -31.745  68.287 0.0000000000
45411  -21.591  -31.776  67.455 0.0000000000
45435  -20.634  -32.012  65.320 0.0000000000
68392  -49.378  -9.065  44.855 0.0000000000
68393  -50.364  -8.566  44.320 0.0000000000
69208  -51.978  -8.363  44.364 0.0000000000
53183  -4.743  -25.416  65.878 0.0000000000
51308  -5.054  -26.795  66.018 0.0000000000
52260  -4.937  -25.899  67.304 0.0000000000
51299  -5.083  -26.679  66.880 0.0000000000
50308  -6.045  -27.913  66.263 0.0000000000
49243  -7.070  -29.200  67.106 0.0000000000
48233  -7.778  -30.931  67.304 0.0000000000
46373  -8.297  -32.248  67.468 0.0000000000
47260  -7.615  -31.388  69.032 0.0000000000
46366  -8.022  -32.180  68.664 0.0000000000
45397  -8.885  -33.644  67.253 0.0000000000
43378  -9.509  -35.258  66.704 0.0000000000
42385  -9.354  -36.495  66.601 0.0000000000
40523  -7.853  -38.414  66.233 0.0000000000
63932  -45.108  -14.619  54.677 0.0000000000
62970  -39.565  -15.109  51.590 0.0000000000
62988  -40.224  -15.263  50.953 0.0000000000
61990  -41.442  -15.387  50.653 0.0000000000
62973  -42.632  -14.808  52.393 0.0000000000
63946  -44.004  -14.706  53.382 0.0000000000
43309  -10.240  -34.524  76.635 0.0000000000
41354  -10.408  -36.374  75.202 0.0000000000
44289  -11.577  -34.153  75.401 0.0000000000
42329  -11.000  -35.876  74.740 0.0000000000
41361  -10.629  -36.957  74.180 0.0000000000
39594  -10.294  -38.783  71.170 0.0000000000
46376  -18.299  -31.848  67.800 0.0000000000
47274  -17.746  -31.367  68.490 0.0000000000
47273  -16.609  -31.172  68.689 0.0000000000
46395  -15.265  -32.202  66.428 0.0000000000
46375  -15.366  -31.739  68.116 0.0000000000
47262  -15.418  -31.152  69.693 0.0000000000
47249  -15.132  -31.178  70.532 0.0000000000
47231  -14.246  -31.542  71.618 0.0000000000
46324  -13.559  -31.907  72.873 0.0000000000
45360  -12.727  -32.989  71.836 0.0000000000
44307  -12.382  -33.621  71.650 0.0000000000
42340  -11.721  -35.376  71.047 0.0000000000
41393  -12.429  -36.024  68.580 0.0000000000
42356  -11.849  -36.268  69.690 0.0000000000
41384  -11.642  -37.111  70.186 0.0000000000
40491  -11.492  -37.676  69.526 0.0000000000
55045  -8.283  -23.727  61.069 0.0000000000
54106  -6.354  -24.916  62.602 0.0000000000
54116  -6.621  -24.834  61.508 0.0000000000
54139  -6.878  -24.412  60.110 0.0000000000
53254  -5.906  -25.517  59.558 0.0000000000
51378  -5.727  -27.350  60.068 0.0000000000
50387  -6.807  -28.302  59.767 0.0000000000
48256  -6.970  -29.258  64.538 0.0000000000
48261  -7.042  -29.235  63.947 0.0000000000
48265  -7.606  -29.471  63.359 0.0000000000
46424  -8.129  -32.134  62.827 0.0000000000
48266  -7.925  -30.564  62.750 0.0000000000
48272  -8.186  -28.294  62.570 0.0000000000
48278  -8.306  -28.413  61.750 0.0000000000
49319  -7.584  -28.881  60.094 0.0000000000
50388  -7.865  -28.695  59.514 0.0000000000
49331  -9.325  -29.296  59.084 0.0000000000
45322  -7.062  -32.737  77.201 0.0000000000
46311  -6.563  -32.389  77.223 0.0000000000
47199  -5.519  -31.696  76.714 0.0000000000
43313  -5.922  -35.379  75.150 0.0000000000
45336  -5.704  -33.680  75.438 0.0000000000
47201  -5.306  -31.623  76.084 0.0000000000
47204  -5.400  -31.474  75.160 0.0000000000
47207  -5.641  -31.341  74.176 0.0000000000
48168  -5.512  -30.389  72.912 0.0000000000
46343  -6.409  -31.774  72.020 0.0000000000
45359  -7.184  -33.348  71.634 0.0000000000
43339  -7.710  -35.061  70.752 0.0000000000
42353  -6.527  -37.032  70.984 0.0000000000
42354  -7.177  -36.831  70.535 0.0000000000
42366  -7.710  -36.617  69.135 0.0000000000
41405  -7.603  -37.346  68.522 0.0000000000
40522  -7.315  -38.705  66.714 0.0000000000
40539  -7.425  -39.031  65.739 0.0000000000
36798  -5.082  -42.903  71.961 0.0000000000
35907  -4.743  -44.163  70.838 0.0000000000
36797  -4.717  -43.062  71.120 0.0000000000
37768  -4.516  -42.107  70.358 0.0000000000
37782  -4.512  -42.337  69.258 0.0000000000
37822  -4.873  -42.097  67.390 0.0000000000
36874  -4.898  -42.847  66.786 0.0000000000
38754  -5.741  -41.077  66.929 0.0000000000
38765  -6.139  -41.252  66.349 0.0000000000
38780  -6.735  -40.704  65.403 0.0000000000
39668  -7.125  -40.270  64.656 0.0000000000
37892  -7.504  -41.412  63.496 0.0000000000
36045  -7.787  -43.332  62.413 0.0000000000
45403  -36.011  -32.273  68.561 0.0000000000
45395  -36.507  -31.875  68.965 0.0000000000
45384  -36.351  -31.924  69.354 0.0000000000
44348  -35.002  -33.203  68.359 0.0000000000
44338  -34.807  -33.278  69.074 0.0000000000
44329  -35.219  -32.849  69.475 0.0000000000
44328  -34.741  -33.108  69.762 0.0000000000
45383  -35.777  -32.315  69.620 0.0000000000
62948  -47.458  -15.013  54.139 0.0000000000
63949  -46.755  -14.794  54.238 0.0000000000
62962  -45.850  -15.099  52.967 0.0000000000
62976  -45.613  -15.447  52.111 0.0000000000
62977  -46.577  -15.470  52.223 0.0000000000
57975  -32.733  -20.277  58.479 0.0000000000
57986  -32.956  -20.227  57.860 0.0000000000
58928  -32.540  -19.509  57.943 0.0000000000
40558  -8.439  -38.622  64.520 0.0000000000
39682  -7.952  -39.994  63.498 0.0000000000
39669  -7.694  -39.690  64.286 0.0000000000
38720  -9.759  -40.184  70.291 0.0000000000
51364  -37.289  -26.618  62.419 0.0000000000
49194  -5.066  -28.737  72.148 0.0000000000
62919  -38.883  -15.602  56.792 0.0000000000
62909  -39.788  -15.449  57.670 0.0000000000
61951  -37.974  -16.139  56.283 0.0000000000
61952  -38.588  -15.825  56.065 0.0000000000
47206  -13.687  -31.011  74.419 0.0000000000
46379  -21.049  -31.532  68.561 0.0000000000
46369  -20.373  -31.265  69.101 0.0000000000
46378  -20.054  -31.514  68.141 0.0000000000
49269  -6.064  -28.312  65.041 0.0000000000
43490  -7.034  -36.042  58.652 0.0000000000
47190  -8.453  -31.767  77.540 0.0000000000
38693  -4.856  -40.788  72.698 0.0000000000
37754  -4.749  -41.943  71.475 0.0000000000
48247  -38.181  -30.133  66.040 0.0000000000
47289  -37.564  -30.384  65.629 0.0000000000
48253  -38.065  -29.832  65.236 0.0000000000
48259  -38.449  -29.223  64.937 0.0000000000
41399  -30.645  -34.919  67.614 0.0000000000
42382  -30.111  -35.494  66.829 0.0000000000
63009  -49.908  -14.849  51.624 0.0000000000
63008  -49.459  -15.063  50.865 0.0000000000
62904  -35.307  -15.819  58.350 0.0000000000
61948  -35.369  -16.602  56.660 0.0000000000
55053  -6.338  -23.605  59.103 0.0000000000
55054  -7.048  -23.785  59.772 0.0000000000
45415  -8.763  -33.206  65.599 0.0000000000
41497  -7.926  -37.086  61.980 0.0000000000
41478  -7.791  -36.616  62.453 0.0000000000
41515  -7.602  -37.259  61.454 0.0000000000
40608  -7.383  -37.571  60.922 0.0000000000
40609  -7.553  -37.959  60.819 0.0000000000
40628  -7.408  -38.844  60.271 0.0000000000
40437  -9.691  -37.177  75.316 0.0000000000
40431  -9.298  -37.146  75.584 0.0000000000
56015  -35.361  -22.211  60.788 0.0000000000
56014  -34.597  -22.286  61.092 0.0000000000
56000  -35.313  -22.446  61.736 0.0000000000
47319  -33.517  -30.755  61.866 0.0000000000
56990  -36.576  -22.886  59.858 0.0000000000
46332  -25.009  -31.033  71.542 0.0000000000
45364  -24.149  -31.361  70.491 0.0000000000
44311  -27.466  -32.478  70.421 0.0000000000
44364  -23.189  -32.090  66.732 0.0000000000
44389  -22.470  -32.245  64.908 0.0000000000
50284  -5.585  -27.658  68.653 0.0000000000
45374  -7.817  -33.433  70.229 0.0000000000
45387  -8.141  -33.072  69.448 0.0000000000
43360  -8.283  -35.366  69.193 0.0000000000
63898  -42.793  -14.622  55.835 0.0000000000
62923  -43.063  -14.673  56.739 0.0000000000
62933  -41.208  -14.722  55.463 0.0000000000
63913  -42.603  -14.635  54.878 0.0000000000
42334  -11.523  -35.277  72.910 0.0000000000
41369  -11.053  -36.981  72.027 0.0000000000
46404  -16.595  -31.944  65.657 0.0000000000
45431  -15.698  -32.326  65.383 0.0000000000
45407  -13.828  -32.981  67.872 0.0000000000
44342  -13.255  -33.837  68.481 0.0000000000
55014  -7.137  -23.942  63.937 0.0000000000
51354  -5.534  -27.047  62.655 0.0000000000
51355  -5.681  -27.339  62.201 0.0000000000
45457  -7.893  -32.358  63.424 0.0000000000
45504  -9.508  -32.987  60.616 0.0000000000
47327  -9.531  -31.563  60.743 0.0000000000
47339  -10.125  -31.665  60.107 0.0000000000
46447  -10.260  -32.506  59.653 0.0000000000
48132  -5.079  -29.777  77.437 0.0000000000
48139  -4.959  -29.889  76.681 0.0000000000
41352  -7.000  -37.169  76.099 0.0000000000
42320  -7.046  -36.001  75.873 0.0000000000
42324  -6.806  -36.622  76.017 0.0000000000
42335  -5.817  -35.817  73.381 0.0000000000
43319  -6.119  -35.110  73.932 0.0000000000
43322  -6.159  -35.045  73.197 0.0000000000
40498  -5.897  -39.708  68.790 0.0000000000
40499  -6.188  -39.243  68.836 0.0000000000
40509  -6.214  -39.376  68.082 0.0000000000
39634  -5.823  -40.263  67.700 0.0000000000
33370  -4.309  -46.675  68.312 0.0000000000
34239  -4.348  -45.916  68.820 0.0000000000
46393  -37.221  -31.032  67.543 0.0000000000
44368  -34.028  -33.602  66.941 0.0000000000
44382  -34.328  -33.209  66.460 0.0000000000
44369  -34.561  -33.233  67.028 0.0000000000
45414  -36.397  -31.934  67.805 0.0000000000
45426  -36.298  -31.831  67.209 0.0000000000
46392  -36.821  -31.452  67.432 0.0000000000
46402  -37.116  -31.129  66.978 0.0000000000
41402  -32.089  -34.479  67.821 0.0000000000
41416  -32.129  -34.749  67.329 0.0000000000
42374  -32.751  -34.247  67.560 0.0000000000
43377  -34.320  -33.438  67.190 0.0000000000
42384  -33.372  -33.881  66.868 0.0000000000
43386  -33.707  -33.707  66.714 0.0000000000
42352  -33.254  -33.740  68.785 0.0000000000
42362  -32.170  -34.193  68.326 0.0000000000
62965  -49.012  -15.302  53.918 0.0000000000
61992  -42.813  -15.683  50.731 0.0000000000
62007  -43.321  -16.075  50.026 0.0000000000
61993  -43.867  -15.891  50.674 0.0000000000
61995  -45.811  -16.195  50.674 0.0000000000
61038  -45.097  -16.546  49.429 0.0000000000
61039  -45.771  -16.537  49.414 0.0000000000
61056  -45.923  -16.608  48.943 0.0000000000
61040  -46.237  -16.459  49.413 0.0000000000
62996  -48.211  -15.613  51.278 0.0000000000
60975  -33.079  -17.279  57.764 0.0000000000
60943  -32.733  -17.973  60.701 0.0000000000
60944  -33.241  -17.466  60.945 0.0000000000
57022  -34.807  -22.101  56.952 0.0000000000
57021  -34.401  -21.901  56.487 0.0000000000
58015  -33.336  -20.231  56.031 0.0000000000
58016  -33.844  -21.197  55.899 0.0000000000
58024  -33.142  -20.701  55.167 0.0000000000
58023  -32.845  -19.885  55.336 0.0000000000
60974  -32.480  -17.853  58.116 0.0000000000
43390  -9.591  -35.264  65.247 0.0000000000
40573  -8.687  -38.505  63.566 0.0000000000
42420  -9.028  -36.939  63.754 0.0000000000
40611  -8.457  -38.783  61.543 0.0000000000
39692  -8.717  -39.550  62.113 0.0000000000
37907  -8.333  -41.075  62.350 0.0000000000
38835  -8.681  -40.485  61.668 0.0000000000
36969  -8.320  -41.703  61.891 0.0000000000
36968  -8.071  -42.360  61.472 0.0000000000
40447  -9.895  -38.276  73.005 0.0000000000
40446  -9.503  -38.979  73.267 0.0000000000
39573  -9.561  -39.204  72.934 0.0000000000
56003  -37.512  -23.077  61.607 0.0000000000
48276  -36.432  -29.458  62.207 0.0000000000
47334  -35.794  -29.984  61.467 0.0000000000
48283  -36.229  -29.347  61.636 0.0000000000
50384  -36.426  -27.463  61.510 0.0000000000
50395  -36.288  -28.249  61.455 0.0000000000
50394  -35.800  -27.943  60.993 0.0000000000
50406  -35.282  -28.176  60.590 0.0000000000
51389  -35.501  -26.374  60.392 0.0000000000
55042  -37.713  -23.971  61.695 0.0000000000
54136  -37.355  -24.305  61.225 0.0000000000
47220  -25.484  -30.778  72.042 0.0000000000
46325  -26.185  -31.115  72.082 0.0000000000
64888  -47.522  -13.599  47.605 0.0000000000
64887  -47.247  -13.087  47.048 0.0000000000
65821  -48.156  -12.493  47.454 0.0000000000
66673  -48.959  -11.531  47.364 0.0000000000
66672  -48.297  -11.799  46.959 0.0000000000
66679  -48.591  -11.337  46.718 0.0000000000
67495  -49.150  -10.795  46.702 0.0000000000
67496  -49.898  -10.715  47.180 0.0000000000
47247  -6.122  -30.700  71.738 0.0000000000
46354  -6.409  -30.900  71.169 0.0000000000
45385  -7.100  -32.160  71.024 0.0000000000
62910  -40.816  -15.318  57.752 0.0000000000
61010  -36.572  -16.966  54.523 0.0000000000
61977  -37.477  -16.261  53.807 0.0000000000
61978  -38.176  -15.850  53.552 0.0000000000
46319  -12.607  -32.090  74.992 0.0000000000
45341  -12.912  -32.403  73.670 0.0000000000
45340  -12.484  -32.826  74.094 0.0000000000
44297  -12.248  -33.697  72.605 0.0000000000
43381  -13.310  -34.827  66.249 0.0000000000
43392  -13.064  -35.389  66.005 0.0000000000
54085  -5.434  -24.722  64.476 0.0000000000
51336  -5.515  -26.670  64.229 0.0000000000
51345  -5.580  -26.800  63.521 0.0000000000
49294  -6.262  -27.873  64.068 0.0000000000
44433  -7.612  -34.623  61.675 0.0000000000
44412  -7.895  -33.975  62.033 0.0000000000
44450  -7.610  -34.916  60.949 0.0000000000
44472  -8.320  -34.867  59.422 0.0000000000
44451  -8.218  -34.495  60.667 0.0000000000
44495  -8.808  -35.077  58.456 0.0000000000
49123  -6.059  -29.580  77.773 0.0000000000
48115  -5.921  -29.994  77.712 0.0000000000
48114  -5.450  -29.525  77.907 0.0000000000
39579  -5.214  -38.928  73.067 0.0000000000
40453  -5.549  -38.122  72.649 0.0000000000
41367  -5.744  -36.957  73.244 0.0000000000
40466  -5.243  -39.119  71.280 0.0000000000
39616  -5.100  -40.188  69.871 0.0000000000
47309  -33.183  -31.283  62.804 0.0000000000
46428  -33.935  -31.594  63.544 0.0000000000
46407  -35.200  -32.289  66.073 0.0000000000
46413  -34.252  -32.711  65.278 0.0000000000
46422  -35.416  -30.885  64.425 0.0000000000
47300  -35.866  -30.554  64.215 0.0000000000
47311  -35.045  -30.612  63.192 0.0000000000
47313  -36.506  -29.873  63.131 0.0000000000
48270  -37.893  -28.951  63.962 0.0000000000
41446  -31.453  -35.908  65.681 0.0000000000
44313  -29.561  -33.036  70.514 0.0000000000
44314  -29.926  -33.139  70.588 0.0000000000
44315  -32.244  -33.036  70.781 0.0000000000
43334  -31.687  -33.357  70.243 0.0000000000
42359  -30.248  -34.229  68.256 0.0000000000
43345  -30.510  -33.646  69.437 0.0000000000
43357  -29.895  -33.906  68.445 0.0000000000
43366  -28.794  -33.667  67.518 0.0000000000
42370  -29.263  -34.236  67.414 0.0000000000
42388  -28.596  -34.483  65.470 0.0000000000
64876  -50.517  -13.626  50.316 0.0000000000
61079  -46.367  -16.293  48.510 0.0000000000
61087  -46.312  -16.072  48.024 0.0000000000
63028  -46.938  -15.348  48.255 0.0000000000
63033  -47.136  -14.960  48.249 0.0000000000
63996  -46.951  -14.437  47.711 0.0000000000
64001  -47.111  -14.143  47.668 0.0000000000
63987  -49.555  -14.334  49.959 0.0000000000
63993  -49.171  -14.087  49.346 0.0000000000
64875  -50.004  -13.650  49.721 0.0000000000
64881  -50.196  -13.219  49.589 0.0000000000
62907  -37.833  -15.747  57.597 0.0000000000
62906  -36.983  -15.851  57.786 0.0000000000
62871  -36.640  -14.907  59.738 0.0000000000
61921  -34.113  -16.288  59.898 0.0000000000
58952  -32.421  -19.200  54.870 0.0000000000
58955  -32.344  -19.306  53.865 0.0000000000
60996  -35.354  -17.353  55.253 0.0000000000
61949  -36.246  -16.945  56.189 0.0000000000
61950  -37.107  -16.790  56.147 0.0000000000
45421  -19.491  -32.069  66.444 0.0000000000
45434  -19.679  -31.991  65.514 0.0000000000
45447  -18.560  -31.946  64.673 0.0000000000
55062  -4.537  -23.426  58.207 0.0000000000
54148  -5.696  -24.927  58.741 0.0000000000
52359  -5.540  -26.245  58.130 0.0000000000
52348  -5.552  -26.524  59.211 0.0000000000
48245  -7.303  -29.660  65.484 0.0000000000
45443  -7.892  -32.637  63.816 0.0000000000
45428  -7.911  -33.680  63.934 0.0000000000
43389  -8.927  -34.738  64.433 0.0000000000
43400  -8.255  -35.118  63.895 0.0000000000
43413  -7.518  -35.376  63.107 0.0000000000
43399  -7.749  -35.014  63.569 0.0000000000
44396  -7.537  -34.855  63.265 0.0000000000
45440  -7.363  -34.130  63.250 0.0000000000
43412  -7.383  -35.067  62.940 0.0000000000
44431  -7.299  -34.954  62.294 0.0000000000
42430  -7.234  -35.574  62.105 0.0000000000
41532  -6.763  -37.062  60.519 0.0000000000
42443  -6.819  -35.947  61.213 0.0000000000
39718  -7.612  -39.923  60.140 0.0000000000
38868  -6.965  -40.174  60.190 0.0000000000
43299  -9.030  -33.999  77.462 0.0000000000
42317  -8.981  -35.145  76.663 0.0000000000
41348  -8.556  -36.758  75.997 0.0000000000
41343  -8.568  -35.852  76.239 0.0000000000
40439  -8.450  -38.761  74.688 0.0000000000
39565  -8.118  -39.528  74.391 0.0000000000
38669  -7.488  -39.366  74.961 0.0000000000
38668  -7.160  -39.519  75.402 0.0000000000
37722  -6.403  -40.638  74.751 0.0000000000
36773  -6.075  -42.065  73.769 0.0000000000
37729  -6.030  -41.401  74.331 0.0000000000
56985  -33.032  -21.102  59.152 0.0000000000
57961  -32.433  -20.941  60.381 0.0000000000
47347  -35.030  -30.122  60.529 0.0000000000
47345  -34.023  -30.300  60.236 0.0000000000
47359  -33.965  -30.058  59.792 0.0000000000
55087  -35.673  -23.163  58.118 0.0000000000
53283  -35.357  -24.258  58.139 0.0000000000
54175  -35.585  -23.401  57.957 0.0000000000
55086  -35.465  -23.093  57.543 0.0000000000
56987  -34.715  -21.915  59.028 0.0000000000
56999  -34.980  -21.784  58.136 0.0000000000
56986  -33.705  -21.392  58.887 0.0000000000
45377  -22.358  -31.322  70.330 0.0000000000
46360  -21.980  -31.350  70.814 0.0000000000
45376  -21.915  -31.343  70.253 0.0000000000
45389  -21.507  -31.392  69.572 0.0000000000
44298  -26.635  -32.106  70.991 0.0000000000
45366  -26.129  -31.953  70.896 0.0000000000
44309  -25.832  -32.030  70.494 0.0000000000
44346  -26.299  -32.493  67.883 0.0000000000
44335  -27.142  -32.582  68.749 0.0000000000
44322  -25.005  -31.920  69.671 0.0000000000
44332  -24.156  -31.754  68.911 0.0000000000
45412  -22.488  -31.818  67.722 0.0000000000
44352  -22.381  -31.834  67.467 0.0000000000
45423  -21.447  -31.985  66.185 0.0000000000
45450  -21.821  -32.292  64.127 0.0000000000
45449  -20.896  -32.038  64.256 0.0000000000
68368  -50.147  -9.879  46.576 0.0000000000
69207  -51.145  -8.414  44.513 0.0000000000
69198  -51.482  -8.435  45.151 0.0000000000
54068  -4.827  -24.759  66.211 0.0000000000
52275  -4.768  -26.039  66.365 0.0000000000
53164  -4.720  -25.065  69.025 0.0000000000
53167  -5.011  -24.955  67.780 0.0000000000
50295  -5.458  -27.343  67.422 0.0000000000
50307  -5.435  -27.344  66.503 0.0000000000
49257  -6.446  -28.282  66.327 0.0000000000
49242  -6.422  -28.394  67.166 0.0000000000
48232  -7.441  -30.211  67.697 0.0000000000
47270  -7.833  -31.309  68.008 0.0000000000
47259  -7.116  -30.846  69.705 0.0000000000
45396  -8.576  -33.209  68.101 0.0000000000
44350  -9.209  -34.261  66.979 0.0000000000
42377  -8.795  -36.331  67.797 0.0000000000
41435  -8.554  -37.659  66.364 0.0000000000
41434  -7.870  -38.174  66.759 0.0000000000
63916  -45.274  -14.491  55.719 0.0000000000
59959  -32.164  -19.247  60.901 0.0000000000
61979  -38.864  -15.424  53.116 0.0000000000
62956  -39.572  -14.965  52.575 0.0000000000
62971  -40.371  -14.768  51.847 0.0000000000
62989  -41.205  -15.129  51.041 0.0000000000
62990  -42.235  -15.194  51.398 0.0000000000
63930  -43.247  -14.514  54.187 0.0000000000
63958  -43.615  -14.788  52.785 0.0000000000
63931  -44.155  -14.629  54.429 0.0000000000
63947  -44.991  -14.788  53.678 0.0000000000
44282  -10.608  -33.919  76.700 0.0000000000
43312  -10.467  -34.877  76.188 0.0000000000
42326  -10.377  -35.714  75.560 0.0000000000
43314  -10.827  -35.079  75.660 0.0000000000
44290  -12.108  -33.776  74.925 0.0000000000
44292  -11.811  -34.294  74.707 0.0000000000
42331  -11.176  -35.868  74.209 0.0000000000
41358  -10.882  -36.423  74.375 0.0000000000
41357  -10.633  -36.585  74.777 0.0000000000
41364  -10.184  -37.466  73.865 0.0000000000
41365  -10.436  -37.219  73.335 0.0000000000
40456  -11.091  -37.445  71.499 0.0000000000
40455  -10.566  -38.008  71.873 0.0000000000
39607  -10.480  -38.886  70.323 0.0000000000
46399  -19.110  -32.121  66.795 0.0000000000
46388  -18.770  -32.081  67.192 0.0000000000
46386  -16.818  -31.742  67.046 0.0000000000
47281  -17.507  -31.782  67.659 0.0000000000
45419  -15.238  -32.384  65.940 0.0000000000
45418  -14.482  -32.759  66.377 0.0000000000
46374  -14.582  -32.048  68.323 0.0000000000
47272  -15.546  -31.390  68.741 0.0000000000
47261  -14.540  -31.524  69.916 0.0000000000
46344  -13.659  -32.053  71.018 0.0000000000
47212  -14.205  -31.310  72.497 0.0000000000
46328  -13.560  -31.955  71.962 0.0000000000
45347  -13.079  -32.497  72.315 0.0000000000
43341  -12.667  -34.166  69.673 0.0000000000
44320  -12.468  -33.687  70.943 0.0000000000
43340  -12.247  -34.405  70.563 0.0000000000
42346  -11.957  -35.496  69.964 0.0000000000
41423  -12.395  -36.455  67.192 0.0000000000
42368  -12.690  -35.544  68.284 0.0000000000
41408  -12.427  -36.195  68.086 0.0000000000
41392  -11.949  -36.667  68.952 0.0000000000
55026  -8.957  -22.970  62.431 0.0000000000
55036  -8.912  -23.226  61.974 0.0000000000
56007  -8.958  -22.784  61.113 0.0000000000
54095  -5.796  -25.010  63.578 0.0000000000
54105  -5.797  -25.294  63.053 0.0000000000
53234  -6.097  -25.281  61.400 0.0000000000
54127  -6.586  -24.836  60.589 0.0000000000
53243  -6.082  -25.414  60.467 0.0000000000
53242  -5.639  -25.977  60.508 0.0000000000
51379  -6.004  -27.622  59.435 0.0000000000
50386  -6.122  -27.884  60.051 0.0000000000
48257  -7.165  -29.539  64.674 0.0000000000
48250  -6.604  -28.776  64.852 0.0000000000
47290  -7.290  -29.744  64.516 0.0000000000
47303  -7.448  -30.010  63.876 0.0000000000
48260  -6.852  -28.559  63.841 0.0000000000
45486  -8.218  -33.493  61.970 0.0000000000
46432  -8.374  -32.203  62.397 0.0000000000
48274  -8.502  -30.709  61.932 0.0000000000
47315  -8.240  -31.340  62.448 0.0000000000
48273  -8.270  -29.649  62.315 0.0000000000
49307  -8.616  -29.428  61.676 0.0000000000
49314  -8.956  -30.322  60.725 0.0000000000
49320  -8.174  -29.268  60.198 0.0000000000
50389  -8.439  -29.123  59.612 0.0000000000
50403  -8.694  -28.774  58.933 0.0000000000
49322  -9.747  -30.133  59.636 0.0000000000
49170  -5.346  -29.734  74.265 0.0000000000
44273  -8.467  -33.686  77.362 0.0000000000
45323  -7.744  -32.975  77.377 0.0000000000
44272  -7.734  -34.012  76.927 0.0000000000
44279  -6.702  -34.216  76.562 0.0000000000
45329  -6.683  -33.209  76.921 0.0000000000
46310  -5.977  -32.488  76.910 0.0000000000
41359  -5.731  -37.302  75.236 0.0000000000
46314  -5.596  -32.607  76.183 0.0000000000
46317  -5.534  -32.529  75.302 0.0000000000
47211  -5.737  -31.283  73.232 0.0000000000
47230  -5.917  -31.074  72.463 0.0000000000
46327  -6.288  -32.011  72.769 0.0000000000
44306  -7.271  -34.143  71.983 0.0000000000
45358  -6.772  -32.936  72.246 0.0000000000
44318  -7.496  -34.214  71.230 0.0000000000
41383  -6.063  -37.528  71.195 0.0000000000
41391  -7.120  -37.614  69.828 0.0000000000
42365  -7.375  -37.180  69.667 0.0000000000
42355  -7.602  -36.451  69.976 0.0000000000
40521  -6.654  -39.248  66.877 0.0000000000
40511  -7.062  -38.713  67.447 0.0000000000
40538  -6.911  -39.309  66.196 0.0000000000
35908  -5.124  -43.837  71.658 0.0000000000
35032  -4.781  -45.274  70.598 0.0000000000
36808  -4.417  -43.286  70.111 0.0000000000
36836  -4.483  -43.482  68.121 0.0000000000
37800  -4.578  -42.637  68.249 0.0000000000
38742  -4.831  -41.419  68.333 0.0000000000
37844  -5.097  -42.209  66.720 0.0000000000
37845  -5.584  -41.909  66.426 0.0000000000
37862  -6.145  -41.881  65.871 0.0000000000
37875  -6.575  -41.846  65.333 0.0000000000
38793  -6.755  -41.229  65.219 0.0000000000
38794  -6.952  -40.823  64.831 0.0000000000
37877  -7.107  -41.287  64.243 0.0000000000
46381  -37.023  -31.364  68.255 0.0000000000
47277  -37.507  -30.874  68.438 0.0000000000
46372  -36.991  -31.614  68.907 0.0000000000
47267  -37.211  -31.311  69.304 0.0000000000
44357  -34.903  -33.198  67.719 0.0000000000
44358  -35.298  -32.890  67.613 0.0000000000
42364  -33.339  -33.824  68.162 0.0000000000
43368  -33.916  -33.607  68.150 0.0000000000
43369  -34.495  -33.426  67.840 0.0000000000
44327  -34.152  -33.214  70.095 0.0000000000
44337  -34.265  -33.403  69.514 0.0000000000
45371  -35.457  -32.391  70.226 0.0000000000
62964  -48.010  -15.317  53.515 0.0000000000
62975  -44.687  -15.342  52.074 0.0000000000
62993  -45.299  -15.771  51.369 0.0000000000
61996  -46.568  -16.103  50.619 0.0000000000
60967  -32.455  -17.979  59.110 0.0000000000
60955  -32.451  -18.145  59.940 0.0000000000
58005  -34.446  -21.585  56.637 0.0000000000
57988  -34.092  -20.993  57.269 0.0000000000
58003  -33.677  -20.490  56.815 0.0000000000
58940  -33.162  -19.917  56.691 0.0000000000
58939  -32.679  -19.292  56.993 0.0000000000
42393  -9.475  -36.632  65.525 0.0000000000
42406  -9.231  -36.883  64.503 0.0000000000
39683  -8.400  -39.491  63.178 0.0000000000
38809  -8.108  -40.358  63.014 0.0000000000
37893  -7.858  -40.950  63.025 0.0000000000
39593  -9.864  -39.271  71.495 0.0000000000
38696  -9.582  -39.604  71.755 0.0000000000
38706  -9.621  -39.835  71.243 0.0000000000
38705  -9.290  -40.503  70.978 0.0000000000
49309  -37.110  -28.433  62.549 0.0000000000
49316  -36.524  -28.570  61.826 0.0000000000
50374  -37.308  -27.484  62.578 0.0000000000
51377  -36.848  -27.221  62.126 0.0000000000
51376  -36.707  -26.573  61.857 0.0000000000
52347  -36.623  -25.711  61.452 0.0000000000
53240  -37.543  -25.192  62.201 0.0000000000
54137  -37.660  -24.643  61.986 0.0000000000
47221  -26.679  -30.984  72.234 0.0000000000
43395  -27.435  -33.693  65.016 0.0000000000
65814  -49.308  -12.569  48.390 0.0000000000
65813  -48.694  -12.588  48.001 0.0000000000
66659  -49.283  -11.820  48.021 0.0000000000
66644  -50.797  -11.564  49.192 0.0000000000
48202  -5.777  -29.818  71.330 0.0000000000
48203  -5.726  -30.032  71.794 0.0000000000
47205  -13.161  -31.396  74.899 0.0000000000
45344  -13.083  -32.489  73.089 0.0000000000
46358  -21.127  -31.193  70.380 0.0000000000
52374  -5.820  -26.035  57.290 0.0000000000
53192  -5.001  -25.547  65.136 0.0000000000
52302  -5.268  -26.255  64.740 0.0000000000
49282  -6.042  -28.071  64.583 0.0000000000
42454  -6.796  -35.797  60.075 0.0000000000
43459  -7.430  -35.210  60.236 0.0000000000
43476  -7.163  -35.634  59.241 0.0000000000
43477  -7.786  -35.236  59.281 0.0000000000
38686  -5.339  -40.872  74.056 0.0000000000
39571  -5.347  -39.627  73.944 0.0000000000
39578  -5.022  -39.783  72.972 0.0000000000
38718  -4.617  -40.985  70.614 0.0000000000
46409  -36.359  -31.056  65.689 0.0000000000
47294  -36.685  -30.533  65.068 0.0000000000
47302  -37.212  -29.739  64.008 0.0000000000
48258  -37.849  -29.529  64.579 0.0000000000
42401  -32.721  -34.409  65.917 0.0000000000
42349  -31.274  -33.777  69.167 0.0000000000
42360  -30.940  -34.280  68.297 0.0000000000
42371  -29.656  -34.452  67.626 0.0000000000
42380  -29.178  -34.568  66.806 0.0000000000
42381  -29.721  -35.193  66.913 0.0000000000
62012  -47.562  -15.856  50.149 0.0000000000
62037  -46.892  -15.801  48.552 0.0000000000
62028  -47.770  -15.648  49.710 0.0000000000
63020  -48.388  -14.976  49.575 0.0000000000
61939  -36.191  -16.291  57.170 0.0000000000
62905  -36.094  -15.832  58.062 0.0000000000
60994  -33.567  -17.272  55.865 0.0000000000
60995  -34.493  -17.243  55.408 0.0000000000
61961  -35.316  -17.066  55.891 0.0000000000
48240  -7.736  -30.704  66.564 0.0000000000
42418  -7.857  -36.278  62.994 0.0000000000
42432  -7.615  -36.342  62.515 0.0000000000
42431  -7.299  -36.226  62.061 0.0000000000
41495  -7.558  -36.815  61.735 0.0000000000
42322  -9.648  -35.449  76.220 0.0000000000
42318  -9.353  -35.247  76.500 0.0000000000
41345  -9.254  -35.919  76.029 0.0000000000
41349  -9.042  -36.694  75.883 0.0000000000
40430  -8.592  -37.731  75.522 0.0000000000
38687  -8.035  -40.742  73.361 0.0000000000
38679  -7.942  -40.244  73.947 0.0000000000
37724  -7.284  -40.583  74.256 0.0000000000
37723  -7.010  -40.644  74.487 0.0000000000
36774  -6.586  -41.755  73.725 0.0000000000
56973  -34.177  -22.090  60.145 0.0000000000
56961  -33.913  -22.213  61.058 0.0000000000
48300  -34.605  -29.543  59.893 0.0000000000
55068  -36.555  -23.616  59.677 0.0000000000
56036  -36.457  -23.176  59.487 0.0000000000
57001  -35.989  -22.639  59.105 0.0000000000
57009  -35.458  -22.414  58.582 0.0000000000
45363  -23.038  -31.274  70.579 0.0000000000
44300  -28.010  -32.501  71.054 0.0000000000
44324  -26.705  -32.459  69.776 0.0000000000
44355  -25.185  -32.513  67.131 0.0000000000
67507  -47.223  -11.287  45.279 0.0000000000
50285  -5.907  -27.911  67.769 0.0000000000
48219  -7.101  -30.002  68.993 0.0000000000
63900  -44.516  -14.542  56.479 0.0000000000
63899  -43.626  -14.580  56.142 0.0000000000
63885  -43.831  -14.614  57.166 0.0000000000
62958  -41.751  -14.485  53.338 0.0000000000
62959  -42.403  -14.516  53.040 0.0000000000
63929  -42.422  -14.437  53.947 0.0000000000
43318  -11.643  -34.586  74.245 0.0000000000
42333  -11.283  -35.793  73.474 0.0000000000
41366  -10.854  -36.633  72.978 0.0000000000
40469  -11.227  -37.670  70.984 0.0000000000
46405  -17.475  -32.009  65.467 0.0000000000
46397  -17.247  -31.911  66.292 0.0000000000
44361  -13.560  -33.928  66.494 0.0000000000
45408  -14.325  -32.567  67.211 0.0000000000
45417  -13.749  -33.212  67.056 0.0000000000
46367  -14.102  -32.093  69.298 0.0000000000
45388  -13.595  -32.680  69.595 0.0000000000
45375  -13.282  -32.736  70.297 0.0000000000
41406  -11.484  -37.701  67.797 0.0000000000
40501  -11.251  -38.186  68.319 0.0000000000
54108  -8.083  -23.979  62.384 0.0000000000
53223  -5.307  -26.028  63.038 0.0000000000
53224  -5.635  -25.606  62.497 0.0000000000
52331  -5.481  -26.304  61.495 0.0000000000
52340  -5.442  -27.010  61.437 0.0000000000
51367  -5.668  -27.360  61.357 0.0000000000
47292  -7.739  -31.005  63.949 0.0000000000
47298  -7.776  -31.242  63.488 0.0000000000
45503  -8.901  -33.451  61.057 0.0000000000
46438  -8.795  -32.378  61.758 0.0000000000
48275  -8.787  -31.257  61.628 0.0000000000
48280  -8.839  -30.468  61.217 0.0000000000
48281  -9.105  -30.932  61.013 0.0000000000
48288  -9.179  -30.468  60.448 0.0000000000
43307  -7.259  -34.835  76.395 0.0000000000
43306  -6.786  -35.137  76.190 0.0000000000
44278  -6.228  -34.642  76.336 0.0000000000
43316  -5.943  -35.279  74.622 0.0000000000
45342  -6.293  -33.150  73.754 0.0000000000
45345  -6.498  -33.034  73.023 0.0000000000
43328  -6.881  -34.907  72.064 0.0000000000
41403  -6.487  -38.618  69.193 0.0000000000
35929  -4.324  -44.511  69.035 0.0000000000
35944  -4.402  -44.230  68.336 0.0000000000
35958  -4.540  -43.975  67.557 0.0000000000
36897  -5.812  -42.674  65.975 0.0000000000
44394  -33.120  -34.000  65.390 0.0000000000
45452  -33.815  -33.210  65.432 0.0000000000
45437  -34.189  -33.133  66.018 0.0000000000
45438  -34.783  -32.833  66.291 0.0000000000
45439  -35.445  -32.263  66.516 0.0000000000
45425  -35.612  -32.481  67.214 0.0000000000
46400  -35.955  -31.930  66.770 0.0000000000
47284  -37.113  -31.021  66.597 0.0000000000
41414  -30.942  -35.461  67.168 0.0000000000
41415  -31.490  -35.198  67.216 0.0000000000
41432  -31.776  -35.345  66.587 0.0000000000
41433  -32.333  -34.854  66.665 0.0000000000
42383  -32.845  -34.323  66.854 0.0000000000
42391  -32.552  -34.628  66.170 0.0000000000
43398  -32.983  -34.161  65.865 0.0000000000
43335  -32.422  -33.344  70.216 0.0000000000
44317  -33.486  -33.170  70.381 0.0000000000
43348  -32.623  -33.587  69.658 0.0000000000
42350  -32.018  -33.820  69.139 0.0000000000
41400  -31.199  -34.783  67.700 0.0000000000
62980  -49.677  -15.124  53.152 0.0000000000
62008  -44.465  -16.370  49.795 0.0000000000
61054  -44.423  -16.554  49.141 0.0000000000
60045  -44.556  -16.641  48.546 0.0000000000
60068  -44.523  -16.702  48.072 0.0000000000
61078  -45.877  -16.544  48.389 0.0000000000
61057  -46.376  -16.451  49.065 0.0000000000
61937  -34.466  -16.193  58.117 0.0000000000
61930  -34.107  -16.365  58.987 0.0000000000
58017  -34.056  -21.777  55.922 0.0000000000
58026  -33.845  -21.980  55.412 0.0000000000
58036  -33.192  -21.761  54.511 0.0000000000
58034  -32.513  -20.059  54.500 0.0000000000
59994  -32.542  -18.504  56.504 0.0000000000
60993  -32.823  -17.797  56.139 0.0000000000
60983  -33.221  -17.247  56.818 0.0000000000
61946  -33.771  -16.756  57.465 0.0000000000
56006  -8.174  -22.876  60.336 0.0000000000
44359  -9.008  -33.700  65.438 0.0000000000
43401  -8.935  -35.436  64.144 0.0000000000
42405  -8.930  -36.211  63.915 0.0000000000
42419  -8.493  -36.568  63.322 0.0000000000
41517  -8.189  -38.139  61.391 0.0000000000
40610  -7.825  -38.553  60.916 0.0000000000
39703  -8.053  -39.302  60.741 0.0000000000
39719  -8.215  -39.894  60.574 0.0000000000
38854  -8.241  -40.718  60.590 0.0000000000
37944  -8.146  -41.478  60.765 0.0000000000
37923  -8.106  -41.821  60.949 0.0000000000
40443  -9.268  -38.747  73.728 0.0000000000
39580  -9.210  -39.701  72.723 0.0000000000
38688  -8.568  -40.299  73.114 0.0000000000
37741  -8.166  -40.825  73.042 0.0000000000
56962  -36.512  -22.421  60.789 0.0000000000
56001  -36.261  -22.369  61.464 0.0000000000
55989  -36.199  -22.550  62.607 0.0000000000
47321  -35.397  -30.579  61.923 0.0000000000
47332  -34.774  -30.501  61.007 0.0000000000
47333  -35.406  -30.288  61.093 0.0000000000
47348  -35.499  -29.826  60.775 0.0000000000
48291  -35.496  -29.581  60.649 0.0000000000
49324  -36.236  -28.670  61.444 0.0000000000
48302  -35.573  -28.838  60.667 0.0000000000
48301  -35.104  -29.408  60.246 0.0000000000
49334  -35.099  -28.679  60.278 0.0000000000
49346  -34.542  -28.533  59.905 0.0000000000
51422  -34.128  -27.466  59.720 0.0000000000
51403  -34.787  -26.598  60.085 0.0000000000
52357  -35.598  -25.752  60.190 0.0000000000
53250  -36.850  -24.698  61.071 0.0000000000
54135  -37.100  -24.305  60.833 0.0000000000
54145  -36.823  -24.069  60.321 0.0000000000
56027  -36.961  -23.427  60.412 0.0000000000
46350  -25.298  -31.388  71.257 0.0000000000
43355  -28.463  -32.910  68.675 0.0000000000
43354  -27.808  -32.692  68.579 0.0000000000
43365  -27.703  -32.786  67.919 0.0000000000
43373  -27.068  -32.696  67.164 0.0000000000
44367  -26.269  -32.773  66.062 0.0000000000
44379  -24.345  -32.513  65.284 0.0000000000
66677  -47.318  -11.800  45.728 0.0000000000
65826  -47.859  -12.128  46.851 0.0000000000
67508  -47.745  -10.812  45.585 0.0000000000
68381  -48.415  -10.327  45.769 0.0000000000
68367  -49.623  -10.341  46.630 0.0000000000
67479  -50.210  -11.070  47.983 0.0000000000
49211  -6.138  -29.159  69.799 0.0000000000
47257  -6.246  -30.404  70.991 0.0000000000
46363  -6.494  -30.840  70.839 0.0000000000
62922  -42.111  -14.724  56.585 0.0000000000
62911  -41.933  -15.192  57.784 0.0000000000
61016  -36.730  -16.617  53.872 0.0000000000
61983  -38.138  -15.568  52.474 0.0000000000
46315  -12.254  -32.418  75.567 0.0000000000
45338  -12.337  -33.084  74.793 0.0000000000
42337  -11.643  -35.345  72.105 0.0000000000
44387  -14.862  -33.603  64.406 0.0000000000
44376  -14.548  -33.627  65.199 0.0000000000
44362  -14.235  -33.496  65.776 0.0000000000
44375  -13.909  -34.206  65.609 0.0000000000
43372  -12.973  -34.986  67.313 0.0000000000
43371  -12.784  -35.338  67.239 0.0000000000
55013  -6.311  -24.203  64.154 0.0000000000
53204  -5.514  -25.233  64.000 0.0000000000
53215  -5.571  -25.471  63.501 0.0000000000
49302  -6.573  -27.699  63.538 0.0000000000
45469  -7.755  -33.684  62.709 0.0000000000
44413  -7.932  -33.663  62.319 0.0000000000
45502  -8.315  -33.913  61.409 0.0000000000
45519  -9.188  -33.899  60.213 0.0000000000
45520  -9.734  -33.458  59.759 0.0000000000
49126  -5.975  -29.041  78.008 0.0000000000
50202  -5.642  -28.865  78.208 0.0000000000
48123  -5.416  -29.947  77.663 0.0000000000
40433  -6.485  -38.122  76.244 0.0000000000
41355  -5.999  -37.226  75.999 0.0000000000
41363  -5.618  -37.201  74.280 0.0000000000
40488  -5.807  -39.631  69.365 0.0000000000
45466  -33.568  -33.139  64.841 0.0000000000
46420  -33.786  -32.549  64.553 0.0000000000
46415  -35.667  -31.127  65.042 0.0000000000
46421  -34.785  -31.295  64.254 0.0000000000
46429  -34.464  -31.043  63.476 0.0000000000
47323  -36.146  -29.805  62.270 0.0000000000
47314  -37.147  -29.608  63.495 0.0000000000
48269  -37.427  -29.213  63.375 0.0000000000
49303  -37.416  -28.806  63.036 0.0000000000
50375  -37.685  -27.882  63.156 0.0000000000
43330  -29.096  -33.045  69.902 0.0000000000
43325  -30.572  -33.214  70.607 0.0000000000
43346  -30.873  -33.678  69.371 0.0000000000
43333  -30.944  -33.557  69.982 0.0000000000
43332  -30.116  -33.412  70.267 0.0000000000
43343  -29.090  -33.038  69.404 0.0000000000
43385  -28.767  -34.334  66.108 0.0000000000
62049  -45.913  -15.655  47.198 0.0000000000
63992  -48.586  -14.165  48.883 0.0000000000
64879  -48.946  -13.500  48.687 0.0000000000
64885  -49.107  -13.187  48.569 0.0000000000
62870  -35.586  -15.364  60.003 0.0000000000
61009  -36.113  -17.265  54.603 0.0000000000
60997  -36.194  -17.291  55.370 0.0000000000
60985  -36.785  -17.120  55.614 0.0000000000
45410  -20.245  -31.891  66.951 0.0000000000
45409  -19.761  -31.967  66.848 0.0000000000
45420  -19.015  -32.111  66.207 0.0000000000
46406  -18.236  -32.059  65.367 0.0000000000
46411  -17.752  -32.055  65.072 0.0000000000
45446  -17.254  -32.159  64.603 0.0000000000
45458  -16.397  -32.573  63.896 0.0000000000
44388  -15.544  -32.945  63.876 0.0000000000
54147  -5.019  -24.282  58.111 0.0000000000
51412  -5.773  -26.795  58.071 0.0000000000
51395  -6.210  -27.450  58.650 0.0000000000
50320  -6.205  -28.234  65.525 0.0000000000
49271  -7.032  -29.139  65.269 0.0000000000
49284  -7.070  -29.313  65.020 0.0000000000
47286  -7.478  -30.214  64.533 0.0000000000
47287  -7.740  -30.746  64.641 0.0000000000
46410  -7.847  -31.802  64.009 0.0000000000
44373  -8.778  -33.947  64.780 0.0000000000
44372  -8.123  -34.016  64.077 0.0000000000
44385  -8.109  -34.638  63.940 0.0000000000
45441  -7.692  -33.950  63.411 0.0000000000
45455  -7.629  -33.799  63.069 0.0000000000
45468  -7.574  -33.975  62.814 0.0000000000
44432  -7.410  -34.718  62.398 0.0000000000
43444  -7.261  -35.197  61.780 0.0000000000
42444  -6.989  -35.530  60.669 0.0000000000
39717  -7.129  -39.758  59.942 0.0000000000
44274  -8.892  -33.726  77.501 0.0000000000
43302  -8.298  -34.560  76.883 0.0000000000
42316  -8.547  -35.145  76.631 0.0000000000
42315  -8.031  -35.362  76.491 0.0000000000
41346  -7.417  -36.630  76.045 0.0000000000
40434  -6.923  -37.918  76.120 0.0000000000
40435  -8.520  -38.443  74.958 0.0000000000
39560  -8.055  -38.818  74.975 0.0000000000
38674  -7.746  -39.623  74.581 0.0000000000
39556  -8.082  -38.351  75.416 0.0000000000
39555  -7.594  -38.294  75.711 0.0000000000
39558  -7.163  -38.682  75.972 0.0000000000
39561  -6.069  -39.214  76.126 0.0000000000
38677  -5.757  -40.443  74.805 0.0000000000
37747  -5.057  -41.866  72.979 0.0000000000
58914  -32.131  -19.605  59.911 0.0000000000
57968  -32.511  -20.546  59.394 0.0000000000
57960  -32.100  -20.396  60.778 0.0000000000
56960  -32.869  -21.780  61.263 0.0000000000
47331  -33.889  -30.588  60.922 0.0000000000
47344  -33.229  -30.562  59.984 0.0000000000
55092  -35.070  -23.046  56.801 0.0000000000
57990  -34.840  -21.761  57.247 0.0000000000
57008  -35.128  -22.086  57.795 0.0000000000
57007  -34.917  -21.780  57.528 0.0000000000
57978  -34.475  -21.319  57.742 0.0000000000
57977  -33.899  -21.071  57.824 0.0000000000
57976  -33.363  -20.819  58.169 0.0000000000
46329  -21.867  -31.130  71.562 0.0000000000
46346  -21.708  -31.253  71.111 0.0000000000
46345  -21.208  -31.118  70.962 0.0000000000
46371  -21.438  -31.283  70.129 0.0000000000
45399  -21.505  -31.451  69.255 0.0000000000
46334  -26.803  -31.350  71.854 0.0000000000
45350  -27.444  -31.992  71.490 0.0000000000
45348  -25.963  -31.718  71.196 0.0000000000
44323  -25.537  -32.124  69.995 0.0000000000
45380  -25.250  -31.909  70.198 0.0000000000
44343  -23.294  -31.847  68.191 0.0000000000
46380  -21.468  -31.637  68.136 0.0000000000
68383  -50.526  -8.944  45.584 0.0000000000
54075  -4.932  -24.825  65.397 0.0000000000
52289  -4.950  -26.143  65.571 0.0000000000
50309  -6.444  -28.282  65.898 0.0000000000
49258  -6.967  -28.765  66.088 0.0000000000
48239  -7.358  -29.789  66.387 0.0000000000
47278  -8.085  -31.477  66.872 0.0000000000
45405  -8.643  -33.039  66.836 0.0000000000
45406  -8.979  -33.622  66.373 0.0000000000
43379  -9.719  -35.745  66.177 0.0000000000
43370  -9.154  -35.047  67.661 0.0000000000
40540  -8.203  -38.452  65.531 0.0000000000
63933  -46.094  -14.589  54.925 0.0000000000
59960  -32.253  -18.780  60.564 0.0000000000
61988  -39.127  -15.400  51.115 0.0000000000
62987  -39.602  -15.307  51.085 0.0000000000
61989  -39.672  -15.435  50.746 0.0000000000
63005  -40.582  -15.445  50.518 0.0000000000
62005  -41.183  -15.562  50.310 0.0000000000
62023  -41.611  -16.062  49.526 0.0000000000
62006  -42.265  -15.816  50.097 0.0000000000
62991  -43.264  -15.423  51.468 0.0000000000
63957  -43.219  -14.788  52.620 0.0000000000
62974  -43.703  -15.114  52.186 0.0000000000
43308  -9.851  -34.673  76.751 0.0000000000
42325  -9.970  -35.621  75.891 0.0000000000
41353  -9.976  -36.479  75.470 0.0000000000
41356  -10.192  -36.984  75.081 0.0000000000
45335  -11.725  -33.156  75.924 0.0000000000
44286  -11.405  -33.769  75.944 0.0000000000
44288  -11.159  -34.656  75.621 0.0000000000
43317  -11.387  -35.029  74.652 0.0000000000
43315  -11.141  -35.142  75.232 0.0000000000
42328  -10.738  -35.836  75.180 0.0000000000
41360  -10.234  -37.252  74.525 0.0000000000
40454  -10.078  -38.618  72.207 0.0000000000
39582  -10.083  -38.806  71.782 0.0000000000
46377  -19.161  -31.673  67.871 0.0000000000
47275  -18.724  -31.407  68.413 0.0000000000
48221  -16.501  -30.816  70.082 0.0000000000
46385  -15.376  -31.923  67.296 0.0000000000
47279  -15.920  -31.502  68.099 0.0000000000
47263  -16.243  -30.956  69.442 0.0000000000
48204  -15.871  -30.903  70.326 0.0000000000
48188  -15.727  -30.820  71.082 0.0000000000
47248  -14.380  -31.575  70.773 0.0000000000
47232  -14.943  -31.154  71.363 0.0000000000
45346  -12.691  -33.038  72.512 0.0000000000
44308  -12.618  -33.259  71.225 0.0000000000
43329  -11.933  -34.464  71.783 0.0000000000
43362  -12.800  -35.160  68.762 0.0000000000
42357  -12.400  -35.759  69.067 0.0000000000
42345  -11.644  -36.281  70.571 0.0000000000
40481  -11.316  -37.862  70.298 0.0000000000
40490  -11.213  -38.343  69.055 0.0000000000
40480  -11.055  -38.388  69.912 0.0000000000
55044  -7.734  -23.567  60.306 0.0000000000
54097  -7.121  -24.230  63.412 0.0000000000
54107  -7.408  -24.289  62.749 0.0000000000
54118  -7.947  -24.144  61.868 0.0000000000
53225  -6.143  -25.158  61.996 0.0000000000
54117  -7.262  -24.482  61.789 0.0000000000
54129  -7.763  -24.199  61.340 0.0000000000
54128  -7.364  -24.317  60.745 0.0000000000
53253  -5.605  -26.017  59.509 0.0000000000
50401  -6.792  -27.811  58.762 0.0000000000
48249  -6.473  -28.598  64.704 0.0000000000
48255  -6.603  -28.599  64.331 0.0000000000
47296  -7.296  -29.793  64.242 0.0000000000
48264  -7.320  -28.155  63.317 0.0000000000
47305  -7.957  -31.362  62.866 0.0000000000
47306  -8.225  -31.749  62.582 0.0000000000
48267  -8.114  -31.056  62.543 0.0000000000
48271  -7.547  -27.709  62.890 0.0000000000
49306  -7.255  -27.678  62.243 0.0000000000
49311  -7.589  -28.251  61.631 0.0000000000
50377  -6.954  -28.612  60.916 0.0000000000
49312  -7.765  -29.033  61.066 0.0000000000
50402  -7.522  -27.983  58.571 0.0000000000
50404  -9.398  -29.056  58.707 0.0000000000
49332  -10.075  -29.623  58.827 0.0000000000
48298  -10.149  -30.431  59.524 0.0000000000
49184  -5.066  -28.766  73.155 0.0000000000
46306  -8.001  -32.250  77.610 0.0000000000
46305  -7.074  -32.001  77.433 0.0000000000
45330  -7.276  -33.322  77.022 0.0000000000
47196  -6.221  -31.602  77.402 0.0000000000
47195  -5.658  -31.161  77.264 0.0000000000
42323  -6.468  -36.247  75.962 0.0000000000
43310  -6.220  -35.465  75.825 0.0000000000
44284  -5.876  -34.600  75.814 0.0000000000
44287  -5.842  -34.648  75.146 0.0000000000
45333  -5.854  -33.614  76.319 0.0000000000
48140  -5.133  -30.639  75.986 0.0000000000
48145  -5.241  -30.283  74.961 0.0000000000
48153  -5.492  -30.454  73.808 0.0000000000
48152  -5.347  -29.602  73.466 0.0000000000
45372  -6.876  -32.459  71.548 0.0000000000
44319  -7.785  -34.260  70.500 0.0000000000
43337  -6.703  -35.671  71.812 0.0000000000
42344  -6.787  -36.323  71.319 0.0000000000
43350  -7.544  -35.865  70.509 0.0000000000
43351  -7.957  -35.467  70.010 0.0000000000
42376  -8.000  -36.896  68.395 0.0000000000
41418  -7.118  -38.462  67.982 0.0000000000
41419  -7.777  -37.793  67.639 0.0000000000
39656  -7.406  -39.420  65.107 0.0000000000
37755  -5.002  -42.207  72.295 0.0000000000
35033  -5.255  -44.807  71.250 0.0000000000
39633  -5.184  -40.700  68.002 0.0000000000
38753  -5.177  -41.137  67.515 0.0000000000
39641  -6.368  -40.246  66.497 0.0000000000
38779  -6.492  -41.080  65.778 0.0000000000
39654  -6.621  -40.479  65.777 0.0000000000
39655  -6.886  -39.933  65.439 0.0000000000
38795  -7.227  -40.633  64.128 0.0000000000
37823  -5.225  -41.650  66.960 0.0000000000
37906  -7.925  -41.480  62.783 0.0000000000
38670  -7.787  -39.253  74.832 0.0000000000
38678  -7.480  -40.498  74.140 0.0000000000
38685  -5.017  -40.392  73.468 0.0000000000
38869  -7.106  -40.168  59.796 0.0000000000
39554  -7.259  -38.189  75.917 0.0000000000
39557  -6.649  -38.996  76.221 0.0000000000
39563  -8.390  -39.061  74.491 0.0000000000
39732  -6.960  -39.967  59.759 0.0000000000
39733  -7.161  -39.949  60.014 0.0000000000
40432  -9.631  -36.841  75.542 0.0000000000
41342  -8.310  -35.701  76.319 0.0000000000
42319  -6.831  -35.761  76.034 0.0000000000
42341  -31.397  -33.569  69.768 0.0000000000
42347  -30.388  -33.744  68.886 0.0000000000
42369  -12.826  -35.290  67.854 0.0000000000
42373  -32.368  -34.350  67.870 0.0000000000
42379  -12.792  -35.325  67.619 0.0000000000
42386  -9.672  -36.154  66.211 0.0000000000
42394  -9.616  -36.397  66.033 0.0000000000
42417  -7.635  -36.048  62.862 0.0000000000
43300  -9.270  -33.974  77.400 0.0000000000
43311  -10.060  -35.038  76.412 0.0000000000
43324  -30.262  -33.182  70.609 0.0000000000
43347  -32.091  -33.521  69.778 0.0000000000
43359  -34.497  -33.436  68.447 0.0000000000
43364  -27.026  -32.573  67.778 0.0000000000
43367  -29.335  -34.034  67.697 0.0000000000
43376  -33.902  -33.612  67.304 0.0000000000
43382  -26.290  -32.870  65.688 0.0000000000
43426  -7.322  -35.173  62.500 0.0000000000
43443  -7.310  -35.155  61.783 0.0000000000
44270  -9.126  -33.625  77.520 0.0000000000
44326  -28.604  -32.798  69.647 0.0000000000
44336  -27.858  -32.659  68.903 0.0000000000
44370  -35.117  -32.877  67.295 0.0000000000
44371  -7.899  -34.006  64.032 0.0000000000
44383  -7.607  -34.188  63.346 0.0000000000
44395  -7.482  -34.491  63.174 0.0000000000
44410  -7.286  -34.892  62.824 0.0000000000
44411  -7.376  -34.537  62.806 0.0000000000
45331  -11.063  -33.705  76.461 0.0000000000
45362  -22.558  -31.332  70.669 0.0000000000
45390  -21.797  -31.377  69.765 0.0000000000
45393  -24.306  -31.756  69.213 0.0000000000
45394  -36.033  -32.113  69.052 0.0000000000
45402  -23.422  -31.778  68.423 0.0000000000
45427  -7.858  -33.915  63.804 0.0000000000
45454  -7.495  -34.176  63.040 0.0000000000
45471  -8.201  -32.523  62.620 0.0000000000
45484  -7.479  -34.337  62.636 0.0000000000
46353  -35.882  -32.062  70.258 0.0000000000
46362  -36.778  -31.694  69.354 0.0000000000
46391  -21.206  -31.646  67.922 0.0000000000
46416  -36.235  -30.830  65.186 0.0000000000
47210  -26.288  -31.019  72.288 0.0000000000
47335  -36.056  -29.688  61.587 0.0000000000
47349  -35.814  -29.774  61.160 0.0000000000
47361  -35.131  -29.784  60.358 0.0000000000
48122  -5.161  -29.685  77.910 0.0000000000
48205  -16.492  -30.707  70.688 0.0000000000
48220  -16.003  -30.923  69.872 0.0000000000
48251  -7.380  -29.955  64.963 0.0000000000
48263  -38.216  -29.039  64.418 0.0000000000
48277  -37.016  -29.151  62.661 0.0000000000
48279  -8.691  -28.822  61.888 0.0000000000
48282  -9.399  -31.092  60.654 0.0000000000
49283  -6.990  -29.245  64.792 0.0000000000
49305  -6.971  -27.318  62.965 0.0000000000
49310  -37.514  -28.437  63.084 0.0000000000
49315  -36.227  -28.992  61.475 0.0000000000
49323  -35.914  -28.714  61.093 0.0000000000
50405  -34.696  -27.925  60.245 0.0000000000
51363  -37.005  -26.370  62.219 0.0000000000
51366  -5.447  -27.138  61.893 0.0000000000
52338  -37.818  -25.908  62.598 0.0000000000
53239  -37.135  -25.142  61.748 0.0000000000
53252  -37.693  -24.889  62.124 0.0000000000
54125  -37.642  -24.338  61.810 0.0000000000
54146  -37.162  -24.059  60.742 0.0000000000
54161  -35.527  -23.723  58.031 0.0000000000
54162  -35.844  -23.739  58.597 0.0000000000
55024  -7.533  -24.068  63.279 0.0000000000
55046  -8.708  -23.378  61.507 0.0000000000
55060  -36.765  -23.638  60.145 0.0000000000
56017  -37.148  -22.791  61.016 0.0000000000
56028  -37.279  -23.807  60.799 0.0000000000
56043  -35.666  -22.709  58.415 0.0000000000
56997  -33.857  -21.196  58.234 0.0000000000
57000  -35.384  -22.272  58.872 0.0000000000
57036  -34.074  -22.281  55.729 0.0000000000
57967  -32.187  -20.286  60.165 0.0000000000
57987  -33.465  -20.474  57.433 0.0000000000
58006  -34.734  -21.827  57.011 0.0000000000
58014  -33.024  -19.814  55.740 0.0000000000
58906  -32.127  -19.439  60.582 0.0000000000
60046  -45.143  -16.640  48.431 0.0000000000
61037  -44.729  -16.521  49.437 0.0000000000
61991  -41.876  -15.457  50.683 0.0000000000
62004  -40.195  -15.585  50.296 0.0000000000
62009  -45.433  -16.411  49.983 0.0000000000
62026  -44.256  -16.462  49.441 0.0000000000
62041  -46.506  -15.678  47.936 0.0000000000
62960  -44.186  -14.977  52.626 0.0000000000
63006  -40.789  -15.338  50.672 0.0000000000
63032  -46.711  -14.988  47.812 0.0000000000
63037  -46.253  -15.118  47.329 0.0000000000
63944  -42.366  -14.467  53.382 0.0000000000
