#!ascii label  , from subject 3542 vox2ras=TkReg
896
49503  7.570  -33.671  76.968 0.0000000000
45653  4.373  -39.347  63.204 0.0000000000
43707  2.165  -39.896  76.072 0.0000000000
49553  3.669  -34.056  72.911 0.0000000000
53451  3.436  -30.224  64.974 0.0000000000
46520  5.171  -37.100  77.402 0.0000000000
50456  3.553  -33.939  77.854 0.0000000000
49546  9.892  -34.712  73.489 0.0000000000
44648  6.725  -38.347  74.475 0.0000000000
42007  3.804  -41.769  74.543 0.0000000000
55394  4.687  -28.014  71.594 0.0000000000
51569  4.193  -30.694  68.824 0.0000000000
57290  3.351  -26.571  67.325 0.0000000000
42847  -0.449  -41.677  72.977 0.0000000000
45585  1.701  -38.799  70.253 0.0000000000
46537  2.837  -37.067  75.561 0.0000000000
54382  2.851  -29.776  75.200 0.0000000000
47672  5.114  -36.447  68.778 0.0000000000
49590  7.969  -34.477  66.095 0.0000000000
50607  7.673  -32.903  61.750 0.0000000000
54483  2.846  -29.879  59.593 0.0000000000
48582  6.326  -35.345  76.751 0.0000000000
50447  6.150  -33.824  78.164 0.0000000000
50480  8.680  -33.596  75.685 0.0000000000
46540  8.093  -37.129  74.081 0.0000000000
47568  7.088  -36.204  76.033 0.0000000000
45541  5.665  -37.531  76.401 0.0000000000
57280  2.719  -27.374  69.649 0.0000000000
43718  0.236  -40.830  75.122 0.0000000000
44653  0.923  -39.730  74.216 0.0000000000
45546  2.274  -38.509  75.865 0.0000000000
53365  5.091  -30.480  77.356 0.0000000000
52392  3.099  -32.320  76.750 0.0000000000
41996  2.736  -40.852  75.910 0.0000000000
40299  2.442  -42.923  73.767 0.0000000000
41168  0.760  -42.352  75.178 0.0000000000
41180  -0.223  -43.214  73.676 0.0000000000
46574  3.758  -36.714  71.945 0.0000000000
46600  3.541  -37.469  69.738 0.0000000000
48648  5.053  -34.962  71.335 0.0000000000
52488  3.743  -30.532  66.940 0.0000000000
51565  6.558  -32.522  67.735 0.0000000000
50563  6.398  -32.050  65.695 0.0000000000
50587  7.935  -33.096  63.850 0.0000000000
50590  5.600  -32.167  63.140 0.0000000000
44632  3.633  -38.281  77.162 0.0000000000
47563  3.054  -36.473  77.292 0.0000000000
49500  4.413  -35.190  78.239 0.0000000000
52379  4.832  -32.173  78.552 0.0000000000
48646  12.386  -35.579  71.881 0.0000000000
45583  11.440  -37.165  70.380 0.0000000000
46559  9.643  -36.937  71.993 0.0000000000
44654  7.811  -38.254  72.649 0.0000000000
43716  5.574  -39.846  75.055 0.0000000000
43699  4.468  -39.253  76.813 0.0000000000
52417  2.906  -30.795  72.357 0.0000000000
51513  4.420  -32.156  71.348 0.0000000000
54408  2.627  -29.563  70.400 0.0000000000
55419  2.496  -29.023  67.989 0.0000000000
56386  2.876  -27.783  65.992 0.0000000000
51463  9.659  -32.533  76.822 0.0000000000
45561  15.656  -37.308  71.968 0.0000000000
47582  15.653  -35.995  74.067 0.0000000000
49533  12.487  -33.929  74.287 0.0000000000
50478  10.334  -33.073  75.452 0.0000000000
42027  -0.501  -42.455  70.357 0.0000000000
44689  0.535  -40.193  68.906 0.0000000000
44660  0.736  -39.777  72.029 0.0000000000
46550  2.566  -37.586  73.590 0.0000000000
47599  3.229  -35.668  74.109 0.0000000000
48583  2.839  -35.712  76.532 0.0000000000
50481  3.166  -33.686  75.077 0.0000000000
51487  2.883  -32.431  73.669 0.0000000000
55386  2.576  -29.000  73.524 0.0000000000
45605  1.293  -39.533  68.099 0.0000000000
46634  2.974  -38.635  66.790 0.0000000000
47708  5.020  -37.798  66.219 0.0000000000
50526  5.875  -33.699  70.063 0.0000000000
48690  6.709  -35.959  67.227 0.0000000000
47719  6.476  -37.274  65.042 0.0000000000
47730  8.308  -36.537  63.402 0.0000000000
48731  9.416  -35.515  61.900 0.0000000000
58283  5.204  -26.185  64.710 0.0000000000
55456  3.550  -28.369  63.171 0.0000000000
56435  4.590  -28.260  60.757 0.0000000000
53480  2.974  -30.424  62.613 0.0000000000
50611  4.562  -31.951  61.084 0.0000000000
49504  7.231  -33.899  76.977 0.0000000000
49497  6.954  -33.856  77.195 0.0000000000
50454  7.359  -33.257  77.622 0.0000000000
50469  8.328  -33.492  76.421 0.0000000000
48584  7.225  -35.322  75.861 0.0000000000
49511  6.954  -34.727  76.416 0.0000000000
47564  6.650  -36.230  76.338 0.0000000000
44756  3.906  -40.183  61.773 0.0000000000
45665  5.278  -39.288  62.136 0.0000000000
43713  1.203  -40.368  75.564 0.0000000000
44647  0.940  -39.878  75.244 0.0000000000
44642  2.051  -39.141  75.900 0.0000000000
43741  13.305  -37.502  69.472 0.0000000000
42826  2.600  -40.282  76.267 0.0000000000
42002  1.644  -41.544  75.635 0.0000000000
42833  1.182  -41.283  75.640 0.0000000000
42835  0.176  -41.785  75.352 0.0000000000
48640  3.948  -34.821  72.705 0.0000000000
47637  4.381  -36.035  71.619 0.0000000000
49552  4.141  -34.309  72.396 0.0000000000
52514  4.108  -30.855  65.585 0.0000000000
51603  4.925  -31.332  66.415 0.0000000000
52513  4.426  -31.110  65.153 0.0000000000
50573  5.581  -31.633  64.668 0.0000000000
51622  4.309  -31.453  63.869 0.0000000000
45533  4.151  -37.831  77.438 0.0000000000
46526  3.861  -37.138  77.614 0.0000000000
47557  5.118  -36.209  77.869 0.0000000000
50451  5.612  -33.532  78.472 0.0000000000
53357  5.399  -30.598  78.643 0.0000000000
48637  10.710  -35.458  72.458 0.0000000000
47617  10.782  -36.035  71.666 0.0000000000
47618  10.012  -36.063  72.543 0.0000000000
45551  7.528  -37.737  73.968 0.0000000000
45554  7.962  -37.731  73.238 0.0000000000
44652  7.153  -38.352  73.622 0.0000000000
43715  6.212  -39.092  74.824 0.0000000000
45535  5.352  -37.609  76.832 0.0000000000
44640  5.124  -38.747  76.626 0.0000000000
45537  4.599  -38.296  77.124 0.0000000000
43700  3.825  -39.499  76.872 0.0000000000
54397  2.483  -29.452  71.979 0.0000000000
53405  2.659  -30.196  71.036 0.0000000000
55397  2.543  -29.071  71.063 0.0000000000
57286  3.131  -26.514  68.187 0.0000000000
56374  2.469  -27.762  68.857 0.0000000000
56377  2.559  -27.771  67.999 0.0000000000
55425  2.568  -29.037  67.012 0.0000000000
57295  3.052  -27.156  66.735 0.0000000000
48619  13.758  -34.993  73.413 0.0000000000
42023  -0.839  -42.480  71.415 0.0000000000
43735  0.056  -40.820  71.266 0.0000000000
43731  -0.197  -40.881  72.410 0.0000000000
45552  2.015  -38.402  74.864 0.0000000000
45557  1.297  -39.069  73.451 0.0000000000
46542  2.519  -37.633  74.531 0.0000000000
46549  3.154  -36.755  73.976 0.0000000000
47584  3.099  -36.116  74.870 0.0000000000
48579  3.334  -35.678  77.807 0.0000000000
47566  2.775  -36.512  76.692 0.0000000000
50457  3.014  -33.924  77.389 0.0000000000
52398  3.134  -31.787  76.125 0.0000000000
51465  2.935  -32.936  76.365 0.0000000000
52403  2.843  -31.768  75.035 0.0000000000
51477  3.024  -32.649  74.557 0.0000000000
53385  2.518  -30.789  74.590 0.0000000000
53390  2.512  -30.724  73.582 0.0000000000
54387  2.430  -29.875  74.059 0.0000000000
44679  10.196  -38.242  70.124 0.0000000000
44686  11.406  -37.483  69.428 0.0000000000
42010  4.347  -41.468  73.747 0.0000000000
42019  3.902  -41.853  72.720 0.0000000000
41178  3.395  -42.310  73.395 0.0000000000
40300  1.806  -43.156  73.943 0.0000000000
40310  1.970  -43.773  72.212 0.0000000000
42016  -0.461  -42.515  73.442 0.0000000000
41188  -0.980  -43.451  71.946 0.0000000000
45586  1.184  -39.337  69.976 0.0000000000
44697  0.837  -39.960  68.305 0.0000000000
45594  1.653  -38.880  69.241 0.0000000000
47673  3.999  -37.198  68.703 0.0000000000
47686  3.341  -37.805  68.086 0.0000000000
47698  3.849  -37.761  67.223 0.0000000000
46632  4.187  -38.002  66.585 0.0000000000
47696  5.366  -37.106  66.968 0.0000000000
51530  4.358  -31.514  70.916 0.0000000000
50528  5.022  -32.899  71.077 0.0000000000
51528  5.376  -32.434  69.938 0.0000000000
50560  7.616  -33.786  66.925 0.0000000000
50538  7.250  -33.711  68.199 0.0000000000
48688  7.744  -35.254  66.372 0.0000000000
47706  7.034  -36.678  65.736 0.0000000000
48706  7.662  -36.276  65.136 0.0000000000
47731  7.594  -37.009  63.780 0.0000000000
48705  8.190  -35.547  65.076 0.0000000000
50597  7.908  -32.880  62.805 0.0000000000
49601  9.213  -34.380  63.218 0.0000000000
50605  9.267  -33.892  62.204 0.0000000000
58293  6.114  -26.153  63.651 0.0000000000
57310  4.692  -26.647  64.188 0.0000000000
57324  4.810  -26.918  63.289 0.0000000000
54501  3.002  -29.676  59.038 0.0000000000
54472  3.302  -29.347  60.154 0.0000000000
55464  3.358  -29.202  61.613 0.0000000000
53500  2.950  -30.466  61.529 0.0000000000
51638  3.520  -31.471  61.385 0.0000000000
51641  3.336  -31.677  60.408 0.0000000000
47556  5.659  -36.181  77.307 0.0000000000
47554  5.695  -35.808  77.421 0.0000000000
48572  5.951  -35.077  77.239 0.0000000000
48607  9.182  -34.922  73.820 0.0000000000
47597  8.937  -36.106  73.714 0.0000000000
48608  8.649  -35.515  74.200 0.0000000000
47571  7.946  -36.693  74.821 0.0000000000
46532  7.100  -37.224  75.351 0.0000000000
45545  6.417  -37.533  75.594 0.0000000000
46528  6.293  -36.996  76.108 0.0000000000
46529  6.087  -36.621  76.577 0.0000000000
57276  3.578  -26.485  70.955 0.0000000000
56365  3.927  -27.676  70.132 0.0000000000
58243  3.406  -25.666  70.527 0.0000000000
58246  3.336  -25.755  69.550 0.0000000000
59243  3.977  -25.427  68.292 0.0000000000
42843  -0.339  -41.651  74.054 0.0000000000
43726  0.428  -40.343  73.890 0.0000000000
43721  0.526  -40.341  74.785 0.0000000000
45549  1.605  -38.959  75.000 0.0000000000
47570  2.668  -37.269  75.901 0.0000000000
52385  3.807  -32.175  77.805 0.0000000000
51455  3.034  -32.910  77.169 0.0000000000
52391  3.643  -31.681  77.159 0.0000000000
53374  3.385  -30.677  76.106 0.0000000000
54376  3.148  -30.185  75.778 0.0000000000
55377  3.157  -28.940  75.091 0.0000000000
42000  3.196  -41.201  75.672 0.0000000000
41170  3.022  -42.360  74.484 0.0000000000
41165  2.771  -42.042  75.199 0.0000000000
41172  1.608  -42.752  74.695 0.0000000000
40301  1.153  -43.284  74.159 0.0000000000
39371  0.484  -43.974  73.225 0.0000000000
41174  0.338  -42.725  74.788 0.0000000000
42012  -0.244  -42.428  74.399 0.0000000000
46575  3.001  -37.507  71.749 0.0000000000
46602  2.289  -38.440  69.420 0.0000000000
46587  3.614  -37.121  70.770 0.0000000000
47651  4.386  -36.460  70.833 0.0000000000
47661  5.149  -36.207  69.954 0.0000000000
52465  3.770  -30.544  67.916 0.0000000000
51567  5.312  -31.540  68.309 0.0000000000
51585  4.841  -31.150  67.482 0.0000000000
51583  6.224  -31.932  67.016 0.0000000000
50562  6.764  -32.533  65.900 0.0000000000
50577  8.261  -34.046  65.158 0.0000000000
50571  6.708  -32.341  65.139 0.0000000000
51621  6.506  -32.415  63.671 0.0000000000
50599  6.076  -32.494  62.341 0.0000000000
54502  2.547  -29.949  58.472 0.0000000000
51646  3.268  -32.059  59.316 0.0000000000
51651  2.869  -32.079  58.141 0.0000000000
43706  2.840  -39.563  76.602 0.0000000000
45543  2.608  -38.319  76.298 0.0000000000
45542  3.061  -38.090  76.785 0.0000000000
47562  3.586  -36.438  77.776 0.0000000000
49501  3.793  -34.852  78.132 0.0000000000
49492  5.244  -34.753  78.038 0.0000000000
50452  4.859  -33.976  78.453 0.0000000000
51446  4.492  -32.541  78.503 0.0000000000
53358  5.244  -30.830  77.986 0.0000000000
46570  13.016  -36.452  70.987 0.0000000000
45582  12.707  -36.969  70.285 0.0000000000
46571  11.742  -36.679  70.816 0.0000000000
47596  9.285  -36.545  73.108 0.0000000000
45563  8.650  -37.748  72.372 0.0000000000
43732  8.365  -38.787  71.287 0.0000000000
42842  5.362  -40.579  73.878 0.0000000000
42838  4.739  -40.826  75.136 0.0000000000
44645  5.731  -38.643  75.874 0.0000000000
43711  5.066  -40.103  76.055 0.0000000000
42830  4.521  -40.708  75.594 0.0000000000
43705  3.645  -40.064  76.606 0.0000000000
42822  3.103  -39.902  76.736 0.0000000000
51500  3.277  -32.237  72.790 0.0000000000
50522  4.035  -32.844  72.254 0.0000000000
51515  3.532  -31.469  72.078 0.0000000000
51532  3.536  -30.651  71.095 0.0000000000
52432  3.465  -30.269  69.892 0.0000000000
55410  2.569  -28.411  69.921 0.0000000000
54412  2.712  -29.481  69.509 0.0000000000
52446  3.419  -30.176  68.830 0.0000000000
54419  2.741  -29.553  67.558 0.0000000000
54425  2.749  -29.527  66.566 0.0000000000
54441  2.846  -29.441  65.371 0.0000000000
51464  8.829  -32.923  76.893 0.0000000000
45571  14.737  -37.195  71.277 0.0000000000
47580  17.190  -36.158  74.121 0.0000000000
48603  16.735  -35.716  74.764 0.0000000000
46545  16.481  -36.683  73.022 0.0000000000
47612  15.507  -36.541  72.907 0.0000000000
47613  14.908  -36.294  72.709 0.0000000000
46569  14.133  -36.536  71.565 0.0000000000
48620  12.486  -34.765  72.957 0.0000000000
49544  11.921  -34.049  73.608 0.0000000000
50490  11.802  -33.588  74.499 0.0000000000
49534  10.379  -33.869  74.026 0.0000000000
50492  9.565  -33.455  74.843 0.0000000000
50468  9.160  -33.048  76.322 0.0000000000
44682  0.395  -40.291  69.912 0.0000000000
45578  1.200  -39.279  71.117 0.0000000000
44656  0.801  -39.713  73.164 0.0000000000
45565  1.261  -39.178  72.295 0.0000000000
45577  1.707  -38.662  71.370 0.0000000000
46561  3.097  -37.241  72.869 0.0000000000
47598  3.504  -36.040  73.497 0.0000000000
49547  3.389  -34.198  73.420 0.0000000000
46531  2.594  -37.765  76.164 0.0000000000
46534  2.664  -37.173  76.284 0.0000000000
48586  2.891  -35.678  75.906 0.0000000000
50460  2.740  -33.863  76.710 0.0000000000
49512  2.845  -34.793  76.269 0.0000000000
48594  2.947  -35.452  75.252 0.0000000000
49537  3.055  -34.460  74.772 0.0000000000
50494  3.099  -33.446  74.226 0.0000000000
50508  3.129  -33.147  73.485 0.0000000000
52411  2.829  -31.336  73.045 0.0000000000
54392  2.465  -29.902  72.908 0.0000000000
55390  2.788  -28.826  72.527 0.0000000000
55385  2.924  -28.386  73.983 0.0000000000
56353  3.322  -27.469  73.983 0.0000000000
56356  3.771  -27.283  72.739 0.0000000000
41186  3.438  -42.718  71.662 0.0000000000
41176  2.967  -42.657  73.628 0.0000000000
46613  2.236  -38.585  68.390 0.0000000000
46624  2.367  -38.755  67.459 0.0000000000
46670  4.098  -38.767  64.308 0.0000000000
49558  4.702  -34.078  71.838 0.0000000000
49563  5.546  -34.121  70.736 0.0000000000
48657  6.124  -35.009  69.800 0.0000000000
50533  6.365  -33.225  69.318 0.0000000000
48668  6.695  -35.113  68.900 0.0000000000
48680  5.929  -36.209  68.192 0.0000000000
47707  6.020  -37.207  66.023 0.0000000000
47720  5.652  -37.778  65.335 0.0000000000
46668  5.663  -38.386  63.910 0.0000000000
46667  6.449  -38.082  63.616 0.0000000000
48715  8.809  -35.531  63.783 0.0000000000
48723  8.800  -36.154  62.979 0.0000000000
59254  5.078  -25.174  67.269 0.0000000000
59272  6.003  -25.274  65.705 0.0000000000
58265  4.193  -26.186  66.277 0.0000000000
57300  3.807  -26.756  65.497 0.0000000000
56405  3.354  -27.945  64.387 0.0000000000
55449  3.277  -28.599  64.030 0.0000000000
56424  4.241  -28.183  61.829 0.0000000000
55457  3.264  -29.028  62.715 0.0000000000
53462  3.151  -30.313  63.728 0.0000000000
51628  4.203  -31.664  62.697 0.0000000000
50601  4.695  -31.973  62.008 0.0000000000
50609  5.875  -32.255  61.185 0.0000000000
49606  5.325  -32.250  60.471 0.0000000000
50459  7.669  -33.276  77.309 0.0000000000
49510  7.519  -34.025  76.525 0.0000000000
44747  4.120  -39.653  62.772 0.0000000000
44746  4.638  -39.509  62.417 0.0000000000
44755  4.864  -39.546  61.795 0.0000000000
45652  4.870  -39.295  62.722 0.0000000000
43708  1.567  -40.343  75.736 0.0000000000
43712  1.752  -40.031  75.844 0.0000000000
44665  14.397  -37.289  70.582 0.0000000000
43740  13.956  -37.981  69.668 0.0000000000
44676  13.658  -37.283  70.055 0.0000000000
42827  1.738  -40.966  76.030 0.0000000000
42828  1.231  -40.675  75.659 0.0000000000
52536  4.321  -31.117  64.803 0.0000000000
52537  3.854  -30.975  64.451 0.0000000000
45532  4.681  -37.725  77.334 0.0000000000
46521  4.594  -37.141  77.652 0.0000000000
48622  10.369  -35.010  73.022 0.0000000000
48638  10.164  -35.567  72.818 0.0000000000
45547  7.052  -37.655  74.830 0.0000000000
43719  6.663  -38.795  74.006 0.0000000000
43714  6.517  -38.754  74.460 0.0000000000
44649  6.376  -38.508  74.980 0.0000000000
46524  5.246  -37.294  77.205 0.0000000000
45536  5.069  -37.733  77.119 0.0000000000
45531  5.029  -37.549  77.305 0.0000000000
55396  2.987  -28.810  71.479 0.0000000000
54403  2.494  -29.272  71.458 0.0000000000
57287  2.723  -27.141  68.524 0.0000000000
57291  2.884  -27.155  67.640 0.0000000000
56379  2.681  -27.787  67.042 0.0000000000
42851  -0.592  -41.602  71.908 0.0000000000
46538  2.613  -37.524  75.500 0.0000000000
46541  2.968  -37.022  75.118 0.0000000000
49502  3.170  -34.828  77.626 0.0000000000
53380  2.862  -30.832  75.502 0.0000000000
42006  4.392  -41.314  74.601 0.0000000000
42011  3.849  -41.797  73.803 0.0000000000
40306  1.313  -43.723  73.402 0.0000000000
40305  1.919  -43.651  73.013 0.0000000000
42020  -0.810  -42.522  72.454 0.0000000000
45595  1.176  -39.338  69.003 0.0000000000
47685  3.741  -37.546  67.749 0.0000000000
47684  4.641  -36.971  67.803 0.0000000000
47697  4.322  -37.617  66.976 0.0000000000
51549  4.628  -31.259  69.759 0.0000000000
51548  5.123  -31.744  69.408 0.0000000000
49585  7.913  -34.965  66.285 0.0000000000
48698  7.620  -35.938  65.870 0.0000000000
48697  7.910  -35.324  66.024 0.0000000000
50606  8.615  -33.324  62.023 0.0000000000
58292  6.708  -25.669  63.331 0.0000000000
57323  5.552  -26.609  63.069 0.0000000000
55484  3.658  -29.025  59.760 0.0000000000
54473  2.987  -29.743  60.410 0.0000000000
53520  2.744  -30.441  60.392 0.0000000000
52589  2.948  -31.137  60.952 0.0000000000
52591  2.769  -31.301  59.862 0.0000000000
48576  6.145  -35.177  77.000 0.0000000000
50455  6.937  -33.350  77.984 0.0000000000
49536  8.638  -34.296  74.692 0.0000000000
48593  7.967  -35.666  75.016 0.0000000000
47567  7.487  -36.559  75.501 0.0000000000
46533  6.908  -36.818  75.865 0.0000000000
47565  6.376  -35.917  76.667 0.0000000000
47559  6.058  -36.069  76.930 0.0000000000
59227  3.802  -24.922  70.011 0.0000000000
59233  3.897  -25.095  69.029 0.0000000000
59242  4.763  -24.864  68.313 0.0000000000
43722  0.025  -40.904  74.494 0.0000000000
44646  1.654  -39.527  75.549 0.0000000000
44651  1.139  -39.731  75.069 0.0000000000
44650  1.577  -39.268  75.310 0.0000000000
45548  2.050  -38.595  75.458 0.0000000000
52390  4.539  -31.221  77.260 0.0000000000
53366  4.491  -30.855  76.883 0.0000000000
54374  4.264  -29.787  76.736 0.0000000000
54375  3.669  -29.450  76.298 0.0000000000
54381  3.283  -29.138  75.565 0.0000000000
42001  2.417  -41.495  75.642 0.0000000000
41167  1.322  -42.291  75.257 0.0000000000
41166  2.045  -42.232  75.306 0.0000000000
41173  0.939  -42.795  74.743 0.0000000000
40302  0.548  -43.228  74.238 0.0000000000
42840  -0.039  -41.507  75.073 0.0000000000
42008  -0.033  -42.330  75.061 0.0000000000
46588  2.953  -37.788  70.652 0.0000000000
47636  4.514  -35.469  71.762 0.0000000000
47650  4.996  -35.619  70.881 0.0000000000
47649  5.294  -35.430  70.577 0.0000000000
51586  4.279  -30.808  67.730 0.0000000000
51602  5.755  -31.670  66.000 0.0000000000
51600  6.784  -32.558  66.349 0.0000000000
50570  7.249  -32.956  65.448 0.0000000000
50582  5.230  -31.681  63.941 0.0000000000
50581  5.993  -31.827  64.009 0.0000000000
50589  6.349  -32.434  63.375 0.0000000000
53553  2.193  -30.760  58.223 0.0000000000
52595  2.168  -31.385  57.838 0.0000000000
44637  3.330  -38.732  76.945 0.0000000000
45539  3.558  -37.896  77.220 0.0000000000
47561  4.335  -36.388  78.059 0.0000000000
48578  3.947  -35.733  78.198 0.0000000000
49490  5.847  -34.480  77.738 0.0000000000
49491  5.581  -34.613  77.869 0.0000000000
51441  5.027  -32.830  78.733 0.0000000000
51442  4.430  -33.223  78.544 0.0000000000
52384  4.563  -31.674  78.005 0.0000000000
52383  5.194  -31.193  78.282 0.0000000000
48645  12.677  -35.721  71.809 0.0000000000
47634  12.047  -35.871  71.409 0.0000000000
46558  10.250  -36.603  71.559 0.0000000000
46572  10.511  -36.762  71.115 0.0000000000
46573  9.862  -37.259  71.222 0.0000000000
46547  8.679  -36.771  73.701 0.0000000000
44659  8.513  -38.260  71.758 0.0000000000
43728  7.800  -38.623  72.114 0.0000000000
42844  6.867  -39.763  72.266 0.0000000000
42836  5.731  -39.901  74.298 0.0000000000
42837  5.148  -40.580  74.701 0.0000000000
44638  5.789  -38.010  75.867 0.0000000000
44644  6.055  -38.517  75.433 0.0000000000
43703  4.983  -39.367  76.521 0.0000000000
43702  5.381  -39.144  76.257 0.0000000000
42823  4.453  -40.254  76.234 0.0000000000
42824  3.821  -40.396  76.312 0.0000000000
43704  4.214  -39.852  76.653 0.0000000000
44636  3.775  -38.915  77.078 0.0000000000
43701  3.319  -39.439  76.826 0.0000000000
52416  3.191  -31.201  72.328 0.0000000000
52427  3.210  -30.473  70.961 0.0000000000
51551  3.635  -30.576  70.690 0.0000000000
53409  2.939  -29.950  70.184 0.0000000000
57279  3.149  -26.768  69.866 0.0000000000
56366  2.853  -27.745  69.919 0.0000000000
56371  2.529  -27.789  69.512 0.0000000000
55418  2.453  -28.400  68.424 0.0000000000
55415  2.523  -28.980  68.922 0.0000000000
53413  3.077  -29.843  69.194 0.0000000000
54415  2.732  -29.496  68.557 0.0000000000
53419  3.025  -29.957  68.197 0.0000000000
55433  2.589  -28.482  66.482 0.0000000000
55434  2.540  -29.105  66.093 0.0000000000
54433  2.734  -29.474  65.807 0.0000000000
55441  2.771  -28.686  65.385 0.0000000000
51452  8.851  -32.188  77.472 0.0000000000
52388  9.729  -31.405  77.504 0.0000000000
45569  15.810  -37.601  71.661 0.0000000000
44663  15.702  -37.807  71.219 0.0000000000
45570  15.374  -37.531  71.486 0.0000000000
45562  15.196  -37.232  71.772 0.0000000000
48604  15.857  -35.635  74.692 0.0000000000
48590  16.245  -35.233  75.384 0.0000000000
47581  16.362  -36.167  74.158 0.0000000000
47594  15.990  -36.507  73.457 0.0000000000
48633  14.503  -35.948  72.683 0.0000000000
46557  14.713  -36.604  72.127 0.0000000000
47614  14.293  -36.177  72.245 0.0000000000
49543  12.929  -34.350  73.841 0.0000000000
48621  11.323  -34.748  72.886 0.0000000000
50477  11.351  -33.133  75.376 0.0000000000
50506  11.151  -33.657  74.080 0.0000000000
50491  10.639  -33.521  74.461 0.0000000000
42031  -0.139  -42.323  69.158 0.0000000000
42860  -0.020  -41.572  69.867 0.0000000000
44670  0.316  -40.462  70.570 0.0000000000
44669  0.558  -39.943  70.785 0.0000000000
43730  0.309  -40.320  72.835 0.0000000000
45556  1.881  -38.271  73.760 0.0000000000
45564  1.720  -38.479  72.531 0.0000000000
46562  2.343  -37.841  72.682 0.0000000000
46548  3.370  -36.455  73.533 0.0000000000
48625  3.500  -34.965  73.429 0.0000000000
48626  3.145  -34.995  74.017 0.0000000000
46530  2.798  -37.345  76.690 0.0000000000
47569  2.734  -36.704  76.095 0.0000000000
50470  2.891  -33.826  75.897 0.0000000000
49522  2.932  -34.679  75.538 0.0000000000
55380  3.198  -28.276  74.713 0.0000000000
46586  12.128  -36.925  70.515 0.0000000000
44677  12.307  -37.134  69.732 0.0000000000
41182  3.518  -42.450  72.448 0.0000000000
40304  2.493  -43.303  72.985 0.0000000000
41195  -0.596  -43.388  69.858 0.0000000000
44706  1.033  -40.007  67.804 0.0000000000
45611  1.391  -39.870  67.228 0.0000000000
46601  2.930  -37.996  69.638 0.0000000000
46612  2.999  -38.067  68.637 0.0000000000
46623  3.165  -38.189  67.667 0.0000000000
46635  2.302  -39.077  66.713 0.0000000000
46646  2.685  -38.962  66.029 0.0000000000
46644  4.266  -38.292  65.991 0.0000000000
46658  3.719  -38.614  65.153 0.0000000000
46657  4.493  -38.407  64.952 0.0000000000
51514  3.937  -32.120  72.039 0.0000000000
50521  4.563  -32.883  71.674 0.0000000000
50527  5.396  -33.108  70.540 0.0000000000
49562  5.835  -34.410  70.196 0.0000000000
48651  5.939  -34.722  70.029 0.0000000000
51566  5.954  -31.975  68.004 0.0000000000
51547  5.772  -32.272  69.104 0.0000000000
51546  6.339  -32.571  68.562 0.0000000000
48678  7.160  -35.116  67.982 0.0000000000
49572  7.232  -34.496  68.246 0.0000000000
48667  7.049  -34.920  68.389 0.0000000000
48679  6.529  -35.834  67.901 0.0000000000
47682  6.368  -36.152  67.423 0.0000000000
47695  6.495  -36.415  66.814 0.0000000000
46656  5.288  -38.240  64.730 0.0000000000
46655  6.098  -37.909  64.491 0.0000000000
46679  6.012  -38.608  63.059 0.0000000000
47741  7.858  -37.256  62.922 0.0000000000
50586  8.515  -33.831  64.266 0.0000000000
49593  8.612  -34.675  64.654 0.0000000000
49600  9.356  -34.542  62.610 0.0000000000
48722  9.154  -35.495  62.879 0.0000000000
47739  9.055  -36.297  62.238 0.0000000000
47752  8.758  -37.105  61.721 0.0000000000
58271  6.338  -25.428  65.007 0.0000000000
58272  5.617  -25.657  65.196 0.0000000000
58264  4.780  -25.777  66.107 0.0000000000
58274  4.473  -26.224  65.675 0.0000000000
57299  4.531  -26.443  65.002 0.0000000000
57325  4.320  -27.173  63.804 0.0000000000
56394  3.526  -27.469  64.765 0.0000000000
56404  3.720  -27.790  63.799 0.0000000000
55448  3.463  -28.241  63.660 0.0000000000
55483  4.157  -28.609  60.167 0.0000000000
56423  4.696  -27.867  61.602 0.0000000000
56412  5.090  -27.391  62.037 0.0000000000
54457  3.049  -29.778  62.136 0.0000000000
54449  3.035  -29.642  63.319 0.0000000000
52574  3.206  -31.000  62.980 0.0000000000
51634  3.630  -31.393  62.348 0.0000000000
51633  4.098  -31.743  61.744 0.0000000000
50600  5.338  -32.222  62.174 0.0000000000
50610  5.118  -32.114  61.288 0.0000000000
51645  3.790  -32.263  59.544 0.0000000000
48575  6.596  -34.483  76.893 0.0000000000
49521  7.882  -34.327  75.659 0.0000000000
48585  6.873  -35.591  76.267 0.0000000000
48581  6.614  -35.126  76.526 0.0000000000
44754  5.329  -39.435  61.433 0.0000000000
45664  5.670  -39.273  61.630 0.0000000000
42839  0.315  -40.982  75.367 0.0000000000
43717  0.675  -40.511  75.333 0.0000000000
41997  2.165  -40.955  75.866 0.0000000000
42003  0.956  -41.788  75.510 0.0000000000
42004  0.393  -42.044  75.334 0.0000000000
42834  0.697  -41.163  75.532 0.0000000000
47620  4.023  -35.700  72.517 0.0000000000
47619  4.270  -35.400  72.108 0.0000000000
48639  4.398  -34.993  72.119 0.0000000000
53440  3.437  -30.320  66.224 0.0000000000
51604  4.394  -30.963  66.691 0.0000000000
51616  4.541  -31.165  65.965 0.0000000000
51614  5.593  -31.595  65.221 0.0000000000
50572  6.156  -31.779  65.011 0.0000000000
44631  3.836  -38.400  77.221 0.0000000000
45538  3.898  -37.672  77.466 0.0000000000
46522  4.120  -37.357  77.626 0.0000000000
47558  4.591  -36.696  77.897 0.0000000000
47560  4.787  -35.961  78.151 0.0000000000
51440  5.881  -32.602  78.613 0.0000000000
52378  5.377  -31.682  78.658 0.0000000000
54360  5.597  -30.227  79.099 0.0000000000
48636  11.777  -35.388  72.094 0.0000000000
47616  11.521  -35.716  71.676 0.0000000000
46539  7.971  -37.541  73.620 0.0000000000
45550  7.757  -37.688  73.595 0.0000000000
45555  7.549  -38.041  73.310 0.0000000000
44655  7.408  -38.373  73.104 0.0000000000
44639  5.435  -38.634  76.281 0.0000000000
44633  5.206  -38.156  76.679 0.0000000000
44634  4.810  -38.716  76.855 0.0000000000
44635  4.266  -38.866  77.042 0.0000000000
44630  4.202  -38.364  77.240 0.0000000000
54398  2.456  -30.092  72.157 0.0000000000
53401  2.651  -30.343  71.827 0.0000000000
54404  2.466  -29.671  71.299 0.0000000000
55404  2.540  -29.066  70.501 0.0000000000
57282  2.975  -26.505  69.042 0.0000000000
57283  2.662  -27.207  69.280 0.0000000000
55424  2.515  -28.427  67.484 0.0000000000
49542  13.595  -34.566  74.211 0.0000000000
49532  13.131  -34.067  74.706 0.0000000000
51472  10.855  -32.838  76.026 0.0000000000
42855  -0.319  -41.618  70.872 0.0000000000
43734  0.294  -40.333  71.879 0.0000000000
45553  1.405  -39.043  74.481 0.0000000000
48580  2.939  -35.675  77.203 0.0000000000
49505  2.813  -34.804  77.004 0.0000000000
51473  3.079  -32.811  75.491 0.0000000000
52407  2.599  -31.656  74.062 0.0000000000
45584  10.521  -37.735  70.395 0.0000000000
44678  11.075  -37.618  70.009 0.0000000000
44687  10.798  -37.949  69.736 0.0000000000
42014  4.355  -41.554  73.018 0.0000000000
42015  3.814  -41.857  73.217 0.0000000000
41184  -0.642  -43.410  72.835 0.0000000000
41192  -0.881  -43.413  70.928 0.0000000000
44681  0.740  -39.756  69.536 0.0000000000
44688  0.868  -39.719  68.753 0.0000000000
45604  1.598  -39.042  68.517 0.0000000000
46611  3.399  -37.680  68.988 0.0000000000
47674  3.486  -37.635  68.394 0.0000000000
46622  3.638  -37.881  67.370 0.0000000000
46633  3.743  -38.130  66.833 0.0000000000
51529  4.874  -32.214  70.622 0.0000000000
50534  5.757  -32.942  69.827 0.0000000000
50550  7.156  -33.187  67.479 0.0000000000
50539  6.843  -33.149  68.415 0.0000000000
49581  7.536  -34.561  67.395 0.0000000000
48689  7.394  -35.483  66.825 0.0000000000
47694  7.164  -36.143  66.326 0.0000000000
47718  7.311  -36.872  64.698 0.0000000000
46654  6.880  -37.495  64.158 0.0000000000
47717  8.022  -36.313  64.319 0.0000000000
50596  8.930  -33.679  63.092 0.0000000000
50595  9.274  -33.975  62.652 0.0000000000
58281  6.527  -25.582  64.150 0.0000000000
57309  5.379  -26.405  63.897 0.0000000000
56403  4.310  -27.494  63.221 0.0000000000
55473  4.184  -28.530  60.611 0.0000000000
55474  3.866  -28.711  60.898 0.0000000000
55475  3.299  -29.344  60.818 0.0000000000
54464  3.033  -29.824  61.130 0.0000000000
52583  3.173  -31.010  61.973 0.0000000000
51637  3.944  -31.858  60.854 0.0000000000
46519  5.441  -36.781  77.286 0.0000000000
49493  6.087  -34.335  77.681 0.0000000000
49498  6.562  -34.063  77.418 0.0000000000
50450  6.384  -33.401  78.226 0.0000000000
48623  9.577  -35.571  73.236 0.0000000000
47583  8.387  -36.391  74.292 0.0000000000
46536  7.593  -37.205  74.821 0.0000000000
44643  6.528  -37.989  75.077 0.0000000000
45544  6.782  -37.563  75.220 0.0000000000
45540  5.994  -37.452  75.958 0.0000000000
46523  5.522  -37.001  77.030 0.0000000000
56360  4.020  -27.318  71.403 0.0000000000
55409  4.324  -28.227  70.002 0.0000000000
58249  3.418  -25.832  68.664 0.0000000000
58253  3.624  -25.934  67.840 0.0000000000
43727  -0.141  -40.920  73.486 0.0000000000
51448  3.318  -33.235  77.685 0.0000000000
51454  3.474  -32.571  77.643 0.0000000000
52397  3.544  -31.199  76.509 0.0000000000
53373  3.961  -30.544  76.600 0.0000000000
41999  3.879  -41.455  75.168 0.0000000000
41169  3.514  -41.917  74.746 0.0000000000
41164  3.354  -41.859  75.061 0.0000000000
41171  2.326  -42.623  74.604 0.0000000000
40307  0.727  -43.693  73.647 0.0000000000
40303  0.192  -43.129  74.280 0.0000000000
41177  -0.029  -42.981  74.415 0.0000000000
46576  2.300  -38.099  71.575 0.0000000000
46589  2.310  -38.318  70.476 0.0000000000
47662  4.331  -36.884  69.779 0.0000000000
48659  5.485  -36.154  69.228 0.0000000000
51568  4.774  -31.101  68.582 0.0000000000
51584  5.487  -31.512  67.200 0.0000000000
51582  6.742  -32.536  66.873 0.0000000000
50561  7.197  -33.018  66.412 0.0000000000
50569  7.895  -33.826  65.874 0.0000000000
50568  8.136  -34.166  65.560 0.0000000000
50578  7.864  -33.360  64.860 0.0000000000
50579  7.133  -32.714  64.411 0.0000000000
50580  6.536  -32.219  64.198 0.0000000000
50588  7.043  -32.647  63.485 0.0000000000
50598  6.921  -32.665  62.552 0.0000000000
53538  2.599  -30.640  59.197 0.0000000000
52594  2.597  -31.404  58.747 0.0000000000
51652  2.471  -31.625  57.459 0.0000000000
44737  3.823  -39.589  63.235 0.0000000000
44641  2.656  -38.997  76.502 0.0000000000
46527  3.284  -37.219  77.256 0.0000000000
47555  5.472  -35.605  77.659 0.0000000000
48570  5.296  -35.220  77.853 0.0000000000
49495  4.907  -34.900  78.139 0.0000000000
50449  5.097  -34.485  78.238 0.0000000000
49496  4.411  -34.571  78.246 0.0000000000
50453  4.131  -33.897  78.264 0.0000000000
51447  3.856  -32.876  78.182 0.0000000000
45573  13.188  -36.783  70.551 0.0000000000
47635  11.247  -36.306  71.155 0.0000000000
45574  10.958  -37.027  70.701 0.0000000000
44680  9.582  -38.421  70.511 0.0000000000
46546  8.641  -37.296  73.208 0.0000000000
45576  9.377  -37.782  71.353 0.0000000000
44668  9.161  -38.417  70.975 0.0000000000
43729  7.531  -39.209  71.797 0.0000000000
42005  4.835  -41.038  74.118 0.0000000000
41998  4.389  -41.108  75.144 0.0000000000
43709  5.971  -39.014  75.391 0.0000000000
43710  5.602  -39.313  75.783 0.0000000000
42829  5.171  -40.290  75.463 0.0000000000
42831  3.898  -40.808  75.844 0.0000000000
42832  3.511  -40.714  75.996 0.0000000000
42825  3.203  -40.534  76.205 0.0000000000
42821  3.232  -39.950  76.659 0.0000000000
50516  3.231  -32.992  73.047 0.0000000000
50515  3.567  -32.971  72.675 0.0000000000
51499  3.561  -32.440  72.548 0.0000000000
52422  2.985  -30.625  71.715 0.0000000000
52421  3.372  -30.883  71.661 0.0000000000
51531  3.814  -31.008  71.306 0.0000000000
51550  4.063  -30.732  70.107 0.0000000000
52431  3.791  -30.431  69.229 0.0000000000
55403  3.008  -28.523  70.503 0.0000000000
55411  2.538  -28.985  69.767 0.0000000000
55414  2.458  -28.382  69.255 0.0000000000
52445  3.705  -30.428  68.545 0.0000000000
52489  3.493  -30.371  67.491 0.0000000000
53429  3.175  -30.098  67.081 0.0000000000
53428  3.419  -30.319  66.757 0.0000000000
53441  2.976  -29.908  65.994 0.0000000000
53452  2.962  -29.674  65.387 0.0000000000
50458  8.015  -33.275  77.087 0.0000000000
51453  8.004  -32.832  77.500 0.0000000000
46555  15.978  -36.909  72.593 0.0000000000
47595  15.246  -36.113  73.495 0.0000000000
46556  15.281  -36.861  72.268 0.0000000000
46568  14.838  -36.940  71.807 0.0000000000
47632  13.855  -36.184  71.911 0.0000000000
48635  13.027  -35.473  72.300 0.0000000000
49545  10.749  -34.088  73.632 0.0000000000
50489  12.546  -33.721  74.778 0.0000000000
50505  11.422  -33.780  73.900 0.0000000000
49535  9.812  -34.085  74.077 0.0000000000
50493  8.997  -33.552  75.211 0.0000000000
50467  10.068  -32.863  76.222 0.0000000000
50479  9.466  -33.206  75.665 0.0000000000
43745  0.141  -40.900  70.322 0.0000000000
46560  3.497  -36.518  73.080 0.0000000000
46535  2.551  -37.648  75.897 0.0000000000
47573  2.751  -37.042  75.837 0.0000000000
47572  2.888  -36.588  75.614 0.0000000000
48609  3.031  -35.147  74.525 0.0000000000
49548  3.152  -34.238  73.906 0.0000000000
50507  3.321  -33.584  73.272 0.0000000000
52412  2.820  -30.829  72.689 0.0000000000
53391  2.659  -30.629  72.871 0.0000000000
54393  2.566  -30.317  72.579 0.0000000000
55395  4.014  -28.088  71.926 0.0000000000
55381  2.757  -29.036  74.442 0.0000000000
55389  3.262  -28.198  73.163 0.0000000000
57273  3.531  -26.371  72.151 0.0000000000
45581  13.551  -36.941  70.342 0.0000000000
43751  12.822  -36.945  68.781 0.0000000000
41175  3.425  -42.155  74.150 0.0000000000
41179  2.972  -42.983  72.866 0.0000000000
41183  2.824  -43.287  72.244 0.0000000000
44698  0.704  -40.427  68.067 0.0000000000
46614  1.810  -38.989  67.939 0.0000000000
46625  1.807  -39.281  67.339 0.0000000000
46636  1.808  -39.585  66.644 0.0000000000
46648  1.788  -39.816  66.075 0.0000000000
46645  3.400  -38.600  66.015 0.0000000000
45639  4.568  -39.019  63.589 0.0000000000
50514  4.110  -33.515  72.349 0.0000000000
50520  5.136  -33.546  71.259 0.0000000000
49557  5.187  -34.288  71.260 0.0000000000
48653  5.196  -35.228  70.914 0.0000000000
48652  5.565  -35.071  70.537 0.0000000000
48658  5.817  -35.642  69.689 0.0000000000
48670  5.448  -36.245  68.937 0.0000000000
49573  6.962  -34.002  68.914 0.0000000000
49567  6.322  -34.331  69.660 0.0000000000
48669  5.897  -36.091  68.786 0.0000000000
47671  5.616  -36.271  68.353 0.0000000000
47683  5.745  -36.425  67.792 0.0000000000
46643  4.965  -38.186  65.483 0.0000000000
46669  4.866  -38.565  64.135 0.0000000000
45638  5.277  -38.830  63.339 0.0000000000
45650  6.228  -38.818  62.184 0.0000000000
49596  9.205  -34.972  63.294 0.0000000000
48714  9.069  -35.333  63.318 0.0000000000
47740  8.508  -36.835  62.565 0.0000000000
58252  4.320  -25.518  67.605 0.0000000000
58258  3.909  -26.050  67.047 0.0000000000
59264  5.137  -25.404  66.541 0.0000000000
58257  4.565  -25.666  66.809 0.0000000000
57294  3.574  -26.626  66.476 0.0000000000
57301  3.258  -27.113  66.009 0.0000000000
56385  3.287  -27.412  65.445 0.0000000000
57311  4.069  -27.019  64.502 0.0000000000
56395  3.162  -27.997  65.006 0.0000000000
54440  3.037  -29.486  64.719 0.0000000000
56413  4.624  -27.557  62.461 0.0000000000
56414  4.006  -27.976  62.744 0.0000000000
55463  3.731  -28.592  62.142 0.0000000000
52556  3.437  -30.907  63.860 0.0000000000
51623  3.751  -31.230  63.843 0.0000000000
51629  3.689  -31.338  63.264 0.0000000000
50591  4.888  -31.875  62.961 0.0000000000
50608  6.747  -32.609  61.491 0.0000000000
51640  3.811  -32.072  60.034 0.0000000000
49607  4.878  -32.148  60.614 0.0000000000
41163  3.534  -41.700  75.107 0.0000000000
41995  3.028  -40.843  75.922 0.0000000000
43698  4.755  -39.127  76.755 0.0000000000
44666  13.989  -37.045  70.362 0.0000000000
45534  3.808  -38.040  77.324 0.0000000000
45640  3.838  -39.366  63.606 0.0000000000
45651  5.591  -39.044  62.502 0.0000000000
46525  4.303  -36.951  77.781 0.0000000000
46585  12.572  -36.780  70.602 0.0000000000
47660  5.362  -35.596  70.333 0.0000000000
47709  4.450  -37.973  66.476 0.0000000000
48569  5.672  -35.011  77.528 0.0000000000
48571  5.267  -35.105  78.010 0.0000000000
48573  4.986  -35.462  78.097 0.0000000000
48574  5.033  -35.072  78.036 0.0000000000
48577  4.569  -35.687  78.216 0.0000000000
48624  9.074  -35.552  73.734 0.0000000000
48647  5.340  -34.633  70.969 0.0000000000
49494  5.015  -35.187  78.106 0.0000000000
49499  4.814  -35.296  78.170 0.0000000000
49586  7.782  -34.517  66.586 0.0000000000
49589  8.197  -34.631  65.616 0.0000000000
49597  8.978  -34.494  63.763 0.0000000000
50448  5.414  -34.253  78.254 0.0000000000
50549  7.491  -33.909  67.688 0.0000000000
51601  6.462  -32.177  66.292 0.0000000000
51615  4.857  -31.386  65.151 0.0000000000
51620  6.698  -32.473  63.796 0.0000000000
51626  6.565  -32.500  63.561 0.0000000000
51627  6.388  -32.542  63.597 0.0000000000
52426  3.473  -30.722  71.318 0.0000000000
52466  3.382  -30.297  68.005 0.0000000000
53396  2.692  -30.516  72.413 0.0000000000
54482  3.233  -29.456  59.446 0.0000000000
54503  2.038  -30.270  57.701 0.0000000000
55400  5.290  -28.067  70.865 0.0000000000
55401  5.013  -28.204  71.116 0.0000000000
55402  4.051  -28.325  70.782 0.0000000000
55407  5.299  -28.183  70.637 0.0000000000
55408  4.872  -28.416  70.327 0.0000000000
55442  2.735  -29.251  65.489 0.0000000000
56359  4.702  -27.764  71.421 0.0000000000
56363  5.342  -27.885  70.607 0.0000000000
56364  4.926  -27.576  70.557 0.0000000000
56368  5.226  -27.982  70.231 0.0000000000
56369  4.676  -27.982  69.888 0.0000000000
56370  4.299  -27.950  69.822 0.0000000000
56436  4.348  -28.266  61.261 0.0000000000
58263  5.389  -25.471  65.923 0.0000000000
58273  5.016  -25.966  65.450 0.0000000000
58282  5.860  -25.886  64.436 0.0000000000
