#!ascii label  , from subject 4076 vox2ras=TkReg
608
11148  -20.761  -65.781  34.597 0.0000000000
21745  -41.984  -53.433  31.510 0.0000000000
28928  -45.486  -46.143  33.893 0.0000000000
32752  -51.021  -42.133  31.599 0.0000000000
19174  -39.461  -56.252  31.877 0.0000000000
33733  -47.134  -42.434  33.331 0.0000000000
38606  -52.351  -35.444  25.302 0.0000000000
100046  -56.310  -32.274  27.360 0.0000000000
20077  -44.607  -55.267  30.843 0.0000000000
23494  -46.787  -51.441  32.487 0.0000000000
25287  -43.970  -50.219  32.212 0.0000000000
12617  -21.871  -64.334  35.800 0.0000000000
15079  -24.778  -61.163  33.757 0.0000000000
14263  -29.292  -63.048  35.638 0.0000000000
12587  -32.298  -64.341  38.224 0.0000000000
14245  -35.625  -62.118  35.890 0.0000000000
15898  -39.269  -60.220  34.292 0.0000000000
17532  -42.232  -58.377  31.951 0.0000000000
28005  -47.116  -46.791  31.791 0.0000000000
44796  -58.055  -29.438  26.610 0.0000000000
20910  -43.911  -54.103  31.619 0.0000000000
22597  -44.215  -52.289  31.870 0.0000000000
23491  -42.973  -51.602  31.814 0.0000000000
13399  -21.124  -62.874  36.782 0.0000000000
14275  -22.596  -62.267  34.432 0.0000000000
15894  -35.744  -59.767  34.829 0.0000000000
15048  -37.812  -61.006  34.684 0.0000000000
17493  -37.357  -59.070  33.933 0.0000000000
20923  -41.164  -54.532  31.146 0.0000000000
19153  -41.187  -56.524  32.218 0.0000000000
20035  -41.967  -55.463  32.030 0.0000000000
19176  -43.235  -56.597  30.864 0.0000000000
26162  -46.304  -48.526  34.219 0.0000000000
26179  -47.125  -48.714  32.287 0.0000000000
27070  -47.350  -47.273  35.602 0.0000000000
32737  -48.720  -41.905  32.470 0.0000000000
99585  -49.251  -43.771  33.089 0.0000000000
30826  -50.681  -44.368  32.256 0.0000000000
29958  -52.351  -44.045  31.299 0.0000000000
37652  -54.440  -36.878  28.979 0.0000000000
99661  -53.009  -38.263  28.584 0.0000000000
19149  -37.297  -56.723  32.195 0.0000000000
32791  -48.604  -41.714  28.798 0.0000000000
39526  -54.563  -34.359  26.896 0.0000000000
38573  -56.462  -35.024  28.570 0.0000000000
100057  -57.657  -31.707  25.250 0.0000000000
20971  -44.259  -54.564  29.465 0.0000000000
21763  -45.248  -53.268  31.306 0.0000000000
24400  -45.722  -50.896  33.516 0.0000000000
11140  -22.035  -65.568  35.340 0.0000000000
15102  -25.548  -61.014  32.766 0.0000000000
15081  -26.821  -61.338  33.809 0.0000000000
15104  -27.369  -61.823  33.020 0.0000000000
13436  -29.381  -62.751  34.119 0.0000000000
12647  -30.334  -63.951  35.499 0.0000000000
12634  -32.878  -64.631  35.684 0.0000000000
13402  -33.744  -63.253  36.783 0.0000000000
14281  -36.772  -61.774  34.509 0.0000000000
18305  -39.543  -58.033  33.264 0.0000000000
17512  -41.064  -59.062  33.300 0.0000000000
16757  -41.423  -59.308  31.459 0.0000000000
16759  -42.519  -58.725  30.152 0.0000000000
19201  -43.463  -56.592  29.703 0.0000000000
28923  -47.970  -45.568  34.971 0.0000000000
99644  -51.617  -39.676  27.742 0.0000000000
32766  -52.103  -41.770  30.669 0.0000000000
10488  -21.367  -66.802  36.483 0.0000000000
21746  -42.728  -53.435  31.726 0.0000000000
22596  -43.348  -52.457  31.752 0.0000000000
22595  -42.739  -52.600  31.484 0.0000000000
16730  -36.029  -58.966  33.969 0.0000000000
16731  -36.532  -59.152  34.184 0.0000000000
17507  -36.907  -58.742  33.714 0.0000000000
20034  -41.066  -55.523  31.794 0.0000000000
20908  -41.867  -54.383  32.006 0.0000000000
20909  -42.879  -54.426  31.705 0.0000000000
26144  -46.461  -47.673  34.196 0.0000000000
27982  -46.121  -46.616  34.542 0.0000000000
32751  -50.230  -41.966  31.958 0.0000000000
31704  -50.057  -42.444  33.359 0.0000000000
31706  -51.684  -42.808  33.344 0.0000000000
29944  -51.301  -44.522  32.272 0.0000000000
31738  -52.036  -42.676  31.829 0.0000000000
37636  -55.340  -37.190  29.364 0.0000000000
36657  -54.772  -38.399  29.533 0.0000000000
35682  -55.112  -38.670  28.888 0.0000000000
100065  -54.157  -32.309  25.247 0.0000000000
100056  -54.759  -32.939  25.980 0.0000000000
39516  -55.588  -33.745  27.930 0.0000000000
40393  -56.639  -33.619  28.128 0.0000000000
39510  -56.982  -34.223  28.259 0.0000000000
100052  -56.965  -31.810  27.155 0.0000000000
100071  -58.249  -29.411  26.198 0.0000000000
20089  -44.581  -55.133  30.164 0.0000000000
21792  -45.098  -53.474  30.163 0.0000000000
20927  -45.209  -54.174  31.122 0.0000000000
24413  -44.135  -50.662  32.321 0.0000000000
22598  -45.245  -51.936  32.076 0.0000000000
25303  -44.476  -49.813  32.536 0.0000000000
25304  -45.236  -49.590  33.243 0.0000000000
26177  -44.238  -48.798  31.910 0.0000000000
12629  -21.595  -64.210  34.887 0.0000000000
14276  -23.348  -61.749  34.066 0.0000000000
14262  -28.630  -62.539  35.823 0.0000000000
15083  -28.425  -61.830  34.162 0.0000000000
14291  -28.069  -62.243  33.314 0.0000000000
14278  -29.482  -62.853  35.109 0.0000000000
11830  -31.582  -65.408  36.943 0.0000000000
12633  -31.842  -64.468  35.834 0.0000000000
11831  -32.455  -65.208  37.058 0.0000000000
15026  -35.338  -61.751  35.924 0.0000000000
14244  -34.585  -62.385  36.301 0.0000000000
14227  -34.820  -62.746  36.111 0.0000000000
12607  -34.410  -63.465  36.242 0.0000000000
13418  -35.344  -62.773  35.586 0.0000000000
13444  -35.718  -62.827  34.833 0.0000000000
14264  -36.180  -62.428  35.168 0.0000000000
15049  -38.361  -60.673  34.451 0.0000000000
15068  -38.244  -61.296  34.212 0.0000000000
15090  -38.923  -60.921  33.619 0.0000000000
15091  -39.618  -60.604  33.713 0.0000000000
18321  -38.421  -57.385  32.698 0.0000000000
18322  -39.383  -57.339  32.779 0.0000000000
18324  -41.473  -57.439  32.608 0.0000000000
17530  -41.057  -58.025  32.995 0.0000000000
17531  -41.542  -58.508  32.819 0.0000000000
16749  -41.589  -59.301  32.270 0.0000000000
16750  -41.935  -58.806  31.508 0.0000000000
17544  -42.438  -58.208  31.106 0.0000000000
20076  -43.848  -55.766  30.514 0.0000000000
19190  -43.479  -56.663  30.280 0.0000000000
20088  -43.858  -55.843  29.949 0.0000000000
20103  -43.589  -55.522  29.396 0.0000000000
12601  -21.308  -64.537  36.797 0.0000000000
12602  -21.966  -64.727  36.498 0.0000000000
11827  -22.280  -65.221  36.275 0.0000000000
22628  -46.055  -51.856  30.819 0.0000000000
24423  -46.561  -50.483  31.257 0.0000000000
27115  -47.129  -47.820  32.255 0.0000000000
31694  -46.781  -43.202  33.984 0.0000000000
29912  -47.235  -44.006  34.495 0.0000000000
30797  -47.747  -43.963  34.392 0.0000000000
99582  -48.981  -44.011  32.379 0.0000000000
29913  -48.386  -44.377  33.135 0.0000000000
99645  -53.160  -39.326  29.384 0.0000000000
99638  -52.438  -39.417  28.344 0.0000000000
99631  -52.870  -40.323  29.384 0.0000000000
32794  -51.962  -40.700  28.578 0.0000000000
32781  -53.011  -40.987  29.861 0.0000000000
31758  -52.594  -42.740  29.786 0.0000000000
100083  -55.958  -30.120  25.990 0.0000000000
45762  -56.844  -29.859  26.385 0.0000000000
45770  -56.683  -28.716  25.442 0.0000000000
45777  -57.406  -27.901  25.194 0.0000000000
20925  -44.269  -54.734  31.428 0.0000000000
20037  -44.971  -54.306  31.368 0.0000000000
21748  -44.435  -53.125  31.654 0.0000000000
23492  -43.788  -51.554  32.107 0.0000000000
24412  -43.420  -50.788  32.130 0.0000000000
13414  -21.298  -63.371  36.135 0.0000000000
13426  -21.443  -63.286  35.046 0.0000000000
15059  -23.720  -61.252  34.660 0.0000000000
15046  -35.921  -61.116  35.476 0.0000000000
15047  -36.728  -61.181  35.215 0.0000000000
15878  -36.587  -60.391  35.197 0.0000000000
15896  -37.738  -59.981  34.590 0.0000000000
16713  -38.218  -59.411  34.111 0.0000000000
20053  -39.781  -55.659  31.311 0.0000000000
19152  -40.114  -56.450  32.088 0.0000000000
19154  -42.060  -56.507  32.016 0.0000000000
18344  -42.633  -57.465  31.348 0.0000000000
19175  -42.699  -56.533  31.392 0.0000000000
20056  -43.747  -55.552  31.143 0.0000000000
13398  -20.737  -63.372  36.913 0.0000000000
24402  -46.926  -50.410  33.392 0.0000000000
24415  -47.249  -50.262  32.557 0.0000000000
25290  -47.233  -49.496  33.334 0.0000000000
27103  -47.089  -47.474  33.910 0.0000000000
27086  -47.602  -47.167  34.350 0.0000000000
99597  -47.991  -42.141  32.410 0.0000000000
30798  -48.305  -43.222  33.740 0.0000000000
30806  -49.225  -42.607  33.402 0.0000000000
99583  -49.678  -43.600  32.975 0.0000000000
38585  -54.080  -36.163  27.387 0.0000000000
37684  -52.998  -37.014  26.912 0.0000000000
36681  -53.871  -37.214  28.604 0.0000000000
36656  -53.995  -38.496  29.545 0.0000000000
21762  -41.685  -53.462  30.720 0.0000000000
20944  -41.343  -54.179  30.233 0.0000000000
29910  -45.869  -44.692  34.226 0.0000000000
33739  -46.599  -41.663  32.296 0.0000000000
32762  -47.990  -41.984  31.397 0.0000000000
32776  -48.355  -41.739  30.036 0.0000000000
32777  -49.471  -41.725  29.784 0.0000000000
38608  -53.628  -35.214  26.528 0.0000000000
38586  -54.797  -35.811  27.618 0.0000000000
37672  -55.472  -35.856  28.679 0.0000000000
37638  -56.175  -36.974  28.934 0.0000000000
100047  -57.230  -31.527  26.777 0.0000000000
100042  -57.680  -32.204  26.296 0.0000000000
21791  -44.635  -53.528  29.573 0.0000000000
22627  -45.654  -52.412  30.539 0.0000000000
22600  -46.318  -51.998  31.957 0.0000000000
21749  -45.006  -53.077  31.550 0.0000000000
22587  -45.926  -51.839  32.812 0.0000000000
23483  -46.635  -51.279  33.135 0.0000000000
25288  -45.813  -49.873  33.796 0.0000000000
26161  -45.678  -48.791  33.674 0.0000000000
23505  -42.764  -51.301  31.285 0.0000000000
25315  -43.729  -50.372  30.129 0.0000000000
26191  -44.244  -48.224  31.268 0.0000000000
11139  -21.571  -65.928  35.115 0.0000000000
11861  -21.669  -64.687  34.584 0.0000000000
15120  -25.116  -60.782  31.920 0.0000000000
98926  -25.236  -60.733  34.897 0.0000000000
15080  -25.878  -61.118  33.800 0.0000000000
15103  -26.589  -61.310  32.796 0.0000000000
14293  -29.237  -62.553  33.310 0.0000000000
13453  -29.618  -62.668  33.356 0.0000000000
13387  -32.454  -63.440  38.227 0.0000000000
14224  -33.274  -62.891  37.222 0.0000000000
11800  -32.806  -64.107  37.479 0.0000000000
11848  -33.498  -64.516  36.524 0.0000000000
12635  -33.964  -64.295  35.784 0.0000000000
14265  -36.834  -61.677  34.953 0.0000000000
18303  -37.708  -58.115  33.079 0.0000000000
16732  -38.545  -59.005  33.745 0.0000000000
16733  -39.086  -59.116  33.803 0.0000000000
18323  -40.449  -57.568  32.880 0.0000000000
17511  -40.587  -58.583  33.362 0.0000000000
16716  -40.318  -60.000  33.853 0.0000000000
15921  -40.659  -60.472  32.657 0.0000000000
15922  -41.192  -60.163  32.024 0.0000000000
16799  -41.867  -58.020  29.850 0.0000000000
18345  -42.998  -57.476  30.687 0.0000000000
18369  -43.129  -57.329  29.553 0.0000000000
18382  -42.874  -56.949  29.113 0.0000000000
20102  -42.730  -55.301  28.860 0.0000000000
10489  -22.043  -66.418  36.454 0.0000000000
28921  -46.784  -45.794  35.108 0.0000000000
28914  -48.060  -46.185  35.436 0.0000000000
27984  -48.092  -46.156  34.581 0.0000000000
29903  -48.085  -44.471  34.331 0.0000000000
28943  -47.631  -44.960  33.161 0.0000000000
28942  -47.233  -45.325  32.406 0.0000000000
32792  -49.703  -41.738  28.548 0.0000000000
32778  -50.560  -41.795  29.546 0.0000000000
35723  -52.051  -38.048  27.040 0.0000000000
35739  -51.689  -38.792  26.170 0.0000000000
33780  -50.592  -40.732  27.680 0.0000000000
32779  -51.640  -41.512  29.481 0.0000000000
32753  -51.631  -42.167  31.453 0.0000000000
31749  -52.517  -42.484  30.776 0.0000000000
11138  -20.645  -66.349  35.106 0.0000000000
16729  -35.281  -59.021  33.726 0.0000000000
17506  -35.929  -58.401  33.252 0.0000000000
27083  -45.788  -47.196  34.191 0.0000000000
31736  -50.972  -42.324  32.399 0.0000000000
31720  -50.566  -42.214  32.946 0.0000000000
31722  -52.015  -42.726  32.876 0.0000000000
31737  -51.537  -42.486  32.249 0.0000000000
36658  -55.476  -37.674  29.181 0.0000000000
35678  -55.189  -38.215  29.161 0.0000000000
100084  -55.428  -31.235  25.547 0.0000000000
40404  -55.500  -33.456  27.493 0.0000000000
20090  -45.038  -54.907  30.701 0.0000000000
20959  -45.039  -54.360  30.481 0.0000000000
20078  -45.147  -54.842  31.069 0.0000000000
24399  -43.848  -50.427  32.207 0.0000000000
15078  -23.829  -61.491  33.599 0.0000000000
13427  -29.174  -63.154  35.979 0.0000000000
15063  -28.531  -61.758  35.064 0.0000000000
14277  -29.037  -62.299  34.626 0.0000000000
11816  -31.897  -65.240  37.774 0.0000000000
11817  -32.524  -64.900  37.598 0.0000000000
13404  -34.863  -62.933  35.954 0.0000000000
14246  -36.328  -61.715  35.438 0.0000000000
15881  -38.638  -60.442  34.393 0.0000000000
15069  -38.825  -60.749  34.184 0.0000000000
15070  -39.451  -60.497  34.078 0.0000000000
19151  -39.073  -56.658  32.333 0.0000000000
18325  -42.282  -57.495  32.180 0.0000000000
12616  -21.614  -64.205  36.310 0.0000000000
22616  -46.169  -51.949  31.265 0.0000000000
23517  -46.336  -51.288  30.905 0.0000000000
23506  -46.726  -51.262  31.750 0.0000000000
28014  -46.973  -47.401  31.480 0.0000000000
32722  -46.925  -42.755  33.678 0.0000000000
30805  -47.310  -43.429  34.170 0.0000000000
37693  -52.736  -36.655  25.799 0.0000000000
99639  -53.308  -40.169  29.403 0.0000000000
24422  -42.958  -50.617  31.665 0.0000000000
15877  -35.626  -60.376  35.259 0.0000000000
16691  -36.340  -59.803  34.975 0.0000000000
16712  -37.067  -59.437  34.433 0.0000000000
20054  -40.602  -55.348  31.395 0.0000000000
20033  -40.424  -55.802  31.609 0.0000000000
20055  -42.734  -55.535  31.473 0.0000000000
20924  -43.524  -54.873  31.461 0.0000000000
13413  -21.168  -63.938  36.400 0.0000000000
25289  -46.627  -49.596  33.733 0.0000000000
27085  -46.925  -47.120  34.531 0.0000000000
26145  -46.678  -47.767  34.010 0.0000000000
31735  -48.711  -42.047  33.023 0.0000000000
31719  -49.351  -42.082  33.186 0.0000000000
30817  -50.224  -43.489  33.023 0.0000000000
99584  -49.640  -43.796  32.379 0.0000000000
37670  -54.339  -36.621  28.084 0.0000000000
37669  -53.510  -36.977  27.725 0.0000000000
99646  -53.874  -39.190  29.545 0.0000000000
99592  -47.219  -41.901  31.917 0.0000000000
32790  -47.492  -41.573  28.977 0.0000000000
32763  -49.276  -41.936  31.007 0.0000000000
39539  -53.911  -34.340  26.242 0.0000000000
39538  -52.959  -34.638  25.431 0.0000000000
38598  -54.259  -35.158  27.049 0.0000000000
39517  -56.087  -34.075  28.389 0.0000000000
38587  -55.343  -35.024  28.139 0.0000000000
38588  -55.828  -35.201  28.676 0.0000000000
37654  -55.819  -36.165  28.938 0.0000000000
37655  -56.402  -36.319  28.462 0.0000000000
40395  -57.534  -33.539  27.245 0.0000000000
100069  -57.227  -30.608  26.564 0.0000000000
100070  -57.852  -29.573  26.462 0.0000000000
100067  -57.574  -30.006  25.482 0.0000000000
100066  -57.553  -31.146  25.992 0.0000000000
21805  -43.997  -53.368  29.046 0.0000000000
21778  -45.354  -53.600  30.860 0.0000000000
22615  -45.697  -52.585  31.355 0.0000000000
23481  -45.442  -51.436  33.024 0.0000000000
22586  -45.689  -51.709  32.946 0.0000000000
23482  -45.969  -51.460  33.385 0.0000000000
24401  -46.310  -50.660  33.595 0.0000000000
26178  -44.969  -48.743  32.982 0.0000000000
11841  -21.869  -65.316  34.987 0.0000000000
13435  -22.013  -63.449  34.075 0.0000000000
15101  -24.451  -61.133  32.801 0.0000000000
15122  -27.197  -62.044  31.954 0.0000000000
14292  -28.898  -62.437  33.550 0.0000000000
14308  -28.556  -62.604  32.652 0.0000000000
13452  -29.283  -62.611  33.578 0.0000000000
11863  -30.051  -64.598  35.668 0.0000000000
11862  -30.152  -64.365  35.589 0.0000000000
13437  -29.972  -63.268  34.667 0.0000000000
12648  -31.396  -63.820  35.310 0.0000000000
12649  -32.441  -64.150  34.990 0.0000000000
14225  -33.700  -62.940  36.874 0.0000000000
14243  -33.858  -62.514  36.611 0.0000000000
13388  -33.046  -63.385  37.359 0.0000000000
12589  -33.154  -63.665  37.166 0.0000000000
11819  -33.144  -64.013  37.129 0.0000000000
12606  -33.716  -63.677  36.709 0.0000000000
12621  -34.511  -63.604  35.928 0.0000000000
12651  -34.119  -63.666  34.753 0.0000000000
12650  -33.507  -64.065  34.967 0.0000000000
14280  -36.110  -62.451  34.582 0.0000000000
13443  -35.456  -62.837  34.554 0.0000000000
14266  -37.625  -61.403  34.509 0.0000000000
18302  -36.820  -58.068  32.942 0.0000000000
18320  -37.513  -57.423  32.588 0.0000000000
18304  -38.657  -58.038  33.173 0.0000000000
17509  -38.921  -58.616  33.509 0.0000000000
16735  -40.556  -59.519  33.606 0.0000000000
15909  -40.561  -60.282  33.435 0.0000000000
16736  -41.306  -59.539  33.179 0.0000000000
16758  -42.053  -58.804  30.740 0.0000000000
16774  -42.402  -58.398  29.934 0.0000000000
18355  -43.209  -57.466  30.095 0.0000000000
19216  -43.085  -56.393  29.230 0.0000000000
19215  -42.444  -56.256  28.999 0.0000000000
20970  -43.452  -54.450  28.927 0.0000000000
11126  -22.176  -65.962  36.834 0.0000000000
11131  -22.210  -65.860  35.863 0.0000000000
25291  -47.388  -49.503  32.765 0.0000000000
24424  -46.878  -50.261  31.921 0.0000000000
25305  -47.044  -49.480  32.182 0.0000000000
29924  -45.504  -44.024  33.804 0.0000000000
29902  -47.510  -44.738  34.768 0.0000000000
28922  -47.496  -45.758  35.201 0.0000000000
36696  -52.748  -37.844  27.700 0.0000000000
36709  -52.618  -37.492  26.623 0.0000000000
99650  -51.235  -39.407  27.199 0.0000000000
99666  -51.060  -39.417  26.228 0.0000000000
99659  -50.585  -40.009  26.376 0.0000000000
33781  -51.161  -40.215  27.672 0.0000000000
32780  -52.509  -40.869  29.434 0.0000000000
21747  -43.574  -53.305  31.757 0.0000000000
16710  -35.524  -59.475  34.328 0.0000000000
16711  -36.202  -59.390  34.520 0.0000000000
27102  -45.909  -48.156  34.046 0.0000000000
27084  -46.170  -47.499  34.302 0.0000000000
27983  -46.500  -46.932  34.647 0.0000000000
27970  -46.491  -46.449  34.859 0.0000000000
32750  -49.290  -41.818  32.090 0.0000000000
32723  -49.751  -42.065  33.236 0.0000000000
31705  -50.979  -42.743  33.449 0.0000000000
30818  -51.524  -43.245  33.325 0.0000000000
30827  -51.057  -44.296  32.559 0.0000000000
30828  -51.435  -43.815  32.912 0.0000000000
29935  -51.850  -44.019  32.597 0.0000000000
29946  -52.120  -43.978  32.057 0.0000000000
37653  -55.118  -36.556  29.131 0.0000000000
36667  -54.730  -37.353  29.408 0.0000000000
40412  -55.043  -33.620  26.909 0.0000000000
39527  -55.070  -34.348  27.415 0.0000000000
39509  -56.576  -34.236  28.385 0.0000000000
40394  -57.112  -33.373  27.772 0.0000000000
100041  -57.415  -32.606  27.162 0.0000000000
45763  -58.413  -28.600  26.416 0.0000000000
43865  -58.561  -29.274  26.613 0.0000000000
100053  -57.337  -31.550  24.788 0.0000000000
20958  -44.756  -54.253  29.974 0.0000000000
23493  -44.768  -51.393  32.321 0.0000000000
24414  -45.099  -50.583  33.048 0.0000000000
11842  -22.196  -65.034  35.351 0.0000000000
15082  -27.637  -61.572  33.918 0.0000000000
11845  -31.230  -65.007  36.240 0.0000000000
12632  -30.869  -64.293  36.001 0.0000000000
11846  -32.202  -65.063  36.346 0.0000000000
11847  -33.045  -64.842  36.428 0.0000000000
15045  -35.062  -61.189  35.670 0.0000000000
15025  -34.507  -61.864  36.164 0.0000000000
14226  -34.456  -62.790  36.364 0.0000000000
13403  -34.361  -63.155  36.388 0.0000000000
12622  -34.951  -63.045  35.545 0.0000000000
15114  -39.809  -60.696  33.008 0.0000000000
19150  -38.187  -56.697  32.286 0.0000000000
17545  -42.577  -58.102  30.420 0.0000000000
20104  -44.143  -55.316  29.692 0.0000000000
11812  -21.207  -65.259  37.598 0.0000000000
11813  -21.870  -65.414  37.151 0.0000000000
26192  -46.971  -48.746  31.564 0.0000000000
27126  -47.038  -48.084  31.579 0.0000000000
31703  -46.202  -43.180  33.719 0.0000000000
29911  -46.691  -44.424  34.606 0.0000000000
30804  -46.647  -43.604  34.168 0.0000000000
99651  -52.936  -38.500  28.699 0.0000000000
99662  -52.879  -38.388  28.396 0.0000000000
32795  -52.448  -40.373  28.769 0.0000000000
32767  -52.639  -41.575  30.229 0.0000000000
100093  -56.927  -31.493  27.019 0.0000000000
45771  -57.506  -28.618  25.891 0.0000000000
100111  -58.790  -28.006  26.258 0.0000000000
20057  -44.731  -54.951  31.272 0.0000000000
20058  -45.131  -54.522  31.194 0.0000000000
20036  -44.922  -54.534  31.344 0.0000000000
25302  -43.647  -49.983  31.982 0.0000000000
11798  -32.116  -64.679  38.284 0.0000000000
15027  -36.028  -61.637  35.612 0.0000000000
15879  -37.363  -60.512  34.894 0.0000000000
16692  -36.814  -59.913  34.974 0.0000000000
15895  -37.123  -60.014  34.891 0.0000000000
15880  -38.087  -60.455  34.564 0.0000000000
15897  -38.561  -60.015  34.469 0.0000000000
23484  -47.079  -50.781  33.144 0.0000000000
23507  -47.090  -50.893  32.340 0.0000000000
24403  -47.372  -50.299  33.073 0.0000000000
26163  -46.958  -48.390  33.619 0.0000000000
26164  -47.418  -48.558  32.967 0.0000000000
27104  -47.436  -47.287  33.198 0.0000000000
33740  -47.603  -42.284  33.119 0.0000000000
32736  -47.567  -42.644  33.517 0.0000000000
99594  -48.157  -42.616  33.451 0.0000000000
99587  -48.446  -42.452  33.300 0.0000000000
38597  -53.435  -36.070  26.774 0.0000000000
99660  -53.253  -37.929  28.586 0.0000000000
36666  -53.988  -37.784  29.335 0.0000000000
99652  -53.316  -38.624  29.242 0.0000000000
22614  -42.289  -52.623  30.971 0.0000000000
20075  -39.179  -55.289  30.595 0.0000000000
20922  -40.486  -55.129  31.005 0.0000000000
29923  -45.048  -44.471  33.382 0.0000000000
29909  -45.575  -45.303  33.745 0.0000000000
30814  -44.904  -43.577  33.534 0.0000000000
31702  -45.149  -42.983  33.596 0.0000000000
33732  -46.530  -42.093  33.096 0.0000000000
99596  -47.284  -42.041  32.425 0.0000000000
99598  -48.207  -42.025  32.062 0.0000000000
32764  -50.317  -41.847  30.770 0.0000000000
38607  -53.114  -35.377  26.028 0.0000000000
37671  -55.017  -36.213  28.412 0.0000000000
38599  -54.956  -35.116  27.465 0.0000000000
37637  -55.973  -36.941  29.215 0.0000000000
36668  -55.697  -37.594  28.833 0.0000000000
38574  -57.188  -35.041  27.917 0.0000000000
100068  -57.509  -30.298  26.234 0.0000000000
22642  -45.121  -52.473  29.443 0.0000000000
20912  -45.051  -53.956  31.346 0.0000000000
22599  -45.619  -52.161  31.862 0.0000000000
22588  -46.280  -51.796  32.535 0.0000000000
27995  -45.321  -46.774  33.159 0.0000000000
23490  -42.829  -51.977  31.193 0.0000000000
24421  -42.897  -50.737  30.832 0.0000000000
25316  -43.744  -50.201  31.072 0.0000000000
26176  -44.198  -49.581  31.329 0.0000000000
28941  -44.983  -45.596  32.753 0.0000000000
11149  -21.222  -65.588  34.599 0.0000000000
11860  -21.479  -65.197  34.514 0.0000000000
13438  -30.915  -63.331  34.498 0.0000000000
12573  -32.293  -63.809  38.468 0.0000000000
12588  -32.549  -63.926  37.947 0.0000000000
14210  -32.997  -63.129  37.475 0.0000000000
11799  -32.532  -64.469  37.827 0.0000000000
11818  -32.831  -64.463  37.322 0.0000000000
11832  -32.909  -64.762  36.974 0.0000000000
12620  -34.034  -64.066  36.428 0.0000000000
14282  -37.560  -61.529  34.316 0.0000000000
17508  -37.975  -58.777  33.660 0.0000000000
16714  -39.191  -59.607  34.207 0.0000000000
18306  -40.096  -58.179  33.338 0.0000000000
17510  -39.702  -58.612  33.569 0.0000000000
16734  -39.882  -59.196  33.859 0.0000000000
16715  -39.937  -59.807  34.112 0.0000000000
15910  -41.322  -60.143  32.794 0.0000000000
17551  -42.626  -57.914  30.137 0.0000000000
20116  -42.229  -55.235  28.449 0.0000000000
11130  -21.869  -66.472  35.829 0.0000000000
28929  -46.032  -45.679  34.565 0.0000000000
28920  -46.425  -46.213  34.906 0.0000000000
27971  -46.922  -46.604  35.124 0.0000000000
29901  -47.006  -45.135  34.968 0.0000000000
27972  -47.373  -46.286  35.416 0.0000000000
26127  -47.576  -47.785  36.073 0.0000000000
27072  -48.147  -46.967  35.183 0.0000000000
27087  -48.009  -46.704  33.976 0.0000000000
27105  -47.733  -46.496  33.284 0.0000000000
28931  -48.088  -45.209  34.026 0.0000000000
27997  -48.022  -45.860  33.362 0.0000000000
27996  -47.456  -46.174  32.436 0.0000000000
37704  -52.449  -37.160  25.552 0.0000000000
36719  -52.436  -37.721  25.798 0.0000000000
36718  -51.692  -37.727  25.040 0.0000000000
33794  -50.184  -40.674  27.096 0.0000000000
32807  -50.308  -40.942  27.646 0.0000000000
32793  -50.788  -41.240  28.236 0.0000000000
32765  -51.240  -41.787  30.637 0.0000000000
30842  -52.397  -43.356  31.640 0.0000000000
30859  -52.384  -43.499  30.592 0.0000000000
30858  -51.962  -44.254  30.511 0.0000000000
11833  -33.335  -64.271  36.850 0.0000000000
11843  -30.087  -64.533  35.875 0.0000000000
11844  -30.429  -64.645  36.150 0.0000000000
12631  -30.239  -64.332  35.952 0.0000000000
12646  -30.089  -63.965  35.632 0.0000000000
13375  -32.147  -63.737  38.685 0.0000000000
13429  -35.621  -62.859  35.144 0.0000000000
15899  -39.926  -60.278  33.990 0.0000000000
16790  -42.256  -58.049  29.893 0.0000000000
16800  -42.274  -57.717  29.701 0.0000000000
17494  -37.623  -59.203  34.012 0.0000000000
17572  -41.980  -57.424  29.511 0.0000000000
20911  -44.688  -54.091  31.495 0.0000000000
20926  -44.699  -54.611  31.401 0.0000000000
20945  -45.217  -54.453  30.870 0.0000000000
23495  -47.177  -50.918  32.835 0.0000000000
24398  -43.636  -50.433  32.118 0.0000000000
25227  -47.941  -47.936  36.266 0.0000000000
25228  -48.072  -48.064  36.168 0.0000000000
25229  -48.291  -47.960  36.130 0.0000000000
25247  -47.757  -47.941  36.191 0.0000000000
25248  -47.818  -48.091  36.107 0.0000000000
25249  -48.219  -48.179  35.942 0.0000000000
25286  -43.758  -50.221  32.092 0.0000000000
26114  -47.821  -47.724  36.311 0.0000000000
26115  -48.235  -47.676  36.310 0.0000000000
26116  -48.646  -47.785  36.037 0.0000000000
26117  -48.817  -47.501  35.745 0.0000000000
26128  -47.800  -47.817  35.748 0.0000000000
26129  -48.358  -47.654  35.594 0.0000000000
26130  -48.612  -47.344  35.582 0.0000000000
27063  -47.463  -47.310  36.203 0.0000000000
27064  -47.932  -47.145  36.598 0.0000000000
27065  -48.557  -47.211  36.332 0.0000000000
27066  -49.027  -47.260  36.027 0.0000000000
27071  -47.698  -47.182  35.287 0.0000000000
27073  -48.774  -47.118  35.660 0.0000000000
27963  -47.037  -47.124  35.928 0.0000000000
27964  -47.476  -46.681  36.062 0.0000000000
27965  -48.201  -46.590  36.190 0.0000000000
27966  -48.763  -46.823  36.110 0.0000000000
27973  -48.308  -46.649  35.610 0.0000000000
27974  -48.896  -46.907  35.858 0.0000000000
28913  -47.744  -46.351  35.732 0.0000000000
28930  -46.420  -45.097  34.851 0.0000000000
29933  -51.246  -44.400  32.476 0.0000000000
29934  -51.429  -44.263  32.545 0.0000000000
29943  -50.315  -44.013  31.913 0.0000000000
29945  -51.660  -44.349  32.150 0.0000000000
29956  -51.429  -44.661  31.744 0.0000000000
30816  -46.164  -43.570  33.911 0.0000000000
30819  -52.041  -43.017  33.345 0.0000000000
30829  -52.202  -43.393  32.767 0.0000000000
30841  -51.085  -44.836  31.937 0.0000000000
31693  -46.571  -43.315  33.950 0.0000000000
31721  -51.394  -42.462  33.012 0.0000000000
32724  -50.007  -42.029  33.122 0.0000000000
32738  -49.524  -41.878  32.867 0.0000000000
32739  -49.954  -41.905  32.652 0.0000000000
35683  -55.385  -38.123  28.706 0.0000000000
36659  -55.950  -37.322  29.054 0.0000000000
36669  -56.058  -37.184  28.615 0.0000000000
43873  -58.985  -28.803  26.370 0.0000000000
44797  -58.696  -28.958  26.748 0.0000000000
45761  -56.729  -29.099  25.911 0.0000000000
99589  -47.872  -42.686  33.536 0.0000000000
99590  -48.618  -42.226  33.151 0.0000000000
99593  -47.985  -42.735  33.585 0.0000000000
99595  -48.297  -42.189  33.026 0.0000000000
