#!ascii label  , from subject 4076 vox2ras=TkReg
1357
15682  -31.395  -61.000  -20.917 0.1000000015
15684  -31.758  -61.071  -21.647 0.1000000015
14844  -32.730  -62.130  -22.181 0.1000000015
16505  -31.950  -60.814  -22.107 0.1000000015
16508  -32.244  -60.456  -22.840 0.1000000015
17300  -31.859  -59.214  -22.377 0.1000000015
17305  -32.926  -59.903  -23.398 0.1000000015
17301  -32.804  -59.254  -23.064 0.1000000015
18947  -33.581  -57.473  -22.351 0.1000000015
18126  -33.828  -58.338  -22.992 0.1000000015
19761  -34.450  -56.481  -22.336 0.1000000015
20633  -34.885  -55.363  -22.683 0.1000000015
18127  -34.581  -58.118  -23.051 0.1000000015
19762  -34.952  -57.154  -22.659 0.1000000015
18948  -34.663  -57.632  -22.739 0.1000000015
18110  -31.231  -58.469  -20.565 0.1000000015
16498  -31.059  -59.924  -20.677 0.1000000015
17289  -31.286  -59.002  -20.841 0.1000000015
16504  -31.493  -60.247  -21.958 0.1000000015
18940  -31.395  -57.975  -20.956 0.1000000015
18118  -31.663  -58.314  -21.419 0.1000000015
18124  -31.724  -58.682  -22.011 0.1000000015
18119  -32.222  -57.831  -21.674 0.1000000015
18125  -32.476  -58.242  -22.326 0.1000000015
18946  -32.659  -57.386  -21.872 0.1000000015
19760  -33.300  -56.786  -21.800 0.1000000015
23167  -36.865  -52.226  -24.738 0.1000000015
23166  -35.925  -52.252  -24.410 0.1000000015
23161  -35.545  -52.604  -23.272 0.1000000015
21445  -35.482  -53.866  -22.824 0.1000000015
21438  -35.239  -54.309  -22.125 0.1000000015
20629  -34.603  -55.281  -21.810 0.1000000015
18100  -31.269  -58.373  -19.574 0.1000000015
19747  -31.133  -56.885  -20.195 0.2000000030
18922  -30.589  -58.143  -19.841 0.2000000030
20624  -31.702  -56.035  -20.146 0.1000000015
18935  -31.459  -57.118  -20.595 0.1000000015
18934  -30.889  -57.823  -20.421 0.1000000015
19748  -31.900  -56.511  -20.615 0.1000000015
24071  -42.047  -51.175  -26.681 0.1000000015
24070  -41.242  -51.160  -26.637 0.1000000015
20625  -32.589  -55.400  -20.483 0.1000000015
19751  -32.800  -56.446  -21.080 0.1000000015
24081  -41.597  -51.433  -27.475 0.1000000015
24977  -40.467  -51.189  -25.754 0.1000000015
24967  -40.105  -50.904  -25.170 0.1000000015
24958  -38.500  -50.738  -24.603 0.1000000015
24957  -37.723  -50.661  -24.286 0.1000000015
24038  -37.387  -51.257  -24.184 0.1000000015
20627  -33.257  -55.823  -20.950 0.1000000015
24966  -39.649  -51.352  -25.105 0.1000000015
24046  -38.731  -51.522  -24.952 0.1000000015
24045  -37.936  -51.699  -24.576 0.1000000015
24037  -36.795  -51.338  -24.004 0.1000000015
24036  -36.057  -51.639  -23.658 0.1000000015
24034  -35.461  -51.738  -22.795 0.1000000015
23156  -35.529  -52.619  -22.399 0.1000000015
19752  -33.662  -56.104  -21.459 0.1000000015
19753  -34.177  -55.789  -21.642 0.1000000015
24044  -37.200  -51.785  -24.398 0.1000000015
24043  -36.598  -51.867  -24.239 0.1000000015
22276  -35.503  -53.354  -22.050 0.1000000015
22281  -35.542  -53.265  -22.620 0.1000000015
21439  -35.497  -53.702  -22.366 0.1000000015
20619  -31.932  -55.408  -19.590 0.1000000015
20611  -31.618  -56.629  -19.153 0.2000000030
18910  -31.546  -57.893  -18.920 0.1000000015
19712  -31.735  -57.608  -18.394 0.2000000030
18079  -31.613  -58.584  -18.209 0.2000000030
24083  -43.065  -51.023  -27.866 0.1000000015
24082  -42.489  -51.202  -27.510 0.1000000015
20626  -33.184  -54.765  -20.704 0.1000000015
24978  -40.869  -50.640  -25.752 0.1000000015
24960  -39.786  -50.771  -24.861 0.1000000015
24950  -36.300  -50.717  -23.689 0.1000000015
23149  -35.137  -52.629  -21.830 0.1000000015
21437  -34.486  -54.338  -21.311 0.1000000015
20628  -33.774  -55.241  -21.062 0.1000000015
23111  -32.682  -52.785  -18.713 0.1000000015
22245  -32.445  -54.065  -18.118 0.1000000015
22267  -32.383  -53.221  -19.523 0.1000000015
22258  -32.350  -53.501  -18.663 0.1000000015
21425  -32.113  -54.768  -18.622 0.1000000015
20600  -32.306  -55.836  -18.029 0.2000000030
20612  -31.892  -55.889  -18.933 0.2000000030
19713  -31.980  -57.022  -17.961 0.2000000030
18901  -31.951  -57.922  -17.989 0.2000000030
21431  -32.176  -54.256  -19.701 0.1000000015
22268  -32.537  -52.878  -20.133 0.1000000015
22272  -32.459  -53.544  -20.192 0.1000000015
22273  -32.944  -53.258  -20.812 0.1000000015
25871  -41.214  -49.652  -25.940 0.1000000015
25862  -40.517  -49.649  -25.656 0.1000000015
25860  -39.254  -49.148  -25.251 0.1000000015
21435  -32.742  -54.231  -20.540 0.1000000015
21436  -33.555  -54.199  -20.902 0.1000000015
24097  -44.188  -51.887  -28.997 0.1000000015
24997  -43.624  -50.660  -28.197 0.1000000015
24979  -41.710  -50.485  -26.210 0.1000000015
24968  -40.338  -50.215  -25.441 0.1000000015
25853  -38.992  -49.732  -24.853 0.1000000015
25852  -37.986  -49.758  -24.575 0.1000000015
24948  -35.054  -50.826  -22.623 0.1000000015
24033  -34.996  -51.448  -22.295 0.1000000015
23148  -34.343  -52.583  -21.522 0.1000000015
24108  -44.535  -52.458  -29.595 0.1000000015
24951  -37.015  -50.610  -23.990 0.1000000015
24949  -35.617  -50.837  -23.233 0.1000000015
24028  -35.216  -52.042  -22.186 0.1000000015
23230  -45.591  -52.406  -30.447 0.1000000015
23241  -45.748  -52.315  -30.809 0.1000000015
24123  -45.211  -51.815  -30.746 0.1000000015
25022  -45.684  -50.973  -30.594 0.1000000015
24922  -33.706  -50.904  -19.842 0.1000000015
23128  -32.812  -52.391  -19.390 0.1000000015
24923  -34.164  -50.342  -19.849 0.1000000015
24934  -33.627  -50.907  -20.277 0.1000000015
22259  -32.749  -52.964  -18.298 0.1000000015
25825  -34.372  -49.861  -20.684 0.1000000015
24010  -33.298  -51.446  -19.898 0.1000000015
25836  -34.649  -49.607  -21.319 0.1000000015
24935  -33.790  -50.574  -20.914 0.1000000015
25895  -46.258  -49.954  -29.319 0.1000000015
24998  -44.619  -50.714  -28.659 0.1000000015
25883  -43.309  -49.426  -27.697 0.1000000015
24988  -42.969  -50.385  -27.446 0.1000000015
25872  -41.935  -49.520  -26.389 0.1000000015
26814  -40.722  -48.989  -25.902 0.1000000015
26759  -35.268  -49.081  -21.617 0.1000000015
25835  -34.145  -50.104  -21.473 0.1000000015
24019  -33.213  -51.370  -20.958 0.1000000015
26802  -38.086  -48.693  -24.984 0.1000000015
25851  -37.193  -49.778  -24.218 0.1000000015
24947  -34.494  -50.876  -22.178 0.1000000015
24026  -33.819  -51.865  -21.489 0.1000000015
23147  -33.405  -52.428  -21.254 0.1000000015
25909  -47.011  -50.525  -29.515 0.1000000015
26790  -36.631  -48.927  -23.968 0.1000000015
25844  -35.226  -50.044  -22.936 0.1000000015
24027  -34.494  -51.714  -21.864 0.1000000015
25010  -46.392  -51.182  -29.578 0.1000000015
24109  -45.335  -52.013  -29.632 0.1000000015
24110  -46.653  -51.855  -30.364 0.1000000015
23231  -46.191  -52.292  -30.805 0.1000000015
24125  -46.688  -51.877  -30.897 0.1000000015
25919  -45.316  -49.832  -30.383 0.1000000015
25918  -44.691  -49.583  -29.817 0.1000000015
23112  -33.274  -52.320  -18.322 0.1000000015
25826  -35.103  -49.370  -20.642 0.1000000015
24909  -34.290  -50.748  -19.229 0.1000000015
22246  -33.072  -53.480  -17.793 0.1000000015
26760  -35.932  -48.350  -21.453 0.1000000015
21412  -32.684  -54.671  -17.732 0.1000000015
27654  -36.343  -48.059  -22.957 0.1000000015
26774  -35.741  -48.466  -22.358 0.1000000015
20601  -33.194  -55.555  -17.359 0.2000000030
25894  -45.142  -49.718  -28.849 0.1000000015
25882  -42.674  -49.430  -26.940 0.1000000015
26827  -42.072  -48.462  -26.679 0.1000000015
27670  -36.440  -48.450  -23.512 0.1000000015
26773  -35.166  -49.222  -22.700 0.1000000015
21413  -33.694  -54.518  -17.356 0.1000000015
25893  -44.127  -49.429  -28.378 0.1000000015
26803  -38.868  -48.490  -25.150 0.1000000015
26801  -37.299  -48.802  -24.497 0.1000000015
26788  -35.414  -49.520  -23.200 0.1000000015
24112  -48.207  -51.350  -30.094 0.1000000015
24126  -47.672  -51.522  -30.818 0.1000000015
25032  -47.772  -50.893  -31.090 0.1000000015
25929  -47.273  -50.004  -30.990 0.1000000015
25921  -46.819  -50.420  -30.887 0.1000000015
26873  -46.154  -49.200  -30.942 0.1000000015
26871  -45.111  -48.633  -30.137 0.1000000015
27642  -36.418  -47.652  -21.899 0.1000000015
26742  -35.734  -48.698  -20.677 0.1000000015
27655  -36.909  -47.210  -22.771 0.1000000015
24924  -34.875  -49.870  -19.623 0.1000000015
23997  -34.182  -51.261  -18.555 0.1000000015
27687  -37.583  -47.756  -24.430 0.1000000015
26850  -45.760  -48.764  -28.915 0.1000000015
26849  -44.755  -48.592  -28.483 0.1000000015
26837  -43.729  -48.422  -27.843 0.1000000015
26825  -40.617  -48.299  -25.864 0.1000000015
27698  -39.820  -47.993  -25.267 0.1000000015
27688  -38.313  -47.510  -24.791 0.1000000015
27671  -37.002  -47.995  -23.662 0.1000000015
23113  -34.161  -52.059  -17.904 0.1000000015
26826  -41.173  -48.620  -26.327 0.1000000015
26812  -39.508  -48.543  -25.317 0.1000000015
25910  -47.779  -50.301  -29.384 0.1000000015
25013  -48.348  -50.835  -29.976 0.1000000015
25025  -48.221  -50.820  -30.510 0.1000000015
25930  -47.831  -50.063  -31.034 0.1000000015
27764  -46.567  -47.856  -31.371 0.1000000015
26883  -46.540  -48.813  -31.186 0.1000000015
28669  -45.710  -46.366  -30.492 0.1000000015
27643  -37.331  -46.996  -21.809 0.1000000015
27627  -36.925  -47.467  -21.321 0.1000000015
26743  -36.568  -47.999  -20.777 0.1000000015
28544  -37.545  -46.624  -22.486 0.1000000015
26729  -36.092  -48.472  -20.152 0.1000000015
28563  -37.613  -46.820  -23.628 0.1000000015
28564  -38.632  -46.241  -23.808 0.1000000015
25814  -35.630  -49.209  -19.580 0.1000000015
27672  -38.669  -46.855  -24.478 0.1000000015
28587  -38.178  -46.806  -24.275 0.1000000015
24910  -35.011  -50.384  -19.116 0.1000000015
26851  -47.012  -48.870  -29.086 0.1000000015
26836  -42.944  -48.299  -27.156 0.1000000015
27699  -40.230  -47.425  -25.450 0.1000000015
27689  -39.258  -47.272  -24.992 0.1000000015
27673  -38.956  -46.645  -24.394 0.1000000015
23998  -35.303  -51.212  -18.425 0.1000000015
23099  -33.840  -52.691  -17.573 0.1000000015
26863  -47.719  -49.587  -29.045 0.1000000015
27736  -44.622  -47.689  -28.269 0.1000000015
27711  -42.330  -47.437  -26.762 0.1000000015
27709  -40.800  -47.776  -26.061 0.1000000015
23100  -34.830  -52.516  -17.417 0.1000000015
25911  -48.458  -49.977  -29.272 0.1000000015
26875  -48.163  -48.894  -30.615 0.1000000015
25898  -48.861  -49.399  -29.217 0.1000000015
27755  -47.729  -47.980  -30.655 0.1000000015
26874  -47.637  -48.420  -30.878 0.1000000015
27765  -47.253  -47.806  -31.043 0.1000000015
28678  -46.277  -46.542  -30.931 0.1000000015
28690  -46.798  -47.154  -31.371 0.1000000015
29567  -39.743  -45.522  -24.425 0.1000000015
29540  -39.462  -45.237  -23.594 0.1000000015
28545  -38.279  -46.041  -22.698 0.1000000015
27628  -37.466  -47.415  -20.908 0.1000000015
29568  -40.542  -45.453  -24.957 0.1000000015
26730  -36.697  -48.437  -19.852 0.1000000015
28604  -41.145  -46.400  -26.053 0.1000000015
28603  -40.544  -46.403  -25.583 0.1000000015
28565  -39.293  -46.237  -24.287 0.1000000015
27738  -46.233  -47.784  -28.751 0.1000000015
27722  -44.032  -47.540  -27.828 0.1000000015
27710  -41.388  -47.452  -26.453 0.1000000015
27700  -40.800  -47.088  -25.943 0.1000000015
24911  -35.896  -50.496  -18.597 0.1000000015
26852  -48.171  -49.011  -28.693 0.1000000015
23986  -34.814  -51.775  -18.011 0.1000000015
22247  -34.220  -53.497  -17.211 0.1000000015
26853  -48.584  -48.744  -28.954 0.1000000015
26865  -48.597  -48.756  -29.637 0.1000000015
27756  -48.276  -47.684  -30.059 0.1000000015
28679  -47.455  -46.975  -30.685 0.1000000015
29666  -47.836  -45.793  -30.199 0.1000000015
30578  -47.768  -44.865  -29.828 0.1000000015
29655  -46.180  -45.842  -30.107 0.1000000015
28529  -37.904  -46.522  -21.983 0.1000000015
27644  -38.158  -46.907  -21.283 0.1000000015
26744  -37.490  -47.981  -20.237 0.1000000015
28657  -45.472  -47.078  -28.547 0.1000000015
28636  -43.555  -46.678  -27.453 0.1000000015
28617  -42.749  -46.587  -26.905 0.1000000015
29583  -40.937  -45.868  -25.648 0.1000000015
27739  -47.400  -47.545  -28.351 0.1000000015
28656  -44.962  -47.319  -28.420 0.1000000015
28637  -44.541  -46.771  -28.123 0.1000000015
27720  -42.897  -47.375  -27.098 0.1000000015
25804  -35.723  -49.949  -19.018 0.1000000015
27749  -48.463  -47.773  -29.191 0.1000000015
28670  -48.635  -46.930  -29.473 0.1000000015
28680  -48.494  -46.384  -30.048 0.1000000015
29667  -48.646  -45.496  -30.205 0.1000000015
30592  -48.259  -45.242  -30.203 0.1000000015
29517  -39.305  -45.612  -22.752 0.1000000015
28546  -39.074  -45.940  -22.334 0.1000000015
28530  -38.696  -46.324  -21.802 0.1000000015
29584  -41.458  -45.215  -26.102 0.1000000015
28616  -41.847  -46.464  -26.520 0.1000000015
27740  -48.192  -47.669  -28.483 0.1000000015
28681  -49.106  -45.724  -30.046 0.1000000015
30593  -48.625  -44.891  -30.228 0.1000000015
30563  -48.157  -44.311  -29.013 0.1000000015
30476  -39.831  -44.734  -23.824 0.1000000015
28547  -39.551  -45.797  -22.356 0.1000000015
30526  -42.233  -45.289  -26.567 0.1000000015
28659  -47.025  -46.747  -28.182 0.1000000015
29623  -44.102  -46.268  -27.540 0.1000000015
29601  -42.788  -45.760  -26.787 0.1000000015
28660  -48.681  -46.666  -28.648 0.1000000015
28671  -48.966  -46.091  -29.362 0.1000000015
29668  -49.190  -45.087  -30.253 0.1000000015
30579  -48.736  -44.439  -29.654 0.1000000015
30564  -48.671  -44.117  -29.170 0.1000000015
31430  -48.284  -43.260  -27.788 0.1000000015
29569  -41.288  -44.775  -24.823 0.1000000015
29602  -43.658  -45.733  -27.028 0.1000000015
30527  -42.815  -45.101  -26.547 0.1000000015
30511  -42.168  -44.836  -26.427 0.1000000015
27724  -47.851  -47.238  -27.840 0.1000000015
27723  -47.586  -47.167  -27.899 0.1000000015
28638  -45.526  -46.293  -28.152 0.1000000015
29624  -44.683  -45.981  -27.515 0.1000000015
30580  -49.209  -44.662  -29.751 0.1000000015
31470  -48.966  -43.985  -29.226 0.1000000015
31431  -49.180  -43.213  -27.965 0.1000000015
31456  -48.641  -43.724  -28.661 0.1000000015
29603  -44.709  -45.453  -26.579 0.1000000015
28639  -46.517  -46.187  -27.974 0.1000000015
29625  -45.652  -45.878  -27.308 0.1000000015
29657  -49.226  -45.254  -29.584 0.1000000015
31457  -49.398  -43.748  -28.786 0.1000000015
28641  -48.201  -46.555  -27.704 0.1000000015
28661  -48.830  -46.042  -28.836 0.1000000015
29646  -49.045  -45.451  -28.682 0.1000000015
30565  -49.375  -44.537  -28.957 0.1000000015
31432  -49.910  -43.341  -27.806 0.1000000015
31458  -49.943  -44.004  -28.532 0.1000000015
29645  -48.695  -45.978  -28.566 0.1000000015
30566  -49.772  -44.394  -28.432 0.1000000015
15685  -32.259  -61.402  -22.025 0.1000000015
16507  -32.066  -59.799  -22.595 0.1000000015
17296  -31.355  -59.206  -21.596 0.1000000015
18941  -32.006  -57.385  -21.088 0.1000000015
19759  -32.690  -56.985  -21.476 0.1000000015
22287  -35.510  -53.346  -23.077 0.1000000015
18923  -31.238  -57.756  -19.575 0.1000000015
19726  -31.568  -57.218  -18.863 0.2000000030
24987  -42.449  -50.429  -26.707 0.1000000015
22275  -34.937  -53.447  -21.527 0.1000000015
19727  -31.860  -56.497  -18.568 0.2000000030
25854  -39.678  -50.401  -24.890 0.1000000015
25861  -39.837  -49.665  -25.237 0.1000000015
22274  -33.959  -53.386  -21.269 0.1000000015
24098  -44.937  -51.460  -29.028 0.1000000015
25846  -36.431  -49.828  -23.854 0.1000000015
23240  -44.910  -52.433  -30.517 0.1000000015
23996  -33.422  -51.634  -19.072 0.1000000015
24020  -33.791  -51.240  -21.468 0.1000000015
25843  -34.598  -49.930  -22.195 0.1000000015
24942  -34.050  -50.810  -21.693 0.1000000015
26789  -35.848  -48.957  -23.397 0.1000000015
26884  -47.464  -48.917  -31.111 0.1000000015
27762  -45.300  -47.623  -31.180 0.1000000015
25922  -48.142  -50.036  -30.741 0.1000000015
28696  -44.296  -46.924  -32.313 0.1000000015
27690  -39.806  -46.895  -25.018 0.1000000015
28589  -40.078  -46.353  -25.011 0.1000000015
29665  -46.958  -46.127  -30.405 0.1000000015
30562  -47.115  -44.539  -28.696 0.1000000015
28618  -43.165  -46.163  -27.077 0.1000000015
16477  -41.161  -60.431  -17.289 0.5000000000
14013  -38.494  -63.625  -16.848 0.5000000000
14014  -39.559  -63.553  -17.228 0.5000000000
15674  -40.690  -61.652  -17.220 0.5000000000
14821  -39.015  -62.688  -16.950 0.5000000000
16478  -42.377  -60.038  -17.777 0.5000000000
16487  -42.979  -59.840  -18.427 0.5000000000
16479  -43.304  -59.902  -18.177 0.5000000000
16486  -41.992  -59.809  -18.262 0.5000000000
15664  -37.580  -61.607  -16.517 0.5000000000
16464  -37.922  -60.814  -16.845 0.5000000000
16473  -37.529  -60.083  -17.189 0.5000000000
18085  -37.612  -58.612  -17.700 0.5000000000
17267  -38.072  -59.364  -17.594 0.5000000000
18907  -38.056  -58.107  -17.796 0.4000000060
18911  -37.888  -57.042  -18.098 0.4000000060
12444  -41.788  -64.993  -15.610 0.1000000015
13232  -40.119  -64.187  -16.650 0.5000000000
17270  -42.994  -59.794  -17.681 0.5000000000
17259  -43.222  -59.188  -17.418 0.5000000000
18073  -42.863  -58.481  -16.945 0.5000000000
17271  -43.659  -59.590  -17.909 0.5000000000
18074  -43.644  -58.382  -17.199 0.4000000060
17260  -43.905  -58.934  -17.638 0.3000000119
16480  -44.092  -59.885  -18.439 0.5000000000
16489  -44.543  -60.346  -18.960 0.4000000060
16493  -42.744  -59.523  -18.812 0.4000000060
17272  -44.537  -59.276  -18.086 0.3000000119
16485  -40.895  -59.972  -18.032 0.6999999881
16484  -40.157  -60.107  -18.058 0.5000000000
18075  -44.699  -58.261  -17.255 0.3000000119
18087  -45.162  -58.883  -17.933 0.3000000119
17273  -45.618  -59.354  -18.508 0.3000000119
16495  -44.310  -59.916  -19.489 0.4000000060
16475  -39.563  -60.435  -17.723 0.6000000238
15673  -39.791  -61.570  -17.288 0.6000000238
14820  -38.089  -62.595  -16.528 0.3000000119
17274  -46.345  -59.055  -18.214 0.3000000119
17287  -46.333  -59.776  -19.951 0.3000000119
17283  -42.970  -59.084  -19.364 0.4000000060
17278  -41.365  -59.041  -18.391 0.5000000000
17269  -39.748  -59.840  -18.144 0.6000000238
16474  -38.572  -60.390  -17.428 0.6000000238
15665  -38.754  -61.542  -16.808 0.5000000000
18105  -46.711  -58.700  -20.224 0.4000000060
18103  -44.359  -58.667  -19.936 0.4000000060
18095  -41.668  -58.295  -19.005 0.5000000000
17277  -40.222  -59.232  -18.332 0.5000000000
17268  -39.115  -59.437  -18.179 0.5000000000
18917  -45.482  -57.776  -19.066 0.4000000060
18927  -43.774  -57.898  -19.528 0.4000000060
18101  -42.392  -58.361  -19.542 0.5000000000
18094  -40.910  -58.277  -18.626 0.5000000000
17276  -39.614  -58.834  -18.451 0.4000000060
18926  -42.756  -57.685  -19.697 0.4000000060
18925  -41.716  -57.430  -19.374 0.5000000000
18093  -40.020  -58.257  -18.652 0.5000000000
18092  -39.184  -58.358  -18.430 0.4000000060
18086  -38.414  -58.585  -18.027 0.4000000060
18924  -41.210  -56.848  -19.106 0.5000000000
18913  -39.572  -57.421  -18.692 0.4000000060
18912  -38.496  -57.508  -18.217 0.4000000060
19731  -39.972  -56.636  -18.987 0.3000000119
19730  -39.058  -56.403  -18.810 0.3000000119
20614  -38.524  -55.572  -18.475 0.3000000119
12445  -42.748  -65.142  -15.907 0.1000000015
12461  -42.020  -64.758  -16.504 0.4000000060
14015  -40.446  -63.668  -17.247 0.4000000060
15675  -41.249  -61.762  -16.858 0.5000000000
14024  -40.221  -63.180  -17.565 0.5000000000
17258  -42.270  -59.429  -17.303 0.5000000000
16466  -41.613  -60.051  -17.351 0.5000000000
14828  -40.447  -62.508  -17.538 0.6000000238
18893  -43.350  -57.812  -16.747 0.2000000030
18888  -43.640  -57.252  -16.238 0.2000000030
18894  -44.029  -57.739  -16.884 0.3000000119
18076  -45.854  -58.130  -17.130 0.3000000119
18097  -47.397  -58.260  -18.498 0.4000000060
18889  -44.509  -57.438  -16.623 0.3000000119
18890  -45.352  -57.338  -16.797 0.3000000119
19701  -43.996  -56.612  -15.833 0.3000000119
19703  -45.320  -56.805  -16.861 0.4000000060
19723  -46.333  -57.200  -18.449 0.4000000060
19708  -45.333  -56.734  -17.321 0.3000000119
19735  -45.887  -57.280  -18.708 0.4000000060
19744  -43.079  -57.384  -19.363 0.4000000060
19743  -42.372  -56.750  -19.152 0.4000000060
19722  -45.507  -56.922  -18.028 0.3000000119
19733  -43.532  -57.142  -18.618 0.3000000119
20623  -41.723  -56.109  -18.915 0.3000000119
19741  -40.708  -56.220  -19.123 0.3000000119
20616  -41.608  -55.220  -18.713 0.2000000030
20622  -41.279  -55.347  -19.017 0.2000000030
20621  -40.390  -55.179  -19.341 0.3000000119
19740  -39.812  -55.796  -19.193 0.3000000119
21434  -41.353  -54.308  -19.211 0.1000000015
21433  -40.783  -54.383  -19.500 0.2000000030
20620  -39.726  -54.995  -19.303 0.4000000060
23132  -42.491  -52.263  -19.202 0.1000000015
12462  -43.054  -64.763  -16.648 0.1000000015
13233  -41.323  -63.983  -16.888 0.5000000000
14829  -41.150  -62.580  -17.277 0.4000000060
14025  -41.011  -63.324  -17.529 0.5000000000
18068  -42.023  -58.408  -16.710 0.4000000060
17250  -41.506  -59.125  -16.973 0.4000000060
18886  -41.613  -57.428  -16.172 0.3000000119
18887  -42.689  -57.468  -16.279 0.3000000119
19700  -43.135  -56.413  -15.519 0.2000000030
20590  -42.906  -55.967  -15.408 0.1000000015
19691  -43.603  -55.975  -15.466 0.3000000119
19692  -44.111  -56.011  -15.657 0.3000000119
19702  -44.493  -56.507  -16.339 0.3000000119
20585  -44.159  -55.738  -15.849 0.2000000030
20592  -44.228  -55.830  -16.242 0.2000000030
19721  -44.229  -56.694  -17.382 0.2000000030
19719  -42.779  -56.138  -17.998 0.2000000030
20596  -43.741  -55.270  -16.378 0.2000000030
20606  -42.752  -55.658  -17.934 0.2000000030
19732  -42.692  -56.333  -18.343 0.2000000030
20607  -43.309  -55.766  -16.981 0.2000000030
21419  -43.026  -54.670  -17.649 0.1000000015
22252  -42.726  -54.113  -17.976 0.1000000015
21430  -42.435  -54.726  -18.196 0.1000000015
22262  -41.714  -53.622  -18.956 0.1000000015
22264  -42.804  -53.003  -18.234 0.1000000015
22263  -42.407  -53.657  -18.395 0.1000000015
23118  -42.789  -52.754  -18.744 0.1000000015
23117  -42.177  -52.982  -18.861 0.1000000015
23133  -43.527  -52.083  -19.430 0.1000000015
23142  -44.494  -51.852  -20.002 0.1000000015
13235  -43.602  -64.371  -17.335 0.3000000119
13234  -42.534  -64.262  -16.981 0.3000000119
14034  -44.090  -63.244  -19.095 0.3000000119
13245  -43.278  -63.839  -17.284 0.3000000119
13244  -42.109  -63.755  -17.079 0.3000000119
14027  -42.616  -63.435  -16.812 0.3000000119
13243  -41.481  -63.577  -17.132 0.5000000000
14831  -42.236  -62.804  -16.414 0.4000000060
14830  -41.730  -62.731  -16.807 0.5000000000
14026  -41.634  -63.266  -17.095 0.4000000060
17249  -40.844  -59.541  -16.486 0.4000000060
17257  -41.479  -59.824  -17.043 0.4000000060
16465  -41.020  -60.616  -16.800 0.5000000000
18066  -40.347  -58.488  -15.987 0.4000000060
18067  -41.148  -58.400  -16.456 0.4000000060
18885  -40.630  -57.447  -16.027 0.4000000060
19699  -42.147  -56.662  -15.567 0.3000000119
20588  -41.759  -55.952  -15.306 0.3000000119
20582  -42.012  -55.293  -15.201 0.1000000015
20583  -43.002  -55.540  -15.436 0.1000000015
21404  -43.144  -54.525  -15.373 0.1000000015
20584  -43.657  -55.349  -15.619 0.1000000015
20591  -43.789  -55.169  -15.941 0.2000000030
21406  -43.517  -54.426  -15.697 0.1000000015
21409  -43.677  -54.330  -16.179 0.2000000030
21420  -43.449  -54.443  -16.899 0.1000000015
22253  -43.035  -53.442  -17.686 0.1000000015
23119  -43.492  -52.489  -18.522 0.1000000015
23134  -44.572  -52.150  -19.419 0.1000000015
23144  -46.553  -52.331  -20.190 0.1000000015
23151  -46.546  -52.268  -20.792 0.1000000015
24031  -47.258  -52.260  -21.237 0.1000000015
24945  -48.238  -51.752  -21.214 0.1000000015
14036  -45.920  -63.754  -18.881 0.3000000119
13248  -45.615  -64.162  -18.087 0.2000000030
14028  -43.967  -63.238  -17.826 0.3000000119
14017  -43.661  -63.491  -16.544 0.3000000119
15667  -41.059  -61.634  -16.165 0.4000000060
14823  -41.639  -62.349  -16.284 0.4000000060
17248  -40.054  -59.449  -15.774 0.3000000119
14016  -42.813  -63.140  -16.106 0.3000000119
18065  -39.578  -58.526  -15.567 0.3000000119
18884  -39.693  -57.535  -15.710 0.3000000119
19697  -40.085  -56.601  -15.636 0.3000000119
19698  -41.084  -56.470  -15.537 0.3000000119
21402  -41.492  -54.510  -14.637 0.1000000015
21403  -42.403  -54.524  -15.103 0.1000000015
22222  -41.915  -53.633  -14.788 0.1000000015
22223  -42.778  -53.706  -14.986 0.1000000015
22232  -43.579  -53.418  -15.896 0.2000000030
22240  -43.480  -53.322  -16.729 0.1000000015
23093  -43.458  -52.288  -16.441 0.1000000015
23105  -43.456  -52.032  -17.662 0.1000000015
23120  -44.525  -51.961  -18.709 0.1000000015
23106  -44.311  -51.285  -18.319 0.1000000015
23135  -45.622  -51.901  -19.577 0.1000000015
23145  -47.378  -52.699  -20.053 0.1000000015
23137  -47.574  -52.348  -19.536 0.1000000015
23153  -47.917  -52.991  -20.481 0.1000000015
23146  -48.208  -52.852  -19.900 0.1000000015
24946  -48.531  -52.518  -20.990 0.1000000015
24016  -49.070  -52.458  -19.871 0.1000000015
24940  -49.032  -51.398  -20.844 0.1000000015
24931  -49.231  -51.816  -20.293 0.1000000015
25832  -49.244  -50.572  -20.983 0.1000000015
12467  -47.325  -65.255  -16.631 0.2000000030
12466  -46.403  -65.201  -16.885 0.2000000030
13239  -47.496  -64.633  -16.548 0.2000000030
14019  -45.638  -63.702  -17.173 0.3000000119
13223  -47.441  -64.218  -15.871 0.2000000030
14018  -44.745  -63.518  -16.993 0.3000000119
16453  -40.453  -60.683  -15.833 0.3000000119
14813  -41.497  -62.209  -15.556 0.3000000119
14824  -42.242  -62.589  -15.803 0.3000000119
14002  -43.407  -63.568  -15.580 0.2000000030
18880  -39.130  -57.859  -15.335 0.2000000030
19689  -40.347  -55.945  -15.132 0.2000000030
20581  -41.039  -55.488  -14.766 0.1000000015
23078  -41.396  -52.716  -14.572 0.1000000015
24878  -41.156  -50.808  -14.798 0.1000000015
23965  -41.829  -51.691  -14.883 0.1000000015
24887  -40.912  -50.072  -15.186 0.1000000015
26703  -40.870  -48.409  -15.634 0.1000000015
23079  -42.422  -52.718  -14.987 0.1000000015
23973  -42.170  -51.119  -15.163 0.1000000015
24879  -41.852  -50.824  -15.022 0.1000000015
25787  -41.296  -49.328  -15.446 0.1000000015
23080  -42.989  -53.148  -15.132 0.1000000015
22224  -43.269  -53.638  -15.365 0.1000000015
23991  -43.774  -51.108  -17.812 0.1000000015
23121  -45.575  -51.450  -18.886 0.1000000015
23136  -46.653  -52.064  -19.648 0.1000000015
23123  -47.781  -51.839  -19.290 0.1000000015
24007  -48.693  -51.808  -19.437 0.1000000015
24919  -49.150  -51.640  -19.789 0.1000000015
13211  -45.908  -64.555  -14.035 0.2000000030
14000  -46.214  -63.711  -15.757 0.2000000030
13210  -44.809  -64.547  -13.923 0.2000000030
13216  -45.342  -64.151  -14.710 0.2000000030
13999  -45.534  -63.772  -15.408 0.2000000030
14004  -45.553  -63.675  -16.247 0.3000000119
16446  -40.481  -61.183  -15.218 0.3000000119
15658  -40.836  -61.631  -15.375 0.3000000119
14814  -42.112  -62.539  -14.946 0.3000000119
16452  -39.651  -60.099  -15.340 0.3000000119
16445  -40.033  -60.851  -14.935 0.3000000119
17242  -39.000  -59.281  -14.733 0.2000000030
16451  -39.265  -59.752  -15.010 0.3000000119
14001  -42.728  -63.064  -15.318 0.2000000030
18062  -39.058  -58.492  -14.998 0.2000000030
18879  -38.510  -57.518  -14.827 0.2000000030
19696  -39.359  -56.691  -15.500 0.3000000119
18883  -38.971  -57.193  -15.427 0.3000000119
19688  -39.607  -56.078  -15.041 0.3000000119
20580  -39.975  -55.379  -14.544 0.2000000030
21401  -40.377  -54.380  -14.147 0.2000000030
22214  -40.383  -53.432  -13.910 0.1000000015
23974  -42.617  -51.515  -15.442 0.1000000015
24889  -42.347  -50.457  -15.441 0.1000000015
25788  -42.150  -49.409  -15.545 0.1000000015
23087  -43.140  -52.544  -15.504 0.1000000015
24890  -42.994  -50.518  -16.022 0.1000000015
25789  -42.881  -49.628  -15.920 0.1000000015
23975  -43.321  -51.367  -16.119 0.1000000015
25790  -43.433  -49.713  -16.333 0.1000000015
24891  -43.499  -50.247  -16.616 0.1000000015
24892  -44.044  -49.734  -17.144 0.1000000015
23979  -43.649  -50.953  -17.099 0.1000000015
23980  -43.781  -50.178  -17.477 0.1000000015
23992  -44.187  -50.385  -18.073 0.1000000015
23107  -44.841  -50.925  -18.385 0.1000000015
23122  -46.897  -51.631  -19.287 0.1000000015
12405  -44.922  -65.827  -12.937 0.3000000119
13209  -43.422  -64.425  -13.534 0.3000000119
13215  -44.332  -64.159  -14.715 0.2000000030
13221  -43.817  -63.920  -15.171 0.2000000030
13995  -42.995  -63.705  -14.214 0.3000000119
13997  -43.055  -63.596  -14.907 0.3000000119
14003  -44.508  -63.729  -15.731 0.2000000030
14810  -40.360  -61.978  -14.249 0.3000000119
14812  -41.839  -62.928  -14.194 0.3000000119
13996  -42.544  -63.200  -14.523 0.3000000119
13220  -43.433  -63.786  -15.077 0.2000000030
16444  -39.090  -60.279  -14.585 0.2000000030
15654  -39.675  -61.501  -14.114 0.3000000119
17241  -38.459  -59.376  -14.257 0.2000000030
18061  -38.509  -58.526  -14.505 0.2000000030
19687  -38.800  -56.419  -14.976 0.3000000119
20579  -39.078  -55.469  -14.644 0.2000000030
25796  -44.724  -49.374  -16.855 0.1000000015
24904  -45.185  -49.875  -17.880 0.1000000015
23993  -45.369  -50.593  -18.379 0.1000000015
11613  -44.629  -66.440  -12.362 0.1000000015
12404  -43.737  -65.580  -12.594 0.2000000030
12416  -44.445  -65.107  -13.287 0.3000000119
13208  -42.617  -64.121  -13.142 0.3000000119
14808  -41.266  -62.773  -13.732 0.3000000119
14809  -41.700  -63.165  -13.736 0.3000000119
14807  -40.315  -62.402  -13.474 0.3000000119
15653  -38.783  -60.869  -13.811 0.2000000030
18056  -37.958  -58.576  -13.996 0.1000000015
18878  -37.814  -57.220  -14.344 0.2000000030
19686  -38.024  -56.485  -14.553 0.2000000030
20578  -38.272  -55.623  -14.587 0.3000000119
13204  -42.357  -64.650  -12.565 0.3000000119
13991  -42.289  -63.970  -12.994 0.3000000119
13990  -41.722  -63.798  -12.908 0.3000000119
13993  -41.436  -63.268  -13.342 0.3000000119
15648  -39.142  -61.582  -13.159 0.3000000119
13992  -40.967  -62.890  -13.270 0.3000000119
15652  -38.338  -60.529  -13.575 0.2000000030
16441  -37.788  -60.256  -13.365 0.1000000015
18055  -37.488  -58.623  -13.439 0.1000000015
18868  -37.349  -57.628  -13.794 0.1000000015
19678  -37.330  -56.531  -14.112 0.1000000015
13203  -41.193  -64.144  -12.350 0.3000000119
13989  -40.645  -63.379  -12.791 0.3000000119
14806  -39.673  -62.098  -13.171 0.3000000119
14805  -40.101  -62.860  -12.898 0.3000000119
15643  -38.104  -61.458  -12.670 0.2000000030
15644  -38.841  -61.905  -12.623 0.2000000030
16436  -37.240  -60.570  -12.657 0.1000000015
16437  -37.866  -60.803  -13.008 0.1000000015
16435  -36.705  -60.769  -11.974 0.1000000015
16440  -37.354  -59.956  -12.991 0.1000000015
17236  -37.437  -59.419  -13.183 0.1000000015
17230  -37.090  -59.556  -12.624 0.1000000015
18047  -37.141  -58.702  -12.814 0.1000000015
18854  -37.110  -58.028  -13.137 0.1000000015
13202  -40.635  -63.920  -12.332 0.2000000030
13985  -39.741  -63.567  -12.262 0.2000000030
13988  -39.964  -63.118  -12.695 0.2000000030
14803  -38.483  -62.204  -12.269 0.1000000015
15642  -37.030  -61.622  -12.057 0.1000000015
18853  -36.664  -57.842  -12.527 0.1000000015
18867  -36.807  -57.382  -13.155 0.1000000015
17229  -36.593  -59.887  -11.965 0.1000000015
18046  -36.621  -58.859  -12.254 0.1000000015
16432  -36.426  -60.593  -11.389 0.1000000015
18036  -36.125  -59.035  -11.645 0.1000000015
16476  -40.367  -60.662  -17.494 0.4000000060
14822  -39.714  -62.620  -17.379 0.5000000000
15666  -39.360  -62.118  -17.058 0.5000000000
17279  -42.231  -58.997  -18.885 0.4000000060
19729  -38.231  -56.451  -18.284 0.3000000119
17284  -43.860  -59.225  -19.671 0.3000000119
18069  -44.763  -57.851  -16.846 0.3000000119
18106  -47.774  -58.893  -19.818 0.4000000060
17286  -45.391  -59.237  -20.404 0.4000000060
15672  -39.233  -60.901  -17.169 0.6000000238
18928  -44.954  -58.309  -19.517 0.4000000060
18919  -47.024  -57.390  -19.001 0.4000000060
18916  -44.497  -57.796  -18.978 0.3000000119
18915  -41.309  -57.793  -18.948 0.5000000000
18914  -40.711  -57.328  -18.885 0.5000000000
18897  -46.403  -57.448  -17.491 0.4000000060
19707  -44.603  -56.495  -16.730 0.3000000119
19734  -44.877  -57.352  -18.387 0.3000000119
19742  -41.510  -56.466  -19.101 0.3000000119
19720  -43.117  -56.384  -17.792 0.2000000030
20617  -41.974  -55.646  -18.541 0.2000000030
21429  -41.739  -54.638  -18.655 0.2000000030
19690  -43.296  -56.000  -15.428 0.2000000030
20589  -42.512  -55.963  -15.372 0.1000000015
20597  -44.013  -56.079  -16.649 0.2000000030
20608  -43.836  -56.251  -16.890 0.2000000030
23143  -45.632  -51.923  -20.273 0.1000000015
13236  -44.359  -64.600  -17.714 0.3000000119
14029  -45.048  -63.232  -18.153 0.3000000119
13253  -44.626  -64.272  -19.262 0.3000000119
13246  -44.961  -63.542  -17.996 0.3000000119
13249  -46.013  -64.320  -17.453 0.2000000030
14030  -45.636  -63.769  -18.038 0.2000000030
12472  -45.540  -64.623  -17.522 0.2000000030
14021  -46.843  -64.402  -16.696 0.2000000030
13240  -48.327  -64.748  -16.112 0.2000000030
14005  -46.481  -63.823  -16.356 0.2000000030
14020  -46.293  -64.107  -17.010 0.3000000119
17247  -39.400  -59.280  -15.276 0.3000000119
22221  -41.036  -53.594  -14.349 0.1000000015
23964  -40.497  -51.814  -14.370 0.1000000015
24888  -41.622  -50.152  -15.222 0.1000000015
25786  -40.423  -49.411  -15.349 0.1000000015
23086  -42.669  -52.222  -15.253 0.1000000015
23966  -42.394  -52.046  -15.131 0.1000000015
27592  -41.504  -47.299  -15.865 0.1000000015
12417  -45.388  -65.168  -13.423 0.2000000030
13217  -46.483  -64.208  -15.090 0.2000000030
13998  -44.945  -63.928  -15.136 0.2000000030
15655  -40.406  -61.601  -14.770 0.3000000119
14811  -41.068  -62.300  -14.575 0.3000000119
24897  -43.705  -50.076  -17.114 0.1000000015
13994  -42.277  -63.632  -13.632 0.3000000119
18869  -38.004  -57.904  -14.312 0.2000000030
21400  -39.366  -54.701  -14.139 0.2000000030
11614  -45.604  -66.498  -12.556 0.1000000015
12403  -43.043  -65.160  -12.386 0.2000000030
13205  -43.179  -64.881  -12.707 0.3000000119
15649  -39.712  -61.897  -13.474 0.3000000119
16443  -38.361  -60.140  -13.925 0.2000000030
17237  -37.895  -59.406  -13.720 0.2000000030
15647  -38.377  -60.875  -13.225 0.2000000030
14804  -39.431  -62.564  -12.653 0.2000000030
14802  -37.840  -62.001  -12.206 0.1000000015
14800  -39.224  -63.108  -12.068 0.2000000030
14819  -37.038  -62.512  -16.215 0.3000000119
14011  -36.394  -63.426  -16.159 0.3000000119
12439  -34.719  -65.865  -15.912 0.2000000030
98712  -34.033  -67.263  -16.415 0.2000000030
13229  -36.790  -64.473  -16.390 0.4000000060
13228  -35.757  -64.311  -16.173 0.3000000119
12455  -35.190  -65.136  -16.133 0.3000000119
14818  -35.999  -62.364  -15.912 0.4000000060
12438  -33.996  -65.849  -15.845 0.2000000030
15663  -36.597  -61.522  -16.235 0.4000000060
14010  -35.311  -63.286  -15.947 0.4000000060
16463  -37.062  -60.736  -16.663 0.4000000060
13227  -34.717  -64.242  -16.122 0.3000000119
12453  -33.700  -65.462  -16.254 0.3000000119
14009  -34.198  -63.213  -15.969 0.3000000119
12454  -34.294  -65.143  -16.041 0.4000000060
15662  -35.674  -61.377  -15.952 0.4000000060
16462  -36.150  -60.673  -16.422 0.4000000060
14817  -34.820  -62.061  -15.791 0.4000000060
16472  -36.587  -59.928  -16.887 0.4000000060
15661  -35.014  -61.203  -15.893 0.4000000060
14827  -34.290  -61.760  -16.015 0.3000000119
17266  -37.072  -59.296  -17.383 0.4000000060
16471  -35.599  -60.083  -16.810 0.4000000060
16461  -35.303  -60.734  -16.269 0.4000000060
16460  -34.826  -60.879  -16.148 0.4000000060
14816  -33.793  -62.073  -16.158 0.3000000119
16470  -34.558  -60.499  -16.603 0.4000000060
15670  -33.929  -61.212  -16.285 0.3000000119
15660  -33.241  -61.363  -16.507 0.2000000030
17265  -36.055  -59.336  -17.288 0.4000000060
17264  -34.987  -59.488  -17.201 0.4000000060
16469  -33.569  -60.599  -16.658 0.2000000030
15659  -32.643  -61.351  -16.828 0.3000000119
18906  -37.449  -57.592  -17.652 0.3000000119
18084  -36.656  -58.556  -17.499 0.3000000119
17263  -33.783  -59.649  -17.085 0.3000000119
17256  -33.055  -60.153  -16.856 0.2000000030
16459  -32.873  -60.770  -16.727 0.2000000030
15669  -32.129  -61.524  -17.459 0.2000000030
18905  -36.250  -57.623  -17.197 0.3000000119
18083  -35.572  -58.566  -17.307 0.2000000030
18082  -34.428  -58.564  -17.349 0.2000000030
17255  -32.542  -60.358  -17.014 0.1000000015
19717  -35.739  -56.565  -17.089 0.2000000030
18904  -35.083  -57.565  -17.116 0.2000000030
17262  -32.602  -59.592  -17.263 0.1000000015
16468  -31.935  -60.467  -17.456 0.1000000015
19728  -37.567  -56.496  -17.858 0.3000000119
19718  -36.774  -56.588  -17.361 0.3000000119
20615  -39.126  -55.280  -18.989 0.2000000030
20613  -37.894  -55.640  -18.086 0.1000000015
18081  -33.275  -58.602  -17.458 0.1000000015
20605  -37.206  -55.596  -17.571 0.2000000030
18903  -33.838  -57.402  -17.409 0.1000000015
17261  -31.600  -59.511  -17.926 0.1000000015
15677  -30.935  -60.772  -18.755 0.1000000015
20604  -36.289  -55.576  -17.159 0.2000000030
19716  -34.654  -56.474  -17.132 0.1000000015
19715  -33.732  -56.311  -17.182 0.1000000015
18902  -32.679  -57.696  -17.619 0.1000000015
18080  -32.258  -58.638  -17.677 0.1000000015
15679  -30.851  -60.485  -19.296 0.1000000015
20603  -35.259  -55.516  -17.044 0.1000000015
19714  -32.902  -56.630  -17.490 0.1000000015
18091  -31.490  -58.403  -18.782 0.1000000015
17275  -31.208  -59.113  -18.903 0.1000000015
21417  -37.781  -54.634  -17.865 0.1000000015
21416  -36.777  -54.624  -17.405 0.1000000015
21415  -35.836  -54.550  -16.943 0.1000000015
20602  -34.209  -55.470  -17.101 0.1000000015
16458  -32.377  -60.891  -17.025 0.2000000030
15668  -31.377  -61.075  -17.953 0.1000000015
16467  -31.383  -60.370  -18.140 0.1000000015
21426  -38.214  -55.098  -18.205 0.1000000015
16483  -31.092  -60.028  -18.719 0.1000000015
16492  -30.943  -59.942  -19.508 0.1000000015
12459  -39.619  -65.298  -16.041 0.3000000119
12458  -38.361  -65.556  -16.343 0.2000000030
13231  -39.025  -64.641  -17.015 0.2000000030
13230  -37.861  -64.615  -16.680 0.2000000030
12457  -37.179  -65.600  -16.249 0.2000000030
11672  -37.802  -66.413  -15.824 0.1000000015
11658  -36.867  -66.574  -15.690 0.1000000015
12441  -36.347  -66.038  -16.061 0.1000000015
10994  -36.336  -67.455  -15.553 0.1000000015
11657  -35.936  -66.670  -15.788 0.1000000015
10993  -35.406  -67.424  -15.851 0.1000000015
12456  -36.135  -65.267  -16.263 0.2000000030
10351  -35.801  -68.176  -15.961 0.1000000015
14012  -37.447  -63.554  -16.468 0.3000000119
12440  -35.567  -65.939  -16.025 0.2000000030
11656  -35.054  -66.629  -15.894 0.1000000015
98718  -35.544  -68.473  -16.454 0.1000000015
11005  -35.076  -68.062  -16.434 0.1000000015
10992  -34.437  -67.344  -16.273 0.1000000015
11655  -34.263  -66.522  -15.911 0.1000000015
98707  -34.304  -67.891  -17.386 0.1000000015
11671  -33.837  -66.911  -16.381 0.1000000015
11654  -33.782  -66.301  -16.071 0.1000000015
98706  -33.876  -67.441  -16.665 0.1000000015
12437  -33.688  -65.941  -16.115 0.1000000015
11670  -33.480  -66.165  -16.544 0.1000000015
12470  -33.282  -65.311  -16.876 0.1000000015
11014  -34.991  -67.784  -18.755 0.1000000015
11012  -33.974  -67.274  -17.931 0.1000000015
98713  -33.527  -67.003  -17.209 0.1000000015
11681  -33.325  -66.072  -17.324 0.1000000015
13226  -33.602  -64.351  -16.348 0.3000000119
11682  -33.620  -66.389  -18.219 0.1000000015
10362  -34.658  -67.882  -17.929 0.1000000015
11013  -34.469  -67.519  -18.303 0.1000000015
10363  -35.387  -68.203  -18.937 0.1000000015
11683  -34.024  -66.977  -18.429 0.1000000015
12475  -33.377  -65.514  -18.799 0.1000000015
13251  -33.059  -64.541  -18.509 0.2000000030
13257  -34.015  -65.220  -20.052 0.1000000015
13242  -33.029  -64.400  -17.361 0.2000000030
13256  -33.487  -64.814  -19.601 0.2000000030
14033  -32.909  -64.114  -17.960 0.1000000015
14032  -32.747  -63.669  -18.340 0.1000000015
13255  -33.050  -64.301  -19.264 0.1000000015
13250  -32.872  -64.074  -18.910 0.1000000015
13225  -32.984  -63.788  -16.756 0.2000000030
13241  -32.762  -63.756  -17.228 0.1000000015
14022  -32.681  -63.435  -17.586 0.1000000015
14008  -33.234  -63.147  -16.329 0.2000000030
14825  -32.439  -62.690  -17.795 0.1000000015
14007  -32.688  -63.189  -16.981 0.1000000015
14815  -32.784  -62.201  -16.754 0.1000000015
14834  -32.493  -62.882  -18.846 0.1000000015
12474  -33.322  -65.358  -17.834 0.1000000015
13247  -44.960  -64.454  -18.297 0.2000000030
12464  -44.722  -64.997  -17.099 0.1000000015
12418  -46.333  -65.313  -13.567 0.1000000015
11678  -49.178  -66.734  -15.816 0.1000000015
11677  -48.571  -66.535  -16.044 0.1000000015
13218  -47.678  -64.893  -14.898 0.1000000015
12468  -48.440  -65.596  -16.329 0.1000000015
12407  -46.643  -65.993  -13.321 0.2000000030
12419  -47.214  -65.643  -13.752 0.1000000015
10357  -50.946  -68.088  -15.483 0.1000000015
12406  -45.927  -65.890  -13.052 0.2000000030
13212  -46.850  -64.937  -14.244 0.1000000015
12420  -48.008  -65.553  -14.257 0.1000000015
11648  -49.663  -66.040  -14.781 0.1000000015
12434  -49.584  -65.953  -15.263 0.1000000015
11667  -50.487  -66.919  -15.716 0.1000000015
12460  -40.928  -64.695  -16.182 0.2000000030
12463  -43.944  -64.862  -16.849 0.1000000015
12451  -49.289  -66.257  -15.702 0.1000000015
13224  -48.351  -64.859  -15.461 0.1000000015
10999  -48.887  -67.329  -15.736 0.1000000015
11000  -49.746  -67.305  -15.489 0.1000000015
12432  -48.345  -65.273  -14.768 0.1000000015
11632  -47.923  -66.419  -13.738 0.1000000015
13198  -40.353  -64.362  -11.863 0.1000000015
13199  -41.385  -64.884  -11.743 0.1000000015
13200  -42.079  -65.233  -11.772 0.1000000015
12396  -42.832  -65.693  -11.827 0.1000000015
11603  -44.493  -66.763  -11.648 0.1000000015
12395  -41.690  -65.856  -11.045 0.1000000015
11601  -42.622  -66.627  -11.014 0.1000000015
11597  -44.485  -66.855  -10.869 0.1000000015
11602  -43.591  -66.607  -11.400 0.1000000015
10945  -45.765  -67.123  -11.055 0.1000000015
10937  -43.555  -67.146  -10.018 0.1000000015
12394  -40.530  -65.337  -11.090 0.1000000015
10944  -43.308  -66.989  -10.758 0.1000000015
10938  -44.465  -67.093  -10.095 0.1000000015
13197  -39.394  -64.283  -11.594 0.1000000015
13984  -38.859  -63.585  -11.581 0.1000000015
12386  -41.461  -66.480  -10.304 0.1000000015
11600  -41.968  -66.634  -10.601 0.1000000015
10943  -42.888  -67.106  -10.442 0.1000000015
21393  -39.591  -53.947  -13.741 0.1000000015
13196  -38.776  -64.388  -11.247 0.1000000015
14799  -38.750  -62.807  -11.892 0.1000000015
21394  -40.051  -53.777  -13.803 0.1000000015
21399  -38.427  -54.794  -14.379 0.1000000015
23951  -39.964  -52.129  -13.815 0.1000000015
22213  -39.830  -53.280  -13.655 0.1000000015
11595  -42.378  -66.963  -10.389 0.1000000015
11612  -43.905  -66.428  -12.109 0.1000000015
12397  -43.467  -66.115  -12.024 0.1000000015
11604  -45.430  -66.948  -11.811 0.1000000015
11598  -45.115  -66.884  -11.140 0.1000000015
12393  -39.606  -64.954  -11.201 0.1000000015
23070  -40.198  -52.660  -13.807 0.1000000015
21428  -39.450  -54.397  -18.960 0.1000000015
21432  -40.028  -54.335  -19.491 0.1000000015
12427  -40.676  -65.334  -14.424 0.1000000015
12426  -39.765  -65.721  -14.271 0.1000000015
12442  -39.848  -65.465  -15.077 0.1000000015
12413  -40.632  -65.771  -13.553 0.1000000015
12412  -39.799  -66.148  -13.566 0.1000000015
12425  -39.171  -65.958  -13.964 0.1000000015
11626  -40.555  -66.519  -13.036 0.1000000015
12414  -41.572  -65.431  -13.698 0.1000000015
11610  -40.477  -67.291  -12.726 0.1000000015
11611  -41.186  -67.087  -12.811 0.1000000015
11627  -41.592  -66.451  -13.154 0.1000000015
10955  -41.311  -67.984  -12.805 0.1000000015
7866  -38.909  -71.734  -11.729 0.1000000015
6308  -38.631  -74.285  -12.673 0.1000000015
5521  -38.558  -74.430  -13.109 0.1000000015
5523  -39.562  -74.617  -13.980 0.1000000015
5538  -40.441  -74.674  -14.077 0.1000000015
5545  -39.256  -74.254  -14.126 0.1000000015
6329  -40.120  -73.728  -14.314 0.1000000015
10954  -40.342  -68.096  -12.585 0.1000000015
11673  -38.588  -66.304  -15.632 0.1000000015
6328  -39.510  -73.699  -14.406 0.1000000015
7113  -39.434  -72.473  -14.114 0.1000000015
8761  -39.512  -71.393  -13.193 0.1000000015
10311  -40.030  -68.921  -12.605 0.1000000015
10312  -41.068  -68.960  -12.536 0.1000000015
10966  -41.787  -67.385  -13.026 0.1000000015
6326  -37.777  -73.045  -13.808 0.1000000015
7892  -38.665  -71.568  -13.766 0.1000000015
9586  -40.635  -69.862  -12.575 0.1000000015
7879  -38.720  -72.521  -12.252 0.1000000015
7096  -39.614  -73.079  -12.519 0.1000000015
12428  -41.632  -65.007  -14.635 0.1000000015
12443  -40.750  -65.167  -15.378 0.1000000015
6309  -39.584  -74.419  -12.640 0.1000000015
6310  -40.305  -73.975  -13.100 0.1000000015
11674  -39.229  -65.860  -15.362 0.1000000015
7894  -39.570  -72.061  -13.305 0.1000000015
8747  -40.101  -70.680  -12.878 0.1000000015
10956  -42.131  -68.035  -13.037 0.1000000015
8748  -41.104  -70.874  -12.549 0.1000000015
7851  -40.378  -71.437  -11.029 0.1000000015
7867  -39.893  -71.893  -11.540 0.1000000015
8711  -40.777  -70.861  -10.607 0.1000000015
8692  -41.033  -70.210  -10.247 0.1000000015
7880  -39.499  -72.203  -12.167 0.1000000015
7868  -40.928  -72.001  -11.542 0.1000000015
12415  -42.331  -65.344  -14.069 0.1000000015
7080  -40.263  -72.253  -12.109 0.1000000015
11628  -42.387  -66.142  -13.676 0.1000000015
7097  -40.145  -72.382  -12.582 0.1000000015
6322  -40.289  -73.534  -13.634 0.1000000015
7881  -40.192  -71.705  -12.811 0.1000000015
7114  -39.781  -72.707  -13.764 0.1000000015
7882  -41.440  -71.772  -12.462 0.1000000015
9587  -41.755  -69.998  -12.469 0.1000000015
10313  -42.203  -68.933  -12.634 0.1000000015
9518  -41.781  -69.734  -10.103 0.1000000015
8712  -41.771  -70.827  -10.725 0.1000000015
9519  -42.852  -69.592  -9.971 0.1000000015
9502  -43.253  -69.393  -8.949 0.1000000015
11629  -43.180  -66.559  -13.919 0.1000000015
11642  -42.828  -65.839  -14.186 0.1000000015
12429  -42.674  -65.257  -14.870 0.1000000015
7852  -41.408  -71.572  -11.081 0.1000000015
10967  -42.621  -67.354  -13.402 0.1000000015
7081  -41.362  -72.466  -11.980 0.1000000015
7869  -42.031  -72.255  -11.496 0.1000000015
9539  -42.227  -70.462  -10.685 0.1000000015
10327  -42.759  -68.313  -12.954 0.1000000015
7883  -42.624  -72.053  -12.539 0.1000000015
7082  -42.553  -72.767  -12.007 0.1000000015
7098  -41.944  -72.327  -12.243 0.1000000015
10968  -43.782  -67.367  -13.664 0.1000000015
11630  -43.975  -66.631  -14.180 0.1000000015
10328  -43.522  -68.181  -13.097 0.1000000015
7853  -42.393  -71.712  -11.210 0.1000000015
10314  -43.241  -68.967  -12.570 0.1000000015
8749  -42.265  -71.118  -12.467 0.1000000015
9588  -42.991  -70.122  -12.112 0.1000000015
8750  -43.210  -71.583  -12.374 0.1000000015
7099  -42.938  -72.551  -12.449 0.1000000015
10979  -45.243  -66.688  -14.568 0.1000000015
10315  -44.170  -68.830  -12.547 0.1000000015
10329  -44.537  -68.028  -13.241 0.1000000015
9540  -42.644  -70.213  -10.720 0.1000000015
9589  -43.646  -69.403  -12.256 0.1000000015
7083  -43.330  -72.771  -12.309 0.1000000015
10980  -45.938  -67.285  -14.592 0.1000000015
8732  -43.123  -71.682  -11.404 0.1000000015
8713  -42.652  -71.083  -11.217 0.1000000015
9473  -43.720  -69.560  -7.975 0.1000000015
7095  -38.749  -73.535  -12.345 0.1000000015
7124  -39.739  -73.243  -14.374 0.1000000015
7123  -39.132  -72.696  -14.479 0.1000000015
8746  -39.312  -70.525  -13.228 0.1000000015
9585  -39.681  -69.741  -12.896 0.1000000015
10310  -39.103  -68.879  -12.809 0.1000000015
10969  -44.904  -67.240  -14.068 0.1000000015
9677  -39.677  -69.671  -24.821 0.1000000015
13282  -39.017  -64.146  -25.327 0.1000000015
12499  -39.779  -65.155  -25.242 0.1000000015
12500  -40.981  -65.085  -25.022 0.1000000015
11720  -40.586  -66.163  -25.202 0.1000000015
10406  -39.567  -67.954  -25.158 0.1000000015
14088  -37.778  -62.861  -26.239 0.1000000015
10398  -40.234  -68.529  -24.955 0.1000000015
9678  -40.688  -69.433  -25.092 0.1000000015
8827  -41.058  -71.090  -24.955 0.1000000015
11056  -41.308  -67.110  -25.271 0.1000000015
10407  -40.632  -67.792  -25.235 0.1000000015
8836  -40.245  -70.568  -24.902 0.1000000015
13283  -40.170  -64.051  -25.150 0.1000000015
11055  -40.093  -67.124  -25.333 0.1000000015
14079  -39.404  -63.110  -25.804 0.1000000015
14089  -38.568  -62.562  -26.183 0.1000000015
98726  -39.166  -70.772  -19.124 0.1000000015
7962  -38.295  -70.942  -21.045 0.1000000015
8802  -38.474  -70.585  -19.934 0.1000000015
8838  -42.287  -70.426  -24.728 0.1000000015
7979  -41.689  -72.113  -22.834 0.1000000015
8810  -40.129  -70.739  -21.577 0.1000000015
7963  -39.311  -71.054  -21.762 0.1000000015
8809  -39.016  -70.499  -21.372 0.1000000015
7964  -40.510  -71.232  -21.990 0.1000000015
11044  -40.703  -67.621  -24.680 0.1000000015
7990  -41.191  -71.457  -23.932 0.1000000015
11046  -41.803  -67.038  -24.980 0.1000000015
10399  -40.944  -67.901  -25.050 0.1000000015
9631  -38.305  -70.444  -19.712 0.1000000015
98727  -38.575  -70.622  -19.195 0.1000000015
8811  -41.336  -70.920  -21.823 0.1000000015
9649  -40.572  -70.420  -22.039 0.1000000015
9648  -39.755  -70.125  -21.718 0.1000000015
9668  -41.466  -69.939  -23.710 0.1000000015
9667  -40.748  -69.641  -24.213 0.1000000015
11710  -42.447  -65.838  -24.934 0.1000000015
12501  -42.089  -65.001  -25.151 0.1000000015
13284  -41.356  -64.106  -25.288 0.1000000015
14080  -40.604  -63.192  -25.568 0.1000000015
7940  -38.647  -71.068  -19.422 0.1000000015
9647  -38.810  -69.987  -21.226 0.1000000015
11708  -41.528  -66.813  -24.696 0.1000000015
7952  -38.121  -70.767  -20.031 0.1000000015
10390  -39.658  -68.973  -24.055 0.1000000015
11038  -39.750  -67.695  -24.323 0.1000000015
7939  -37.738  -71.056  -19.751 0.1000000015
11699  -40.194  -66.665  -24.162 0.1000000015
12486  -39.186  -65.540  -23.433 0.1000000015
12482  -38.258  -65.307  -22.882 0.1000000015
9658  -40.260  -69.815  -22.951 0.1000000015
10384  -39.390  -69.123  -22.961 0.1000000015
10389  -39.109  -68.524  -23.150 0.1000000015
11698  -39.158  -66.773  -23.644 0.1000000015
9657  -39.233  -69.536  -22.181 0.1000000015
11028  -38.615  -68.125  -22.970 0.1000000015
11037  -39.036  -67.771  -23.448 0.1000000015
5522  -39.244  -74.734  -13.329 0.1000000015
5544  -38.792  -74.031  -13.909 0.1000000015
5546  -39.929  -74.440  -14.524 0.1000000015
7100  -43.284  -72.600  -12.522 0.1000000015
7167  -42.259  -72.219  -21.805 0.1000000015
7168  -42.602  -72.215  -21.519 0.1000000015
7169  -43.070  -72.161  -21.266 0.1000000015
7172  -42.117  -72.237  -22.195 0.1000000015
7173  -42.626  -72.329  -22.154 0.1000000015
7174  -43.266  -72.192  -21.994 0.1000000015
7178  -42.367  -72.298  -22.782 0.1000000015
7179  -43.057  -72.294  -22.952 0.1000000015
7180  -43.800  -72.060  -22.912 0.1000000015
7854  -42.917  -71.782  -11.314 0.1000000015
7870  -43.165  -72.289  -11.560 0.1000000015
7884  -43.352  -72.372  -12.540 0.1000000015
7934  -39.335  -71.115  -18.745 0.1000000015
7941  -39.096  -71.297  -19.136 0.1000000015
7942  -39.151  -71.073  -19.329 0.1000000015
7965  -41.764  -71.840  -21.764 0.1000000015
7966  -42.726  -71.764  -21.232 0.1000000015
7967  -43.333  -71.879  -21.464 0.1000000015
7978  -40.760  -71.643  -22.759 0.1000000015
7980  -43.212  -71.496  -21.587 0.1000000015
7981  -43.730  -71.533  -22.219 0.1000000015
7989  -40.030  -71.124  -23.744 0.1000000015
7991  -42.381  -71.932  -23.773 0.1000000015
7992  -43.453  -71.801  -23.805 0.1000000015
7993  -43.963  -71.306  -23.435 0.1000000015
8000  -41.898  -71.089  -24.621 0.1000000015
8001  -42.881  -71.142  -24.375 0.1000000015
8002  -43.680  -71.080  -24.215 0.1000000015
8003  -43.852  -70.938  -23.923 0.1000000015
8714  -42.920  -70.559  -11.303 0.1000000015
8812  -42.350  -71.300  -21.690 0.1000000015
8813  -42.869  -71.370  -21.527 0.1000000015
8818  -41.706  -70.582  -22.222 0.1000000015
8819  -42.212  -70.664  -22.216 0.1000000015
8820  -43.088  -70.916  -22.101 0.1000000015
8821  -43.729  -70.875  -22.878 0.1000000015
8826  -40.534  -71.044  -24.506 0.1000000015
8828  -42.699  -70.560  -22.661 0.1000000015
8829  -43.118  -70.531  -23.215 0.1000000015
8830  -43.661  -70.753  -23.664 0.1000000015
8837  -41.383  -70.382  -25.161 0.1000000015
8839  -43.119  -70.479  -24.139 0.1000000015
8840  -43.623  -70.792  -24.052 0.1000000015
9624  -50.592  -68.845  -15.014 0.1000000015
9628  -38.321  -70.468  -19.468 0.1000000015
9630  -37.901  -70.021  -19.720 0.1000000015
9659  -41.362  -70.360  -22.626 0.1000000015
9660  -41.900  -70.427  -22.518 0.1000000015
9669  -42.319  -70.246  -23.202 0.1000000015
9670  -42.855  -70.284  -23.678 0.1000000015
9679  -41.579  -69.844  -24.680 0.1000000015
9680  -42.324  -70.035  -24.176 0.1000000015
9681  -42.712  -70.154  -23.883 0.1000000015
10356  -50.277  -68.180  -15.183 0.1000000015
10360  -51.019  -67.872  -15.998 0.1000000015
10361  -50.943  -68.049  -15.852 0.1000000015
10408  -41.157  -67.654  -25.172 0.1000000015
11001  -50.665  -67.487  -15.777 0.1000000015
11008  -48.979  -66.902  -15.928 0.1000000015
11009  -49.210  -67.057  -15.811 0.1000000015
11010  -51.020  -67.553  -16.164 0.1000000015
11027  -37.953  -68.080  -22.772 0.1000000015
11045  -41.350  -67.426  -24.928 0.1000000015
11057  -41.874  -66.724  -25.100 0.1000000015
11631  -47.162  -66.353  -13.396 0.2000000030
11666  -49.649  -66.838  -15.597 0.1000000015
11679  -50.867  -67.187  -16.323 0.1000000015
11680  -51.250  -67.011  -16.197 0.1000000015
11701  -41.442  -66.133  -24.690 0.1000000015
11707  -41.062  -67.066  -24.519 0.1000000015
11709  -41.900  -66.281  -24.917 0.1000000015
11721  -41.809  -66.018  -25.028 0.1000000015
11722  -42.607  -65.548  -25.145 0.1000000015
12392  -39.095  -64.744  -11.258 0.1000000015
12421  -48.624  -65.609  -14.557 0.1000000015
12433  -48.943  -65.390  -15.017 0.1000000015
12435  -49.917  -66.544  -15.347 0.1000000015
12450  -48.829  -65.438  -15.662 0.1000000015
12452  -49.823  -66.713  -15.493 0.1000000015
12465  -45.501  -65.151  -17.056 0.2000000030
12469  -48.854  -66.270  -15.962 0.1000000015
12471  -44.832  -64.821  -17.540 0.1000000015
12473  -45.991  -64.552  -17.374 0.2000000030
12491  -43.151  -65.432  -24.903 0.1000000015
12502  -42.994  -64.926  -25.296 0.1000000015
12503  -43.327  -64.603  -25.176 0.1000000015
13213  -47.435  -65.244  -14.276 0.1000000015
13214  -43.509  -63.936  -14.597 0.3000000119
13219  -48.368  -65.059  -15.065 0.1000000015
13222  -46.720  -63.869  -15.772 0.2000000030
13237  -44.722  -64.658  -17.715 0.1000000015
13238  -46.545  -64.572  -16.988 0.2000000030
13252  -44.000  -64.053  -19.198 0.3000000119
13254  -45.409  -64.146  -19.232 0.3000000119
13258  -44.434  -63.758  -19.452 0.3000000119
13259  -44.942  -63.804  -19.546 0.3000000119
13260  -45.340  -63.719  -19.580 0.3000000119
13285  -42.414  -64.160  -25.272 0.1000000015
13286  -43.129  -64.252  -25.185 0.1000000015
13986  -40.334  -63.831  -12.346 0.2000000030
14006  -46.964  -64.212  -16.500 0.2000000030
14023  -32.808  -63.873  -17.678 0.1000000015
14031  -46.123  -64.012  -17.436 0.2000000030
14035  -45.587  -63.069  -18.939 0.3000000119
14039  -44.709  -63.389  -19.382 0.3000000119
14040  -45.187  -63.335  -19.408 0.3000000119
14041  -45.647  -63.557  -19.416 0.3000000119
14081  -41.755  -63.267  -25.429 0.1000000015
14826  -34.109  -61.588  -16.123 0.3000000119
14832  -44.519  -62.833  -18.732 0.3000000119
14833  -45.032  -62.958  -18.803 0.3000000119
14835  -44.477  -62.919  -19.132 0.3000000119
14836  -44.908  -62.963  -19.111 0.3000000119
14838  -44.648  -63.086  -19.211 0.3000000119
14839  -45.093  -63.071  -19.222 0.3000000119
15671  -34.479  -61.289  -16.056 0.4000000060
15676  -30.783  -60.484  -19.055 0.1000000015
16481  -44.834  -59.934  -18.571 0.3000000119
16482  -30.861  -60.354  -18.877 0.1000000015
16488  -43.789  -59.991  -18.750 0.4000000060
16490  -45.359  -60.117  -19.078 0.3000000119
16491  -30.826  -60.213  -19.112 0.1000000015
16494  -43.427  -59.676  -19.113 0.4000000060
16496  -45.017  -60.204  -19.560 0.4000000060
16497  -45.672  -59.956  -19.702 0.3000000119
16499  -44.889  -59.948  -19.950 0.4000000060
16500  -45.365  -59.962  -20.020 0.4000000060
16501  -45.863  -59.805  -20.089 0.3000000119
17280  -46.071  -59.530  -19.424 0.3000000119
17281  -46.778  -59.080  -18.960 0.4000000060
17285  -44.818  -59.433  -20.196 0.4000000060
17288  -46.929  -59.456  -19.826 0.3000000119
17290  -45.147  -59.756  -20.172 0.4000000060
17291  -45.592  -59.525  -20.290 0.4000000060
17292  -46.309  -59.546  -20.244 0.3000000119
17293  -46.723  -59.604  -20.165 0.3000000119
18070  -45.062  -57.817  -16.851 0.3000000119
18077  -46.653  -57.951  -17.312 0.4000000060
18078  -46.804  -57.786  -17.551 0.4000000060
18088  -45.802  -58.800  -17.739 0.3000000119
18089  -46.896  -58.705  -17.864 0.4000000060
18090  -47.164  -58.039  -17.719 0.4000000060
18096  -47.425  -58.719  -18.866 0.4000000060
18098  -29.925  -59.053  -20.050 0.2000000030
18099  -30.223  -58.614  -20.154 0.2000000030
18102  -43.341  -58.480  -19.680 0.4000000060
18104  -45.530  -58.808  -20.249 0.4000000060
18107  -47.609  -58.527  -19.140 0.4000000060
18108  -29.475  -58.368  -20.168 0.2000000030
18109  -29.870  -58.611  -20.283 0.2000000030
18111  -45.679  -59.180  -20.411 0.4000000060
18112  -46.170  -59.183  -20.413 0.4000000060
18113  -46.964  -59.340  -20.375 0.3000000119
18116  -29.808  -58.679  -19.997 0.2000000030
18117  -29.665  -58.467  -20.268 0.2000000030
18130  -34.047  -58.783  -23.417 0.1000000015
18891  -45.866  -57.183  -17.047 0.4000000060
18895  -44.412  -57.824  -16.862 0.3000000119
18896  -46.059  -57.610  -17.121 0.4000000060
18898  -46.929  -57.687  -17.757 0.4000000060
18900  -31.693  -58.076  -18.438 0.2000000030
18908  -46.815  -57.418  -18.162 0.4000000060
18909  -47.227  -57.798  -18.114 0.4000000060
18918  -46.386  -57.593  -19.232 0.4000000060
18920  -47.292  -57.778  -18.595 0.4000000060
18921  -30.254  -58.103  -19.743 0.2000000030
18929  -46.077  -58.222  -19.673 0.4000000060
18930  -47.047  -58.068  -19.673 0.4000000060
18931  -47.477  -58.142  -19.176 0.4000000060
18932  -29.859  -58.211  -19.749 0.2000000030
18933  -30.374  -58.263  -20.287 0.2000000030
18938  -29.909  -58.374  -19.922 0.2000000030
18939  -30.075  -58.633  -20.186 0.2000000030
19704  -45.881  -56.945  -17.267 0.3000000119
19709  -46.115  -56.994  -17.773 0.4000000060
19736  -46.458  -57.340  -18.867 0.4000000060
19737  -30.029  -58.110  -19.707 0.2000000030
19738  -30.412  -57.925  -19.794 0.2000000030
19739  -31.125  -57.316  -19.647 0.2000000030
19745  -30.207  -58.104  -19.749 0.2000000030
19746  -30.636  -57.828  -19.929 0.2000000030
19749  -29.971  -58.044  -19.722 0.2000000030
19750  -30.184  -58.634  -20.035 0.2000000030
20618  -31.516  -56.318  -19.623 0.1000000015
23124  -48.282  -51.880  -19.326 0.1000000015
23127  -32.511  -52.950  -19.056 0.1000000015
23138  -48.338  -52.292  -19.453 0.1000000015
23140  -32.788  -52.193  -20.495 0.1000000015
23152  -47.302  -52.642  -20.669 0.1000000015
23242  -46.203  -52.272  -31.040 0.1000000015
24011  -33.802  -51.008  -19.378 0.1000000015
24024  -48.601  -52.894  -20.574 0.1000000015
24032  -48.008  -52.741  -21.067 0.1000000015
24111  -47.798  -51.593  -30.212 0.1000000015
24124  -46.043  -51.881  -30.940 0.1000000015
24127  -48.203  -51.432  -30.448 0.1000000015
24135  -48.021  -51.290  -31.120 0.1000000015
24136  -48.153  -51.334  -30.859 0.1000000015
24941  -48.941  -52.238  -20.711 0.1000000015
24959  -39.397  -50.915  -24.803 0.1000000015
24999  -45.494  -50.903  -29.078 0.1000000015
25011  -47.348  -51.206  -29.774 0.1000000015
25012  -48.074  -50.967  -29.767 0.1000000015
25023  -46.514  -51.143  -30.755 0.1000000015
25024  -47.206  -51.078  -30.989 0.1000000015
25033  -48.083  -50.831  -30.976 0.1000000015
25813  -34.783  -49.657  -20.037 0.1000000015
25842  -34.206  -50.400  -21.940 0.1000000015
25845  -35.745  -49.978  -23.473 0.1000000015
25896  -47.176  -49.844  -29.302 0.1000000015
25897  -48.807  -49.365  -28.809 0.1000000015
25912  -48.418  -49.862  -29.940 0.1000000015
25920  -46.168  -50.039  -30.659 0.1000000015
25928  -46.640  -49.675  -30.919 0.1000000015
26813  -40.167  -48.661  -25.550 0.1000000015
26838  -44.261  -48.168  -28.111 0.1000000015
26848  -44.172  -48.629  -28.251 0.1000000015
26864  -48.152  -49.774  -29.003 0.1000000015
26872  -45.647  -49.064  -30.655 0.1000000015
26881  -45.343  -48.281  -30.751 0.1000000015
26882  -45.738  -48.460  -31.104 0.1000000015
26885  -47.961  -49.491  -30.994 0.1000000015
27721  -43.377  -47.551  -27.428 0.1000000015
27737  -45.303  -47.854  -28.541 0.1000000015
27763  -45.704  -47.718  -31.445 0.1000000015
28528  -37.577  -46.673  -22.071 0.1000000015
28586  -37.837  -47.119  -24.365 0.1000000015
28588  -39.622  -46.449  -24.740 0.1000000015
28635  -43.085  -47.032  -27.297 0.1000000015
28658  -46.404  -46.856  -28.465 0.1000000015
28676  -45.101  -47.067  -31.327 0.1000000015
28677  -45.280  -46.644  -31.186 0.1000000015
28687  -43.910  -47.119  -31.910 0.1000000015
28688  -44.691  -46.859  -31.912 0.1000000015
28689  -45.496  -46.933  -31.762 0.1000000015
28691  -47.212  -47.318  -31.098 0.1000000015
28697  -44.852  -46.977  -32.480 0.1000000015
28698  -45.046  -46.521  -32.615 0.1000000015
29516  -38.863  -45.781  -22.695 0.1000000015
29539  -38.801  -45.600  -23.074 0.1000000015
29600  -42.201  -45.835  -26.579 0.1000000015
29662  -43.982  -46.323  -31.846 0.1000000015
29663  -44.435  -46.547  -31.783 0.1000000015
29664  -45.130  -46.647  -31.932 0.1000000015
29674  -43.988  -46.568  -32.050 0.1000000015
29675  -44.219  -46.682  -31.940 0.1000000015
29676  -45.165  -46.252  -32.280 0.1000000015
29681  -44.041  -46.541  -32.810 0.1000000015
29682  -44.526  -46.126  -33.104 0.1000000015
29683  -44.718  -46.069  -32.945 0.1000000015
30475  -39.581  -44.878  -23.734 0.1000000015
30493  -39.544  -44.732  -23.991 0.1000000015
30494  -39.985  -44.774  -24.305 0.1000000015
30589  -43.878  -46.075  -32.008 0.1000000015
30590  -44.738  -45.882  -31.903 0.1000000015
30591  -44.959  -46.136  -32.049 0.1000000015
30594  -49.026  -44.642  -30.156 0.1000000015
30600  -43.947  -46.182  -32.579 0.1000000015
30601  -44.002  -45.813  -32.540 0.1000000015
30602  -44.716  -46.050  -32.142 0.1000000015
30603  -44.194  -46.179  -33.043 0.1000000015
30604  -44.210  -45.906  -32.959 0.1000000015
30605  -44.437  -45.647  -32.744 0.1000000015
31471  -49.202  -44.233  -29.367 0.1000000015
98716  -34.250  -67.574  -17.880 0.1000000015
