#!ascii label  , from subject 4076 vox2ras=TkReg
1430
22380  38.403  -60.422  -41.171 0.2000000030
22379  39.077  -60.523  -41.304 0.2000000030
24729  38.268  -58.932  -40.743 0.2000000030
22390  38.997  -61.608  -41.824 0.2000000030
26993  35.027  -57.687  -41.102 0.1000000015
22378  40.052  -61.027  -40.972 0.3000000119
24728  39.317  -59.005  -40.308 0.2000000030
25883  36.821  -57.983  -41.307 0.1000000015
23498  37.741  -60.077  -41.092 0.2000000030
25875  37.802  -57.891  -40.848 0.1000000015
26991  36.310  -57.690  -41.006 0.1000000015
26985  35.654  -57.762  -40.671 0.1000000015
24721  34.332  -58.932  -39.695 0.1000000015
25869  34.352  -58.730  -40.337 0.1000000015
25840  33.329  -59.153  -37.848 0.1000000015
24707  33.526  -59.728  -38.945 0.1000000015
25853  32.843  -59.013  -38.507 0.1000000015
96481  37.347  -58.545  -38.442 0.1000000015
23476  36.444  -59.022  -38.977 0.1000000015
25874  38.855  -57.947  -40.256 0.2000000030
96480  36.207  -57.972  -39.821 0.1000000015
28065  38.214  -56.804  -39.094 0.1000000015
28067  36.954  -57.301  -40.083 0.1000000015
24706  34.687  -59.683  -39.059 0.1000000015
25831  33.126  -58.330  -37.161 0.2000000030
26953  33.061  -57.665  -36.462 0.1000000015
26937  32.870  -57.451  -35.639 0.2000000030
26938  32.049  -57.492  -35.837 0.1000000015
26917  31.455  -57.362  -35.046 0.1000000015
24705  35.662  -59.574  -39.139 0.1000000015
23464  35.351  -59.963  -38.675 0.1000000015
24688  34.056  -59.801  -38.137 0.1000000015
28010  32.470  -56.171  -34.573 0.2000000030
26916  32.323  -57.074  -34.956 0.2000000030
28011  31.599  -56.490  -34.451 0.2000000030
24687  34.802  -60.061  -38.259 0.1000000015
24677  33.866  -59.603  -37.421 0.1000000015
25830  33.853  -59.128  -36.678 0.2000000030
26952  33.947  -58.097  -36.392 0.2000000030
29146  31.876  -55.817  -34.306 0.2000000030
27995  31.011  -56.711  -33.749 0.2000000030
26936  33.827  -57.538  -35.701 0.3000000119
28009  33.280  -55.919  -34.144 0.3000000119
29144  32.967  -55.456  -33.578 0.3000000119
29145  32.348  -55.479  -34.043 0.3000000119
27996  30.705  -57.002  -33.219 0.2000000030
27994  33.574  -55.881  -33.357 0.4000000060
26915  33.446  -56.953  -34.722 0.2000000030
29131  32.293  -55.230  -33.153 0.3000000119
29132  31.350  -55.744  -33.587 0.2000000030
29133  30.790  -56.429  -33.183 0.2000000030
29112  32.588  -55.315  -32.157 0.2000000030
29113  31.620  -55.617  -32.328 0.2000000030
29088  30.946  -56.127  -31.384 0.1000000015
29114  30.845  -56.158  -32.516 0.2000000030
29130  33.219  -55.384  -32.862 0.3000000119
29111  33.675  -54.957  -32.096 0.3000000119
29085  33.235  -54.735  -31.782 0.2000000030
29087  31.811  -55.294  -30.995 0.1000000015
29110  34.831  -54.887  -32.134 0.3000000119
30182  34.539  -54.137  -32.277 0.2000000030
31265  34.408  -53.484  -32.029 0.1000000015
30183  33.785  -53.903  -31.977 0.1000000015
30155  33.235  -54.381  -31.590 0.1000000015
29086  32.859  -54.873  -31.544 0.1000000015
29062  31.306  -55.323  -30.363 0.1000000015
31237  34.248  -53.199  -31.485 0.1000000015
31238  33.426  -53.514  -31.209 0.1000000015
31266  33.898  -53.388  -31.803 0.1000000015
31239  33.017  -53.732  -30.555 0.1000000015
30157  32.018  -54.932  -30.548 0.1000000015
30156  32.598  -54.454  -30.696 0.1000000015
31218  34.117  -52.952  -30.714 0.1000000015
30131  32.353  -54.338  -29.767 0.1000000015
30132  31.537  -54.933  -29.991 0.1000000015
31217  34.875  -53.309  -30.933 0.1000000015
96479  36.660  -58.102  -39.195 0.1000000015
26954  32.475  -57.560  -36.276 0.1000000015
16882  34.820  -66.196  -23.071 0.5000000000
16868  35.707  -66.488  -21.944 0.5000000000
16869  35.063  -66.030  -22.167 0.5000000000
17926  34.613  -65.391  -22.489 0.5000000000
16841  35.665  -66.657  -20.065 0.2000000030
16867  36.349  -66.873  -21.643 0.2000000030
16854  35.471  -66.581  -20.942 0.3000000119
16855  35.076  -66.180  -21.425 0.5000000000
17919  34.549  -65.455  -21.230 0.5000000000
18983  34.286  -64.393  -20.671 0.5000000000
17932  34.559  -65.632  -23.324 0.5000000000
18996  34.279  -64.219  -21.906 0.5000000000
17947  35.041  -65.251  -24.311 0.5000000000
19014  37.026  -64.932  -26.025 0.5000000000
17911  34.961  -65.729  -20.066 0.3000000119
17918  34.880  -66.087  -20.879 0.5000000000
20027  33.861  -63.721  -20.899 0.5000000000
19002  34.349  -64.758  -23.228 0.5000000000
19006  34.504  -64.681  -24.140 0.5000000000
19046  38.198  -64.454  -28.341 0.4000000060
19037  37.407  -64.483  -27.519 0.5000000000
19024  36.627  -64.488  -26.754 0.5000000000
19009  35.756  -64.742  -25.121 0.5000000000
19052  38.907  -64.715  -29.324 0.4000000060
17910  35.879  -65.981  -19.370 0.3000000119
18971  35.720  -64.634  -19.050 0.4000000060
18972  34.797  -64.416  -19.868 0.5000000000
19999  35.188  -63.362  -19.298 0.5000000000
20012  34.253  -63.348  -20.038 0.5000000000
21100  34.948  -62.184  -19.720 0.5000000000
20013  33.583  -63.036  -20.640 0.5000000000
18997  33.758  -63.656  -22.223 0.5000000000
19010  35.165  -64.398  -24.905 0.6000000238
19015  35.921  -64.560  -25.773 0.5000000000
17973  39.096  -65.399  -31.256 0.4000000060
19047  36.896  -64.574  -28.529 0.5000000000
17895  39.078  -65.735  -17.989 0.1000000015
18945  38.585  -64.527  -18.037 0.1000000015
19974  38.741  -63.804  -17.858 0.1000000015
18956  38.016  -64.863  -18.215 0.1000000015
19975  38.305  -64.225  -18.054 0.1000000015
21054  39.133  -62.843  -17.933 0.1000000015
19985  38.596  -63.256  -18.128 0.1000000015
18970  36.295  -65.383  -18.979 0.2000000030
18957  36.971  -64.759  -18.652 0.1000000015
18958  36.466  -63.909  -18.665 0.4000000060
19988  36.654  -63.270  -18.773 0.4000000060
21099  36.028  -62.448  -19.415 0.4000000060
22201  35.259  -61.491  -20.092 0.5000000000
21120  33.940  -62.246  -20.282 0.5000000000
19003  33.749  -63.947  -22.893 0.5000000000
19060  38.100  -65.017  -30.792 0.4000000060
17984  39.645  -65.197  -32.509 0.5000000000
16819  41.115  -65.991  -17.283 0.1000000015
16821  39.571  -66.566  -17.730 0.1000000015
17894  39.982  -65.614  -17.930 0.1000000015
18944  39.296  -64.681  -17.979 0.1000000015
19973  39.757  -63.542  -17.535 0.1000000015
18943  40.246  -64.615  -17.747 0.1000000015
21053  39.921  -62.374  -17.736 0.1000000015
23246  41.477  -61.386  -19.910 0.2000000030
23229  40.341  -61.074  -18.478 0.2000000030
17903  36.716  -66.111  -19.069 0.1000000015
19986  38.001  -63.739  -18.263 0.1000000015
21074  38.908  -62.929  -18.818 0.1000000015
21115  41.280  -61.638  -20.300 0.2000000030
21075  37.981  -62.986  -19.014 0.1000000015
22213  39.458  -61.978  -21.098 0.2000000030
23261  41.115  -61.331  -20.348 0.2000000030
23248  39.559  -60.838  -19.232 0.2000000030
19987  37.183  -63.557  -18.630 0.2000000030
21077  36.549  -62.828  -19.073 0.3000000119
22215  37.920  -61.511  -20.467 0.3000000119
22199  36.817  -61.829  -20.036 0.4000000060
22200  35.884  -61.631  -19.996 0.5000000000
19011  34.229  -64.009  -24.621 0.5000000000
20045  34.155  -62.868  -25.423 0.5000000000
20040  34.479  -63.475  -25.247 0.5000000000
20041  33.526  -63.058  -24.721 0.5000000000
19025  35.436  -63.826  -26.854 0.5000000000
19016  35.057  -63.770  -25.872 0.5000000000
19038  36.216  -64.390  -27.697 0.5000000000
20038  32.983  -63.475  -23.535 0.5000000000
19053  37.528  -64.532  -29.508 0.5000000000
19007  33.668  -64.217  -23.938 0.6000000238
17873  41.603  -65.514  -15.623 0.1000000015
17892  41.297  -65.440  -17.042 0.1000000015
18941  41.178  -64.833  -16.649 0.1000000015
18933  41.206  -64.146  -16.698 0.1000000015
19961  42.406  -62.927  -16.067 0.1000000015
17893  40.747  -65.459  -17.537 0.1000000015
18942  40.934  -64.548  -17.272 0.1000000015
19972  40.417  -64.018  -17.424 0.1000000015
19964  40.085  -62.893  -17.239 0.1000000015
21034  40.359  -62.451  -17.109 0.1000000015
22171  40.556  -61.432  -17.989 0.1000000015
21073  39.994  -62.548  -18.796 0.1000000015
22187  40.930  -61.378  -19.104 0.2000000030
21094  40.783  -62.184  -19.748 0.1000000015
22186  41.312  -61.377  -19.542 0.2000000030
22214  39.192  -61.725  -20.851 0.3000000119
23271  39.146  -61.184  -20.873 0.3000000119
23263  38.513  -60.511  -19.984 0.2000000030
22216  36.656  -61.193  -20.572 0.4000000060
23264  37.767  -60.222  -20.233 0.3000000119
23272  37.506  -60.603  -20.535 0.4000000060
21151  32.567  -62.239  -24.373 0.5000000000
20042  32.772  -62.958  -24.141 0.5000000000
22217  35.632  -61.095  -20.508 0.5000000000
23304  32.744  -60.529  -23.274 0.5000000000
24492  32.770  -59.741  -22.891 0.5000000000
22236  32.651  -61.308  -22.657 0.5000000000
21144  32.520  -62.060  -23.079 0.5000000000
22218  34.635  -61.290  -20.351 0.5000000000
24480  32.719  -59.684  -21.973 0.5000000000
22228  32.558  -61.198  -21.654 0.5000000000
20028  33.425  -63.284  -21.564 0.5000000000
20037  32.837  -62.791  -22.790 0.5000000000
20036  33.275  -63.385  -22.495 0.5000000000
96071  40.250  -64.429  -33.811 0.4000000060
17983  40.205  -64.605  -33.288 0.4000000060
17978  39.624  -65.382  -31.773 0.4000000060
23228  44.163  -60.664  -16.856 0.1000000015
22145  43.900  -61.421  -16.615 0.1000000015
23206  43.571  -60.528  -16.408 0.1000000015
19962  41.654  -63.394  -16.308 0.1000000015
21032  42.201  -62.267  -16.456 0.1000000015
22146  42.913  -61.394  -16.572 0.1000000015
21033  41.129  -62.211  -16.796 0.1000000015
22147  41.936  -61.322  -16.828 0.1000000015
21052  40.409  -61.695  -17.427 0.1000000015
22148  40.962  -61.364  -16.968 0.1000000015
23209  40.319  -61.198  -16.922 0.2000000030
23230  39.316  -60.960  -18.064 0.2000000030
28893  35.329  -55.502  -18.721 0.2000000030
23249  38.412  -60.264  -18.954 0.2000000030
28898  34.964  -55.567  -19.278 0.2000000030
27792  34.797  -56.533  -19.457 0.2000000030
26710  34.718  -57.217  -19.143 0.2000000030
25612  34.757  -57.814  -19.211 0.2000000030
28913  34.852  -55.683  -20.292 0.2000000030
27800  34.967  -56.768  -20.220 0.2000000030
26715  35.143  -57.600  -20.336 0.2000000030
25616  35.581  -58.470  -20.388 0.2000000030
25611  35.197  -58.459  -19.603 0.3000000119
25615  36.011  -59.173  -20.430 0.4000000060
26729  34.510  -57.629  -21.248 0.2000000030
26716  34.809  -57.120  -20.663 0.3000000119
26728  35.168  -58.134  -20.725 0.3000000119
25625  35.502  -58.678  -21.050 0.3000000119
24476  35.960  -59.451  -21.152 0.5000000000
24468  36.476  -59.920  -20.402 0.4000000060
23273  36.175  -60.413  -20.731 0.5000000000
25637  33.243  -58.385  -22.256 0.5000000000
26730  34.075  -58.214  -21.608 0.4000000060
25626  34.486  -58.622  -21.273 0.4000000060
24478  34.145  -59.424  -21.060 0.5000000000
24477  35.144  -59.318  -21.294 0.5000000000
23274  35.172  -60.522  -20.874 0.5000000000
25628  33.008  -59.198  -21.770 0.5000000000
24479  33.245  -59.654  -21.302 0.5000000000
23290  33.063  -60.144  -21.068 0.5000000000
21136  32.908  -62.751  -21.585 0.5000000000
21121  32.971  -62.343  -20.936 0.5000000000
22219  33.503  -61.348  -20.517 0.5000000000
24418  45.041  -59.472  -16.664 0.1000000015
24443  45.394  -60.074  -16.779 0.1000000015
25580  44.365  -58.388  -16.313 0.1000000015
24398  43.523  -60.208  -15.944 0.1000000015
24419  43.947  -59.568  -16.031 0.1000000015
23188  43.180  -60.184  -15.817 0.1000000015
24420  43.092  -59.452  -15.676 0.1000000015
23208  41.483  -60.517  -16.618 0.1000000015
24421  42.005  -59.263  -15.991 0.1000000015
24422  40.872  -59.942  -15.973 0.2000000030
23210  38.975  -61.048  -16.763 0.2000000030
23231  38.182  -61.002  -17.807 0.2000000030
28892  36.041  -55.316  -18.476 0.1000000015
27787  34.889  -56.012  -18.534 0.2000000030
28891  36.803  -55.178  -18.188 0.1000000015
28886  36.418  -55.602  -17.917 0.1000000015
27783  35.622  -56.139  -17.783 0.1000000015
26705  34.848  -56.906  -17.932 0.1000000015
25602  34.633  -57.277  -18.247 0.1000000015
25610  35.720  -59.158  -19.981 0.2000000030
24467  37.357  -60.150  -20.264 0.3000000119
24455  37.958  -59.957  -19.437 0.2000000030
25607  34.693  -58.382  -18.649 0.1000000015
23275  34.057  -60.326  -20.707 0.5000000000
23289  34.842  -59.917  -21.130 0.5000000000
23288  35.614  -59.931  -21.162 0.5000000000
24470  33.421  -60.112  -20.957 0.5000000000
22220  32.700  -61.375  -20.910 0.5000000000
25579  45.484  -58.461  -16.071 0.1000000015
26697  44.990  -57.901  -15.717 0.1000000015
26698  44.542  -57.634  -16.041 0.1000000015
26699  43.691  -57.386  -16.171 0.1000000015
25581  43.476  -58.369  -16.114 0.1000000015
25582  42.732  -58.328  -15.735 0.1000000015
26700  43.033  -57.443  -16.045 0.1000000015
24400  41.789  -58.687  -15.531 0.2000000030
24402  40.282  -59.222  -15.278 0.2000000030
24423  39.701  -60.368  -15.773 0.2000000030
23211  37.898  -60.808  -16.647 0.2000000030
28885  37.084  -55.412  -17.525 0.1000000015
27782  36.412  -55.816  -17.579 0.1000000015
26704  35.293  -57.150  -17.323 0.1000000015
25601  34.630  -57.758  -17.851 0.1000000015
23251  36.815  -60.551  -18.074 0.1000000015
24456  37.510  -59.806  -19.147 0.2000000030
23250  37.445  -60.428  -18.401 0.2000000030
24445  35.026  -58.739  -17.704 0.1000000015
24458  35.380  -59.217  -18.602 0.1000000015
24464  35.897  -59.274  -19.324 0.1000000015
24463  36.565  -59.602  -19.696 0.2000000030
24462  37.572  -60.003  -19.882 0.2000000030
26668  44.808  -57.898  -15.071 0.1000000015
26682  44.528  -57.595  -15.450 0.1000000015
26656  43.023  -58.003  -13.976 0.1000000015
26683  43.815  -57.228  -15.607 0.1000000015
26670  42.569  -57.202  -14.548 0.1000000015
27760  43.015  -56.803  -15.155 0.1000000015
27776  43.211  -56.974  -16.087 0.1000000015
26701  42.214  -57.358  -15.699 0.1000000015
25553  41.655  -58.138  -15.326 0.1000000015
26684  41.366  -57.406  -15.485 0.1000000015
25554  40.837  -58.168  -15.242 0.1000000015
24403  39.020  -59.470  -14.912 0.2000000030
24424  38.418  -60.574  -15.644 0.2000000030
24425  37.640  -60.493  -15.912 0.2000000030
23212  36.985  -60.517  -16.356 0.1000000015
23232  37.219  -60.878  -17.484 0.2000000030
31031  38.078  -53.285  -16.955 0.1000000015
28884  37.491  -54.960  -16.867 0.1000000015
28881  37.133  -55.678  -16.616 0.1000000015
27780  35.818  -56.597  -16.794 0.1000000015
27774  36.331  -56.234  -16.005 0.1000000015
25585  35.220  -58.025  -17.061 0.1000000015
24427  35.590  -58.724  -16.982 0.1000000015
24444  35.844  -59.494  -17.435 0.1000000015
24457  36.528  -59.813  -18.533 0.2000000030
26657  41.877  -57.956  -13.864 0.1000000015
26671  41.491  -56.922  -14.403 0.1000000015
27761  42.017  -56.145  -14.708 0.1000000015
27769  42.308  -56.278  -15.303 0.1000000015
27770  41.487  -56.356  -15.440 0.1000000015
26685  40.571  -57.137  -15.308 0.1000000015
25555  39.761  -58.146  -15.169 0.2000000030
25556  38.411  -58.054  -15.075 0.1000000015
28878  37.830  -55.176  -15.335 0.1000000015
27766  37.753  -55.974  -14.638 0.1000000015
26688  37.607  -57.075  -14.818 0.1000000015
25557  37.079  -58.256  -15.144 0.1000000015
29945  37.733  -54.148  -16.531 0.1000000015
28880  37.570  -55.000  -16.160 0.1000000015
28879  37.259  -55.736  -15.908 0.1000000015
27773  37.235  -56.273  -15.358 0.1000000015
26689  36.599  -57.263  -15.494 0.1000000015
25558  36.294  -58.259  -15.721 0.1000000015
24405  36.627  -58.994  -15.581 0.1000000015
23190  36.629  -59.541  -15.891 0.1000000015
26690  35.922  -57.029  -15.875 0.1000000015
26702  35.927  -57.646  -15.876 0.1000000015
23233  36.480  -60.349  -17.417 0.1000000015
28873  41.750  -55.753  -14.755 0.1000000015
27771  40.450  -56.065  -15.211 0.1000000015
31021  39.530  -53.489  -14.910 0.1000000015
29934  39.433  -54.257  -15.035 0.1000000015
28870  39.601  -54.830  -15.060 0.1000000015
27764  39.357  -55.785  -14.809 0.1000000015
26686  39.507  -56.796  -14.784 0.1000000015
31022  38.933  -53.203  -14.947 0.1000000015
28871  38.933  -54.996  -14.928 0.1000000015
26674  38.891  -56.393  -14.549 0.1000000015
26687  38.510  -57.031  -14.558 0.1000000015
29941  38.360  -54.058  -15.207 0.1000000015
28877  38.450  -54.748  -15.058 0.1000000015
27765  38.535  -55.814  -14.560 0.1000000015
28874  41.382  -55.449  -14.776 0.1000000015
29933  41.158  -54.566  -14.304 0.1000000015
28875  40.933  -55.193  -15.140 0.1000000015
31019  41.060  -53.976  -14.133 0.1000000015
29938  40.967  -54.503  -14.590 0.1000000015
32108  39.418  -52.715  -14.416 0.1000000015
31026  39.942  -53.227  -14.650 0.1000000015
31025  40.151  -53.539  -14.708 0.1000000015
29939  40.593  -54.305  -14.880 0.1000000015
27772  39.857  -55.942  -15.084 0.1000000015
29940  39.902  -54.073  -15.046 0.1000000015
19998  36.010  -63.344  -18.828 0.4000000060
17901  38.292  -65.825  -18.162 0.1000000015
21098  36.976  -62.359  -19.528 0.4000000060
17885  41.195  -65.489  -16.268 0.1000000015
22225  40.470  -61.692  -21.251 0.3000000119
21095  39.799  -62.483  -19.822 0.2000000030
21096  38.792  -62.467  -19.733 0.2000000030
21097  37.849  -62.349  -19.672 0.2000000030
23285  39.943  -61.435  -21.240 0.3000000119
21119  37.954  -61.928  -20.126 0.3000000119
23262  39.907  -61.165  -20.172 0.2000000030
18932  41.188  -64.522  -15.901 0.1000000015
19963  40.717  -63.387  -17.094 0.1000000015
21072  40.932  -61.818  -18.772 0.1000000015
22245  32.305  -61.673  -24.180 0.5000000000
22239  32.538  -61.378  -23.707 0.5000000000
23309  32.772  -60.462  -24.344 0.5000000000
25638  32.900  -58.930  -22.419 0.5000000000
23205  44.382  -60.189  -16.493 0.1000000015
23187  43.225  -60.409  -16.100 0.1000000015
23207  42.668  -60.393  -16.286 0.1000000015
28897  35.622  -55.093  -19.140 0.2000000030
27791  35.072  -56.915  -19.845 0.2000000030
26709  35.011  -57.360  -19.691 0.2000000030
23287  36.116  -59.903  -20.954 0.4000000060
27818  34.613  -56.537  -20.911 0.2000000030
26738  33.704  -57.943  -22.169 0.5000000000
25627  33.502  -58.696  -21.606 0.5000000000
24401  41.266  -58.939  -15.467 0.2000000030
27784  34.922  -56.445  -18.159 0.1000000015
26681  44.961  -57.919  -15.412 0.1000000015
25583  42.157  -58.367  -15.498 0.1000000015
29948  37.694  -54.321  -17.462 0.1000000015
27779  36.441  -56.036  -17.067 0.1000000015
26669  43.838  -57.617  -14.746 0.1000000015
25537  44.626  -58.377  -14.674 0.1000000015
27768  43.171  -56.828  -15.760 0.1000000015
27777  42.739  -56.761  -15.921 0.1000000015
27778  42.245  -56.613  -15.672 0.1000000015
24404  37.426  -59.645  -15.372 0.2000000030
26703  35.600  -57.350  -16.462 0.1000000015
29942  37.853  -54.093  -15.727 0.1000000015
28872  38.245  -55.321  -14.805 0.1000000015
24426  36.201  -59.006  -16.371 0.1000000015
26672  40.792  -56.513  -14.308 0.1000000015
27762  41.250  -55.974  -14.462 0.1000000015
28868  41.295  -55.320  -14.461 0.1000000015
29935  38.940  -54.103  -14.972 0.1000000015
32116  39.744  -52.959  -14.392 0.1000000015
28876  40.150  -55.128  -15.119 0.1000000015
26673  39.263  -56.340  -14.666 0.1000000015
31024  40.834  -54.098  -14.493 0.1000000015
32095  40.917  -53.632  -13.981 0.1000000015
32097  39.482  -52.691  -13.920 0.1000000015
32107  40.163  -53.134  -14.230 0.1000000015
15810  41.391  -67.102  -23.937 0.1000000015
16900  41.127  -66.692  -24.607 0.1000000015
15811  40.355  -67.133  -24.119 0.1000000015
15812  39.411  -67.145  -24.327 0.1000000015
15798  37.807  -66.905  -23.083 0.1000000015
14640  39.729  -67.836  -23.316 0.1000000015
15783  38.457  -67.702  -22.360 0.1000000015
15820  42.135  -67.217  -24.348 0.2000000030
15767  37.008  -67.225  -21.540 0.1000000015
16912  41.048  -66.135  -25.209 0.2000000030
16901  40.210  -66.553  -24.693 0.1000000015
17951  42.057  -65.801  -25.851 0.2000000030
15785  36.877  -67.056  -22.087 0.1000000015
16889  38.258  -66.743  -24.046 0.2000000030
16902  39.299  -66.454  -24.793 0.2000000030
16879  37.426  -66.807  -22.945 0.3000000119
16880  36.692  -66.721  -22.664 0.3000000119
16890  37.635  -66.435  -23.635 0.3000000119
16913  40.069  -65.893  -25.193 0.2000000030
16914  39.185  -65.916  -25.278 0.2000000030
19019  42.718  -63.931  -26.517 0.2000000030
16904  37.856  -66.024  -24.190 0.2000000030
17961  40.680  -64.745  -26.349 0.2000000030
95943  42.961  -64.897  -28.696 0.1000000015
17960  41.927  -64.764  -26.377 0.2000000030
17952  40.923  -65.395  -25.772 0.2000000030
17936  37.645  -65.956  -24.056 0.3000000119
16881  35.657  -66.410  -22.885 0.4000000060
95933  43.314  -63.720  -28.018 0.1000000015
17953  39.800  -65.397  -25.817 0.2000000030
17943  38.202  -65.736  -24.932 0.2000000030
16891  36.444  -66.160  -23.651 0.4000000060
20050  43.060  -63.540  -26.739 0.2000000030
20051  42.314  -63.845  -26.700 0.2000000030
19075  43.161  -65.125  -31.026 0.1000000015
95938  41.566  -64.650  -28.761 0.2000000030
20078  42.425  -63.759  -28.005 0.1000000015
19020  41.615  -63.978  -26.838 0.2000000030
17962  39.509  -64.948  -26.347 0.2000000030
17954  38.537  -65.431  -25.593 0.2000000030
17944  37.755  -65.705  -24.617 0.4000000060
19012  38.569  -65.035  -26.212 0.4000000060
16905  35.861  -65.985  -24.302 0.4000000060
20068  41.894  -63.877  -26.733 0.3000000119
19021  40.356  -64.353  -26.688 0.3000000119
20067  42.407  -63.658  -26.999 0.2000000030
20079  41.282  -63.835  -27.343 0.4000000060
17955  37.411  -65.323  -25.365 0.4000000060
16906  35.120  -66.001  -24.455 0.4000000060
19035  40.035  -64.022  -26.999 0.4000000060
29955  36.810  -54.410  -18.638 0.1000000015
17945  36.709  -65.591  -24.532 0.4000000060
19013  38.052  -64.950  -26.045 0.4000000060
17956  36.453  -65.153  -25.307 0.5000000000
19022  38.992  -64.709  -26.600 0.4000000060
31041  36.722  -53.755  -19.053 0.1000000015
29956  36.168  -54.663  -19.004 0.1000000015
17946  35.756  -65.269  -24.764 0.4000000060
28912  35.308  -55.021  -19.743 0.1000000015
31052  36.017  -54.004  -20.049 0.1000000015
29962  35.951  -54.406  -19.622 0.1000000015
15809  42.293  -67.357  -23.855 0.1000000015
15796  39.593  -67.586  -23.704 0.1000000015
15784  37.546  -67.213  -22.469 0.1000000015
14642  38.810  -67.777  -23.118 0.1000000015
15795  40.418  -67.680  -23.358 0.1000000015
16853  36.402  -67.022  -20.713 0.1000000015
16892  35.369  -66.358  -23.774 0.4000000060
17949  43.527  -66.931  -24.914 0.1000000015
17937  37.266  -65.818  -23.972 0.3000000119
17963  38.862  -65.039  -26.284 0.3000000119
29961  36.407  -54.088  -19.181 0.1000000015
15782  39.331  -67.894  -22.059 0.1000000015
14725  35.508  -68.173  -30.448 0.1000000015
14736  35.699  -68.582  -31.394 0.1000000015
13646  36.600  -69.708  -32.518 0.1000000015
14737  35.025  -68.279  -31.173 0.1000000015
13628  36.975  -69.625  -31.785 0.1000000015
14726  34.911  -68.031  -30.672 0.1000000015
15875  33.777  -67.552  -30.253 0.1000000015
15887  34.452  -67.877  -30.907 0.1000000015
95494  34.088  -75.610  -27.817 0.1000000015
14696  31.974  -68.766  -27.426 0.1000000015
14703  32.481  -68.427  -27.995 0.1000000015
14724  36.563  -68.753  -30.828 0.1000000015
15858  32.727  -68.217  -28.641 0.1000000015
15868  34.003  -67.662  -29.344 0.1000000015
13619  37.251  -69.498  -31.152 0.1000000015
13645  37.273  -70.228  -32.256 0.1000000015
95490  33.914  -75.595  -27.095 0.1000000015
95480  34.212  -75.604  -28.713 0.1000000015
95496  34.750  -75.773  -28.951 0.1000000015
6655  33.932  -76.705  -24.968 0.1000000015
6667  33.910  -75.849  -26.030 0.1000000015
95501  33.954  -76.111  -27.105 0.1000000015
6679  34.537  -76.445  -27.119 0.1000000015
7532  35.576  -74.478  -29.288 0.1000000015
12534  32.765  -71.038  -28.204 0.1000000015
13605  32.156  -70.082  -27.290 0.1000000015
14710  36.291  -68.199  -30.039 0.1000000015
15873  35.231  -67.799  -29.885 0.1000000015
14723  37.600  -68.861  -30.532 0.1000000015
13627  37.644  -69.902  -31.801 0.1000000015
6678  35.374  -76.174  -28.248 0.1000000015
95497  35.614  -75.613  -29.064 0.1000000015
5887  34.502  -77.345  -24.861 0.1000000015
6654  34.641  -76.803  -25.496 0.1000000015
6665  35.296  -76.428  -26.752 0.1000000015
6687  36.161  -75.730  -28.283 0.1000000015
95473  36.143  -75.035  -29.205 0.1000000015
95469  35.358  -73.492  -27.849 0.1000000015
95485  34.041  -72.540  -27.635 0.1000000015
12527  33.121  -70.977  -27.211 0.1000000015
12528  32.474  -70.338  -27.276 0.1000000015
13598  32.562  -69.674  -26.847 0.1000000015
14686  32.131  -68.674  -26.983 0.1000000015
15856  34.550  -67.564  -28.528 0.1000000015
14709  37.005  -68.275  -30.008 0.1000000015
15865  36.686  -67.726  -29.579 0.1000000015
15866  35.810  -67.654  -29.594 0.1000000015
15867  34.957  -67.553  -29.388 0.1000000015
6677  35.861  -75.186  -27.428 0.1000000015
5877  34.443  -77.437  -24.087 0.1000000015
6666  34.824  -76.444  -26.165 0.1000000015
95459  35.731  -75.861  -26.577 0.1000000015
8433  35.329  -73.570  -26.653 0.1000000015
95479  34.074  -72.095  -25.969 0.1000000015
12525  33.702  -70.746  -25.773 0.1000000015
5876  35.164  -77.291  -24.602 0.1000000015
5886  35.079  -77.239  -25.194 0.1000000015
6653  35.591  -76.530  -25.372 0.1000000015
13597  33.373  -69.851  -26.216 0.1000000015
14684  33.441  -68.608  -26.260 0.1000000015
14685  32.533  -68.715  -26.753 0.1000000015
15835  33.991  -67.609  -26.644 0.1000000015
15836  33.413  -67.878  -26.676 0.1000000015
15847  34.260  -67.568  -27.569 0.1000000015
15845  36.075  -67.517  -28.080 0.1000000015
15846  35.194  -67.444  -27.832 0.1000000015
15848  33.465  -67.758  -27.258 0.1000000015
16933  37.020  -67.611  -29.542 0.1000000015
15855  35.504  -67.274  -28.735 0.1000000015
13626  38.081  -70.354  -31.806 0.1000000015
13618  38.348  -69.715  -31.337 0.1000000015
12554  39.149  -70.693  -30.943 0.1000000015
95456  35.891  -73.826  -25.414 0.1000000015
5862  35.073  -77.182  -23.812 0.1000000015
7499  35.741  -76.259  -23.874 0.1000000015
6643  35.835  -76.413  -24.644 0.1000000015
95460  36.149  -76.016  -24.618 0.1000000015
8428  35.062  -72.457  -25.564 0.1000000015
95487  34.527  -71.021  -25.282 0.1000000015
6644  35.542  -76.660  -24.258 0.1000000015
12517  34.796  -70.297  -24.966 0.1000000015
12524  34.354  -70.294  -25.379 0.1000000015
13589  34.037  -69.783  -25.691 0.1000000015
13588  34.687  -69.565  -25.175 0.1000000015
14668  34.292  -68.959  -25.684 0.1000000015
14667  35.246  -68.674  -25.270 0.1000000015
14683  34.623  -68.086  -26.049 0.1000000015
14693  35.681  -67.863  -27.373 0.1000000015
15834  35.000  -67.508  -26.876 0.1000000015
14708  37.740  -67.883  -29.720 0.1000000015
14700  37.531  -67.899  -28.341 0.1000000015
15853  37.382  -67.395  -28.973 0.1000000015
14701  36.835  -67.616  -28.329 0.1000000015
14707  38.499  -68.034  -29.041 0.1000000015
15854  36.530  -66.962  -28.956 0.1000000015
12553  39.959  -70.537  -30.847 0.1000000015
6631  36.243  -76.179  -22.989 0.1000000015
6632  35.297  -76.411  -23.230 0.1000000015
7498  36.167  -75.774  -23.855 0.1000000015
7506  35.873  -76.211  -24.261 0.1000000015
9394  36.386  -74.715  -24.816 0.1000000015
9412  35.647  -72.687  -25.303 0.1000000015
95477  34.948  -71.631  -25.259 0.1000000015
95467  36.132  -73.077  -24.886 0.1000000015
11430  35.390  -71.101  -24.726 0.1000000015
12516  35.255  -70.329  -24.553 0.1000000015
13574  35.045  -69.781  -24.683 0.1000000015
13587  35.171  -69.275  -24.777 0.1000000015
13573  35.610  -69.543  -24.384 0.1000000015
14666  36.304  -68.484  -25.490 0.1000000015
14682  35.734  -68.236  -26.453 0.1000000015
14692  36.574  -68.104  -27.502 0.1000000015
14722  38.820  -68.284  -30.760 0.1000000015
13617  39.426  -69.692  -30.867 0.1000000015
9379  37.560  -74.153  -23.169 0.1000000015
6630  37.463  -76.772  -23.106 0.1000000015
7497  37.157  -75.818  -23.525 0.1000000015
8412  36.745  -75.220  -23.724 0.1000000015
95470  36.966  -73.029  -23.969 0.1000000015
95453  36.189  -72.507  -24.762 0.1000000015
11428  36.566  -71.705  -24.300 0.1000000015
12514  36.845  -70.801  -24.110 0.1000000015
9403  35.863  -72.320  -24.989 0.1000000015
11429  36.091  -71.343  -24.485 0.1000000015
13572  36.652  -69.580  -24.287 0.1000000015
13586  36.779  -68.851  -24.897 0.1000000015
14691  37.488  -68.069  -27.198 0.1000000015
14681  36.807  -68.510  -26.483 0.1000000015
14699  38.277  -67.876  -27.790 0.1000000015
15852  39.170  -67.802  -28.208 0.1000000015
15863  39.400  -67.331  -29.560 0.1000000015
8410  38.676  -75.230  -23.286 0.1000000015
6629  38.789  -76.851  -23.370 0.1000000015
7496  38.525  -76.000  -23.348 0.1000000015
8411  37.616  -75.099  -23.418 0.1000000015
6612  36.999  -77.048  -22.598 0.1000000015
95474  36.833  -72.227  -24.126 0.1000000015
14665  37.165  -68.798  -25.675 0.1000000015
14680  37.691  -68.374  -26.321 0.1000000015
15844  38.895  -67.681  -27.144 0.1000000015
15851  39.994  -67.383  -28.407 0.1000000015
7495  39.265  -76.516  -23.321 0.1000000015
8400  38.405  -74.618  -23.160 0.1000000015
95455  37.297  -72.660  -23.620 0.1000000015
95462  37.562  -72.709  -23.361 0.1000000015
95471  37.426  -72.206  -23.554 0.1000000015
12505  37.268  -71.744  -23.765 0.1000000015
12513  37.894  -71.149  -23.776 0.1000000015
13571  37.684  -70.073  -24.315 0.1000000015
13584  38.393  -69.656  -25.059 0.1000000015
13585  37.445  -69.346  -25.014 0.1000000015
14663  39.072  -68.776  -25.627 0.1000000015
14679  38.561  -68.244  -26.135 0.1000000015
15831  40.546  -67.961  -26.256 0.1000000015
14690  38.221  -67.869  -26.818 0.1000000015
15843  39.791  -67.558  -27.300 0.1000000015
15850  40.557  -67.102  -28.609 0.1000000015
16929  40.790  -66.819  -29.132 0.1000000015
7485  39.131  -75.583  -23.162 0.1000000015
10339  37.259  -73.505  -23.564 0.1000000015
7484  39.599  -76.153  -22.805 0.1000000015
12512  39.152  -71.060  -24.394 0.1000000015
13570  38.633  -70.413  -24.476 0.1000000015
13583  39.503  -70.105  -24.895 0.1000000015
14677  40.839  -68.508  -25.672 0.1000000015
15822  39.923  -68.149  -25.809 0.1000000015
15842  40.935  -67.354  -27.689 0.1000000015
17966  42.027  -66.612  -28.402 0.1000000015
95928  42.488  -66.208  -28.119 0.1000000015
8398  39.544  -75.425  -22.087 0.1000000015
8399  39.225  -74.916  -22.681 0.1000000015
9378  38.548  -73.957  -22.620 0.1000000015
10338  38.353  -72.824  -22.923 0.1000000015
95472  38.791  -72.173  -23.750 0.1000000015
12523  39.739  -70.902  -24.699 0.1000000015
13582  40.691  -70.019  -25.266 0.1000000015
13556  47.851  -68.786  -23.628 0.1000000015
14639  46.359  -68.568  -24.145 0.1000000015
14649  44.742  -68.829  -25.118 0.1000000015
14658  43.899  -68.863  -25.521 0.1000000015
14675  42.338  -68.660  -25.857 0.1000000015
14661  41.125  -69.102  -25.443 0.1000000015
14662  40.179  -68.791  -25.454 0.1000000015
14638  46.961  -68.318  -24.239 0.1000000015
14648  45.725  -68.062  -24.854 0.1000000015
95911  43.771  -68.097  -26.087 0.1000000015
14676  41.415  -68.513  -25.874 0.1000000015
14637  47.882  -67.639  -23.956 0.1000000015
14647  46.759  -67.492  -25.027 0.1000000015
15807  46.040  -67.392  -26.006 0.1000000015
95917  43.996  -67.272  -26.398 0.1000000015
15830  41.723  -68.084  -26.737 0.1000000015
15805  47.071  -66.647  -24.873 0.1000000015
15806  46.197  -66.643  -25.774 0.1000000015
95910  45.081  -67.278  -26.425 0.1000000015
15841  42.111  -67.555  -27.646 0.1000000015
95914  44.410  -65.353  -26.733 0.1000000015
95929  44.033  -66.256  -27.082 0.1000000015
8389  39.477  -74.792  -21.663 0.1000000015
9366  38.969  -74.092  -21.647 0.1000000015
10325  38.462  -73.325  -21.898 0.1000000015
95454  39.430  -73.177  -24.284 0.1000000015
95466  39.630  -71.898  -24.522 0.1000000015
12511  39.840  -71.399  -24.699 0.1000000015
12521  41.167  -71.066  -25.392 0.1000000015
13580  42.571  -70.003  -25.419 0.1000000015
13565  45.166  -68.961  -24.288 0.1000000015
13578  43.944  -69.416  -25.111 0.1000000015
14659  42.990  -69.121  -25.544 0.1000000015
13596  41.765  -69.107  -25.606 0.1000000015
13557  46.693  -69.107  -23.574 0.1000000015
95927  44.940  -66.979  -25.163 0.1000000015
15804  46.248  -66.669  -25.090 0.1000000015
8375  39.637  -74.747  -20.708 0.1000000015
8376  39.362  -74.404  -21.173 0.1000000015
95465  40.125  -71.975  -25.093 0.1000000015
11440  41.367  -71.926  -25.659 0.1000000015
11441  40.718  -71.975  -25.494 0.1000000015
12510  42.526  -71.154  -25.042 0.1000000015
12520  41.934  -71.105  -25.539 0.1000000015
13558  45.595  -69.278  -23.430 0.1000000015
13559  44.604  -69.321  -23.682 0.1000000015
13568  43.093  -70.236  -25.026 0.1000000015
14623  47.499  -68.451  -22.017 0.1000000015
13547  46.157  -69.899  -22.538 0.1000000015
14660  42.531  -69.283  -25.564 0.1000000015
15775  47.174  -67.225  -22.755 0.1000000015
13544  49.012  -68.556  -22.975 0.1000000015
9354  39.324  -73.908  -20.712 0.1000000015
10313  38.613  -73.221  -20.906 0.1000000015
11376  38.482  -72.351  -21.635 0.1000000015
10337  39.116  -72.366  -22.843 0.1000000015
95461  39.537  -72.612  -23.339 0.1000000015
95457  40.106  -73.659  -24.566 0.1000000015
9411  40.692  -73.744  -25.017 0.1000000015
10374  40.925  -72.950  -25.614 0.1000000015
11439  41.920  -72.173  -25.505 0.1000000015
12509  43.134  -70.435  -24.412 0.1000000015
13567  43.613  -69.779  -24.747 0.1000000015
13546  47.513  -69.319  -22.823 0.1000000015
16875  46.725  -66.819  -23.015 0.1000000015
95921  44.168  -67.257  -24.457 0.1000000015
12495  38.586  -71.562  -21.828 0.1000000015
10354  40.339  -72.965  -23.699 0.1000000015
10353  41.025  -73.179  -23.989 0.1000000015
10364  41.422  -73.237  -24.777 0.1000000015
10373  41.828  -72.921  -25.283 0.1000000015
13560  43.760  -69.678  -24.006 0.1000000015
12502  43.224  -70.164  -23.445 0.1000000015
13532  46.986  -69.233  -22.035 0.1000000015
13548  44.903  -69.639  -22.791 0.1000000015
95920  43.542  -67.451  -23.511 0.1000000015
16898  43.397  -67.326  -24.261 0.1000000015
11397  38.887  -71.965  -22.321 0.1000000015
11396  39.599  -71.747  -22.911 0.1000000015
11395  40.565  -71.696  -23.356 0.1000000015
11415  40.139  -72.303  -23.480 0.1000000015
11427  41.852  -72.789  -24.703 0.1000000015
11412  41.963  -71.947  -24.439 0.1000000015
12503  42.257  -71.278  -24.074 0.1000000015
16888  44.556  -66.868  -22.181 0.1000000015
15757  46.574  -67.824  -22.035 0.1000000015
15792  43.595  -67.417  -22.811 0.1000000015
12494  38.959  -70.696  -22.114 0.1000000015
12493  40.286  -70.698  -22.662 0.1000000015
12469  42.305  -70.710  -21.929 0.1000000015
12470  41.322  -70.447  -22.205 0.1000000015
12504  41.754  -71.559  -23.919 0.1000000015
12491  42.748  -70.583  -22.778 0.1000000015
16877  45.257  -66.746  -22.050 0.1000000015
16848  45.535  -67.226  -20.548 0.1000000015
14624  46.296  -68.657  -21.377 0.1000000015
13533  45.840  -69.725  -21.543 0.1000000015
12489  45.096  -70.335  -22.164 0.1000000015
12490  43.920  -69.946  -22.395 0.1000000015
15780  41.786  -67.780  -22.065 0.1000000015
13536  42.855  -70.075  -21.051 0.1000000015
12492  41.547  -71.206  -23.252 0.1000000015
12468  43.389  -70.336  -21.730 0.1000000015
13514  45.408  -69.082  -20.756 0.1000000015
12467  44.452  -70.236  -21.586 0.1000000015
13534  44.960  -69.900  -20.988 0.1000000015
12535  32.093  -70.594  -27.849 0.1000000015
13599  32.057  -69.095  -26.968 0.1000000015
14702  32.934  -68.109  -27.516 0.1000000015
14695  32.424  -68.380  -27.212 0.1000000015
14735  36.431  -69.000  -31.831 0.1000000015
15857  33.414  -67.968  -28.294 0.1000000015
13620  36.760  -69.279  -31.353 0.1000000015
15874  34.692  -67.766  -30.142 0.1000000015
95486  33.638  -75.090  -27.991 0.1000000015
14704  31.553  -68.676  -28.239 0.1000000015
13606  31.799  -69.570  -27.538 0.1000000015
15869  32.706  -67.790  -29.465 0.1000000015
7531  36.086  -74.631  -28.428 0.1000000015
95500  35.036  -73.125  -28.161 0.1000000015
14669  33.763  -69.275  -25.908 0.1000000015
11431  34.997  -70.780  -24.902 0.1000000015
10366  35.614  -71.943  -25.020 0.1000000015
12515  35.951  -70.442  -24.273 0.1000000015
14651  36.000  -68.736  -24.562 0.1000000015
95475  36.391  -72.319  -24.560 0.1000000015
12506  37.070  -71.505  -23.955 0.1000000015
14664  38.050  -68.941  -25.717 0.1000000015
15862  40.262  -67.184  -29.069 0.1000000015
15833  38.745  -67.899  -26.569 0.1000000015
16926  41.056  -66.805  -28.476 0.1000000015
15861  40.516  -67.067  -28.919 0.1000000015
16922  41.688  -67.004  -28.288 0.1000000015
95934  41.515  -66.271  -28.937 0.1000000015
15840  42.700  -67.124  -27.606 0.1000000015
95922  43.245  -66.844  -27.127 0.1000000015
95463  39.770  -72.699  -25.039 0.1000000015
12522  40.352  -71.088  -24.949 0.1000000015
95909  44.799  -68.265  -26.047 0.1000000015
14674  43.173  -68.420  -25.830 0.1000000015
13581  41.660  -69.981  -25.496 0.1000000015
14657  45.579  -67.895  -26.014 0.1000000015
15787  48.597  -67.176  -23.222 0.1000000015
15829  42.871  -67.681  -26.587 0.1000000015
16884  46.521  -66.648  -24.497 0.1000000015
95912  45.474  -66.694  -26.650 0.1000000015
13566  44.322  -69.340  -24.603 0.1000000015
13579  43.379  -69.585  -25.254 0.1000000015
95925  45.547  -67.250  -23.799 0.1000000015
95458  39.970  -73.582  -25.222 0.1000000015
16876  46.155  -67.088  -22.569 0.1000000015
16886  45.552  -67.118  -22.944 0.1000000015
11413  41.552  -72.196  -24.244 0.1000000015
19045  39.793  -64.253  -28.075 0.3000000119
19036  38.714  -64.450  -27.303 0.3000000119
19023  37.805  -64.697  -26.687 0.4000000060
18014  38.394  -65.345  -37.649 0.1000000015
19119  39.380  -64.531  -37.253 0.1000000015
19103  40.137  -65.311  -36.207 0.2000000030
96074  40.402  -64.501  -34.326 0.3000000119
95936  41.087  -63.966  -28.363 0.3000000119
17979  38.947  -65.384  -32.153 0.4000000060
96070  40.216  -64.353  -34.025 0.3000000119
17974  38.527  -65.217  -31.622 0.4000000060
16971  38.254  -66.640  -38.168 0.1000000015
18012  40.817  -64.532  -35.397 0.3000000119
19054  36.352  -64.370  -29.538 0.4000000060
18022  38.766  -65.552  -38.801 0.1000000015
19118  40.821  -64.692  -36.820 0.2000000030
96072  40.270  -63.845  -34.564 0.3000000119
17985  38.886  -65.239  -33.393 0.3000000119
19061  36.787  -64.353  -30.576 0.4000000060
19026  34.852  -63.391  -26.397 0.4000000060
19068  38.019  -65.011  -32.320 0.4000000060
19048  35.836  -64.367  -28.663 0.4000000060
20164  40.259  -64.370  -39.080 0.2000000030
19130  39.411  -64.670  -38.562 0.2000000030
20146  40.124  -63.874  -37.656 0.2000000030
96077  40.496  -63.407  -35.764 0.2000000030
19144  40.012  -65.038  -39.358 0.1000000015
19039  35.440  -63.817  -27.998 0.5000000000
20054  34.150  -63.306  -26.812 0.5000000000
20044  34.505  -62.907  -26.004 0.4000000060
19069  36.959  -64.527  -31.755 0.4000000060
19055  35.408  -64.236  -29.527 0.4000000060
20069  34.828  -63.480  -28.320 0.5000000000
20053  34.880  -63.372  -27.583 0.5000000000
21156  34.115  -62.450  -26.158 0.4000000060
20156  40.402  -63.646  -38.547 0.2000000030
21266  40.922  -63.388  -37.347 0.2000000030
96075  40.204  -63.361  -35.350 0.4000000060
96056  39.202  -64.580  -34.904 0.3000000119
19049  35.101  -63.893  -28.802 0.5000000000
21157  33.849  -62.159  -25.700 0.4000000060
21150  33.182  -61.840  -25.047 0.4000000060
19081  36.992  -64.624  -32.961 0.4000000060
20163  40.583  -63.786  -39.624 0.2000000030
22243  33.294  -61.120  -24.894 0.4000000060
22343  40.213  -62.888  -36.438 0.2000000030
19080  37.679  -65.347  -33.577 0.3000000119
19062  35.715  -64.257  -30.451 0.4000000060
22360  40.505  -62.406  -37.227 0.2000000030
21253  39.650  -63.272  -35.938 0.3000000119
96076  39.046  -63.830  -35.630 0.4000000060
22244  32.884  -61.358  -24.442 0.4000000060
17989  38.042  -65.581  -34.873 0.3000000119
19056  34.769  -63.922  -29.467 0.5000000000
20070  34.176  -63.405  -27.942 0.5000000000
21286  40.440  -63.003  -40.301 0.2000000030
21277  40.731  -62.893  -39.028 0.2000000030
19070  35.983  -64.101  -31.432 0.4000000060
21168  33.520  -62.315  -26.454 0.5000000000
22247  33.508  -61.127  -25.458 0.4000000060
21298  40.258  -62.671  -40.777 0.2000000030
22370  41.108  -61.791  -38.461 0.2000000030
22344  39.983  -62.584  -36.853 0.2000000030
17992  36.937  -64.960  -34.791 0.4000000060
20084  34.389  -63.651  -29.295 0.5000000000
20071  33.351  -63.317  -27.652 0.5000000000
21299  40.113  -63.062  -41.001 0.2000000030
96061  38.075  -64.847  -35.621 0.4000000060
19086  37.458  -65.406  -34.219 0.3000000119
19063  34.827  -64.157  -30.277 0.5000000000
20081  34.319  -63.514  -28.733 0.5000000000
22389  40.112  -62.193  -41.127 0.2000000030
25644  33.357  -58.377  -23.014 0.4000000060
27824  34.201  -56.390  -21.868 0.2000000030
24498  32.604  -59.812  -23.760 0.4000000060
23308  33.160  -60.836  -24.627 0.4000000060
21240  38.728  -63.554  -36.138 0.4000000060
22255  33.357  -61.198  -26.234 0.4000000060
23320  33.182  -60.456  -25.077 0.4000000060
22377  40.537  -61.829  -39.945 0.2000000030
22361  39.831  -61.945  -37.667 0.2000000030
23485  40.996  -60.861  -39.274 0.2000000030
25645  32.901  -59.004  -23.637 0.4000000060
23321  33.035  -59.868  -24.896 0.4000000060
24517  33.216  -59.604  -24.870 0.4000000060
19082  36.057  -64.023  -32.507 0.3000000119
20082  33.522  -63.276  -28.581 0.5000000000
20055  32.976  -63.060  -26.889 0.5000000000
19088  36.152  -64.346  -33.565 0.4000000060
19071  35.006  -64.252  -31.300 0.4000000060
19104  37.249  -64.510  -35.720 0.4000000060
20085  33.900  -63.373  -29.354 0.5000000000
23458  40.334  -61.312  -38.399 0.2000000030
25654  33.203  -58.961  -24.300 0.4000000060
22256  32.557  -61.442  -26.947 0.5000000000
19083  35.354  -64.036  -32.043 0.4000000060
20086  34.278  -63.716  -29.925 0.5000000000
20072  32.772  -62.858  -27.666 0.5000000000
20087  33.804  -63.179  -30.178 0.5000000000
20095  34.184  -63.722  -30.967 0.5000000000
21178  33.004  -62.938  -28.712 0.5000000000
19058  41.068  -64.914  -30.347 0.3000000119
19051  40.335  -64.581  -29.181 0.3000000119
19066  42.196  -64.108  -32.073 0.2000000030
19067  41.231  -64.415  -31.861 0.3000000119
17972  39.959  -65.244  -31.094 0.3000000119
19059  39.572  -64.955  -30.339 0.3000000119
19078  41.627  -64.517  -32.725 0.2000000030
19079  41.252  -64.475  -32.631 0.2000000030
17977  40.333  -64.989  -31.828 0.2000000030
19102  40.839  -65.287  -35.776 0.2000000030
22394  38.273  -61.967  -42.095 0.1000000015
22395  37.631  -61.524  -42.212 0.1000000015
23462  36.722  -60.480  -38.209 0.1000000015
95944  42.760  -64.174  -32.013 0.1000000015
19057  42.174  -64.549  -30.937 0.2000000030
19076  43.339  -64.710  -31.851 0.1000000015
17987  42.903  -65.286  -32.557 0.1000000015
20174  40.442  -63.924  -40.659 0.1000000015
21300  39.369  -62.823  -41.662 0.1000000015
24702  40.040  -59.975  -38.648 0.1000000015
23459  39.428  -60.980  -38.613 0.1000000015
23460  38.233  -60.906  -38.526 0.1000000015
22363  37.693  -62.021  -38.049 0.1000000015
25852  39.725  -58.765  -38.762 0.1000000015
23461  37.290  -60.985  -38.141 0.1000000015
21241  36.268  -62.374  -36.600 0.1000000015
22336  35.607  -61.438  -36.587 0.1000000015
21231  35.080  -62.233  -35.967 0.1000000015
22328  35.270  -61.241  -35.553 0.1000000015
22319  35.296  -61.158  -34.764 0.1000000015
20101  42.903  -64.467  -31.359 0.1000000015
21254  38.434  -62.872  -37.029 0.1000000015
23486  40.515  -60.558  -39.947 0.1000000015
23473  40.842  -60.469  -38.770 0.1000000015
20132  36.901  -63.627  -36.315 0.2000000030
19090  35.540  -64.099  -34.377 0.3000000119
20103  34.652  -63.597  -32.230 0.3000000119
21195  33.969  -63.093  -31.637 0.3000000119
22391  38.212  -60.789  -41.660 0.1000000015
23475  40.483  -59.723  -39.911 0.1000000015
22362  38.825  -62.048  -37.948 0.1000000015
20150  36.694  -63.173  -36.573 0.1000000015
19094  35.308  -63.816  -35.200 0.2000000030
20105  34.951  -62.781  -32.946 0.3000000119
24727  39.834  -58.798  -39.762 0.1000000015
20134  35.506  -62.684  -36.144 0.1000000015
21212  34.847  -61.884  -33.219 0.2000000030
21205  34.199  -62.418  -32.380 0.3000000119
22311  35.249  -61.525  -34.060 0.1000000015
22301  34.225  -61.195  -32.769 0.2000000030
21206  33.798  -61.645  -32.004 0.4000000060
23402  35.117  -60.662  -34.363 0.1000000015
22312  34.688  -60.920  -33.694 0.1000000015
17950  43.106  -66.509  -25.497 0.1000000015
17959  43.513  -65.122  -26.273 0.1000000015
21177  32.592  -62.168  -27.558 0.4000000060
21180  33.217  -62.730  -29.408 0.4000000060
20096  33.761  -62.999  -30.937 0.4000000060
21181  32.576  -62.071  -29.413 0.4000000060
22277  33.126  -61.916  -30.777 0.4000000060
22275  32.702  -61.513  -29.728 0.4000000060
21196  33.550  -62.315  -31.410 0.4000000060
22290  32.831  -60.927  -31.001 0.5000000000
22302  33.783  -60.956  -32.092 0.3000000119
23375  33.169  -60.607  -31.194 0.5000000000
23403  34.913  -60.054  -34.117 0.2000000030
23374  33.752  -60.287  -31.711 0.4000000060
24642  35.230  -59.602  -35.232 0.1000000015
24643  35.010  -59.449  -34.848 0.1000000015
23388  34.646  -60.030  -33.221 0.2000000030
23389  34.164  -60.382  -32.441 0.2000000030
25828  35.168  -59.186  -36.106 0.1000000015
25815  35.069  -58.968  -35.830 0.1000000015
24621  34.785  -59.033  -33.258 0.2000000030
25829  34.807  -59.188  -36.417 0.1000000015
26934  35.181  -58.460  -36.031 0.1000000015
23335  32.779  -60.352  -26.724 0.4000000060
23334  33.347  -60.315  -25.896 0.3000000119
21179  32.586  -62.374  -28.520 0.4000000060
23344  31.970  -60.831  -28.062 0.4000000060
22278  32.869  -61.308  -30.496 0.4000000060
23366  33.013  -60.641  -30.639 0.4000000060
23359  32.821  -60.860  -29.797 0.4000000060
23365  33.467  -60.060  -31.027 0.4000000060
24622  34.328  -59.390  -32.469 0.3000000119
25798  34.899  -58.473  -34.837 0.2000000030
25782  34.683  -58.236  -33.917 0.2000000030
26935  35.024  -57.757  -35.858 0.1000000015
25841  32.400  -58.796  -37.808 0.1000000015
24531  32.958  -59.996  -27.399 0.4000000060
23342  33.211  -60.354  -28.628 0.4000000060
24545  32.998  -60.172  -27.731 0.4000000060
23358  33.447  -60.236  -30.274 0.4000000060
23348  33.354  -60.381  -29.428 0.4000000060
24573  33.965  -59.803  -29.941 0.3000000119
24590  33.748  -59.293  -30.751 0.4000000060
24607  33.821  -59.263  -31.584 0.3000000119
26914  34.403  -57.671  -34.881 0.2000000030
26897  34.215  -57.442  -34.090 0.2000000030
25767  34.379  -58.532  -33.101 0.2000000030
24691  31.108  -59.466  -36.857 0.1000000015
24690  31.614  -59.093  -37.478 0.1000000015
25842  31.962  -58.598  -37.462 0.1000000015
24501  33.395  -59.087  -24.586 0.3000000119
24515  34.742  -58.991  -25.515 0.4000000060
24516  33.655  -59.473  -25.223 0.3000000119
24530  33.503  -59.662  -26.716 0.4000000060
24543  34.533  -59.486  -27.577 0.4000000060
24544  33.577  -60.096  -27.917 0.4000000060
24557  33.994  -60.131  -29.040 0.4000000060
24572  34.582  -59.334  -29.625 0.4000000060
26865  33.002  -57.595  -31.136 0.3000000119
25712  32.825  -58.035  -29.872 0.3000000119
25731  33.210  -58.258  -30.576 0.3000000119
24589  34.148  -58.950  -30.358 0.3000000119
26898  33.871  -56.935  -33.385 0.2000000030
26883  33.584  -57.386  -32.052 0.3000000119
25768  33.824  -58.262  -32.520 0.2000000030
25751  33.248  -58.312  -31.300 0.3000000119
25783  34.133  -57.889  -33.446 0.2000000030
25653  33.784  -58.439  -24.314 0.3000000119
25652  34.321  -58.123  -24.622 0.3000000119
25671  34.241  -58.833  -25.001 0.3000000119
24528  35.776  -59.068  -26.130 0.3000000119
24514  35.315  -58.723  -25.517 0.4000000060
24542  35.619  -59.285  -27.290 0.4000000060
24529  34.620  -59.319  -26.387 0.4000000060
24555  35.570  -59.505  -28.404 0.3000000119
24556  34.683  -59.766  -28.669 0.4000000060
25749  35.139  -57.617  -30.701 0.3000000119
25729  35.425  -58.288  -30.341 0.2000000030
24571  35.450  -59.069  -29.487 0.2000000030
27931  33.724  -57.061  -30.941 0.3000000119
25730  34.196  -58.023  -30.468 0.3000000119
25711  34.677  -58.688  -30.122 0.2000000030
25710  35.006  -58.779  -29.811 0.2000000030
27975  33.906  -56.227  -32.426 0.3000000119
27952  33.619  -57.006  -31.529 0.3000000119
27932  33.212  -57.210  -30.980 0.3000000119
26744  33.825  -57.754  -23.259 0.3000000119
26758  34.067  -57.714  -23.914 0.3000000119
24554  36.625  -59.383  -28.187 0.3000000119
24586  37.392  -58.782  -30.178 0.2000000030
24585  38.374  -59.260  -30.055 0.2000000030
24570  36.464  -59.228  -29.240 0.2000000030
26840  37.295  -57.786  -31.037 0.2000000030
24587  36.175  -58.661  -29.860 0.2000000030
26737  34.152  -57.169  -22.531 0.2000000030
26951  34.705  -58.495  -36.298 0.1000000015
22345  39.406  -62.517  -37.069 0.1000000015
19089  36.335  -64.528  -34.368 0.3000000119
20131  37.843  -63.774  -36.429 0.3000000119
20102  35.344  -63.789  -32.527 0.2000000030
19093  36.177  -64.259  -35.170 0.2000000030
23442  36.621  -61.050  -37.678 0.1000000015
24717  40.480  -59.457  -38.946 0.1000000015
24703  38.749  -59.303  -38.636 0.1000000015
21255  37.357  -62.659  -37.372 0.1000000015
22347  36.544  -61.864  -37.104 0.1000000015
22335  36.068  -62.002  -36.657 0.1000000015
20109  34.625  -62.765  -35.339 0.1000000015
20148  37.702  -63.249  -37.066 0.2000000030
20104  35.397  -63.518  -33.317 0.3000000119
20119  35.050  -63.097  -35.773 0.2000000030
21184  33.402  -62.539  -30.457 0.4000000060
20108  34.783  -63.263  -34.643 0.3000000119
22264  32.135  -61.387  -28.045 0.4000000060
23349  32.618  -60.659  -28.895 0.4000000060
24634  35.031  -59.187  -33.991 0.2000000030
22269  32.158  -61.371  -29.024 0.4000000060
26843  33.855  -57.450  -30.655 0.3000000119
25670  34.733  -58.330  -25.048 0.4000000060
26863  35.705  -57.231  -30.942 0.2000000030
26842  36.305  -57.797  -30.744 0.2000000030
25728  36.602  -58.293  -30.467 0.2000000030
24588  35.679  -58.658  -29.869 0.2000000030
26776  35.300  -57.739  -24.995 0.3000000119
27854  34.852  -56.878  -23.894 0.2000000030
19085  41.046  -65.050  -33.322 0.1000000015
96066  40.865  -64.868  -33.284 0.1000000015
96064  40.683  -64.721  -33.209 0.1000000015
96054  39.872  -65.740  -34.647 0.1000000015
96059  40.427  -64.683  -33.651 0.1000000015
29998  34.786  -55.066  -21.670 0.1000000015
28942  34.471  -55.429  -22.286 0.1000000015
26743  34.369  -57.243  -23.515 0.1000000015
27833  34.518  -56.181  -23.182 0.1000000015
26757  34.534  -57.632  -24.421 0.1000000015
27853  35.104  -56.133  -24.053 0.2000000030
26756  35.326  -57.026  -24.562 0.2000000030
26775  36.108  -57.367  -25.250 0.2000000030
27873  35.831  -56.268  -24.961 0.2000000030
25669  35.932  -58.402  -25.463 0.2000000030
24541  36.652  -59.175  -27.115 0.2000000030
24553  37.772  -59.035  -28.014 0.1000000015
28986  35.460  -55.433  -24.527 0.2000000030
25682  36.702  -58.508  -26.040 0.2000000030
24527  36.654  -58.881  -26.394 0.2000000030
24540  37.281  -58.787  -26.930 0.1000000015
28934  34.659  -55.699  -21.354 0.1000000015
28959  34.463  -55.373  -23.017 0.1000000015
27951  34.326  -56.570  -31.582 0.2000000030
27974  34.564  -55.696  -31.999 0.2000000030
26864  34.621  -57.183  -30.869 0.2000000030
27950  35.312  -56.081  -31.419 0.2000000030
27973  35.082  -55.386  -31.830 0.2000000030
27949  36.409  -56.310  -31.166 0.2000000030
29109  35.623  -54.917  -31.688 0.1000000015
29084  36.149  -55.440  -31.238 0.1000000015
30181  35.446  -54.203  -32.274 0.1000000015
28958  34.853  -55.275  -23.646 0.1000000015
26862  36.773  -57.264  -31.069 0.1000000015
29083  37.066  -55.424  -31.430 0.1000000015
30180  36.436  -54.206  -32.134 0.1000000015
29108  36.452  -54.807  -31.515 0.1000000015
31263  36.075  -53.519  -32.229 0.1000000015
31235  35.840  -53.287  -31.668 0.1000000015
31148  35.795  -53.621  -23.859 0.1000000015
30057  35.420  -54.506  -24.273 0.1000000015
25748  37.738  -58.773  -31.017 0.1000000015
26861  37.757  -57.810  -31.318 0.1000000015
29082  38.093  -55.743  -31.700 0.1000000015
27948  37.445  -56.554  -31.376 0.1000000015
30179  37.512  -53.948  -32.178 0.1000000015
31262  37.089  -53.364  -32.309 0.1000000015
26860  39.007  -57.807  -32.185 0.1000000015
25747  38.648  -58.830  -31.691 0.1000000015
29080  40.142  -56.249  -32.020 0.1000000015
27947  38.548  -56.801  -31.738 0.1000000015
29107  39.148  -54.907  -32.120 0.1000000015
29081  39.176  -55.862  -31.871 0.1000000015
31260  39.079  -53.460  -32.947 0.1000000015
30178  38.561  -54.106  -32.199 0.1000000015
30153  37.798  -54.778  -31.848 0.1000000015
30152  38.544  -55.075  -31.966 0.1000000015
32367  38.967  -52.472  -33.483 0.1000000015
31261  38.234  -53.078  -32.824 0.1000000015
30071  35.952  -54.936  -24.991 0.1000000015
29005  35.912  -55.571  -25.016 0.1000000015
24605  38.161  -59.117  -30.816 0.1000000015
31259  40.028  -53.566  -32.895 0.1000000015
30177  39.572  -54.212  -32.317 0.1000000015
31276  39.472  -53.001  -33.529 0.1000000015
32354  36.692  -52.906  -32.108 0.1000000015
26882  39.348  -58.551  -32.230 0.1000000015
25801  30.027  -58.954  -34.067 0.1000000015
26901  29.747  -58.125  -33.314 0.1000000015
25785  29.531  -58.884  -33.513 0.1000000015
24645  29.558  -59.604  -34.169 0.1000000015
24646  28.700  -60.109  -34.041 0.1000000015
23404  28.235  -60.949  -33.430 0.1000000015
21215  26.944  -62.544  -33.416 0.1000000015
25800  30.512  -58.476  -34.555 0.1000000015
25784  30.030  -58.384  -33.850 0.1000000015
24635  29.012  -59.484  -33.541 0.1000000015
26900  30.498  -57.614  -33.657 0.1000000015
26918  30.876  -57.674  -34.569 0.1000000015
24644  30.214  -59.318  -34.492 0.1000000015
25769  29.194  -58.408  -32.843 0.1000000015
26899  31.155  -57.188  -34.268 0.1000000015
26884  30.428  -57.313  -32.964 0.1000000015
27976  30.508  -56.921  -32.589 0.1000000015
26885  29.810  -57.605  -32.447 0.1000000015
27977  30.074  -57.050  -32.115 0.1000000015
21227  26.169  -62.676  -34.044 0.1000000015
5861  37.759  -77.119  -22.968 0.1000000015
6686  36.228  -75.301  -28.344 0.1000000015
9392  40.515  -73.425  -23.925 0.1000000015
9393  39.877  -73.304  -23.872 0.1000000015
9402  40.666  -73.679  -24.311 0.1000000015
10363  41.953  -72.995  -24.975 0.1000000015
10365  36.150  -72.082  -24.755 0.1000000015
11394  41.076  -71.836  -23.789 0.1000000015
11414  40.787  -72.414  -23.788 0.1000000015
11426  42.103  -72.283  -24.819 0.1000000015
11442  34.987  -71.132  -25.050 0.1000000015
12465  45.610  -70.088  -21.632 0.1000000015
12466  45.296  -70.170  -21.580 0.1000000015
12488  45.664  -70.182  -21.848 0.1000000015
13530  48.850  -68.664  -22.439 0.1000000015
13531  48.051  -68.741  -22.379 0.1000000015
13545  48.414  -68.822  -22.916 0.1000000015
13549  43.968  -69.480  -23.152 0.1000000015
13555  48.534  -68.401  -23.368 0.1000000015
13564  45.918  -68.798  -24.023 0.1000000015
13569  39.097  -70.519  -24.590 0.1000000015
13595  42.189  -69.403  -25.594 0.1000000015
14620  49.294  -67.704  -22.978 0.1000000015
14621  49.259  -68.141  -22.569 0.1000000015
14622  48.669  -68.321  -21.895 0.1000000015
14630  48.869  -67.465  -23.373 0.1000000015
14631  49.037  -68.033  -23.358 0.1000000015
14632  39.705  -68.040  -22.852 0.1000000015
14633  38.981  -67.981  -22.775 0.1000000015
14634  38.673  -67.716  -22.924 0.1000000015
14636  48.311  -67.324  -23.431 0.1000000015
14641  39.195  -67.869  -23.258 0.1000000015
14646  47.305  -67.074  -25.167 0.1000000015
14650  44.289  -69.193  -25.161 0.1000000015
14652  35.480  -69.000  -24.672 0.1000000015
14678  38.974  -68.270  -25.941 0.1000000015
14694  32.952  -68.106  -26.872 0.1000000015
14711  32.247  -68.303  -28.686 0.1000000015
15754  49.234  -67.686  -22.611 0.1000000015
15755  49.029  -67.565  -22.143 0.1000000015
15756  48.004  -67.808  -22.267 0.1000000015
15758  45.870  -67.751  -20.963 0.1000000015
15773  49.118  -67.311  -22.833 0.1000000015
15774  48.369  -67.281  -22.768 0.1000000015
15776  46.520  -67.384  -22.397 0.1000000015
15777  44.279  -66.883  -21.898 0.1000000015
15788  47.609  -66.922  -23.615 0.1000000015
15789  47.052  -66.747  -23.222 0.1000000015
15790  44.897  -67.550  -23.398 0.1000000015
15791  44.330  -67.218  -22.535 0.1000000015
15797  38.496  -67.351  -23.441 0.1000000015
15808  44.169  -67.443  -23.226 0.1000000015
15813  38.693  -66.881  -24.358 0.2000000030
15819  46.175  -67.151  -25.165 0.1000000015
15821  41.812  -67.013  -24.647 0.2000000030
15823  39.616  -68.370  -25.730 0.1000000015
15832  39.333  -67.977  -26.218 0.1000000015
15864  37.192  -67.780  -29.588 0.1000000015
16798  41.514  -66.021  -16.061 0.1000000015
16862  46.181  -67.365  -22.116 0.1000000015
16863  45.645  -67.091  -21.395 0.1000000015
16878  44.644  -66.685  -21.883 0.1000000015
16885  46.303  -66.780  -23.622 0.1000000015
16887  44.891  -66.964  -22.472 0.1000000015
16893  34.627  -66.132  -23.886 0.5000000000
16899  42.612  -67.264  -24.336 0.2000000030
16903  38.361  -66.143  -24.607 0.2000000030
16907  34.752  -65.768  -24.221 0.5000000000
16910  42.636  -67.097  -24.832 0.1000000015
16921  42.315  -67.002  -28.164 0.1000000015
16927  37.350  -67.326  -29.247 0.1000000015
16928  37.031  -67.291  -29.371 0.1000000015
16932  37.285  -67.516  -29.438 0.1000000015
17912  34.562  -65.023  -20.406 0.5000000000
17938  34.607  -65.408  -23.873 0.5000000000
17957  35.992  -64.915  -25.218 0.5000000000
17982  43.348  -64.929  -32.235 0.1000000015
17990  37.305  -65.303  -34.470 0.4000000060
18021  39.526  -65.394  -39.225 0.1000000015
18031  39.306  -65.882  -39.409 0.1000000015
18955  38.649  -65.115  -18.118 0.1000000015
19034  41.296  -64.045  -26.791 0.3000000119
19050  34.670  -63.724  -28.999 0.5000000000
19087  36.909  -65.032  -33.972 0.4000000060
19105  36.429  -63.848  -35.860 0.2000000030
19120  38.776  -64.644  -37.984 0.2000000030
19131  38.717  -64.973  -38.315 0.2000000030
20029  32.939  -62.948  -22.055 0.5000000000
20039  32.541  -62.643  -23.620 0.5000000000
20052  42.029  -63.900  -26.581 0.3000000119
20056  32.750  -62.637  -27.246 0.5000000000
20066  43.333  -63.489  -27.380 0.1000000015
20080  34.743  -63.637  -28.708 0.5000000000
20083  32.938  -63.082  -28.235 0.5000000000
20118  35.797  -63.627  -35.659 0.2000000030
20120  34.736  -62.774  -35.635 0.1000000015
20133  36.143  -63.031  -36.209 0.1000000015
20147  39.589  -64.077  -38.000 0.2000000030
20149  37.147  -63.267  -36.850 0.2000000030
20157  39.948  -64.043  -38.415 0.2000000030
20175  40.258  -63.552  -40.958 0.2000000030
20186  39.901  -63.780  -41.201 0.2000000030
21071  41.265  -61.552  -19.364 0.2000000030
21076  37.188  -62.862  -19.066 0.2000000030
21093  41.293  -61.583  -19.673 0.2000000030
21116  40.566  -62.229  -20.786 0.3000000119
21117  39.521  -62.191  -20.737 0.2000000030
21118  38.557  -62.000  -20.294 0.2000000030
21122  32.618  -61.809  -21.329 0.5000000000
21134  40.263  -62.037  -21.316 0.3000000119
21135  40.029  -62.180  -21.194 0.3000000119
21137  32.650  -62.189  -21.984 0.5000000000
21146  32.093  -62.028  -23.779 0.5000000000
21147  31.956  -61.795  -24.056 0.5000000000
21152  32.124  -61.995  -24.200 0.5000000000
21167  34.111  -62.733  -26.337 0.4000000060
21169  32.826  -62.327  -26.952 0.5000000000
21211  35.261  -62.513  -33.820 0.3000000119
21221  35.029  -62.135  -34.937 0.1000000015
21222  34.818  -62.488  -35.550 0.1000000015
21232  34.879  -62.641  -35.785 0.1000000015
21242  35.794  -62.306  -36.394 0.1000000015
21256  36.668  -62.731  -36.801 0.1000000015
21267  38.259  -62.469  -37.771 0.1000000015
21268  37.936  -62.655  -37.688 0.1000000015
21287  40.332  -63.396  -40.748 0.1000000015
21315  38.596  -62.361  -41.992 0.1000000015
22196  41.824  -61.346  -20.051 0.2000000030
22197  41.626  -61.326  -20.238 0.2000000030
22198  37.493  -61.990  -20.009 0.3000000119
22211  41.529  -61.354  -20.396 0.2000000030
22212  41.138  -61.572  -20.677 0.3000000119
22226  39.742  -61.844  -21.286 0.3000000119
22227  39.426  -61.600  -21.103 0.3000000119
22240  32.168  -61.682  -23.893 0.5000000000
22265  31.817  -61.027  -28.258 0.4000000060
22270  31.922  -61.173  -28.486 0.4000000060
22274  33.067  -61.973  -30.008 0.4000000060
22289  33.263  -61.256  -31.382 0.5000000000
22346  37.209  -61.990  -37.491 0.1000000015
22388  40.351  -62.421  -40.564 0.2000000030
23189  36.765  -59.989  -15.930 0.1000000015
23213  36.444  -59.857  -16.547 0.1000000015
23227  44.879  -60.375  -17.017 0.1000000015
23247  40.675  -61.166  -19.547 0.2000000030
23260  42.018  -60.981  -20.223 0.2000000030
23269  40.738  -61.378  -20.962 0.3000000119
23270  40.259  -61.131  -20.955 0.3000000119
23276  33.067  -60.596  -20.822 0.5000000000
23277  32.598  -60.851  -21.120 0.5000000000
23284  40.365  -61.394  -21.171 0.3000000119
23286  39.611  -61.523  -21.190 0.3000000119
23291  32.712  -60.334  -21.412 0.5000000000
23301  32.645  -60.461  -22.299 0.5000000000
23343  32.585  -60.531  -27.869 0.4000000060
23350  32.086  -60.862  -28.470 0.4000000060
23412  35.145  -60.085  -34.571 0.2000000030
23441  37.076  -61.574  -37.677 0.1000000015
23474  41.090  -59.874  -39.404 0.1000000015
23487  39.636  -60.101  -40.272 0.1000000015
23488  38.661  -59.920  -40.688 0.2000000030
23499  36.875  -59.958  -41.569 0.2000000030
23508  37.487  -60.505  -42.055 0.1000000015
24399  43.479  -59.902  -15.744 0.1000000015
24442  45.787  -59.937  -16.642 0.1000000015
24461  38.129  -60.119  -19.602 0.2000000030
24469  33.712  -59.869  -20.988 0.5000000000
24502  32.994  -59.492  -24.503 0.4000000060
24526  37.028  -58.618  -26.427 0.2000000030
24604  39.187  -59.240  -31.028 0.1000000015
24606  37.872  -59.057  -30.596 0.1000000015
24659  35.346  -59.559  -35.691 0.1000000015
24660  35.083  -59.257  -35.418 0.1000000015
24718  40.331  -59.167  -39.434 0.1000000015
24719  39.951  -59.352  -39.892 0.1000000015
24720  35.545  -58.694  -39.579 0.1000000015
24739  37.248  -58.947  -41.094 0.1000000015
25584  35.742  -58.205  -16.362 0.1000000015
25608  34.593  -57.563  -18.633 0.1000000015
25624  36.079  -59.249  -20.841 0.5000000000
25683  36.316  -58.793  -25.945 0.2000000030
25713  32.511  -58.139  -30.179 0.3000000119
25727  37.294  -58.278  -30.828 0.2000000030
25732  32.707  -58.108  -30.586 0.3000000119
25750  34.832  -57.773  -30.594 0.3000000119
25752  32.874  -58.209  -30.834 0.3000000119
25765  39.856  -58.980  -32.239 0.1000000015
25766  39.288  -58.988  -32.067 0.1000000015
25816  35.012  -58.705  -35.485 0.2000000030
25864  40.188  -58.860  -39.045 0.1000000015
25865  39.682  -58.399  -39.287 0.1000000015
25867  35.612  -58.062  -40.274 0.1000000015
25868  34.890  -58.397  -40.236 0.1000000015
25873  39.457  -58.349  -39.852 0.1000000015
25876  35.096  -57.978  -40.581 0.1000000015
25877  34.623  -58.319  -40.750 0.1000000015
25886  34.696  -58.157  -41.136 0.1000000015
26675  38.204  -56.478  -14.459 0.1000000015
26706  34.717  -56.847  -18.584 0.1000000015
26820  32.549  -57.824  -29.928 0.3000000119
26821  32.486  -57.809  -30.223 0.3000000119
26841  37.035  -57.876  -30.852 0.2000000030
26844  33.078  -57.670  -30.475 0.3000000119
26845  32.622  -57.878  -30.539 0.3000000119
26859  39.532  -57.583  -32.448 0.1000000015
26866  32.754  -58.021  -31.079 0.3000000119
26950  35.049  -58.794  -36.174 0.1000000015
26977  36.533  -57.484  -40.118 0.1000000015
26978  36.188  -57.695  -40.141 0.1000000015
26982  38.167  -57.085  -40.133 0.1000000015
26983  37.100  -57.422  -40.513 0.1000000015
26984  36.342  -57.617  -40.551 0.1000000015
26986  34.931  -57.780  -40.834 0.1000000015
26992  35.661  -57.687  -41.054 0.1000000015
26994  34.708  -57.867  -40.985 0.1000000015
27775  35.806  -56.763  -16.227 0.1000000015
27786  35.427  -55.721  -18.348 0.2000000030
27799  35.229  -57.121  -20.022 0.2000000030
28061  37.239  -57.127  -39.546 0.1000000015
28066  37.522  -56.970  -39.855 0.1000000015
28867  41.583  -55.671  -14.630 0.1000000015
30154  37.052  -54.556  -31.743 0.1000000015
31277  38.863  -52.972  -33.355 0.1000000015
32115  39.911  -53.115  -14.491 0.1000000015
95464  40.353  -72.469  -25.472 0.1000000015
95468  36.010  -72.541  -24.931 0.1000000015
95476  36.048  -75.304  -29.192 0.1000000015
95481  36.117  -75.491  -28.898 0.1000000015
95916  44.141  -67.532  -23.957 0.1000000015
95919  43.859  -67.457  -23.387 0.1000000015
95939  43.114  -63.559  -27.777 0.1000000015
96053  40.347  -64.641  -33.456 0.4000000060
96058  38.685  -65.166  -35.080 0.3000000119
96065  37.927  -64.375  -35.911 0.4000000060
96067  40.631  -64.895  -33.464 0.1000000015
96068  38.553  -64.970  -35.304 0.3000000119
96069  40.266  -64.141  -34.164 0.3000000119
96073  38.525  -64.286  -35.744 0.4000000060
96483  37.358  -57.355  -38.792 0.1000000015
96485  36.728  -57.514  -39.594 0.1000000015
