#!ascii label  , from subject 3525 vox2ras=TkReg
894
56446  -36.003  -31.696  78.316 0.0000000000
52282  -20.778  -35.388  80.935 0.0000000000
52302  -28.099  -35.756  78.865 0.0000000000
78586  -39.702  -9.718  61.372 0.0000000000
79529  -45.805  -9.438  57.676 0.0000000000
51143  -13.045  -36.491  83.772 0.0000000000
77587  -35.747  -11.077  64.662 0.0000000000
60645  -34.376  -27.246  77.200 0.0000000000
52331  -32.654  -35.006  77.275 0.0000000000
52263  -16.807  -35.402  81.311 0.0000000000
49042  -16.282  -38.780  83.939 0.0000000000
56462  -32.934  -31.437  76.923 0.0000000000
58546  -30.910  -29.339  76.532 0.0000000000
54361  -24.163  -34.062  79.901 0.0000000000
55416  -29.642  -32.940  77.069 0.0000000000
66353  -32.569  -22.306  64.913 0.0000000000
71517  -35.426  -17.411  64.890 0.0000000000
73683  -38.594  -15.745  62.077 0.0000000000
41944  -10.605  -44.810  85.616 0.0000000000
41043  -7.486  -46.620  87.670 0.0000000000
60681  -27.995  -27.760  74.698 0.0000000000
61729  -28.167  -26.336  70.881 0.0000000000
62835  -30.826  -25.576  66.948 0.0000000000
44964  -13.482  -42.316  84.510 0.0000000000
51164  -20.218  -37.140  82.305 0.0000000000
52253  -22.508  -35.479  82.682 0.0000000000
53375  -34.970  -33.707  78.303 0.0000000000
54344  -18.883  -32.846  81.285 0.0000000000
52280  -18.721  -35.349  80.461 0.0000000000
50154  -18.371  -37.424  81.846 0.0000000000
56444  -32.893  -31.246  79.194 0.0000000000
55418  -31.566  -32.681  77.099 0.0000000000
70497  -31.915  -18.312  65.748 0.0000000000
69508  -34.067  -19.620  64.559 0.0000000000
72533  -32.901  -16.276  65.221 0.0000000000
74715  -36.410  -14.072  62.108 0.0000000000
75742  -38.198  -13.130  60.708 0.0000000000
73699  -41.029  -15.557  61.306 0.0000000000
76684  -40.487  -12.080  59.698 0.0000000000
76691  -42.718  -11.460  58.867 0.0000000000
59579  -28.435  -28.210  78.064 0.0000000000
59607  -29.343  -28.623  75.666 0.0000000000
60651  -26.527  -27.515  76.525 0.0000000000
62739  -26.075  -25.086  72.530 0.0000000000
65057  -26.920  -23.642  69.954 0.0000000000
61760  -28.736  -26.372  69.268 0.0000000000
65111  -28.580  -23.810  67.486 0.0000000000
66328  -29.653  -23.058  66.670 0.0000000000
52313  -26.037  -35.148  78.878 0.0000000000
46878  -11.166  -40.499  84.962 0.0000000000
49058  -12.968  -38.367  83.665 0.0000000000
38267  -7.433  -50.120  88.224 0.0000000000
37308  -5.796  -51.021  89.261 0.0000000000
75673  -33.760  -13.063  66.116 0.0000000000
61622  -32.214  -25.854  77.119 0.0000000000
52318  -30.149  -35.753  78.011 0.0000000000
52250  -14.682  -35.513  82.404 0.0000000000
50107  -14.438  -37.871  82.890 0.0000000000
50134  -16.665  -37.861  82.454 0.0000000000
79534  -47.562  -9.201  56.188 0.0000000000
55431  -34.629  -32.067  76.587 0.0000000000
57576  -34.340  -30.264  75.588 0.0000000000
58566  -32.309  -29.927  76.512 0.0000000000
55363  -20.603  -32.285  80.126 0.0000000000
53346  -22.675  -33.966  80.778 0.0000000000
55378  -22.682  -32.290  78.940 0.0000000000
55397  -24.831  -32.716  78.280 0.0000000000
55412  -26.347  -33.362  77.505 0.0000000000
55380  -27.173  -32.332  78.825 0.0000000000
53393  -28.456  -34.508  76.787 0.0000000000
53396  -31.233  -34.329  76.372 0.0000000000
53398  -33.128  -33.797  76.654 0.0000000000
62859  -34.703  -25.627  66.341 0.0000000000
74685  -34.563  -14.482  63.610 0.0000000000
72552  -37.610  -16.222  64.292 0.0000000000
77649  -44.356  -11.148  58.470 0.0000000000
41935  -9.192  -45.375  86.367 0.0000000000
40141  -9.774  -48.377  88.223 0.0000000000
59611  -32.911  -28.586  75.409 0.0000000000
61642  -30.713  -26.718  75.885 0.0000000000
62687  -30.245  -26.188  75.119 0.0000000000
61639  -25.547  -26.291  74.794 0.0000000000
61668  -27.214  -26.831  73.217 0.0000000000
62742  -30.305  -25.780  73.544 0.0000000000
61710  -31.395  -27.017  71.664 0.0000000000
60718  -31.572  -27.396  69.367 0.0000000000
61781  -32.731  -26.745  67.588 0.0000000000
63993  -31.894  -23.884  65.754 0.0000000000
67385  -30.976  -21.305  65.695 0.0000000000
52254  -24.283  -35.267  82.715 0.0000000000
45896  -10.568  -41.894  85.446 0.0000000000
43934  -11.988  -43.398  84.654 0.0000000000
46888  -14.917  -40.160  84.348 0.0000000000
35459  -4.682  -52.354  89.520 0.0000000000
51212  -20.604  -35.959  81.209 0.0000000000
51189  -21.392  -36.230  82.164 0.0000000000
52283  -21.461  -35.085  81.248 0.0000000000
54394  -35.287  -33.057  77.942 0.0000000000
54356  -19.606  -33.419  80.436 0.0000000000
53342  -18.408  -34.477  80.611 0.0000000000
52281  -19.735  -35.397  80.481 0.0000000000
51210  -19.091  -36.222  80.738 0.0000000000
72531  -31.653  -16.763  66.417 0.0000000000
71514  -32.350  -17.351  65.513 0.0000000000
73618  -32.049  -15.489  66.551 0.0000000000
78585  -38.849  -9.921  61.539 0.0000000000
77637  -37.810  -11.453  61.035 0.0000000000
77639  -39.314  -11.079  60.353 0.0000000000
76679  -39.628  -12.120  60.039 0.0000000000
77640  -40.156  -11.072  59.915 0.0000000000
77642  -40.945  -11.149  59.581 0.0000000000
60652  -27.258  -28.049  77.018 0.0000000000
66234  -26.566  -22.981  71.046 0.0000000000
65088  -27.712  -24.075  68.649 0.0000000000
66270  -28.226  -22.478  68.749 0.0000000000
66283  -29.150  -22.097  68.016 0.0000000000
52314  -26.708  -35.281  78.671 0.0000000000
52287  -27.075  -35.913  79.934 0.0000000000
51227  -28.013  -35.932  79.406 0.0000000000
49041  -12.049  -38.370  84.454 0.0000000000
50105  -12.664  -37.449  83.944 0.0000000000
78611  -45.565  -10.029  57.639 0.0000000000
36401  -6.801  -51.267  89.030 0.0000000000
59566  -35.934  -28.309  78.013 0.0000000000
61635  -33.254  -26.750  76.995 0.0000000000
52330  -31.588  -35.467  77.355 0.0000000000
52304  -32.840  -36.078  79.163 0.0000000000
53328  -17.265  -34.459  81.393 0.0000000000
53315  -15.872  -34.368  82.406 0.0000000000
53314  -14.994  -34.614  82.712 0.0000000000
52261  -15.266  -35.767  82.001 0.0000000000
51162  -14.891  -36.443  82.186 0.0000000000
50152  -16.499  -37.082  81.739 0.0000000000
50137  -19.464  -37.549  82.638 0.0000000000
50111  -18.641  -37.992  83.391 0.0000000000
55430  -33.880  -32.115  76.458 0.0000000000
56463  -33.571  -31.309  76.268 0.0000000000
57562  -32.856  -30.580  77.061 0.0000000000
56414  -21.070  -30.960  80.460 0.0000000000
55376  -21.131  -31.713  79.827 0.0000000000
56425  -21.556  -31.041  79.789 0.0000000000
57546  -23.870  -31.292  78.680 0.0000000000
56442  -25.485  -32.172  78.507 0.0000000000
54392  -25.327  -33.590  78.090 0.0000000000
55398  -25.970  -32.902  77.816 0.0000000000
55382  -29.255  -32.744  78.903 0.0000000000
55400  -27.931  -32.517  77.826 0.0000000000
55414  -27.739  -32.979  76.955 0.0000000000
55426  -28.617  -33.190  76.689 0.0000000000
53394  -29.289  -34.431  76.501 0.0000000000
54402  -30.030  -33.355  76.674 0.0000000000
55419  -32.379  -32.105  77.571 0.0000000000
55428  -32.113  -32.976  76.619 0.0000000000
55429  -32.852  -32.414  76.723 0.0000000000
54418  -33.511  -33.038  76.652 0.0000000000
63995  -33.645  -24.168  65.554 0.0000000000
63996  -34.663  -24.339  65.505 0.0000000000
66355  -34.619  -22.775  65.015 0.0000000000
70500  -34.869  -18.228  64.766 0.0000000000
68433  -36.137  -20.426  64.437 0.0000000000
77586  -35.029  -11.604  65.030 0.0000000000
75685  -33.772  -13.447  64.376 0.0000000000
76637  -34.587  -12.686  63.833 0.0000000000
73682  -37.523  -15.136  61.916 0.0000000000
73660  -36.613  -15.163  62.707 0.0000000000
73661  -37.766  -15.797  62.784 0.0000000000
72553  -38.581  -16.232  64.314 0.0000000000
76693  -43.913  -11.997  58.700 0.0000000000
78604  -43.656  -9.757  59.113 0.0000000000
78608  -44.466  -9.924  58.519 0.0000000000
43917  -9.716  -43.502  85.748 0.0000000000
42891  -8.653  -44.449  86.694 0.0000000000
41936  -10.207  -45.348  85.974 0.0000000000
40154  -10.582  -47.239  87.537 0.0000000000
38258  -9.533  -49.546  89.587 0.0000000000
58586  -32.475  -29.497  75.674 0.0000000000
58587  -33.611  -29.459  75.416 0.0000000000
58585  -31.424  -28.981  75.633 0.0000000000
60663  -28.587  -28.201  75.191 0.0000000000
60665  -30.504  -27.560  75.470 0.0000000000
60664  -29.628  -27.699  75.120 0.0000000000
62667  -30.362  -26.160  75.432 0.0000000000
61653  -29.590  -26.817  74.653 0.0000000000
63849  -25.746  -24.015  74.559 0.0000000000
62763  -27.006  -25.655  71.428 0.0000000000
61683  -26.443  -25.766  72.477 0.0000000000
61707  -27.827  -26.364  71.718 0.0000000000
61686  -29.310  -26.336  73.144 0.0000000000
61708  -28.982  -26.457  71.926 0.0000000000
61688  -31.202  -26.288  72.516 0.0000000000
61730  -29.255  -26.775  70.842 0.0000000000
61778  -29.726  -26.480  67.985 0.0000000000
61749  -30.378  -27.190  69.363 0.0000000000
61763  -31.219  -26.987  68.251 0.0000000000
60732  -32.796  -27.338  68.843 0.0000000000
61780  -31.571  -26.615  67.503 0.0000000000
62857  -32.681  -25.397  66.412 0.0000000000
62855  -31.092  -24.867  66.555 0.0000000000
67369  -30.200  -21.602  66.837 0.0000000000
67384  -30.391  -21.738  66.202 0.0000000000
68392  -31.177  -20.535  67.125 0.0000000000
53347  -23.501  -34.035  80.701 0.0000000000
53332  -23.307  -34.415  81.504 0.0000000000
53333  -23.992  -34.559  81.333 0.0000000000
45920  -12.774  -41.382  84.095 0.0000000000
45919  -11.762  -41.526  84.402 0.0000000000
44963  -12.371  -42.464  84.408 0.0000000000
49061  -15.636  -38.616  83.375 0.0000000000
47949  -14.789  -39.361  83.765 0.0000000000
47939  -15.250  -39.539  84.148 0.0000000000
50138  -20.510  -37.459  83.149 0.0000000000
50114  -21.630  -37.190  83.739 0.0000000000
51145  -22.530  -36.257  83.726 0.0000000000
52226  -23.535  -35.732  84.032 0.0000000000
53373  -33.602  -34.684  77.790 0.0000000000
52306  -34.437  -35.097  79.225 0.0000000000
54331  -18.239  -33.321  81.788 0.0000000000
53341  -17.800  -34.535  80.908 0.0000000000
52279  -17.706  -35.240  80.751 0.0000000000
51185  -17.286  -36.362  81.140 0.0000000000
51186  -18.291  -36.880  81.091 0.0000000000
51163  -19.707  -37.266  82.165 0.0000000000
56454  -32.807  -31.355  77.923 0.0000000000
57554  -32.926  -30.534  78.244 0.0000000000
55383  -30.177  -32.991  79.024 0.0000000000
55417  -30.566  -32.877  77.267 0.0000000000
55405  -32.336  -32.044  78.752 0.0000000000
68423  -32.342  -20.326  64.872 0.0000000000
67399  -33.642  -21.222  64.622 0.0000000000
69500  -33.117  -19.462  64.722 0.0000000000
71515  -33.314  -17.433  65.103 0.0000000000
72534  -33.927  -16.568  64.940 0.0000000000
76651  -35.701  -11.942  63.135 0.0000000000
77625  -36.815  -11.424  61.938 0.0000000000
75724  -37.360  -13.074  61.217 0.0000000000
74729  -38.348  -14.265  61.010 0.0000000000
73698  -39.736  -15.423  61.410 0.0000000000
74748  -39.446  -14.245  60.687 0.0000000000
74749  -40.472  -14.185  60.505 0.0000000000
75746  -41.809  -13.732  59.995 0.0000000000
76685  -41.309  -12.058  59.399 0.0000000000
78602  -41.811  -10.203  59.651 0.0000000000
42904  -11.940  -44.828  85.682 0.0000000000
41937  -11.098  -45.661  86.143 0.0000000000
41930  -11.832  -45.884  87.085 0.0000000000
59580  -29.257  -28.709  77.643 0.0000000000
59596  -30.081  -29.110  76.126 0.0000000000
59594  -28.485  -28.614  77.115 0.0000000000
59605  -27.857  -28.409  76.692 0.0000000000
60661  -26.453  -27.459  75.528 0.0000000000
63866  -25.701  -24.272  73.467 0.0000000000
65041  -26.247  -23.497  71.938 0.0000000000
63900  -26.483  -24.455  71.100 0.0000000000
62780  -27.379  -25.568  70.332 0.0000000000
61747  -28.577  -26.451  70.069 0.0000000000
62798  -27.697  -25.254  69.204 0.0000000000
62815  -28.442  -25.657  68.393 0.0000000000
63950  -29.025  -24.657  67.160 0.0000000000
63971  -29.664  -24.150  66.774 0.0000000000
65112  -29.083  -23.697  67.006 0.0000000000
53361  -24.988  -34.793  79.640 0.0000000000
52284  -24.632  -34.995  81.030 0.0000000000
52286  -26.343  -35.817  80.350 0.0000000000
47938  -12.538  -39.353  83.893 0.0000000000
46886  -13.287  -40.203  83.718 0.0000000000
39231  -7.457  -48.556  87.637 0.0000000000
40150  -6.502  -47.973  88.342 0.0000000000
38266  -6.601  -49.540  88.243 0.0000000000
38265  -5.886  -49.521  88.896 0.0000000000
37297  -5.012  -49.931  89.751 0.0000000000
63779  -32.153  -24.979  77.107 0.0000000000
52317  -29.285  -35.727  78.176 0.0000000000
51229  -29.617  -36.177  79.143 0.0000000000
53284  -14.105  -34.548  84.146 0.0000000000
52248  -13.739  -35.792  83.226 0.0000000000
50106  -13.555  -37.356  83.178 0.0000000000
50132  -14.373  -37.066  82.586 0.0000000000
50108  -15.013  -38.184  82.919 0.0000000000
49072  -16.271  -38.298  82.943 0.0000000000
50135  -17.650  -37.765  82.364 0.0000000000
50109  -17.221  -38.084  82.756 0.0000000000
49043  -16.907  -38.756  84.347 0.0000000000
79530  -46.298  -9.156  57.289 0.0000000000
55421  -35.344  -32.320  77.393 0.0000000000
57565  -35.158  -30.439  76.076 0.0000000000
56464  -34.466  -31.267  76.078 0.0000000000
57575  -33.402  -30.404  75.759 0.0000000000
58547  -31.715  -29.608  76.952 0.0000000000
58548  -32.436  -29.949  77.574 0.0000000000
58531  -31.825  -29.503  77.966 0.0000000000
59581  -30.207  -29.145  77.264 0.0000000000
59562  -29.257  -28.328  78.431 0.0000000000
53344  -20.331  -34.456  80.336 0.0000000000
53345  -21.601  -34.378  80.787 0.0000000000
55364  -21.230  -32.756  79.872 0.0000000000
54374  -22.251  -32.632  79.441 0.0000000000
55379  -23.153  -32.765  78.994 0.0000000000
57538  -23.251  -30.729  79.273 0.0000000000
55395  -23.152  -32.062  78.601 0.0000000000
54390  -23.860  -33.115  78.794 0.0000000000
53370  -25.311  -34.498  78.721 0.0000000000
53371  -26.154  -34.746  78.332 0.0000000000
53382  -27.252  -34.566  77.496 0.0000000000
56443  -26.324  -32.399  78.361 0.0000000000
55399  -26.955  -32.628  77.753 0.0000000000
54401  -27.294  -33.727  77.002 0.0000000000
53383  -27.997  -34.751  77.249 0.0000000000
52328  -29.609  -35.419  77.371 0.0000000000
52329  -30.540  -35.509  77.306 0.0000000000
52340  -31.869  -34.903  76.743 0.0000000000
54404  -31.033  -33.050  76.828 0.0000000000
53397  -32.414  -34.340  76.616 0.0000000000
53384  -32.824  -34.623  76.965 0.0000000000
53386  -34.051  -33.877  77.344 0.0000000000
54407  -34.889  -32.973  77.380 0.0000000000
55362  -19.613  -32.211  80.889 0.0000000000
66375  -35.093  -22.053  64.743 0.0000000000
75671  -33.027  -13.922  65.462 0.0000000000
73637  -33.890  -15.081  64.457 0.0000000000
72549  -34.469  -15.833  64.614 0.0000000000
74701  -35.340  -13.952  62.788 0.0000000000
73639  -36.020  -15.566  63.656 0.0000000000
72536  -36.008  -16.676  64.744 0.0000000000
71520  -38.509  -17.235  65.113 0.0000000000
77650  -45.335  -11.183  58.017 0.0000000000
78609  -45.141  -10.003  58.057 0.0000000000
79523  -45.144  -8.760  58.807 0.0000000000
41929  -8.444  -45.425  86.916 0.0000000000
41044  -8.288  -46.436  87.050 0.0000000000
41055  -10.604  -46.362  86.631 0.0000000000
40163  -9.068  -47.012  86.828 0.0000000000
40152  -8.135  -47.676  87.263 0.0000000000
39223  -8.862  -49.168  88.177 0.0000000000
57577  -34.858  -29.794  75.678 0.0000000000
59613  -34.794  -28.969  75.717 0.0000000000
60669  -33.744  -27.754  75.935 0.0000000000
59609  -31.030  -28.333  75.566 0.0000000000
60667  -32.266  -27.764  75.623 0.0000000000
60654  -32.500  -27.174  76.167 0.0000000000
61633  -31.808  -26.452  76.547 0.0000000000
62651  -31.003  -25.567  76.223 0.0000000000
63827  -30.828  -25.233  75.448 0.0000000000
61631  -25.884  -26.799  76.088 0.0000000000
60679  -26.371  -27.296  74.897 0.0000000000
62712  -25.752  -25.270  73.365 0.0000000000
61650  -26.334  -26.912  74.197 0.0000000000
61651  -27.571  -27.300  74.049 0.0000000000
61670  -29.301  -26.520  73.972 0.0000000000
62714  -30.386  -25.635  74.263 0.0000000000
61748  -29.419  -26.872  69.789 0.0000000000
61732  -31.689  -27.407  70.745 0.0000000000
62838  -34.268  -26.122  66.946 0.0000000000
63975  -33.189  -24.765  66.012 0.0000000000
65160  -32.113  -23.228  65.313 0.0000000000
65137  -30.678  -23.757  66.120 0.0000000000
65159  -31.159  -23.326  65.637 0.0000000000
67386  -31.830  -21.286  64.990 0.0000000000
68422  -31.573  -20.285  65.513 0.0000000000
70490  -31.570  -18.231  66.465 0.0000000000
53331  -22.605  -34.574  81.585 0.0000000000
53307  -23.329  -35.286  83.097 0.0000000000
52255  -24.990  -35.600  82.657 0.0000000000
44942  -10.182  -42.596  85.561 0.0000000000
44943  -10.781  -42.346  85.107 0.0000000000
43933  -11.188  -43.526  84.873 0.0000000000
42914  -12.396  -44.007  85.100 0.0000000000
49059  -13.813  -38.422  83.321 0.0000000000
46899  -13.689  -39.596  83.564 0.0000000000
45922  -14.357  -40.922  84.288 0.0000000000
35451  -6.175  -53.337  91.045 0.0000000000
35460  -5.360  -52.348  89.963 0.0000000000
36379  -4.120  -50.072  89.737 0.0000000000
56455  -35.872  -31.395  77.801 0.0000000000
52264  -20.875  -35.860  81.358 0.0000000000
55406  -35.837  -32.243  78.361 0.0000000000
53343  -19.291  -34.541  80.340 0.0000000000
51211  -20.104  -36.154  80.972 0.0000000000
73605  -31.968  -16.007  67.232 0.0000000000
72523  -31.750  -16.236  66.517 0.0000000000
78595  -39.212  -10.273  60.849 0.0000000000
78596  -39.949  -10.215  60.556 0.0000000000
66269  -27.669  -22.853  69.138 0.0000000000
52315  -27.473  -35.349  78.268 0.0000000000
52301  -27.396  -35.753  79.221 0.0000000000
51123  -12.736  -36.236  84.432 0.0000000000
51142  -12.555  -36.781  84.336 0.0000000000
77654  -46.126  -10.961  57.417 0.0000000000
78612  -46.041  -10.061  57.270 0.0000000000
61625  -34.285  -26.742  77.831 0.0000000000
60644  -33.772  -27.121  76.883 0.0000000000
52320  -32.382  -35.886  78.531 0.0000000000
53327  -16.496  -34.668  81.744 0.0000000000
52262  -15.927  -35.402  81.772 0.0000000000
51183  -15.611  -36.384  81.865 0.0000000000
51184  -16.332  -36.259  81.550 0.0000000000
56429  -25.346  -31.604  79.264 0.0000000000
56428  -24.670  -31.118  79.550 0.0000000000
55401  -28.938  -32.577  77.916 0.0000000000
55415  -28.639  -32.760  77.126 0.0000000000
55427  -29.088  -33.025  76.775 0.0000000000
54414  -29.490  -33.559  76.498 0.0000000000
65161  -33.112  -23.315  65.251 0.0000000000
65162  -34.126  -23.481  65.262 0.0000000000
66354  -33.630  -22.635  64.965 0.0000000000
70513  -35.356  -18.871  64.642 0.0000000000
71518  -36.489  -17.359  64.981 0.0000000000
76626  -35.043  -11.757  64.488 0.0000000000
76625  -34.428  -12.422  64.577 0.0000000000
76638  -35.132  -12.080  63.744 0.0000000000
73641  -38.165  -16.088  63.627 0.0000000000
42902  -10.185  -44.377  85.552 0.0000000000
42892  -9.385  -44.420  86.002 0.0000000000
58565  -31.579  -29.487  76.050 0.0000000000
58564  -30.832  -29.082  75.824 0.0000000000
60682  -28.910  -27.557  74.686 0.0000000000
61728  -27.529  -26.002  71.190 0.0000000000
61706  -27.330  -26.076  71.632 0.0000000000
62834  -29.464  -25.752  67.464 0.0000000000
61779  -30.482  -26.487  67.660 0.0000000000
54360  -23.773  -33.819  79.940 0.0000000000
53348  -24.198  -34.324  80.446 0.0000000000
43936  -13.458  -43.053  84.987 0.0000000000
47950  -15.396  -39.240  83.968 0.0000000000
47940  -15.832  -39.371  84.638 0.0000000000
59583  -35.618  -28.364  77.438 0.0000000000
50139  -21.143  -37.318  83.378 0.0000000000
51165  -21.397  -36.856  82.781 0.0000000000
52252  -21.984  -35.959  82.545 0.0000000000
52238  -22.188  -36.347  83.155 0.0000000000
52239  -22.652  -35.801  83.239 0.0000000000
52225  -22.941  -35.869  84.039 0.0000000000
53290  -23.105  -35.500  83.550 0.0000000000
53374  -34.235  -34.378  78.080 0.0000000000
53362  -34.461  -34.631  78.747 0.0000000000
54332  -18.647  -32.692  82.418 0.0000000000
51209  -18.183  -36.064  80.666 0.0000000000
51187  -19.453  -37.041  81.637 0.0000000000
57547  -33.000  -30.517  79.058 0.0000000000
55384  -30.963  -32.849  79.064 0.0000000000
69499  -32.105  -19.330  65.320 0.0000000000
71516  -34.365  -17.468  64.902 0.0000000000
77615  -36.630  -10.924  62.767 0.0000000000
76677  -38.011  -12.048  60.740 0.0000000000
76676  -37.457  -12.006  61.036 0.0000000000
75741  -37.731  -12.600  60.883 0.0000000000
75725  -37.793  -13.716  61.053 0.0000000000
74747  -38.767  -13.737  60.653 0.0000000000
74730  -39.002  -14.796  61.130 0.0000000000
75744  -40.157  -13.191  60.121 0.0000000000
75755  -40.927  -12.799  59.748 0.0000000000
75756  -41.651  -12.986  59.565 0.0000000000
78597  -40.968  -10.165  60.236 0.0000000000
78601  -41.332  -10.616  59.658 0.0000000000
59595  -29.246  -28.948  76.631 0.0000000000
60641  -26.742  -27.401  77.572 0.0000000000
60662  -27.420  -28.111  75.762 0.0000000000
66251  -26.775  -23.151  70.370 0.0000000000
65056  -26.580  -23.763  70.662 0.0000000000
62779  -26.763  -25.089  70.946 0.0000000000
63901  -26.778  -24.546  70.380 0.0000000000
63915  -27.209  -24.543  69.592 0.0000000000
65089  -27.992  -23.627  68.275 0.0000000000
63932  -27.941  -24.603  68.409 0.0000000000
63949  -28.368  -24.624  67.812 0.0000000000
62833  -28.742  -25.233  67.611 0.0000000000
52299  -25.697  -35.296  79.531 0.0000000000
52285  -25.326  -35.380  80.503 0.0000000000
51213  -27.167  -36.170  80.601 0.0000000000
38279  -7.976  -49.627  88.016 0.0000000000
38277  -7.052  -49.027  87.820 0.0000000000
36392  -6.239  -51.644  89.459 0.0000000000
37320  -6.479  -50.679  88.800 0.0000000000
37307  -5.536  -50.339  89.239 0.0000000000
36381  -5.039  -50.500  89.728 0.0000000000
62637  -33.241  -25.898  77.868 0.0000000000
62636  -32.750  -25.306  77.631 0.0000000000
62635  -32.144  -25.335  77.137 0.0000000000
51237  -29.882  -35.930  78.500 0.0000000000
51238  -30.477  -36.118  78.652 0.0000000000
53301  -14.615  -34.457  83.495 0.0000000000
53313  -14.409  -34.979  82.935 0.0000000000
53300  -13.998  -35.034  83.441 0.0000000000
52249  -14.019  -35.604  82.939 0.0000000000
51161  -14.232  -36.290  82.615 0.0000000000
50133  -15.471  -37.502  82.360 0.0000000000
49071  -15.990  -38.133  82.723 0.0000000000
50153  -17.445  -37.303  81.684 0.0000000000
49064  -18.704  -38.348  84.256 0.0000000000
50110  -17.763  -38.107  83.014 0.0000000000
49063  -17.797  -38.458  83.843 0.0000000000
49062  -16.816  -38.418  83.317 0.0000000000
55432  -35.044  -32.158  76.877 0.0000000000
56465  -35.269  -31.526  76.735 0.0000000000
57563  -33.105  -30.832  76.368 0.0000000000
57574  -32.772  -30.325  76.149 0.0000000000
58532  -32.531  -29.855  78.933 0.0000000000
59546  -30.604  -28.628  79.155 0.0000000000
59564  -31.012  -29.117  78.314 0.0000000000
59582  -31.141  -29.365  77.376 0.0000000000
59563  -30.027  -28.699  78.307 0.0000000000
54357  -20.864  -33.422  80.145 0.0000000000
55377  -21.651  -32.151  79.502 0.0000000000
54375  -22.761  -32.945  79.396 0.0000000000
56441  -24.431  -31.664  78.619 0.0000000000
56440  -23.501  -31.646  78.574 0.0000000000
55396  -23.689  -32.567  78.653 0.0000000000
54391  -24.385  -33.496  78.724 0.0000000000
54399  -26.042  -33.695  77.683 0.0000000000
53380  -25.793  -34.213  78.031 0.0000000000
53381  -26.415  -34.341  77.782 0.0000000000
53372  -26.782  -34.882  78.083 0.0000000000
54400  -26.651  -33.805  77.381 0.0000000000
55381  -28.303  -32.513  78.853 0.0000000000
55366  -27.869  -32.411  79.941 0.0000000000
54412  -27.963  -33.755  76.682 0.0000000000
53392  -27.746  -34.286  76.956 0.0000000000
52327  -28.653  -35.236  77.408 0.0000000000
52337  -29.157  -35.009  76.854 0.0000000000
53395  -30.204  -34.394  76.369 0.0000000000
52338  -29.926  -35.075  76.696 0.0000000000
52339  -30.896  -35.063  76.644 0.0000000000
54403  -30.538  -33.235  76.761 0.0000000000
54417  -32.576  -33.339  76.555 0.0000000000
54416  -31.488  -33.442  76.534 0.0000000000
53385  -33.353  -34.408  77.180 0.0000000000
54405  -33.674  -33.691  76.912 0.0000000000
54419  -34.223  -32.622  76.688 0.0000000000
54406  -34.281  -33.228  77.027 0.0000000000
55420  -34.758  -32.582  76.969 0.0000000000
56413  -20.422  -31.364  80.924 0.0000000000
65163  -35.167  -23.631  65.263 0.0000000000
63997  -35.722  -24.498  65.471 0.0000000000
68431  -33.982  -20.478  64.558 0.0000000000
67400  -34.546  -21.218  64.625 0.0000000000
75664  -33.901  -13.201  66.795 0.0000000000
75663  -33.209  -13.661  66.272 0.0000000000
75696  -33.995  -13.697  63.928 0.0000000000
74673  -33.383  -14.283  64.647 0.0000000000
74684  -34.054  -14.267  63.918 0.0000000000
73638  -34.837  -15.125  63.846 0.0000000000
75711  -36.040  -12.906  62.208 0.0000000000
75710  -35.504  -12.784  62.859 0.0000000000
74714  -35.801  -13.453  62.466 0.0000000000
73640  -37.123  -15.854  63.583 0.0000000000
73659  -35.578  -14.867  63.121 0.0000000000
72550  -35.491  -15.969  64.394 0.0000000000
72551  -36.568  -16.138  64.299 0.0000000000
72537  -37.063  -16.676  64.783 0.0000000000
72539  -38.996  -16.643  64.767 0.0000000000
76687  -43.291  -12.645  59.037 0.0000000000
76694  -45.061  -12.454  58.732 0.0000000000
79525  -44.938  -9.271  58.543 0.0000000000
41053  -8.942  -46.134  86.660 0.0000000000
41056  -11.335  -46.009  86.684 0.0000000000
41045  -10.743  -46.791  87.078 0.0000000000
40164  -9.983  -47.051  86.882 0.0000000000
40153  -9.452  -48.089  87.611 0.0000000000
39232  -8.375  -48.933  87.794 0.0000000000
39233  -9.036  -48.784  87.995 0.0000000000
38257  -9.015  -49.984  89.218 0.0000000000
58588  -34.457  -29.387  75.518 0.0000000000
59612  -34.111  -28.405  75.614 0.0000000000
60668  -33.166  -27.777  75.718 0.0000000000
58584  -30.885  -28.737  75.654 0.0000000000
59608  -30.301  -28.465  75.610 0.0000000000
60666  -31.332  -27.540  75.718 0.0000000000
60653  -31.823  -27.146  76.035 0.0000000000
61643  -31.293  -26.792  76.159 0.0000000000
62668  -30.543  -25.845  75.724 0.0000000000
63804  -31.049  -25.190  76.128 0.0000000000
62688  -30.493  -25.624  74.981 0.0000000000
62665  -25.476  -25.568  75.431 0.0000000000
62649  -25.538  -25.784  75.826 0.0000000000
61640  -25.862  -26.967  75.163 0.0000000000
63878  -25.961  -24.073  72.515 0.0000000000
61667  -26.200  -26.058  73.151 0.0000000000
61669  -28.378  -26.889  73.487 0.0000000000
62741  -29.849  -26.021  73.882 0.0000000000
62715  -30.983  -25.236  74.073 0.0000000000
60717  -31.037  -27.327  69.375 0.0000000000
60709  -31.185  -27.417  69.904 0.0000000000
60710  -32.046  -27.511  70.006 0.0000000000
61765  -33.440  -27.233  68.697 0.0000000000
61782  -33.875  -26.693  67.663 0.0000000000
62837  -33.211  -26.152  66.891 0.0000000000
63974  -32.249  -24.564  66.107 0.0000000000
63994  -32.688  -23.998  65.643 0.0000000000
65136  -30.033  -23.516  66.443 0.0000000000
63972  -30.492  -24.468  66.536 0.0000000000
66351  -30.619  -22.376  65.745 0.0000000000
66352  -31.470  -22.320  65.253 0.0000000000
70470  -31.780  -17.922  67.189 0.0000000000
53321  -23.810  -34.884  82.107 0.0000000000
53320  -23.248  -34.844  82.277 0.0000000000
53308  -23.729  -35.131  82.736 0.0000000000
52241  -24.076  -35.464  83.381 0.0000000000
52267  -25.282  -35.646  81.680 0.0000000000
51215  -29.091  -36.447  80.144 0.0000000000
47924  -11.276  -39.400  85.251 0.0000000000
46871  -10.938  -39.902  85.588 0.0000000000
44962  -11.394  -42.576  84.690 0.0000000000
42913  -11.696  -44.097  84.983 0.0000000000
46901  -14.506  -39.958  83.836 0.0000000000
47948  -14.052  -39.174  83.446 0.0000000000
46887  -14.162  -40.420  83.868 0.0000000000
79531  -46.941  -8.824  56.867 0.0000000000
35449  -5.033  -52.944  90.086 0.0000000000
36380  -4.633  -50.400  89.728 0.0000000000
36390  -4.359  -50.954  89.441 0.0000000000
51188  -20.703  -36.403  81.711 0.0000000000
52265  -21.431  -35.658  81.704 0.0000000000
53318  -22.115  -35.371  82.227 0.0000000000
54355  -18.967  -34.025  80.489 0.0000000000
54343  -18.618  -33.645  80.881 0.0000000000
56432  -32.975  -30.891  80.013 0.0000000000
71513  -31.728  -17.376  66.077 0.0000000000
72532  -31.982  -16.371  65.903 0.0000000000
73627  -32.470  -15.315  65.634 0.0000000000
77626  -37.497  -10.839  61.667 0.0000000000
77627  -38.240  -10.381  61.468 0.0000000000
77638  -38.392  -10.940  60.879 0.0000000000
76678  -38.743  -12.088  60.421 0.0000000000
75743  -39.138  -13.127  60.376 0.0000000000
59578  -27.983  -28.128  77.843 0.0000000000
60630  -27.077  -27.278  78.344 0.0000000000
61621  -26.093  -26.630  77.113 0.0000000000
65070  -27.471  -23.571  69.120 0.0000000000
65071  -27.800  -23.103  68.796 0.0000000000
66282  -28.594  -22.964  67.767 0.0000000000
52300  -26.521  -35.588  79.403 0.0000000000
51214  -27.960  -36.202  80.117 0.0000000000
77651  -46.110  -11.607  57.799 0.0000000000
37309  -8.014  -51.140  89.427 0.0000000000
37321  -7.518  -51.007  88.924 0.0000000000
36402  -7.011  -51.567  89.223 0.0000000000
61624  -33.660  -26.576  77.486 0.0000000000
61623  -32.898  -26.167  77.382 0.0000000000
52319  -31.094  -35.895  78.080 0.0000000000
51239  -31.406  -36.273  78.859 0.0000000000
51240  -32.036  -36.317  79.098 0.0000000000
51232  -32.630  -36.374  79.531 0.0000000000
53317  -17.604  -33.690  82.174 0.0000000000
53316  -16.860  -34.023  82.397 0.0000000000
53303  -16.464  -33.934  83.495 0.0000000000
52251  -15.322  -35.091  82.164 0.0000000000
50151  -15.955  -36.831  81.815 0.0000000000
50155  -18.939  -37.476  82.127 0.0000000000
50136  -18.466  -37.735  82.542 0.0000000000
56426  -22.445  -31.340  79.137 0.0000000000
57539  -24.018  -30.914  78.994 0.0000000000
55367  -28.761  -32.691  79.823 0.0000000000
55425  -28.216  -33.385  76.645 0.0000000000
54413  -28.642  -33.796  76.497 0.0000000000
54415  -30.487  -33.706  76.445 0.0000000000
63976  -34.168  -24.984  65.848 0.0000000000
63977  -35.199  -25.119  65.829 0.0000000000
70512  -34.475  -18.964  64.618 0.0000000000
68432  -34.968  -20.299  64.532 0.0000000000
69509  -34.899  -19.473  64.549 0.0000000000
77573  -34.738  -11.878  65.655 0.0000000000
76613  -34.118  -12.596  65.612 0.0000000000
75686  -34.075  -12.982  64.302 0.0000000000
75697  -34.234  -13.245  63.880 0.0000000000
74716  -37.015  -14.604  61.880 0.0000000000
73681  -36.863  -14.792  62.138 0.0000000000
76692  -43.095  -11.734  58.745 0.0000000000
77647  -42.944  -11.215  58.785 0.0000000000
77648  -43.434  -10.881  58.718 0.0000000000
78607  -43.969  -10.394  58.642 0.0000000000
78605  -44.177  -9.312  59.044 0.0000000000
39224  -9.480  -48.929  88.558 0.0000000000
59610  -31.886  -28.490  75.499 0.0000000000
61641  -30.215  -26.635  75.308 0.0000000000
62686  -25.439  -25.503  74.541 0.0000000000
62762  -26.485  -25.059  71.628 0.0000000000
62740  -26.588  -25.578  72.051 0.0000000000
61684  -27.028  -26.226  72.240 0.0000000000
61685  -28.112  -26.611  72.592 0.0000000000
61687  -30.167  -26.118  72.672 0.0000000000
61709  -30.219  -26.685  71.726 0.0000000000
62816  -29.177  -26.228  68.046 0.0000000000
61761  -29.399  -26.627  68.701 0.0000000000
61762  -30.350  -26.887  68.440 0.0000000000
61751  -31.698  -27.305  68.808 0.0000000000
60719  -32.466  -27.435  69.258 0.0000000000
61764  -32.263  -27.172  68.379 0.0000000000
62836  -32.097  -26.020  66.865 0.0000000000
62856  -31.708  -25.129  66.506 0.0000000000
63973  -31.323  -24.284  66.171 0.0000000000
66329  -29.958  -22.468  66.493 0.0000000000
67370  -30.675  -21.101  66.545 0.0000000000
68410  -31.102  -20.255  66.297 0.0000000000
52266  -24.465  -35.165  81.936 0.0000000000
46885  -12.177  -40.424  84.173 0.0000000000
43935  -12.890  -43.340  84.873 0.0000000000
49060  -14.606  -38.601  83.271 0.0000000000
60657  -34.693  -27.749  76.781 0.0000000000
50113  -20.953  -37.574  83.980 0.0000000000
51124  -22.127  -37.044  84.117 0.0000000000
51144  -22.109  -36.737  83.654 0.0000000000
52321  -33.550  -35.117  78.297 0.0000000000
53329  -17.978  -34.015  81.257 0.0000000000
55402  -29.888  -32.759  78.015 0.0000000000
55403  -30.781  -32.716  78.113 0.0000000000
55404  -31.609  -32.494  78.351 0.0000000000
67398  -32.775  -21.257  64.685 0.0000000000
66373  -33.328  -21.896  64.729 0.0000000000
68430  -33.201  -20.460  64.594 0.0000000000
69507  -33.567  -20.006  64.559 0.0000000000
70498  -32.701  -18.396  65.171 0.0000000000
69501  -33.712  -19.171  64.651 0.0000000000
70499  -33.784  -18.518  64.778 0.0000000000
77601  -35.932  -11.321  63.534 0.0000000000
77614  -36.077  -11.554  63.020 0.0000000000
76652  -36.039  -12.022  62.653 0.0000000000
75723  -36.653  -12.988  61.741 0.0000000000
76664  -36.947  -12.053  61.507 0.0000000000
74727  -36.945  -13.618  61.631 0.0000000000
74728  -37.371  -14.208  61.470 0.0000000000
73696  -37.915  -14.728  61.430 0.0000000000
73697  -38.507  -15.076  61.471 0.0000000000
73684  -39.475  -16.050  62.366 0.0000000000
73712  -40.079  -14.757  60.811 0.0000000000
73713  -40.711  -14.940  60.822 0.0000000000
75757  -42.588  -13.392  59.542 0.0000000000
76686  -42.327  -12.062  59.061 0.0000000000
77643  -41.697  -11.131  59.343 0.0000000000
77644  -42.555  -10.802  59.062 0.0000000000
42903  -10.978  -44.414  85.218 0.0000000000
41946  -11.481  -45.281  85.951 0.0000000000
59606  -28.427  -28.629  76.125 0.0000000000
59593  -27.918  -28.254  77.463 0.0000000000
65032  -26.031  -23.238  72.854 0.0000000000
65048  -26.349  -23.814  71.287 0.0000000000
63889  -26.224  -24.345  71.819 0.0000000000
62781  -28.012  -26.116  70.190 0.0000000000
62799  -28.084  -25.955  69.544 0.0000000000
63931  -27.622  -24.518  68.925 0.0000000000
62814  -27.870  -25.037  68.693 0.0000000000
63951  -29.850  -24.977  66.873 0.0000000000
65135  -29.510  -23.447  66.761 0.0000000000
66305  -28.846  -23.306  67.315 0.0000000000
66306  -29.261  -22.797  67.126 0.0000000000
66307  -29.932  -21.756  67.435 0.0000000000
67354  -30.591  -21.281  67.298 0.0000000000
53360  -24.469  -34.343  79.799 0.0000000000
53349  -24.713  -34.775  80.279 0.0000000000
52268  -25.952  -35.858  81.162 0.0000000000
51191  -26.745  -36.329  81.397 0.0000000000
47937  -11.781  -39.496  84.568 0.0000000000
45921  -13.694  -41.164  84.086 0.0000000000
47941  -16.949  -39.059  85.313 0.0000000000
40151  -7.005  -47.628  87.806 0.0000000000
39230  -6.726  -48.573  87.969 0.0000000000
39222  -6.110  -48.614  88.760 0.0000000000
37319  -6.123  -50.055  88.756 0.0000000000
39221  -5.716  -49.022  89.152 0.0000000000
38256  -5.396  -49.416  89.393 0.0000000000
38246  -4.968  -49.117  89.782 0.0000000000
76604  -34.380  -12.525  66.555 0.0000000000
77574  -35.450  -11.131  65.778 0.0000000000
63805  -31.737  -24.879  76.420 0.0000000000
52303  -28.791  -35.835  78.757 0.0000000000
52305  -33.507  -35.954  79.437 0.0000000000
53283  -13.638  -35.173  83.941 0.0000000000
52236  -13.513  -35.749  83.589 0.0000000000
51160  -13.668  -36.295  83.102 0.0000000000
50131  -13.932  -36.767  82.824 0.0000000000
79527  -45.921  -8.889  57.927 0.0000000000
57564  -34.617  -30.711  75.814 0.0000000000
56476  -34.370  -30.786  75.771 0.0000000000
56475  -34.024  -30.855  75.764 0.0000000000
59565  -31.805  -29.312  78.814 0.0000000000
59561  -28.871  -28.054  78.567 0.0000000000
60633  -29.178  -27.995  78.926 0.0000000000
54358  -21.986  -33.229  79.944 0.0000000000
54359  -23.038  -33.517  79.993 0.0000000000
57536  -22.028  -30.533  80.149 0.0000000000
57537  -22.475  -30.588  79.765 0.0000000000
57545  -23.533  -31.105  78.786 0.0000000000
56427  -23.087  -31.247  78.799 0.0000000000
54376  -23.572  -33.270  79.184 0.0000000000
54377  -24.158  -33.864  79.428 0.0000000000
53369  -24.616  -34.238  79.203 0.0000000000
56430  -26.179  -31.968  79.118 0.0000000000
55413  -26.805  -33.171  77.338 0.0000000000
52326  -27.927  -35.131  77.688 0.0000000000
52316  -28.355  -35.555  78.167 0.0000000000
52341  -32.320  -34.780  76.831 0.0000000000
54393  -34.636  -33.557  77.668 0.0000000000
55350  -19.251  -32.164  81.909 0.0000000000
66374  -34.125  -21.982  64.734 0.0000000000
66356  -35.666  -22.900  64.997 0.0000000000
67401  -35.572  -21.245  64.592 0.0000000000
74663  -32.586  -14.444  66.142 0.0000000000
73628  -33.110  -15.162  64.973 0.0000000000
75672  -33.351  -13.518  65.354 0.0000000000
72548  -33.644  -15.770  64.867 0.0000000000
72535  -34.951  -16.634  64.813 0.0000000000
75698  -34.822  -13.108  63.344 0.0000000000
74700  -34.529  -13.931  63.444 0.0000000000
74702  -35.970  -14.545  62.668 0.0000000000
71519  -37.534  -17.288  65.117 0.0000000000
72538  -38.065  -16.648  64.804 0.0000000000
76695  -46.388  -12.352  58.146 0.0000000000
77653  -45.510  -10.577  57.766 0.0000000000
79526  -45.454  -9.105  58.229 0.0000000000
80420  -45.483  -8.580  58.744 0.0000000000
42882  -7.976  -44.490  87.535 0.0000000000
41928  -7.785  -45.593  87.574 0.0000000000
41054  -9.675  -46.240  86.516 0.0000000000
40165  -10.483  -46.896  86.982 0.0000000000
38268  -8.544  -49.970  88.569 0.0000000000
38269  -9.183  -49.650  88.921 0.0000000000
37322  -8.258  -50.770  89.131 0.0000000000
57555  -35.685  -30.649  77.013 0.0000000000
58567  -35.174  -29.407  75.977 0.0000000000
59597  -34.473  -28.155  76.058 0.0000000000
60656  -34.240  -27.705  76.333 0.0000000000
60655  -33.338  -27.267  76.384 0.0000000000
61634  -32.643  -26.615  76.793 0.0000000000
61632  -31.057  -26.090  76.291 0.0000000000
62652  -31.573  -25.465  76.678 0.0000000000
62650  -25.690  -25.580  76.384 0.0000000000
60680  -27.004  -27.527  74.825 0.0000000000
63848  -25.510  -24.812  74.198 0.0000000000
62711  -25.542  -25.410  73.877 0.0000000000
61666  -25.743  -25.736  73.564 0.0000000000
61649  -25.641  -26.080  73.960 0.0000000000
61652  -28.669  -27.212  74.188 0.0000000000
62713  -29.980  -26.104  74.481 0.0000000000
62689  -30.739  -25.316  74.635 0.0000000000
63851  -31.136  -25.001  74.878 0.0000000000
63852  -31.914  -24.791  74.994 0.0000000000
62743  -31.084  -25.627  73.270 0.0000000000
61731  -30.453  -27.246  70.609 0.0000000000
62858  -33.693  -25.550  66.350 0.0000000000
65158  -30.403  -23.124  65.962 0.0000000000
69490  -31.466  -19.248  66.024 0.0000000000
71504  -31.555  -17.326  66.744 0.0000000000
72507  -31.942  -16.634  67.464 0.0000000000
53330  -21.979  -34.961  81.688 0.0000000000
53319  -22.674  -35.049  82.412 0.0000000000
53306  -22.880  -35.347  83.034 0.0000000000
53291  -23.359  -35.572  83.557 0.0000000000
51166  -25.722  -36.214  82.598 0.0000000000
52242  -24.695  -35.584  83.280 0.0000000000
52228  -24.748  -35.718  83.939 0.0000000000
51228  -28.596  -36.050  79.409 0.0000000000
44941  -9.559  -42.756  86.088 0.0000000000
43918  -10.433  -43.579  85.207 0.0000000000
46877  -10.671  -41.222  85.500 0.0000000000
45897  -11.040  -41.687  84.978 0.0000000000
44961  -10.752  -42.934  84.999 0.0000000000
42915  -12.811  -43.835  85.230 0.0000000000
47947  -13.372  -39.190  83.558 0.0000000000
46889  -15.344  -40.056  84.927 0.0000000000
45898  -14.726  -41.141  84.912 0.0000000000
44965  -14.182  -41.586  84.484 0.0000000000
78614  -46.541  -10.104  56.797 0.0000000000
35461  -6.213  -52.580  90.191 0.0000000000
35450  -5.453  -53.156  90.458 0.0000000000
36391  -5.107  -51.226  89.646 0.0000000000
35458  -3.941  -51.425  88.991 0.0000000000
36389  -3.766  -50.398  89.262 0.0000000000
38278  -7.484  -49.326  87.871 0.0000000000
41945  -11.042  -45.112  85.684 0.0000000000
46900  -14.084  -39.806  83.629 0.0000000000
52237  -13.800  -35.506  83.342 0.0000000000
52322  -34.153  -34.795  78.604 0.0000000000
52332  -33.289  -34.815  77.622 0.0000000000
53299  -13.739  -35.366  83.569 0.0000000000
56424  -20.876  -31.435  80.140 0.0000000000
56439  -22.913  -31.699  78.701 0.0000000000
58589  -34.856  -29.393  75.674 0.0000000000
60642  -27.625  -27.861  77.985 0.0000000000
61630  -25.558  -26.199  75.631 0.0000000000
61750  -31.029  -27.231  68.910 0.0000000000
63850  -30.776  -25.266  75.001 0.0000000000
63865  -25.576  -24.944  73.722 0.0000000000
67353  -30.196  -21.537  67.188 0.0000000000
70511  -33.988  -19.069  64.624 0.0000000000
72522  -31.616  -16.564  66.968 0.0000000000
73617  -31.758  -16.045  66.833 0.0000000000
73658  -34.945  -14.497  63.340 0.0000000000
74652  -32.601  -14.703  66.888 0.0000000000
74664  -32.923  -14.104  66.787 0.0000000000
74672  -32.898  -14.340  65.379 0.0000000000
74699  -34.171  -13.800  63.749 0.0000000000
75662  -32.950  -13.950  65.705 0.0000000000
76612  -33.856  -12.915  64.872 0.0000000000
76624  -34.006  -12.918  64.530 0.0000000000
76663  -36.471  -12.047  62.093 0.0000000000
79533  -46.866  -9.512  56.611 0.0000000000
