#!ascii label  , from subject 3525 vox2ras=TkReg
359
79098  -24.401  -10.550  10.234 0.0000000000
75276  -21.130  -14.797  13.971 0.0000000000
74272  -26.607  -14.970  11.714 0.0000000000
69061  -23.153  -20.277  13.835 0.0000000000
89916  -24.973  1.599  9.150 0.0000000000
88009  -26.455  -0.738  9.112 0.0000000000
82766  -21.572  -6.566  12.090 0.0000000000
65849  -22.423  -23.523  16.442 0.0000000000
72160  -22.128  -17.467  13.463 0.0000000000
70082  -20.944  -19.344  15.121 0.0000000000
88025  -25.810  0.182  8.635 0.0000000000
86296  -23.417  -2.639  10.670 0.0000000000
79069  -21.067  -10.416  12.898 0.0000000000
81797  -18.915  -7.635  14.990 0.0000000000
80916  -22.893  -8.334  10.945 0.0000000000
82790  -25.396  -6.442  9.480 0.0000000000
80929  -26.104  -8.397  9.521 0.0000000000
79099  -27.117  -10.335  10.528 0.0000000000
77147  -19.927  -12.269  14.855 0.0000000000
76259  -22.981  -13.282  11.868 0.0000000000
76281  -25.616  -13.429  10.367 0.0000000000
74252  -23.707  -15.519  11.693 0.0000000000
71163  -24.779  -18.134  12.426 0.0000000000
70104  -25.665  -19.418  14.088 0.0000000000
84546  -21.600  -4.882  12.619 0.0000000000
84581  -24.092  -4.137  10.160 0.0000000000
86298  -27.315  -2.689  10.074 0.0000000000
67985  -20.696  -21.046  15.955 0.0000000000
67987  -22.443  -21.713  15.084 0.0000000000
71117  -20.874  -18.295  15.000 0.0000000000
71083  -20.040  -18.945  16.190 0.0000000000
87139  -23.624  -1.593  10.514 0.0000000000
86289  -22.580  -2.687  11.769 0.0000000000
79082  -22.688  -10.734  11.633 0.0000000000
80002  -22.099  -9.415  11.878 0.0000000000
80011  -23.903  -9.465  10.337 0.0000000000
80927  -24.621  -8.303  9.642 0.0000000000
80024  -25.751  -9.371  9.531 0.0000000000
80026  -27.007  -9.358  10.139 0.0000000000
78168  -26.021  -11.060  9.826 0.0000000000
75284  -20.671  -13.638  14.090 0.0000000000
77159  -20.705  -12.330  13.614 0.0000000000
75301  -22.086  -14.202  12.975 0.0000000000
75302  -22.935  -14.341  12.166 0.0000000000
74250  -22.454  -15.045  12.688 0.0000000000
71141  -22.922  -18.958  13.085 0.0000000000
72179  -23.534  -17.405  12.331 0.0000000000
70137  -23.870  -18.996  12.641 0.0000000000
71143  -25.047  -18.635  12.894 0.0000000000
69079  -24.634  -19.819  13.690 0.0000000000
89905  -23.725  1.735  10.634 0.0000000000
90799  -23.676  2.601  10.943 0.0000000000
90821  -24.792  2.511  9.589 0.0000000000
91671  -25.466  3.582  8.189 0.0000000000
90835  -26.633  2.539  7.696 0.0000000000
88905  -26.930  0.128  8.858 0.0000000000
82754  -20.164  -6.598  13.590 0.0000000000
83621  -19.741  -5.676  14.615 0.0000000000
83658  -21.446  -5.718  12.407 0.0000000000
84579  -22.834  -4.546  11.098 0.0000000000
83679  -23.034  -5.494  10.719 0.0000000000
83691  -26.875  -5.468  10.059 0.0000000000
84592  -26.095  -4.527  9.528 0.0000000000
85468  -27.560  -3.601  10.351 0.0000000000
75338  -26.307  -14.129  10.849 0.0000000000
76283  -26.892  -13.088  10.751 0.0000000000
65847  -20.623  -23.073  16.753 0.0000000000
66946  -21.456  -22.387  15.971 0.0000000000
67986  -21.481  -21.369  15.463 0.0000000000
65857  -22.724  -23.011  15.970 0.0000000000
73129  -21.092  -16.439  14.465 0.0000000000
73144  -21.619  -16.433  13.750 0.0000000000
72143  -21.012  -17.384  14.737 0.0000000000
71118  -21.553  -18.359  14.310 0.0000000000
70103  -22.342  -19.525  13.916 0.0000000000
88902  -23.917  0.471  10.031 0.0000000000
89929  -25.634  1.566  8.481 0.0000000000
88006  -24.108  0.074  9.758 0.0000000000
88008  -25.640  -0.532  8.985 0.0000000000
87150  -25.115  -1.572  9.370 0.0000000000
79049  -19.664  -10.282  14.572 0.0000000000
79988  -20.051  -9.310  13.744 0.0000000000
80903  -20.895  -8.485  12.676 0.0000000000
81826  -22.430  -7.433  11.162 0.0000000000
82781  -23.328  -6.447  10.449 0.0000000000
81838  -24.326  -7.378  9.804 0.0000000000
81840  -25.741  -7.416  9.440 0.0000000000
82793  -27.149  -6.417  10.282 0.0000000000
81832  -27.426  -7.373  10.558 0.0000000000
64590  -22.982  -24.609  17.561 0.0000000000
65850  -23.399  -23.574  16.742 0.0000000000
78112  -20.339  -11.338  13.844 0.0000000000
78125  -22.127  -11.590  12.269 0.0000000000
77206  -23.635  -12.294  11.052 0.0000000000
77219  -25.261  -12.022  10.138 0.0000000000
76260  -23.722  -13.275  11.251 0.0000000000
75322  -24.637  -14.380  11.008 0.0000000000
74270  -25.361  -15.127  11.140 0.0000000000
73164  -22.907  -16.525  12.507 0.0000000000
72195  -24.081  -16.890  11.979 0.0000000000
73181  -25.680  -16.230  11.846 0.0000000000
72182  -25.939  -17.485  12.737 0.0000000000
71120  -26.659  -18.103  13.995 0.0000000000
89930  -26.380  1.613  8.124 0.0000000000
85450  -22.692  -3.623  11.467 0.0000000000
85466  -23.762  -3.458  10.385 0.0000000000
86313  -25.491  -2.577  9.425 0.0000000000
84591  -25.411  -4.507  9.498 0.0000000000
85483  -25.799  -3.562  9.442 0.0000000000
87153  -27.092  -1.902  9.794 0.0000000000
77221  -26.382  -11.488  10.102 0.0000000000
78142  -27.680  -11.308  11.559 0.0000000000
69030  -19.767  -20.324  16.931 0.0000000000
69045  -20.818  -20.316  15.558 0.0000000000
67999  -22.051  -20.987  14.801 0.0000000000
68000  -22.794  -21.099  14.506 0.0000000000
66947  -24.008  -22.851  16.201 0.0000000000
67989  -24.239  -21.716  15.216 0.0000000000
68002  -24.654  -21.000  14.779 0.0000000000
86281  -22.360  -2.913  12.076 0.0000000000
79083  -23.371  -10.656  11.149 0.0000000000
80004  -23.548  -10.067  10.866 0.0000000000
80012  -24.473  -10.007  9.934 0.0000000000
79113  -24.880  -10.512  9.801 0.0000000000
79114  -25.521  -10.331  9.641 0.0000000000
78167  -25.434  -11.238  9.899 0.0000000000
75275  -20.386  -14.362  14.537 0.0000000000
75285  -21.223  -14.061  13.717 0.0000000000
74230  -21.778  -15.298  13.379 0.0000000000
70119  -22.890  -19.451  13.362 0.0000000000
70120  -23.490  -19.245  12.939 0.0000000000
69077  -23.357  -19.770  13.322 0.0000000000
70121  -24.350  -19.163  12.956 0.0000000000
69078  -23.882  -19.943  13.298 0.0000000000
89915  -24.437  1.751  9.851 0.0000000000
89906  -24.081  1.897  10.317 0.0000000000
90822  -25.309  2.531  8.768 0.0000000000
90834  -25.884  2.490  7.985 0.0000000000
88010  -27.248  -0.783  9.504 0.0000000000
82765  -20.896  -6.571  12.690 0.0000000000
82737  -19.945  -6.122  14.182 0.0000000000
83639  -20.405  -5.508  13.921 0.0000000000
83672  -22.438  -5.540  11.259 0.0000000000
84582  -27.175  -4.525  10.229 0.0000000000
74285  -26.321  -14.688  11.179 0.0000000000
75323  -26.611  -14.187  11.312 0.0000000000
75324  -26.918  -14.203  11.930 0.0000000000
64598  -22.153  -24.022  16.886 0.0000000000
64597  -21.451  -23.945  16.974 0.0000000000
65848  -21.454  -23.301  16.476 0.0000000000
65856  -22.028  -22.981  16.011 0.0000000000
73128  -20.570  -16.461  15.113 0.0000000000
70101  -21.248  -18.858  14.743 0.0000000000
71119  -21.967  -18.977  14.072 0.0000000000
70102  -21.629  -19.412  14.534 0.0000000000
87989  -23.111  -0.326  11.048 0.0000000000
87995  -23.720  -0.390  10.233 0.0000000000
87996  -24.059  -1.022  10.009 0.0000000000
87140  -24.383  -1.621  9.882 0.0000000000
79062  -20.313  -10.348  13.704 0.0000000000
80911  -22.291  -8.445  11.499 0.0000000000
81819  -21.208  -7.513  12.366 0.0000000000
81830  -23.033  -7.388  10.648 0.0000000000
80917  -23.459  -8.292  10.475 0.0000000000
80928  -25.337  -8.396  9.450 0.0000000000
81841  -26.397  -7.412  9.663 0.0000000000
82792  -26.640  -6.431  9.853 0.0000000000
81842  -26.932  -7.399  10.065 0.0000000000
80918  -27.247  -8.373  10.326 0.0000000000
80005  -27.854  -9.712  11.323 0.0000000000
64580  -23.373  -24.978  18.164 0.0000000000
78102  -19.994  -11.370  14.446 0.0000000000
77158  -20.384  -12.196  14.062 0.0000000000
77176  -21.799  -12.373  12.616 0.0000000000
77189  -22.501  -12.440  12.115 0.0000000000
78139  -22.661  -11.647  11.826 0.0000000000
77190  -23.122  -12.418  11.585 0.0000000000
76279  -24.033  -12.762  10.843 0.0000000000
75303  -23.357  -14.985  11.859 0.0000000000
75321  -23.779  -14.464  11.469 0.0000000000
74269  -24.436  -15.331  11.376 0.0000000000
73145  -22.245  -16.503  13.091 0.0000000000
72178  -22.739  -17.397  12.869 0.0000000000
72180  -24.389  -17.533  12.136 0.0000000000
72197  -25.124  -16.618  11.831 0.0000000000
72181  -25.229  -17.247  12.192 0.0000000000
73166  -25.824  -16.890  12.368 0.0000000000
71164  -25.400  -18.032  12.664 0.0000000000
70123  -25.784  -19.039  13.860 0.0000000000
71144  -25.879  -18.402  13.427 0.0000000000
70105  -26.369  -19.083  14.409 0.0000000000
88918  -26.023  0.763  8.411 0.0000000000
81796  -18.555  -7.914  15.474 0.0000000000
85408  -20.675  -4.282  14.695 0.0000000000
85437  -21.766  -4.413  12.902 0.0000000000
85439  -22.357  -3.740  11.951 0.0000000000
84547  -22.050  -4.667  11.978 0.0000000000
84580  -23.513  -4.499  10.534 0.0000000000
85467  -24.405  -3.443  9.928 0.0000000000
85482  -25.070  -3.519  9.524 0.0000000000
82789  -24.684  -6.448  9.665 0.0000000000
83687  -24.381  -5.540  9.926 0.0000000000
83688  -25.032  -5.480  9.546 0.0000000000
85485  -26.973  -3.611  9.940 0.0000000000
85484  -26.421  -3.598  9.610 0.0000000000
86315  -26.747  -2.696  9.722 0.0000000000
87141  -27.711  -1.642  10.119 0.0000000000
76292  -25.435  -12.717  10.205 0.0000000000
77220  -25.971  -12.076  10.010 0.0000000000
77208  -26.262  -12.652  10.222 0.0000000000
77192  -27.476  -11.916  11.361 0.0000000000
67977  -20.152  -21.403  16.585 0.0000000000
69031  -20.226  -20.351  16.204 0.0000000000
65858  -23.370  -22.878  15.950 0.0000000000
72142  -20.444  -17.388  15.410 0.0000000000
71098  -20.223  -18.390  15.780 0.0000000000
70066  -20.297  -19.483  15.856 0.0000000000
87132  -23.269  -0.959  10.733 0.0000000000
87131  -22.843  -1.551  11.261 0.0000000000
87138  -23.153  -2.100  10.897 0.0000000000
86295  -22.912  -2.673  11.152 0.0000000000
79070  -21.973  -10.522  12.241 0.0000000000
79995  -21.377  -9.455  12.478 0.0000000000
79081  -22.416  -10.058  11.736 0.0000000000
80003  -22.983  -9.551  11.251 0.0000000000
80010  -23.298  -8.910  10.741 0.0000000000
80926  -24.051  -8.284  10.049 0.0000000000
80022  -24.345  -8.877  9.895 0.0000000000
80023  -24.812  -9.431  9.642 0.0000000000
80930  -26.719  -8.388  9.862 0.0000000000
80025  -26.447  -9.342  9.739 0.0000000000
79116  -26.664  -10.217  10.057 0.0000000000
75274  -19.736  -14.001  15.029 0.0000000000
76226  -20.368  -13.128  14.422 0.0000000000
76227  -20.833  -12.974  13.732 0.0000000000
76241  -21.556  -13.190  13.125 0.0000000000
76242  -22.318  -13.305  12.489 0.0000000000
74251  -23.045  -15.531  12.217 0.0000000000
71160  -22.582  -17.974  13.157 0.0000000000
71161  -23.141  -18.385  12.825 0.0000000000
71162  -24.016  -18.488  12.360 0.0000000000
71142  -24.550  -18.635  12.625 0.0000000000
70122  -25.238  -19.206  13.539 0.0000000000
69080  -25.237  -19.748  14.049 0.0000000000
89894  -23.255  1.710  11.233 0.0000000000
90814  -23.952  2.204  10.581 0.0000000000
91673  -26.811  3.628  7.332 0.0000000000
88026  -26.298  0.076  8.659 0.0000000000
88919  -26.706  0.829  8.412 0.0000000000
88920  -27.189  0.857  8.594 0.0000000000
85399  -18.820  -4.470  16.160 0.0000000000
84511  -19.520  -5.002  15.145 0.0000000000
84512  -20.158  -4.925  14.563 0.0000000000
84563  -22.321  -4.666  11.717 0.0000000000
84562  -21.893  -5.121  12.129 0.0000000000
84589  -24.101  -4.837  10.180 0.0000000000
83690  -26.360  -5.477  9.696 0.0000000000
83689  -25.754  -5.476  9.504 0.0000000000
84593  -26.647  -4.534  9.825 0.0000000000
75337  -25.893  -14.083  10.614 0.0000000000
76282  -26.325  -13.308  10.457 0.0000000000
76262  -26.650  -13.652  10.909 0.0000000000
76263  -27.035  -13.454  11.383 0.0000000000
66945  -20.739  -22.422  16.397 0.0000000000
67978  -20.904  -21.733  16.068 0.0000000000
66953  -22.162  -22.368  15.584 0.0000000000
66954  -22.957  -22.407  15.464 0.0000000000
74219  -20.581  -15.546  14.801 0.0000000000
74220  -21.116  -15.475  14.177 0.0000000000
72159  -21.528  -17.349  14.077 0.0000000000
71139  -21.868  -17.953  13.823 0.0000000000
71140  -22.359  -18.579  13.534 0.0000000000
88887  -22.893  0.686  11.603 0.0000000000
88894  -23.975  1.225  10.132 0.0000000000
88903  -24.412  0.737  9.532 0.0000000000
88904  -25.257  0.531  8.855 0.0000000000
88007  -24.545  -0.488  9.488 0.0000000000
87151  -25.933  -1.637  9.236 0.0000000000
80895  -19.660  -8.491  13.932 0.0000000000
80902  -20.273  -8.487  13.333 0.0000000000
81808  -19.432  -7.684  14.268 0.0000000000
81818  -20.495  -7.546  12.978 0.0000000000
82776  -22.644  -6.458  10.865 0.0000000000
82782  -24.021  -6.454  10.065 0.0000000000
81839  -24.999  -7.399  9.462 0.0000000000
82791  -26.089  -6.439  9.516 0.0000000000
83681  -27.383  -5.453  10.534 0.0000000000
82783  -27.640  -6.402  10.823 0.0000000000
74253  -26.766  -15.526  12.405 0.0000000000
64599  -22.753  -23.971  16.866 0.0000000000
79050  -20.076  -10.847  14.142 0.0000000000
78123  -20.765  -11.288  13.273 0.0000000000
77174  -20.615  -11.890  13.559 0.0000000000
78124  -21.430  -11.415  12.710 0.0000000000
79071  -22.370  -11.125  12.009 0.0000000000
78140  -23.208  -11.539  11.364 0.0000000000
78155  -23.737  -11.460  10.867 0.0000000000
78166  -24.841  -11.321  10.132 0.0000000000
77207  -24.166  -12.221  10.658 0.0000000000
76291  -25.020  -12.546  10.249 0.0000000000
76280  -24.660  -13.191  10.556 0.0000000000
75320  -23.351  -13.852  11.678 0.0000000000
76261  -24.223  -13.838  11.079 0.0000000000
75336  -25.321  -14.165  10.677 0.0000000000
74283  -25.666  -14.541  10.804 0.0000000000
74284  -25.981  -14.708  10.884 0.0000000000
74271  -26.087  -15.303  11.365 0.0000000000
74231  -22.457  -15.797  12.744 0.0000000000
73165  -23.567  -16.380  12.011 0.0000000000
73179  -24.217  -16.213  11.662 0.0000000000
73180  -24.917  -16.089  11.565 0.0000000000
73182  -26.325  -15.734  11.983 0.0000000000
73167  -26.506  -16.557  12.722 0.0000000000
72161  -26.618  -17.515  13.432 0.0000000000
89931  -27.211  1.636  8.191 0.0000000000
86280  -21.994  -4.111  12.483 0.0000000000
85465  -23.139  -3.554  10.865 0.0000000000
86297  -24.101  -2.541  10.228 0.0000000000
86312  -24.752  -2.543  9.668 0.0000000000
87152  -26.606  -1.730  9.462 0.0000000000
83680  -23.728  -5.542  10.322 0.0000000000
84590  -24.626  -4.490  9.755 0.0000000000
86314  -26.181  -2.637  9.446 0.0000000000
87997  -27.774  -0.815  9.964 0.0000000000
78157  -26.737  -11.111  10.333 0.0000000000
77209  -26.691  -12.245  10.409 0.0000000000
78141  -27.205  -11.429  10.908 0.0000000000
79084  -27.542  -10.432  11.134 0.0000000000
70065  -19.951  -19.480  16.521 0.0000000000
69046  -21.472  -20.217  14.927 0.0000000000
69060  -22.218  -20.285  14.375 0.0000000000
66955  -23.743  -22.358  15.573 0.0000000000
67988  -23.313  -21.770  15.018 0.0000000000
68001  -23.721  -21.102  14.510 0.0000000000
69062  -24.161  -20.420  14.068 0.0000000000
70083  -21.344  -19.665  14.858 0.0000000000
70136  -23.625  -18.807  12.659 0.0000000000
72196  -24.662  -16.788  11.876 0.0000000000
76293  -25.953  -12.873  10.172 0.0000000000
77175  -21.055  -12.225  13.184 0.0000000000
77218  -24.720  -12.131  10.358 0.0000000000
78156  -24.306  -11.387  10.497 0.0000000000
78169  -26.412  -10.838  9.996 0.0000000000
79097  -23.872  -10.603  10.650 0.0000000000
79115  -26.180  -10.219  9.720 0.0000000000
79994  -20.658  -9.421  13.124 0.0000000000
80887  -19.026  -8.308  14.835 0.0000000000
80894  -19.187  -8.448  14.608 0.0000000000
80910  -21.612  -8.463  12.100 0.0000000000
81809  -19.913  -7.659  13.638 0.0000000000
81825  -21.835  -7.484  11.746 0.0000000000
81831  -23.690  -7.373  10.237 0.0000000000
82775  -22.100  -6.512  11.459 0.0000000000
83657  -20.859  -5.640  13.046 0.0000000000
83671  -21.956  -5.672  11.851 0.0000000000
84501  -18.886  -5.027  15.787 0.0000000000
84545  -21.113  -4.891  13.342 0.0000000000
85438  -22.050  -4.094  12.224 0.0000000000
90815  -24.276  2.569  10.365 0.0000000000
