#!ascii label  , from subject 3525 vox2ras=TkReg
2229
4854  -35.713  -88.646  21.512 0.1000000015
4853  -34.978  -88.501  21.652 0.1000000015
6045  -33.293  -87.238  23.222 0.1000000015
5448  -33.986  -87.471  21.784 0.1000000015
6074  -33.555  -86.725  21.349 0.1000000015
6079  -34.193  -86.980  20.540 0.1000000015
6747  -32.598  -85.721  21.402 0.1000000015
6775  -34.178  -86.066  19.630 0.1000000015
7481  -34.498  -85.714  19.066 0.1000000015
7460  -33.023  -85.124  20.099 0.1000000015
7480  -33.733  -84.863  19.376 0.1000000015
7498  -34.945  -85.148  18.480 0.1000000015
7497  -34.500  -84.448  18.705 0.1000000015
7479  -33.117  -84.065  19.667 0.1000000015
8248  -34.227  -83.758  18.821 0.1000000015
9032  -35.940  -83.124  16.309 0.1000000015
8232  -32.701  -83.411  19.735 0.1000000015
9002  -34.600  -82.906  18.283 0.1000000015
9001  -33.839  -82.779  18.860 0.1000000015
6075  -36.974  -86.777  21.392 0.1000000015
5450  -36.643  -87.748  21.150 0.1000000015
5460  -34.790  -87.794  20.856 0.1000000015
5451  -36.948  -87.212  20.701 0.1000000015
5462  -36.345  -87.734  20.429 0.1000000015
5471  -35.074  -87.530  20.254 0.1000000015
5473  -36.366  -87.218  19.659 0.1000000015
6095  -34.143  -86.478  20.093 0.1000000015
6118  -35.697  -86.484  18.775 0.1000000015
6797  -35.069  -86.065  18.757 0.1000000015
8250  -35.477  -84.752  17.850 0.1000000015
11279  -40.193  -79.048  15.348 0.1000000015
10544  -38.581  -80.759  14.828 0.1000000015
9791  -38.345  -81.556  15.119 0.1000000015
8312  -36.726  -83.171  15.181 0.1000000015
8302  -36.754  -83.606  15.703 0.1000000015
8284  -36.129  -83.947  16.754 0.1000000015
8266  -35.755  -84.204  17.400 0.1000000015
8265  -35.498  -83.621  17.510 0.1000000015
8249  -35.141  -83.933  18.156 0.1000000015
7421  -36.279  -84.882  23.605 0.1000000015
8186  -36.223  -83.513  22.255 0.2000000030
7434  -36.220  -84.567  22.642 0.2000000030
6736  -36.476  -85.681  23.015 0.1000000015
8199  -36.965  -83.404  21.619 0.1000000015
7447  -37.443  -84.468  21.271 0.1000000015
6749  -36.770  -85.484  21.888 0.1000000015
6750  -37.481  -85.619  20.971 0.1000000015
15384  -45.452  -74.793  21.523 0.1000000015
14471  -45.195  -75.354  21.100 0.1000000015
7461  -38.020  -84.790  20.641 0.1000000015
6081  -37.671  -86.157  19.705 0.1000000015
5474  -36.960  -86.741  19.481 0.1000000015
15423  -45.056  -75.047  20.348 0.1000000015
14493  -44.683  -75.617  19.916 0.1000000015
13613  -43.912  -76.358  19.829 0.1000000015
13630  -41.891  -77.114  17.972 0.1000000015
13629  -41.101  -77.327  18.094 0.1000000015
12817  -41.054  -77.626  17.639 0.1000000015
6758  -38.264  -85.228  19.665 0.1000000015
6777  -37.470  -85.683  18.625 0.1000000015
6798  -35.688  -85.883  18.218 0.1000000015
13631  -42.833  -76.464  18.487 0.1000000015
12005  -40.452  -78.750  16.895 0.1000000015
11238  -39.638  -79.902  17.010 0.1000000015
10509  -39.330  -81.141  17.135 0.1000000015
9771  -39.140  -81.798  16.578 0.1000000015
6799  -36.448  -85.814  18.011 0.1000000015
6820  -36.538  -85.353  17.591 0.1000000015
12837  -41.562  -77.505  17.014 0.1000000015
11257  -40.374  -78.978  15.755 0.1000000015
11256  -39.975  -79.671  15.827 0.1000000015
8288  -38.873  -83.290  16.819 0.1000000015
7538  -37.408  -84.266  16.440 0.1000000015
10545  -39.246  -80.160  15.122 0.1000000015
9792  -38.983  -81.177  15.607 0.1000000015
9770  -38.746  -81.970  15.805 0.1000000015
8287  -38.292  -83.448  16.059 0.1000000015
7537  -36.699  -84.363  16.640 0.1000000015
8940  -35.573  -82.597  22.751 0.1000000015
8185  -35.761  -83.700  22.841 0.2000000030
7420  -35.922  -84.242  24.063 0.1000000015
8156  -36.034  -82.712  25.116 0.2000000030
8157  -36.723  -83.529  25.229 0.2000000030
8941  -36.446  -82.427  22.019 0.1000000015
17176  -46.335  -72.557  22.091 0.1000000015
16295  -45.858  -74.062  21.431 0.1000000015
7448  -38.256  -84.099  20.832 0.1000000015
7462  -38.855  -84.289  20.152 0.1000000015
13567  -44.464  -75.868  20.886 0.1000000015
13612  -43.171  -76.457  19.372 0.1000000015
13591  -42.655  -76.344  19.744 0.1000000015
13610  -40.902  -76.884  18.655 0.1000000015
12004  -39.817  -79.053  17.614 0.1000000015
10496  -39.239  -81.187  18.084 0.1000000015
9732  -39.328  -82.232  18.459 0.1000000015
8251  -38.897  -83.856  17.879 0.1000000015
6801  -37.780  -85.179  18.289 0.1000000015
8267  -38.620  -83.931  17.128 0.1000000015
7517  -36.626  -84.859  17.200 0.1000000015
11150  -34.932  -79.373  23.641 0.1000000015
10449  -34.742  -80.186  24.024 0.1000000015
10454  -35.609  -80.225  22.636 0.1000000015
10450  -35.066  -80.257  23.343 0.1000000015
9665  -34.835  -81.061  23.779 0.1000000015
8933  -34.847  -81.448  24.144 0.2000000030
8925  -35.400  -82.101  24.853 0.2000000030
8913  -35.891  -81.985  25.311 0.2000000030
8914  -36.519  -82.343  25.506 0.2000000030
9673  -36.781  -81.364  21.823 0.1000000015
10455  -36.391  -80.421  22.105 0.1000000015
9684  -37.413  -81.237  21.392 0.1000000015
8953  -38.163  -82.499  20.886 0.1000000015
16261  -46.019  -73.204  22.225 0.1000000015
15338  -44.720  -73.939  22.424 0.1000000015
15362  -43.884  -74.272  22.305 0.1000000015
15382  -42.690  -74.746  21.824 0.1000000015
8952  -37.379  -82.268  21.423 0.1000000015
8954  -38.694  -82.604  20.431 0.1000000015
17189  -46.512  -72.574  21.678 0.1000000015
18007  -46.326  -71.682  22.297 0.1000000015
14422  -45.086  -75.088  21.597 0.1000000015
14420  -44.329  -74.818  21.956 0.1000000015
14467  -42.424  -75.931  20.399 0.1000000015
14466  -41.286  -75.755  20.026 0.1000000015
12796  -40.080  -77.398  18.799 0.1000000015
11965  -38.899  -78.786  19.366 0.1000000015
10490  -38.791  -80.712  19.690 0.1000000015
9701  -39.064  -82.229  19.679 0.1000000015
8218  -39.284  -83.453  19.934 0.1000000015
18042  -46.930  -71.730  21.403 0.1000000015
12816  -40.415  -77.683  18.251 0.1000000015
11220  -39.232  -79.865  18.169 0.1000000015
10491  -39.075  -80.858  18.973 0.1000000015
9717  -39.204  -82.005  19.065 0.1000000015
8234  -39.418  -83.474  19.410 0.1000000015
18063  -47.419  -71.044  21.006 0.1000000015
19863  -47.269  -69.512  20.859 0.1000000015
18964  -46.289  -70.251  19.976 0.1000000015
19862  -46.909  -69.549  20.289 0.1000000015
12714  -35.479  -77.704  22.874 0.1000000015
11151  -35.292  -79.382  23.022 0.1000000015
13546  -36.001  -76.856  22.553 0.1000000015
12727  -36.135  -77.941  22.315 0.1000000015
11147  -34.783  -79.371  24.328 0.1000000015
10443  -35.046  -80.604  24.842 0.1000000015
9657  -35.167  -81.131  24.879 0.2000000030
13547  -36.778  -76.958  21.994 0.1000000015
11918  -36.460  -78.757  21.987 0.1000000015
11163  -36.130  -79.514  22.257 0.1000000015
10435  -35.763  -80.828  25.567 0.2000000030
13548  -37.334  -76.762  21.555 0.1000000015
11929  -37.045  -78.781  21.482 0.1000000015
19810  -46.594  -69.622  22.547 0.1000000015
18889  -46.566  -70.527  22.368 0.1000000015
18888  -45.909  -71.051  22.469 0.1000000015
18887  -45.177  -71.141  22.469 0.1000000015
17157  -45.117  -72.637  22.568 0.1000000015
16259  -44.622  -73.269  22.563 0.1000000015
16258  -43.882  -73.154  22.565 0.1000000015
14437  -37.687  -76.364  21.344 0.1000000015
13564  -37.714  -77.128  21.088 0.1000000015
11178  -37.362  -79.629  21.287 0.1000000015
17158  -45.852  -72.608  22.400 0.1000000015
15381  -41.710  -74.748  21.539 0.1000000015
14440  -40.415  -75.343  20.553 0.1000000015
11947  -38.273  -78.878  20.192 0.1000000015
10480  -37.977  -80.117  20.611 0.1000000015
9686  -38.329  -81.726  20.572 0.1000000015
20752  -46.943  -68.856  23.088 0.1000000015
14442  -42.593  -75.424  21.264 0.1000000015
14441  -41.536  -75.323  20.846 0.1000000015
14465  -40.079  -76.151  19.773 0.1000000015
12771  -38.932  -77.480  19.792 0.1000000015
12770  -38.484  -77.979  20.081 0.1000000015
10481  -38.326  -80.663  20.384 0.1000000015
19811  -47.040  -69.578  22.425 0.1000000015
18914  -47.446  -70.329  21.704 0.1000000015
19837  -47.354  -69.518  22.136 0.1000000015
19849  -47.387  -69.444  21.629 0.1000000015
20812  -47.062  -68.788  20.260 0.1000000015
20828  -46.791  -68.490  19.435 0.1000000015
11903  -34.801  -78.508  23.918 0.1000000015
14418  -36.638  -75.854  22.416 0.1000000015
14402  -36.193  -75.386  22.962 0.1000000015
13531  -35.036  -76.708  23.841 0.1000000015
11142  -34.961  -79.478  24.996 0.1000000015
14419  -37.286  -76.050  21.769 0.1000000015
15356  -37.699  -74.851  22.151 0.1000000015
12703  -34.886  -77.623  24.958 0.1000000015
11143  -35.268  -79.433  25.345 0.1000000015
15357  -39.011  -74.339  21.785 0.1000000015
10418  -35.676  -79.995  25.689 0.2000000030
19809  -46.106  -69.193  22.721 0.1000000015
18005  -44.755  -71.890  22.536 0.1000000015
18004  -43.971  -71.910  22.463 0.1000000015
15378  -38.601  -75.228  21.284 0.1000000015
14438  -38.295  -76.231  20.866 0.1000000015
11888  -36.183  -78.481  26.189 0.1000000015
11889  -37.095  -78.550  26.548 0.2000000030
19835  -45.432  -69.705  22.504 0.1000000015
16281  -43.195  -73.323  22.503 0.1000000015
15360  -41.867  -74.100  22.136 0.1000000015
14439  -39.295  -75.666  20.582 0.1000000015
13565  -38.327  -77.263  20.500 0.1000000015
20753  -47.589  -68.687  22.752 0.1000000015
20778  -47.469  -68.646  22.185 0.1000000015
20779  -47.677  -68.067  22.104 0.1000000015
21863  -47.411  -67.563  21.794 0.1000000015
20813  -47.172  -68.652  20.900 0.1000000015
20794  -47.019  -68.095  20.951 0.1000000015
21882  -47.195  -67.819  20.023 0.1000000015
16276  -37.719  -73.841  22.823 0.1000000015
15336  -37.115  -74.297  22.906 0.1000000015
15335  -36.329  -74.547  23.368 0.1000000015
16256  -39.013  -73.083  22.924 0.1000000015
15355  -36.749  -74.945  22.712 0.1000000015
14401  -35.521  -75.644  23.543 0.1000000015
12706  -34.794  -77.613  24.238 0.1000000015
16277  -38.547  -73.738  22.499 0.1000000015
14389  -35.240  -75.354  24.258 0.1000000015
11899  -35.174  -78.621  25.305 0.1000000015
15358  -39.989  -74.266  21.654 0.1000000015
13519  -35.061  -76.689  25.202 0.1000000015
20751  -45.997  -68.348  23.414 0.1000000015
19808  -45.342  -68.867  22.767 0.1000000015
19834  -44.540  -69.415  22.469 0.1000000015
18911  -44.846  -70.370  22.414 0.1000000015
18885  -43.527  -71.206  22.380 0.1000000015
17175  -42.501  -72.384  22.500 0.1000000015
16280  -42.134  -73.307  22.470 0.1000000015
16279  -41.066  -73.351  22.450 0.1000000015
12704  -35.311  -77.558  25.514 0.1000000015
11887  -35.606  -78.321  25.775 0.1000000015
20728  -46.988  -68.029  23.777 0.1000000015
17154  -43.198  -72.655  22.509 0.1000000015
12689  -36.558  -77.612  26.355 0.1000000015
20729  -47.750  -68.142  23.535 0.1000000015
21800  -48.383  -67.445  23.937 0.1000000015
20730  -48.199  -68.042  23.196 0.1000000015
21824  -48.356  -67.487  23.109 0.1000000015
22962  -47.992  -66.890  22.457 0.1000000015
22977  -47.275  -67.030  21.812 0.1000000015
22960  -46.293  -66.497  21.886 0.1000000015
16255  -38.230  -73.152  23.222 0.1000000015
16254  -37.208  -73.456  23.599 0.1000000015
17152  -38.951  -72.352  23.458 0.1000000015
16253  -36.258  -73.774  24.094 0.1000000015
17172  -39.570  -72.711  22.996 0.1000000015
18001  -39.465  -71.392  23.442 0.1000000015
15334  -35.583  -74.611  24.021 0.1000000015
14400  -35.077  -76.027  24.188 0.1000000015
17173  -40.375  -72.485  22.821 0.1000000015
17153  -39.731  -72.119  23.242 0.1000000015
15321  -35.269  -74.803  24.792 0.1000000015
20727  -46.338  -67.809  23.909 0.1000000015
18910  -43.967  -70.348  22.340 0.1000000015
18025  -41.746  -71.504  22.535 0.1000000015
17174  -41.434  -72.453  22.608 0.1000000015
18024  -40.862  -71.631  22.739 0.1000000015
15320  -35.234  -75.357  25.208 0.1000000015
12688  -35.795  -77.562  26.054 0.1000000015
21798  -46.704  -67.421  24.397 0.1000000015
21823  -45.323  -68.026  23.533 0.1000000015
21822  -44.572  -67.932  23.397 0.1000000015
19833  -43.538  -69.528  22.351 0.1000000015
18909  -43.048  -70.429  22.314 0.1000000015
18026  -42.675  -71.352  22.413 0.1000000015
13505  -36.041  -76.811  26.287 0.1000000015
21799  -47.726  -67.591  24.296 0.1000000015
22924  -48.628  -66.593  24.659 0.1000000015
21780  -48.281  -67.136  24.768 0.1000000015
22949  -48.873  -65.969  24.545 0.1000000015
22948  -48.484  -66.579  23.799 0.1000000015
22961  -47.020  -66.511  22.286 0.1000000015
22947  -47.670  -66.329  23.085 0.1000000015
19829  -40.267  -69.865  22.682 0.1000000015
18882  -39.113  -70.284  23.495 0.1000000015
17150  -37.358  -72.778  24.181 0.1000000015
19830  -40.813  -69.713  22.533 0.1000000015
16236  -36.858  -73.029  24.403 0.1000000015
19832  -42.598  -69.594  22.290 0.1000000015
19831  -41.634  -69.660  22.369 0.1000000015
18907  -41.009  -70.631  22.586 0.1000000015
18002  -40.185  -71.563  23.066 0.1000000015
16235  -36.170  -73.265  24.853 0.1000000015
21778  -46.488  -66.897  24.936 0.1000000015
21777  -46.041  -67.124  24.615 0.1000000015
21843  -44.235  -68.293  22.897 0.1000000015
18908  -42.097  -70.535  22.372 0.1000000015
16220  -35.649  -73.761  25.900 0.1000000015
21779  -47.474  -66.982  25.086 0.1000000015
14383  -35.433  -75.679  25.739 0.1000000015
13506  -36.800  -76.645  26.513 0.1000000015
22897  -48.324  -66.456  25.436 0.1000000015
22898  -48.990  -66.049  25.198 0.1000000015
23981  -49.209  -65.637  25.089 0.1000000015
24026  -49.150  -65.570  24.835 0.1000000015
24024  -47.907  -65.879  23.954 0.1000000015
24004  -47.916  -65.089  24.451 0.1000000015
25046  -47.549  -64.499  24.676 0.1000000015
24023  -46.819  -65.859  23.392 0.1000000015
18000  -38.579  -71.415  23.995 0.1000000015
17132  -38.000  -71.832  24.362 0.1000000015
17979  -37.929  -71.216  24.571 0.1000000015
17116  -37.119  -71.796  25.310 0.1000000015
22894  -45.389  -66.652  24.955 0.1000000015
21821  -43.528  -67.391  23.583 0.1000000015
21841  -42.863  -67.928  22.715 0.1000000015
20773  -41.223  -68.758  22.512 0.1000000015
22880  -47.715  -66.045  25.920 0.1000000015
22895  -46.662  -66.323  25.556 0.1000000015
23979  -45.693  -65.915  25.725 0.1000000015
22923  -44.930  -67.044  24.392 0.1000000015
21796  -44.459  -67.279  24.032 0.1000000015
20775  -43.156  -68.721  22.418 0.1000000015
16234  -35.503  -73.906  25.178 0.1000000015
22881  -48.265  -65.838  25.891 0.1000000015
23965  -48.983  -65.468  25.415 0.1000000015
25027  -48.868  -64.346  25.390 0.1000000015
25028  -49.125  -65.150  25.138 0.1000000015
25047  -48.803  -64.608  24.891 0.1000000015
26016  -48.658  -63.012  24.798 0.1000000015
26014  -46.736  -63.613  24.744 0.1000000015
20748  -39.829  -68.538  23.074 0.1000000015
18863  -38.302  -70.317  24.183 0.1000000015
19786  -37.887  -69.328  24.377 0.1000000015
20749  -40.610  -68.359  22.782 0.1000000015
20774  -42.217  -68.730  22.384 0.1000000015
23943  -47.881  -64.859  26.422 0.1000000015
23962  -46.888  -65.704  26.149 0.1000000015
23944  -48.331  -64.680  26.255 0.1000000015
25982  -48.715  -63.549  25.684 0.1000000015
26015  -47.909  -63.476  24.706 0.1000000015
26976  -47.162  -62.654  24.561 0.1000000015
19806  -39.212  -69.251  23.318 0.1000000015
19787  -38.576  -69.343  23.761 0.1000000015
21839  -41.179  -67.936  22.785 0.1000000015
23961  -45.954  -65.495  26.174 0.1000000015
22922  -44.351  -66.780  24.476 0.1000000015
21795  -43.904  -66.989  24.131 0.1000000015
21820  -42.531  -67.372  23.244 0.1000000015
24996  -48.025  -64.269  26.407 0.1000000015
25969  -48.233  -63.641  26.217 0.1000000015
25997  -48.907  -63.389  25.158 0.1000000015
26990  -47.621  -62.163  24.233 0.1000000015
27922  -47.168  -62.083  24.319 0.1000000015
21818  -40.633  -67.584  23.238 0.1000000015
22944  -42.306  -66.844  23.719 0.1000000015
22943  -41.346  -66.829  23.732 0.1000000015
24994  -46.424  -64.417  26.619 0.1000000015
25015  -45.477  -65.038  26.407 0.1000000015
23978  -44.669  -65.866  25.541 0.1000000015
22893  -44.138  -66.285  24.953 0.1000000015
22921  -43.296  -66.530  24.395 0.1000000015
24995  -47.269  -64.363  26.567 0.1000000015
26978  -48.661  -62.003  24.312 0.1000000015
26991  -48.135  -62.004  23.963 0.1000000015
27939  -48.294  -61.425  23.577 0.1000000015
27938  -47.300  -61.621  23.850 0.1000000015
24000  -42.596  -65.926  24.808 0.1000000015
25014  -44.712  -64.782  26.412 0.1000000015
23959  -44.212  -65.202  25.989 0.1000000015
23977  -43.502  -65.696  25.313 0.1000000015
25968  -47.418  -63.695  26.494 0.1000000015
26944  -48.750  -62.582  25.439 0.1000000015
26960  -48.938  -62.346  24.832 0.1000000015
27940  -48.797  -61.303  23.838 0.1000000015
28814  -48.509  -60.657  23.302 0.1000000015
25967  -46.700  -63.851  26.638 0.1000000015
26939  -47.645  -63.027  26.272 0.1000000015
27884  -48.344  -61.754  25.507 0.1000000015
28757  -48.535  -61.187  25.082 0.1000000015
27923  -48.857  -61.524  24.400 0.1000000015
28798  -48.915  -60.935  23.945 0.1000000015
28797  -48.576  -60.436  24.020 0.1000000015
26942  -47.129  -62.422  26.207 0.1000000015
28756  -47.726  -61.099  25.389 0.1000000015
28778  -48.830  -61.044  24.523 0.1000000015
29707  -47.932  -59.960  24.192 0.1000000015
5430  -34.156  -88.056  22.385 0.1000000015
6061  -33.543  -87.159  22.507 0.1000000015
5459  -34.176  -87.415  21.196 0.1000000015
6748  -33.161  -86.151  21.120 0.1000000015
5472  -35.614  -87.497  19.910 0.1000000015
6756  -33.400  -85.968  20.415 0.1000000015
6755  -32.529  -85.173  20.582 0.1000000015
6776  -34.731  -86.271  19.270 0.1000000015
4868  -35.964  -88.348  20.880 0.1000000015
6076  -37.401  -86.423  20.510 0.1000000015
6097  -35.651  -86.976  19.332 0.1000000015
6099  -37.131  -86.286  18.949 0.1000000015
6119  -36.381  -86.276  18.500 0.1000000015
9075  -37.672  -81.917  14.579 0.1000000015
8304  -37.873  -83.075  15.451 0.1000000015
9056  -37.507  -82.735  14.967 0.1000000015
7433  -35.830  -84.224  23.313 0.1000000015
7446  -36.686  -84.305  21.900 0.1000000015
8177  -35.480  -83.472  23.556 0.2000000030
15339  -45.257  -74.171  22.245 0.1000000015
14469  -43.909  -75.822  21.089 0.1000000015
11985  -40.395  -78.292  17.652 0.1000000015
12006  -41.093  -78.109  16.497 0.1000000015
10526  -39.457  -80.665  16.223 0.1000000015
9034  -38.802  -82.666  16.296 0.1000000015
9035  -39.158  -82.741  17.146 0.1000000015
7500  -37.630  -84.948  17.653 0.1000000015
8268  -39.025  -83.402  17.591 0.1000000015
7519  -37.958  -84.465  17.124 0.1000000015
9666  -35.254  -81.299  23.076 0.1000000015
8934  -35.029  -82.206  23.893 0.2000000030
9672  -35.947  -81.393  22.361 0.1000000015
8201  -38.574  -83.387  20.679 0.1000000015
7483  -39.288  -84.060  19.387 0.1000000015
14468  -43.384  -75.886  20.900 0.1000000015
14489  -40.537  -76.533  19.231 0.1000000015
11984  -39.545  -78.598  18.479 0.1000000015
11204  -38.900  -79.734  19.072 0.1000000015
8987  -39.424  -82.854  18.940 0.1000000015
7501  -38.517  -84.476  18.197 0.1000000015
10468  -37.099  -80.459  21.586 0.1000000015
14443  -43.803  -75.289  21.627 0.1000000015
8972  -39.090  -82.739  20.041 0.1000000015
18008  -46.900  -71.152  22.097 0.1000000015
13609  -40.005  -76.913  19.206 0.1000000015
13590  -39.306  -76.986  19.708 0.1000000015
12795  -39.273  -77.785  19.283 0.1000000015
11203  -38.560  -79.596  19.877 0.1000000015
8973  -39.307  -82.835  19.561 0.1000000015
18943  -46.767  -70.433  20.408 0.1000000015
13532  -35.439  -76.748  23.171 0.1000000015
12713  -35.067  -77.627  23.540 0.1000000015
11907  -35.572  -78.607  22.719 0.1000000015
12742  -37.409  -78.001  21.275 0.1000000015
11133  -36.586  -79.435  26.308 0.2000000030
11930  -37.605  -78.818  21.032 0.1000000015
12743  -37.960  -78.028  20.673 0.1000000015
11946  -37.951  -78.896  20.568 0.1000000015
10469  -37.753  -80.551  20.972 0.1000000015
15359  -40.848  -74.124  21.923 0.1000000015
14464  -38.987  -76.563  20.240 0.1000000015
21862  -46.878  -67.475  21.026 0.1000000015
16278  -39.791  -73.481  22.360 0.1000000015
18884  -40.520  -71.113  22.836 0.1000000015
24003  -47.155  -65.339  24.297 0.1000000015
25045  -46.273  -64.629  24.495 0.1000000015
22945  -42.919  -67.013  23.733 0.1000000015
19623  -47.235  -69.771  37.604 0.5000000000
13409  -48.092  -76.944  33.771 0.5000000000
13392  -47.811  -76.660  34.379 0.5000000000
20567  -47.109  -68.662  37.521 0.5000000000
18699  -47.713  -70.317  37.123 0.5000000000
18688  -47.774  -71.055  37.587 0.5000000000
13393  -48.378  -76.163  34.003 0.5000000000
22730  -47.800  -66.681  37.210 0.5000000000
21622  -47.380  -67.671  37.309 0.5000000000
19634  -47.364  -69.586  37.308 0.5000000000
14259  -48.713  -75.334  33.634 0.5000000000
20568  -47.432  -68.118  37.216 0.5000000000
20581  -47.769  -68.191  37.288 0.5000000000
19643  -47.510  -69.520  36.984 0.5000000000
21641  -47.613  -68.066  37.018 0.4000000060
13467  -47.090  -76.078  31.023 0.5000000000
13466  -46.590  -76.548  30.291 0.5000000000
13475  -46.949  -75.767  30.255 0.5000000000
14330  -47.133  -75.057  29.805 0.5000000000
15277  -46.670  -74.364  28.279 0.5000000000
15278  -47.237  -74.122  28.851 0.5000000000
17103  -45.804  -73.075  28.060 0.4000000060
17087  -45.028  -72.770  28.098 0.4000000060
14256  -44.934  -76.160  33.167 0.1000000015
13391  -47.066  -76.897  34.580 0.5000000000
21621  -46.791  -67.888  37.552 0.5000000000
19622  -46.838  -69.623  37.880 0.5000000000
19614  -47.242  -70.313  37.793 0.5000000000
17814  -48.145  -71.738  37.601 0.4000000060
14242  -48.576  -75.324  34.526 0.5000000000
23797  -47.541  -65.691  37.353 0.5000000000
22707  -46.927  -66.821  37.472 0.5000000000
24855  -47.464  -64.403  36.826 0.5000000000
24844  -48.051  -65.081  37.179 0.5000000000
24856  -48.560  -64.834  36.715 0.4000000060
23798  -48.473  -65.851  37.162 0.3000000119
21642  -47.768  -67.490  36.978 0.5000000000
20593  -47.275  -68.563  36.671 0.4000000060
18739  -47.549  -70.646  35.996 0.6999999881
17848  -48.404  -71.481  35.832 0.5000000000
23809  -49.165  -65.826  36.853 0.3000000119
22742  -48.812  -66.524  36.677 0.3000000119
21651  -47.595  -67.866  36.815 0.4000000060
17864  -47.888  -71.490  34.510 0.6000000238
17016  -49.247  -72.332  33.654 0.6000000238
16126  -49.296  -73.803  33.741 0.6000000238
14285  -48.331  -75.723  32.805 0.5000000000
13451  -47.307  -76.679  31.743 0.3000000119
21652  -48.108  -67.115  36.471 0.3000000119
20604  -46.832  -68.418  36.173 0.4000000060
17875  -47.140  -71.543  33.478 0.5000000000
17015  -48.985  -72.135  33.254 0.6000000238
17036  -48.558  -73.091  31.349 0.6000000238
15255  -48.373  -74.441  31.765 0.5000000000
15254  -47.847  -74.693  31.154 0.5000000000
21658  -48.198  -67.132  36.087 0.4000000060
17863  -46.563  -70.964  34.532 0.5000000000
17035  -48.224  -72.415  31.633 0.5000000000
15258  -47.687  -74.510  30.376 0.5000000000
22751  -48.102  -67.025  35.785 0.4000000060
21656  -46.383  -67.985  35.581 0.4000000060
19654  -45.736  -69.446  35.067 0.5000000000
17880  -46.471  -71.701  32.357 0.5000000000
17900  -47.306  -72.079  31.457 0.4000000060
17048  -47.962  -72.767  30.481 0.5000000000
16171  -47.676  -73.640  29.428 0.5000000000
20602  -45.655  -68.852  35.161 0.4000000060
18767  -45.175  -70.576  33.871 0.5000000000
17922  -46.702  -71.911  30.302 0.4000000060
17065  -47.154  -72.412  29.535 0.4000000060
17090  -47.291  -73.013  28.930 0.5000000000
18774  -44.315  -70.793  32.431 0.5000000000
17898  -44.993  -71.196  30.715 0.4000000060
17936  -46.339  -71.772  29.443 0.4000000060
17088  -45.967  -72.529  28.288 0.4000000060
18792  -44.211  -70.794  31.318 0.3000000119
17920  -44.967  -70.930  30.059 0.4000000060
18823  -45.060  -70.805  29.150 0.3000000119
18822  -44.527  -70.324  29.366 0.3000000119
17950  -44.568  -71.599  28.417 0.3000000119
15229  -43.659  -74.547  32.348 0.1000000015
14282  -44.536  -75.562  32.786 0.1000000015
15230  -44.680  -74.328  32.992 0.1000000015
14283  -45.246  -74.865  33.263 0.1000000015
15202  -46.351  -75.131  34.074 0.4000000060
14258  -46.635  -75.781  34.242 0.4000000060
13408  -46.853  -76.394  34.449 0.4000000060
14240  -47.325  -75.774  34.614 0.4000000060
14241  -48.008  -75.563  34.975 0.5000000000
20566  -46.427  -68.797  37.793 0.5000000000
17800  -47.702  -71.273  37.741 0.4000000060
14226  -48.396  -74.811  35.263 0.5000000000
14227  -48.557  -74.903  35.075 0.5000000000
22729  -46.986  -66.448  37.423 0.5000000000
22706  -46.568  -67.187  37.483 0.5000000000
25831  -46.844  -64.216  37.062 0.5000000000
24843  -46.982  -64.713  37.294 0.5000000000
15132  -49.263  -73.921  35.904 0.6000000238
24867  -47.029  -63.991  36.185 0.4000000060
24868  -47.966  -64.392  36.062 0.2000000030
24878  -48.282  -64.439  34.969 0.2000000030
23810  -49.845  -66.028  36.520 0.3000000119
22743  -49.851  -66.524  36.113 0.4000000060
24870  -50.079  -65.315  36.017 0.3000000119
24869  -49.170  -64.747  35.951 0.3000000119
23840  -50.640  -65.612  35.572 0.4000000060
22744  -50.479  -66.475  35.687 0.3000000119
22752  -48.845  -66.884  35.832 0.4000000060
21666  -46.512  -67.421  35.113 0.4000000060
21665  -45.559  -67.897  34.708 0.4000000060
22753  -50.031  -66.838  35.365 0.3000000119
22762  -47.771  -66.774  34.947 0.3000000119
21664  -44.958  -68.332  34.373 0.3000000119
19672  -44.731  -69.477  34.184 0.4000000060
21684  -45.064  -67.448  34.086 0.3000000119
19687  -43.214  -69.365  33.096 0.3000000119
18791  -43.690  -70.373  31.307 0.4000000060
18809  -44.390  -70.485  30.181 0.3000000119
22781  -44.562  -66.871  33.890 0.2000000030
21682  -43.180  -67.857  33.518 0.2000000030
19706  -42.745  -69.266  31.758 0.3000000119
19721  -44.084  -70.022  29.621 0.3000000119
22780  -43.471  -66.922  33.743 0.1000000015
21698  -42.243  -68.084  32.307 0.2000000030
19720  -43.592  -69.735  30.224 0.4000000060
26851  -43.151  -63.435  33.285 0.1000000015
15200  -45.157  -73.904  33.608 0.1000000015
15231  -45.237  -74.367  33.440 0.1000000015
15201  -45.900  -74.383  33.937 0.2000000030
16101  -46.587  -73.962  34.939 0.5000000000
15178  -46.993  -74.672  34.771 0.4000000060
15179  -47.678  -75.161  35.002 0.4000000060
20565  -45.498  -68.891  37.972 0.5000000000
19621  -46.089  -69.725  38.112 0.4000000060
17798  -46.506  -71.347  38.001 0.4000000060
16934  -47.092  -72.058  37.876 0.4000000060
16054  -48.360  -73.538  36.645 0.5000000000
15153  -48.011  -74.507  35.610 0.5000000000
23796  -46.522  -65.534  37.417 0.5000000000
22705  -46.195  -67.224  37.503 0.5000000000
21620  -46.011  -67.837  37.650 0.4000000060
15131  -48.694  -73.991  36.130 0.4000000060
25840  -45.780  -63.588  36.668 0.4000000060
25830  -46.245  -64.012  37.180 0.4000000060
25847  -46.234  -63.699  36.065 0.4000000060
25841  -46.625  -63.912  36.749 0.5000000000
25851  -45.417  -63.147  35.209 0.3000000119
25852  -46.127  -63.519  35.136 0.3000000119
25853  -47.238  -63.670  34.477 0.3000000119
26839  -47.343  -62.831  33.815 0.1000000015
25854  -48.533  -63.753  33.830 0.3000000119
25870  -48.794  -62.889  33.448 0.1000000015
24879  -50.033  -64.873  34.594 0.3000000119
25855  -49.521  -64.169  33.731 0.2000000030
23841  -51.245  -65.691  34.963 0.2000000030
22764  -50.258  -66.908  34.388 0.2000000030
22783  -46.895  -66.760  33.759 0.2000000030
22766  -51.739  -66.359  33.799 0.2000000030
22784  -48.072  -66.665  33.417 0.2000000030
22786  -50.445  -66.696  33.491 0.2000000030
23862  -47.548  -66.184  32.797 0.1000000015
24920  -48.126  -65.288  31.972 0.1000000015
23880  -46.537  -65.604  32.902 0.1000000015
23858  -43.794  -65.895  33.858 0.1000000015
24918  -46.350  -64.809  32.588 0.1000000015
24917  -45.637  -64.280  32.664 0.1000000015
24895  -44.289  -64.948  33.558 0.1000000015
25891  -44.924  -63.745  32.771 0.1000000015
25868  -43.832  -63.868  33.326 0.1000000015
26872  -44.538  -62.680  32.312 0.1000000015
27821  -44.310  -61.694  31.881 0.1000000015
16125  -45.496  -73.689  34.082 0.3000000119
16100  -45.866  -73.433  34.857 0.3000000119
17831  -44.538  -71.393  36.673 0.3000000119
16970  -45.223  -72.168  36.101 0.3000000119
16073  -46.266  -73.048  35.949 0.3000000119
16074  -46.913  -73.760  35.601 0.3000000119
15152  -47.412  -74.268  35.463 0.4000000060
18684  -44.663  -70.600  37.927 0.3000000119
17832  -45.472  -72.022  36.798 0.3000000119
16052  -46.738  -73.051  36.539 0.5000000000
16053  -47.645  -73.648  36.352 0.5000000000
21619  -44.961  -68.068  37.761 0.4000000060
19620  -45.034  -69.786  38.208 0.5000000000
17797  -45.612  -71.235  37.885 0.4000000060
16029  -47.771  -73.134  37.103 0.5000000000
25829  -45.115  -63.673  37.189 0.4000000060
23795  -45.454  -65.446  37.434 0.4000000060
22728  -46.043  -66.579  37.432 0.5000000000
21639  -45.419  -67.232  37.529 0.5000000000
26827  -43.712  -62.639  36.377 0.4000000060
25845  -44.785  -63.077  36.064 0.4000000060
26832  -44.400  -62.624  35.422 0.4000000060
26833  -45.088  -62.942  35.280 0.4000000060
27774  -43.600  -61.615  34.851 0.4000000060
27777  -44.198  -61.290  34.492 0.3000000119
26837  -45.277  -62.683  34.736 0.3000000119
27778  -44.874  -61.667  34.384 0.3000000119
26838  -46.336  -62.836  34.247 0.3000000119
28633  -45.515  -60.802  34.082 0.3000000119
27779  -45.758  -61.885  34.081 0.2000000030
28635  -46.859  -61.202  33.708 0.1000000015
27781  -47.508  -61.767  33.615 0.1000000015
26852  -48.625  -62.242  33.422 0.1000000015
25871  -49.550  -63.384  33.422 0.1000000015
24899  -51.074  -64.435  33.545 0.2000000030
26853  -49.246  -62.380  33.299 0.1000000015
26854  -50.113  -62.578  33.126 0.1000000015
24880  -51.533  -65.239  34.066 0.2000000030
25872  -50.617  -63.508  33.263 0.2000000030
24881  -52.024  -65.494  33.728 0.2000000030
22807  -50.647  -66.392  32.752 0.1000000015
22809  -51.751  -66.041  32.738 0.1000000015
23883  -49.078  -66.036  32.298 0.1000000015
23904  -50.303  -65.430  31.647 0.1000000015
24919  -47.434  -64.823  32.070 0.1000000015
25892  -45.936  -63.693  32.197 0.1000000015
24939  -47.723  -64.244  31.633 0.1000000015
25910  -47.000  -63.638  31.725 0.1000000015
26888  -45.557  -62.574  31.818 0.1000000015
27824  -47.115  -61.604  31.190 0.1000000015
27822  -45.161  -61.586  31.576 0.1000000015
28678  -45.586  -60.600  31.222 0.1000000015
28693  -45.814  -59.916  30.922 0.1000000015
29603  -45.110  -59.589  30.820 0.1000000015
30553  -45.693  -58.484  30.118 0.1000000015
17844  -43.714  -71.134  35.781 0.3000000119
17860  -43.790  -71.896  34.644 0.2000000030
18697  -43.712  -70.243  37.632 0.3000000119
19619  -43.886  -69.727  38.110 0.4000000060
20563  -43.393  -68.732  38.191 0.3000000119
25828  -44.018  -63.645  37.471 0.3000000119
24841  -44.783  -64.481  37.499 0.3000000119
23794  -44.388  -65.414  37.499 0.4000000060
21638  -44.462  -67.234  37.577 0.4000000060
26821  -44.255  -63.099  37.033 0.3000000119
22726  -43.969  -66.358  37.482 0.4000000060
21637  -43.527  -67.202  37.704 0.4000000060
21617  -43.006  -67.854  38.066 0.3000000119
27773  -42.745  -61.406  35.258 0.3000000119
26831  -43.259  -62.107  35.638 0.3000000119
28630  -43.083  -60.145  34.686 0.3000000119
28625  -43.082  -60.849  34.779 0.3000000119
28631  -43.754  -60.521  34.534 0.3000000119
28632  -44.629  -60.616  34.334 0.3000000119
28642  -46.544  -60.542  33.723 0.1000000015
29568  -46.797  -59.794  33.555 0.1000000015
30518  -46.917  -58.945  33.163 0.1000000015
28643  -47.402  -60.684  33.516 0.1000000015
29569  -47.733  -59.704  33.147 0.1000000015
28644  -48.312  -60.681  33.208 0.1000000015
28645  -49.269  -60.857  32.876 0.1000000015
25873  -51.594  -63.655  32.992 0.2000000030
26855  -51.059  -62.747  32.899 0.2000000030
25874  -52.225  -63.646  32.488 0.2000000030
23886  -51.810  -65.556  32.430 0.1000000015
25894  -52.456  -63.617  31.920 0.1000000015
24943  -51.520  -64.822  31.348 0.1000000015
24941  -49.697  -64.762  31.296 0.1000000015
24956  -51.481  -64.349  30.872 0.1000000015
25913  -50.081  -64.248  30.995 0.1000000015
25911  -48.069  -63.678  31.310 0.1000000015
25912  -49.333  -63.786  30.937 0.1000000015
26890  -47.521  -62.726  31.274 0.1000000015
27825  -47.997  -62.037  31.064 0.1000000015
28679  -46.585  -60.923  31.178 0.1000000015
28694  -46.415  -60.157  30.921 0.1000000015
29606  -47.890  -59.925  30.405 0.1000000015
29604  -46.130  -59.427  30.572 0.1000000015
29605  -47.040  -59.606  30.490 0.1000000015
30554  -46.695  -58.902  30.109 0.1000000015
30567  -46.061  -57.862  29.690 0.1000000015
30568  -46.599  -58.160  29.712 0.1000000015
31549  -46.428  -57.382  29.338 0.1000000015
17859  -42.850  -71.028  34.794 0.2000000030
17871  -43.116  -71.818  34.044 0.2000000030
18734  -42.215  -69.949  35.390 0.2000000030
18713  -42.923  -70.031  37.002 0.3000000119
20601  -41.457  -69.038  36.295 0.2000000030
19642  -42.242  -69.540  36.968 0.3000000119
18696  -43.061  -69.846  37.608 0.3000000119
24840  -43.684  -64.541  37.639 0.3000000119
23793  -43.405  -65.535  37.598 0.3000000119
20562  -42.395  -68.411  38.152 0.3000000119
26826  -42.604  -62.161  36.353 0.3000000119
26820  -43.303  -62.851  37.181 0.3000000119
21636  -42.797  -67.114  37.872 0.3000000119
27772  -41.994  -61.120  35.388 0.3000000119
27767  -41.770  -61.591  35.969 0.3000000119
23792  -42.676  -65.790  37.716 0.3000000119
22724  -42.353  -66.512  37.889 0.3000000119
21616  -42.118  -67.439  38.158 0.2000000030
28623  -41.582  -60.309  35.264 0.2000000030
28624  -42.420  -60.416  34.945 0.2000000030
29554  -42.727  -59.454  34.749 0.3000000119
29555  -43.509  -59.481  34.588 0.3000000119
29556  -44.338  -59.640  34.428 0.3000000119
30506  -44.874  -58.787  34.124 0.2000000030
29567  -45.972  -59.962  33.883 0.1000000015
30516  -45.520  -58.579  33.653 0.1000000015
31502  -46.160  -58.236  33.058 0.1000000015
31507  -47.052  -57.732  32.167 0.1000000015
32481  -46.355  -56.024  31.708 0.1000000015
34285  -47.163  -54.154  30.675 0.1000000015
30521  -47.195  -58.569  32.696 0.1000000015
31514  -47.479  -57.011  31.668 0.1000000015
33416  -47.847  -54.999  30.558 0.1000000015
34286  -47.845  -54.182  30.340 0.1000000015
37055  -48.689  -51.348  29.446 0.1000000015
29574  -48.332  -59.417  32.644 0.1000000015
30523  -48.692  -58.909  32.143 0.1000000015
31516  -48.916  -57.645  31.347 0.1000000015
33408  -48.148  -56.197  30.907 0.1000000015
34287  -48.705  -54.366  29.961 0.1000000015
35191  -49.032  -53.230  29.681 0.1000000015
29575  -49.346  -59.854  32.364 0.1000000015
28646  -49.916  -61.275  32.806 0.1000000015
27791  -51.450  -62.129  32.520 0.2000000030
26856  -51.847  -62.900  32.531 0.1000000015
26874  -52.420  -62.916  32.037 0.1000000015
24957  -51.925  -64.471  31.125 0.1000000015
25926  -51.467  -63.850  30.458 0.1000000015
25925  -50.556  -63.787  30.592 0.1000000015
25924  -49.940  -63.315  30.561 0.1000000015
27835  -48.817  -61.790  30.583 0.1000000015
27834  -47.938  -61.336  30.927 0.1000000015
28696  -48.374  -60.748  30.534 0.1000000015
29619  -48.299  -59.344  29.975 0.1000000015
29618  -47.593  -59.304  30.161 0.1000000015
30569  -47.537  -58.630  29.751 0.1000000015
21649  -39.432  -67.644  36.784 0.2000000030
20592  -41.344  -68.863  36.802 0.2000000030
19632  -42.464  -69.389  37.626 0.3000000119
19618  -42.884  -69.209  38.132 0.3000000119
22722  -39.041  -66.602  37.678 0.2000000030
21650  -40.003  -67.865  36.844 0.2000000030
20577  -40.777  -68.060  37.524 0.2000000030
20578  -41.508  -68.487  37.709 0.3000000119
20579  -42.279  -68.916  37.992 0.3000000119
26819  -42.160  -62.635  37.256 0.3000000119
25826  -41.661  -63.265  37.723 0.3000000119
25815  -41.985  -64.056  37.889 0.3000000119
24827  -41.600  -64.778  38.014 0.3000000119
26825  -41.551  -61.990  36.666 0.3000000119
26818  -40.865  -62.347  37.297 0.3000000119
25814  -41.204  -63.899  38.086 0.3000000119
23776  -41.967  -65.678  37.893 0.3000000119
29537  -40.328  -59.356  35.636 0.2000000030
28616  -40.321  -60.696  36.079 0.3000000119
22704  -41.552  -66.541  38.115 0.2000000030
20561  -41.746  -67.996  38.196 0.2000000030
29538  -41.119  -59.386  35.283 0.2000000030
29539  -41.943  -59.461  34.956 0.2000000030
30489  -41.583  -58.386  35.031 0.2000000030
30490  -42.332  -58.759  34.793 0.3000000119
30504  -43.089  -58.480  34.568 0.3000000119
30505  -44.025  -58.721  34.390 0.2000000030
31488  -42.740  -57.206  34.168 0.2000000030
31500  -43.658  -57.012  33.529 0.2000000030
31501  -44.863  -57.586  33.363 0.2000000030
31505  -45.270  -56.952  32.617 0.1000000015
30524  -49.617  -58.965  31.741 0.1000000015
32485  -49.432  -57.026  30.723 0.1000000015
32496  -49.220  -56.293  30.402 0.1000000015
33418  -49.741  -55.565  29.857 0.1000000015
29576  -50.637  -59.867  31.702 0.1000000015
30525  -50.380  -58.981  31.468 0.1000000015
32486  -50.195  -57.198  30.451 0.1000000015
27807  -51.130  -61.430  32.381 0.1000000015
29577  -51.433  -60.267  31.579 0.1000000015
29591  -51.793  -59.840  31.251 0.1000000015
30537  -51.676  -58.720  30.785 0.1000000015
27808  -51.856  -61.666  32.133 0.1000000015
28663  -52.089  -61.378  31.744 0.1000000015
28682  -52.336  -60.959  31.213 0.1000000015
27826  -52.815  -61.959  30.818 0.1000000015
27809  -52.485  -62.026  31.674 0.1000000015
26892  -52.699  -62.958  31.220 0.1000000015
26905  -52.423  -63.508  30.724 0.1000000015
27839  -52.700  -62.534  30.025 0.1000000015
26904  -52.139  -63.454  30.089 0.1000000015
26903  -51.344  -63.214  30.003 0.1000000015
26902  -50.411  -62.884  30.224 0.1000000015
29607  -48.707  -60.072  30.169 0.1000000015
22720  -36.867  -66.188  37.192 0.3000000119
22700  -38.429  -65.881  37.923 0.3000000119
22701  -38.820  -66.030  38.045 0.3000000119
22702  -39.771  -66.468  38.113 0.2000000030
21614  -40.417  -67.005  38.126 0.2000000030
21615  -41.110  -67.450  38.117 0.2000000030
23773  -39.301  -65.415  38.377 0.3000000119
22703  -40.698  -66.453  38.218 0.3000000119
27762  -40.563  -61.675  36.702 0.3000000119
26810  -40.291  -62.814  37.900 0.3000000119
24825  -39.783  -64.533  38.472 0.3000000119
23774  -40.239  -65.537  38.356 0.3000000119
29536  -39.680  -59.392  36.030 0.2000000030
27761  -39.857  -61.539  36.863 0.3000000119
27760  -39.005  -61.535  37.334 0.3000000119
30487  -39.858  -58.479  35.872 0.2000000030
30488  -40.622  -58.388  35.471 0.2000000030
31487  -41.768  -57.288  34.743 0.2000000030
31499  -43.015  -56.518  33.561 0.2000000030
28699  -53.025  -61.028  29.988 0.1000000015
27838  -52.124  -62.774  29.543 0.1000000015
27837  -51.154  -62.145  29.671 0.1000000015
27836  -49.963  -61.988  30.129 0.1000000015
22719  -35.860  -66.454  37.207 0.1000000015
23788  -35.389  -65.701  37.668 0.2000000030
23789  -36.290  -65.552  37.475 0.3000000119
23790  -37.210  -65.437  37.685 0.3000000119
24838  -37.121  -64.862  37.954 0.3000000119
24823  -37.917  -64.297  38.410 0.3000000119
26809  -39.576  -62.814  38.125 0.3000000119
25811  -38.286  -63.420  38.496 0.3000000119
28609  -38.460  -60.503  37.128 0.3000000119
27759  -38.301  -61.205  37.590 0.3000000119
27756  -38.566  -61.827  37.824 0.3000000119
26808  -38.621  -62.542  38.242 0.3000000119
29524  -38.485  -59.467  36.857 0.2000000030
31471  -39.529  -57.918  36.240 0.2000000030
31472  -40.013  -57.336  36.002 0.1000000015
31473  -40.974  -57.376  35.299 0.2000000030
32422  -39.983  -56.155  36.327 0.1000000015
32442  -40.587  -56.244  35.511 0.2000000030
32443  -41.233  -56.580  34.945 0.2000000030
32462  -41.079  -55.829  34.875 0.2000000030
32463  -41.747  -56.134  34.223 0.3000000119
24821  -36.070  -64.177  38.087 0.3000000119
24822  -37.017  -64.253  38.216 0.3000000119
25810  -37.324  -63.322  38.498 0.3000000119
29517  -37.308  -59.602  38.010 0.3000000119
27755  -37.839  -61.486  38.115 0.3000000119
26807  -37.613  -62.388  38.507 0.3000000119
29518  -37.882  -59.557  37.375 0.2000000030
30454  -38.140  -58.597  37.240 0.2000000030
31439  -38.692  -56.952  37.639 0.1000000015
32421  -39.521  -56.208  36.989 0.1000000015
33350  -40.039  -55.193  36.974 0.1000000015
33370  -40.333  -55.272  36.008 0.1000000015
33386  -40.779  -55.149  35.279 0.1000000015
26805  -35.719  -62.628  38.759 0.3000000119
26804  -35.009  -62.829  38.826 0.2000000030
26806  -36.567  -62.286  38.738 0.3000000119
28600  -36.721  -60.350  38.715 0.3000000119
27754  -36.908  -61.258  38.658 0.3000000119
31419  -37.571  -57.684  39.013 0.2000000030
30438  -37.055  -58.736  38.730 0.2000000030
32350  -39.243  -56.709  40.160 0.1000000015
31402  -38.032  -57.157  39.566 0.1000000015
31384  -39.618  -57.078  40.825 0.1000000015
32367  -38.645  -56.733  39.449 0.1000000015
33312  -39.476  -55.836  38.618 0.1000000015
33349  -39.604  -55.650  37.536 0.1000000015
33296  -39.931  -55.817  39.235 0.1000000015
33313  -40.141  -55.360  38.685 0.1000000015
33330  -39.975  -55.121  37.895 0.1000000015
34223  -40.686  -54.493  37.143 0.1000000015
26795  -35.781  -61.883  39.073 0.2000000030
28591  -35.849  -60.518  39.643 0.2000000030
27748  -36.148  -61.274  39.161 0.2000000030
30421  -36.471  -59.065  39.538 0.2000000030
28592  -36.376  -60.501  39.143 0.2000000030
30407  -36.911  -58.126  40.536 0.1000000015
30422  -36.994  -58.136  39.857 0.2000000030
31383  -38.453  -57.162  40.496 0.1000000015
32368  -39.513  -56.276  39.578 0.1000000015
32369  -40.426  -56.161  39.818 0.1000000015
33297  -40.756  -55.674  39.370 0.1000000015
33314  -41.075  -55.206  38.898 0.1000000015
34202  -41.484  -54.410  37.639 0.1000000015
31385  -40.581  -57.140  40.829 0.1000000015
32352  -40.975  -56.650  40.351 0.1000000015
32370  -41.345  -56.210  39.854 0.1000000015
33315  -42.007  -55.348  38.821 0.1000000015
31386  -41.519  -57.288  40.721 0.1000000015
31387  -42.542  -57.484  40.502 0.1000000015
32354  -42.441  -56.917  40.144 0.1000000015
17849  -49.401  -72.292  35.460 0.4000000060
18717  -48.196  -71.118  36.688 0.5000000000
17833  -48.555  -71.583  36.903 0.4000000060
18716  -47.735  -70.455  36.752 0.5000000000
16973  -49.512  -72.708  36.132 0.5000000000
17813  -47.782  -71.977  37.838 0.4000000060
13410  -48.325  -76.210  33.356 0.5000000000
16951  -48.547  -72.505  37.269 0.4000000060
17866  -49.497  -72.340  34.913 0.5000000000
15181  -49.164  -74.384  34.487 0.5000000000
15232  -48.799  -74.619  32.826 0.5000000000
14284  -48.061  -75.991  32.522 0.3000000119
13450  -46.782  -76.871  31.014 0.5000000000
11767  -47.073  -78.486  34.322 0.5000000000
15204  -49.058  -74.444  33.851 0.5000000000
19656  -46.977  -69.561  36.240 0.4000000060
14311  -47.815  -75.570  31.927 0.4000000060
15264  -47.604  -74.231  29.622 0.5000000000
17089  -46.658  -72.796  28.560 0.4000000060
15296  -46.155  -74.219  27.873 0.4000000060
17952  -46.297  -72.051  28.808 0.4000000060
18834  -45.073  -71.127  28.671 0.3000000119
17935  -45.732  -71.371  28.990 0.4000000060
14257  -45.652  -75.728  33.571 0.2000000030
18686  -46.846  -70.528  38.047 0.5000000000
17834  -49.023  -72.146  36.417 0.4000000060
17847  -47.322  -70.988  35.240 0.4000000060
17877  -49.074  -72.078  33.840 0.6000000238
24857  -49.459  -65.386  36.594 0.3000000119
18738  -46.657  -70.402  35.348 0.5000000000
17876  -48.568  -71.915  33.413 0.6000000238
17025  -49.036  -72.860  32.609 0.6000000238
17017  -49.518  -73.058  33.702 0.6000000238
17004  -49.663  -72.616  34.694 0.6000000238
16076  -49.675  -73.299  35.584 0.6000000238
16147  -49.068  -73.891  33.051 0.5000000000
14312  -48.328  -75.040  32.366 0.5000000000
20603  -46.304  -68.757  35.717 0.4000000060
19655  -46.185  -69.501  35.454 0.4000000060
17882  -48.312  -72.091  32.437 0.6000000238
16156  -48.420  -73.685  31.131 0.5000000000
16146  -48.858  -73.667  32.240 0.5000000000
15259  -48.143  -74.149  30.802 0.5000000000
21657  -47.401  -67.471  35.970 0.4000000060
17862  -45.936  -70.893  34.160 0.5000000000
17881  -47.654  -71.892  32.503 0.5000000000
17047  -47.542  -72.350  30.742 0.4000000060
17901  -47.919  -72.124  31.987 0.5000000000
16172  -47.941  -73.691  29.932 0.5000000000
21667  -47.073  -67.079  35.181 0.4000000060
19673  -45.281  -69.475  34.607 0.5000000000
17874  -45.668  -71.143  33.516 0.5000000000
17066  -47.715  -73.105  29.592 0.5000000000
17873  -44.864  -71.071  32.895 0.5000000000
17899  -46.011  -71.683  31.093 0.4000000060
17921  -45.599  -71.298  29.874 0.4000000060
18765  -43.755  -70.157  32.878 0.4000000060
19688  -44.167  -69.506  33.734 0.4000000060
17879  -45.135  -71.378  32.057 0.4000000060
17799  -47.406  -71.493  37.897 0.4000000060
15180  -48.928  -74.627  35.033 0.5000000000
24842  -45.882  -64.570  37.398 0.5000000000
16055  -49.074  -73.296  36.500 0.5000000000
24877  -47.170  -64.045  35.399 0.3000000119
23811  -50.378  -66.238  36.080 0.4000000060
23827  -50.869  -66.158  35.571 0.3000000119
22754  -50.902  -66.598  34.997 0.3000000119
22763  -49.115  -66.928  34.610 0.3000000119
22760  -46.122  -67.373  34.529 0.3000000119
22761  -46.700  -67.117  34.522 0.3000000119
20611  -44.678  -68.869  34.230 0.3000000119
22782  -45.747  -67.008  33.941 0.3000000119
20630  -44.211  -68.745  33.893 0.3000000119
20629  -43.620  -68.688  33.601 0.3000000119
19686  -42.846  -69.119  32.962 0.3000000119
19696  -43.160  -69.770  32.264 0.4000000060
18808  -43.768  -70.311  30.807 0.4000000060
20628  -42.702  -68.679  33.064 0.3000000119
19719  -42.878  -69.114  30.810 0.2000000030
23859  -44.971  -65.941  33.652 0.2000000030
22779  -42.555  -67.075  33.358 0.2000000030
25867  -42.767  -63.936  33.509 0.1000000015
25890  -44.182  -63.265  32.820 0.1000000015
18685  -45.777  -70.583  38.139 0.5000000000
16949  -46.937  -72.638  37.316 0.4000000060
16030  -48.451  -73.026  37.128 0.5000000000
25839  -45.032  -63.297  36.553 0.4000000060
26840  -48.141  -62.583  33.557 0.1000000015
27780  -46.641  -61.962  33.828 0.1000000015
24898  -50.143  -64.191  33.579 0.2000000030
22755  -51.469  -66.395  34.452 0.2000000030
23842  -51.905  -65.959  34.300 0.2000000030
22785  -49.431  -66.765  33.575 0.2000000030
22765  -51.108  -66.691  34.105 0.2000000030
23861  -47.027  -66.199  33.070 0.2000000030
23863  -52.056  -65.785  33.414 0.2000000030
22805  -48.858  -66.472  32.838 0.1000000015
23860  -46.084  -65.995  33.315 0.2000000030
22806  -49.737  -66.480  32.814 0.1000000015
23881  -47.148  -65.614  32.615 0.1000000015
23902  -48.597  -65.537  31.968 0.1000000015
24896  -45.382  -64.899  33.146 0.1000000015
23857  -42.419  -65.906  33.583 0.1000000015
25893  -46.685  -64.223  32.173 0.1000000015
25869  -44.609  -64.339  33.245 0.1000000015
24894  -43.176  -64.842  33.741 0.1000000015
26873  -45.232  -63.158  32.265 0.1000000015
26887  -44.884  -62.128  31.874 0.1000000015
16099  -45.118  -72.977  34.677 0.3000000119
16988  -45.610  -72.740  35.676 0.3000000119
18714  -43.780  -70.789  36.668 0.3000000119
17845  -44.477  -71.911  35.446 0.3000000119
18698  -44.264  -70.891  37.290 0.3000000119
17810  -44.794  -71.142  37.469 0.3000000119
16987  -45.007  -72.432  35.416 0.3000000119
16972  -46.451  -72.653  36.922 0.3000000119
17811  -45.421  -71.598  37.382 0.3000000119
18683  -44.073  -70.222  37.959 0.3000000119
17812  -46.273  -71.904  37.675 0.3000000119
21618  -43.942  -68.044  37.904 0.4000000060
20564  -44.430  -68.916  38.123 0.4000000060
26822  -44.721  -63.248  36.868 0.4000000060
22727  -44.969  -66.365  37.422 0.4000000060
26836  -44.662  -62.291  34.731 0.3000000119
28634  -46.213  -61.153  33.845 0.2000000030
27782  -48.207  -61.871  33.460 0.1000000015
27788  -48.761  -61.554  33.267 0.1000000015
27789  -49.641  -61.720  33.046 0.1000000015
24900  -52.150  -64.716  32.989 0.1000000015
23884  -49.989  -66.064  32.161 0.1000000015
23905  -51.188  -65.315  31.704 0.1000000015
24942  -50.743  -64.639  31.118 0.1000000015
24940  -48.498  -64.754  31.542 0.1000000015
25909  -46.239  -63.118  31.775 0.1000000015
26889  -46.557  -62.559  31.487 0.1000000015
28695  -47.304  -60.637  30.900 0.1000000015
17843  -43.219  -70.874  35.455 0.2000000030
18735  -43.075  -70.462  35.817 0.2000000030
17872  -43.494  -72.054  34.165 0.2000000030
19633  -43.179  -69.705  37.888 0.3000000119
26830  -42.721  -61.857  35.744 0.3000000119
29557  -45.165  -59.818  34.214 0.1000000015
30517  -46.164  -59.098  33.603 0.1000000015
31503  -46.806  -58.389  32.766 0.1000000015
30519  -47.483  -59.025  32.877 0.1000000015
30522  -47.811  -58.711  32.473 0.1000000015
29571  -49.174  -60.330  32.666 0.1000000015
27790  -50.519  -61.793  32.773 0.1000000015
24901  -52.330  -64.061  32.354 0.1000000015
24945  -52.261  -64.402  31.606 0.1000000015
25914  -52.432  -63.816  31.428 0.1000000015
26891  -48.513  -62.807  30.930 0.1000000015
18759  -42.538  -70.450  35.162 0.2000000030
19652  -41.622  -69.319  35.785 0.2000000030
19653  -42.394  -69.650  36.233 0.2000000030
19641  -41.809  -69.256  36.558 0.2000000030
25827  -42.797  -63.637  37.647 0.3000000119
24839  -42.593  -64.836  37.771 0.3000000119
27771  -41.360  -60.999  35.617 0.3000000119
28622  -40.772  -60.348  35.628 0.3000000119
30507  -45.539  -59.235  33.930 0.1000000015
31490  -44.394  -58.237  34.016 0.2000000030
31506  -45.875  -57.299  32.556 0.1000000015
32479  -46.388  -56.790  32.028 0.1000000015
32482  -47.099  -56.459  31.580 0.1000000015
33406  -46.951  -55.218  31.112 0.1000000015
33415  -47.434  -54.648  30.668 0.1000000015
31508  -48.203  -58.128  31.877 0.1000000015
31515  -48.002  -57.275  31.595 0.1000000015
33407  -47.712  -55.865  30.960 0.1000000015
33417  -48.601  -55.636  30.409 0.1000000015
35174  -48.313  -53.610  29.978 0.1000000015
35190  -48.395  -52.943  29.809 0.1000000015
36112  -48.915  -52.267  29.527 0.1000000015
31509  -48.953  -58.385  31.704 0.1000000015
32484  -48.569  -56.664  30.966 0.1000000015
34288  -49.166  -54.999  29.882 0.1000000015
36113  -49.735  -52.340  29.317 0.1000000015
28661  -50.239  -60.776  32.472 0.1000000015
27792  -52.079  -62.320  32.214 0.1000000015
26901  -49.478  -62.771  30.534 0.1000000015
21648  -38.441  -67.335  36.766 0.2000000030
22723  -39.549  -66.945  37.721 0.2000000030
20591  -40.583  -68.323  36.847 0.2000000030
22721  -38.079  -66.249  37.465 0.3000000119
21634  -40.161  -67.499  37.570 0.2000000030
23775  -41.127  -65.612  38.162 0.3000000119
25813  -40.268  -63.609  38.283 0.3000000119
25825  -40.877  -63.160  37.924 0.3000000119
24826  -40.717  -64.656  38.285 0.3000000119
28621  -40.109  -60.073  35.886 0.3000000119
27765  -40.244  -61.170  36.421 0.3000000119
30503  -42.318  -58.017  34.705 0.3000000119
31489  -43.809  -57.862  34.059 0.2000000030
32477  -44.819  -56.395  32.525 0.2000000030
31517  -49.909  -57.843  30.996 0.1000000015
34305  -49.805  -54.347  29.572 0.1000000015
29590  -51.029  -59.168  31.285 0.1000000015
30536  -50.634  -58.497  31.080 0.1000000015
28662  -51.476  -60.840  31.880 0.1000000015
22741  -37.794  -66.978  36.859 0.3000000119
23791  -37.814  -65.505  37.882 0.3000000119
23772  -38.345  -65.371  38.183 0.3000000119
24824  -38.830  -64.435  38.490 0.3000000119
26817  -39.777  -62.247  37.552 0.3000000119
26816  -39.100  -62.231  37.809 0.3000000119
25812  -39.251  -63.550  38.438 0.3000000119
28615  -39.649  -60.443  36.362 0.3000000119
28614  -38.942  -60.159  36.676 0.3000000119
30472  -39.287  -58.512  36.323 0.2000000030
28610  -39.147  -60.878  36.814 0.3000000119
32464  -42.488  -56.298  33.755 0.2000000030
32473  -43.452  -56.113  33.043 0.2000000030
21630  -35.326  -67.484  37.571 0.1000000015
24836  -35.783  -64.944  37.800 0.2000000030
28608  -37.765  -60.506  37.681 0.3000000119
30471  -38.701  -58.539  36.738 0.2000000030
31456  -39.053  -57.372  36.876 0.2000000030
31457  -39.650  -56.770  36.561 0.1000000015
25809  -36.378  -63.344  38.463 0.3000000119
28601  -37.193  -60.497  38.266 0.3000000119
30453  -37.629  -58.666  37.890 0.2000000030
31438  -38.121  -57.532  37.906 0.2000000030
31455  -38.442  -57.974  37.122 0.2000000030
32409  -39.086  -56.261  37.789 0.1000000015
32389  -38.420  -56.813  38.600 0.1000000015
31420  -38.074  -57.091  38.891 0.1000000015
34240  -40.607  -54.566  36.477 0.1000000015
29507  -36.524  -59.791  39.084 0.2000000030
31401  -37.636  -57.478  39.933 0.1000000015
32351  -40.054  -56.602  40.307 0.1000000015
34185  -40.590  -54.957  38.342 0.1000000015
28583  -35.331  -60.434  40.324 0.2000000030
29497  -36.162  -59.843  39.593 0.2000000030
31382  -37.413  -57.728  40.692 0.1000000015
32353  -41.878  -56.790  40.275 0.1000000015
12615  -46.789  -77.546  31.497 0.3000000119
11063  -45.703  -79.435  31.947 0.3000000119
11813  -45.911  -78.788  31.299 0.3000000119
7286  -40.787  -84.414  32.032 0.2000000030
7314  -38.482  -84.813  30.464 0.2000000030
10326  -44.701  -80.589  32.029 0.4000000060
9540  -43.545  -81.707  32.514 0.3000000119
11835  -46.238  -78.146  31.074 0.4000000060
8820  -42.517  -82.776  32.710 0.3000000119
12632  -46.290  -77.536  30.474 0.4000000060
10344  -44.743  -79.904  30.721 0.4000000060
8831  -42.496  -82.607  31.614 0.3000000119
7301  -41.033  -84.540  31.715 0.2000000030
11834  -45.770  -78.467  30.372 0.4000000060
11081  -45.116  -79.385  30.537 0.4000000060
9574  -43.624  -80.984  30.994 0.4000000060
12648  -46.145  -77.102  29.556 0.4000000060
13474  -46.522  -76.017  29.459 0.4000000060
10342  -43.810  -80.500  30.633 0.4000000060
9556  -42.791  -81.953  31.099 0.3000000119
7317  -41.173  -84.407  30.778 0.3000000119
12631  -45.827  -77.944  29.699 0.4000000060
11080  -44.628  -79.821  30.438 0.4000000060
9573  -42.994  -81.263  30.807 0.3000000119
8079  -41.559  -83.602  30.750 0.4000000060
13484  -46.360  -75.824  28.597 0.4000000060
11096  -44.369  -79.567  29.868 0.4000000060
8856  -42.062  -81.799  30.192 0.3000000119
14337  -46.682  -74.968  28.512 0.4000000060
11870  -45.004  -78.042  28.672 0.4000000060
11851  -44.603  -79.014  29.510 0.4000000060
11095  -43.681  -79.859  29.804 0.4000000060
13483  -45.857  -76.346  28.061 0.4000000060
11115  -44.180  -79.154  29.352 0.4000000060
10361  -42.517  -80.844  29.989 0.3000000119
14358  -46.210  -75.021  27.916 0.4000000060
12664  -44.741  -77.820  28.263 0.4000000060
11869  -44.291  -78.597  28.783 0.4000000060
11113  -42.937  -79.748  29.347 0.4000000060
12682  -45.261  -76.587  27.731 0.4000000060
11882  -43.936  -77.997  27.974 0.4000000060
11868  -43.379  -79.029  28.791 0.4000000060
10386  -42.082  -80.751  29.553 0.3000000119
13497  -45.676  -75.812  27.757 0.4000000060
11881  -43.419  -78.393  28.129 0.4000000060
11867  -42.996  -79.219  28.842 0.4000000060
9607  -40.962  -82.073  28.922 0.2000000030
14357  -45.525  -75.170  27.643 0.3000000119
12681  -44.415  -77.245  27.662 0.4000000060
13496  -44.979  -76.088  27.522 0.4000000060
12697  -43.965  -76.709  27.339 0.4000000060
12679  -42.657  -78.024  27.590 0.4000000060
11880  -42.489  -78.925  28.417 0.4000000060
10385  -41.197  -81.140  28.978 0.2000000030
11111  -41.136  -80.307  28.664 0.2000000030
8130  -40.188  -83.413  27.260 0.3000000119
15295  -45.316  -74.457  27.671 0.3000000119
14377  -44.214  -75.686  27.362 0.3000000119
11879  -41.207  -78.855  28.009 0.3000000119
10406  -40.479  -80.962  28.439 0.2000000030
11125  -41.586  -79.558  28.568 0.2000000030
9622  -40.004  -81.873  27.827 0.2000000030
8144  -39.942  -83.852  26.609 0.2000000030
17102  -45.426  -73.303  27.952 0.3000000119
15294  -44.590  -74.559  27.622 0.3000000119
12696  -43.560  -76.968  27.305 0.4000000060
11124  -40.503  -79.768  28.205 0.1000000015
16187  -44.669  -73.415  27.938 0.3000000119
15293  -43.892  -74.566  27.660 0.3000000119
13512  -42.917  -76.533  27.209 0.2000000030
12678  -41.654  -78.251  27.549 0.2000000030
9636  -39.418  -82.313  27.244 0.1000000015
8160  -39.563  -84.325  26.104 0.2000000030
14374  -42.265  -75.991  27.286 0.2000000030
13511  -42.021  -76.686  27.177 0.2000000030
12693  -40.642  -77.785  26.994 0.1000000015
11123  -39.495  -79.667  27.649 0.1000000015
8143  -39.278  -83.598  26.330 0.1000000015
16203  -43.736  -73.918  27.942 0.3000000119
15292  -43.030  -74.434  27.859 0.3000000119
18833  -44.231  -70.434  28.709 0.2000000030
17086  -43.892  -72.390  28.303 0.1000000015
16186  -44.157  -73.279  28.046 0.3000000119
15291  -42.002  -74.698  28.067 0.2000000030
13510  -41.013  -76.801  26.906 0.1000000015
9635  -38.626  -81.629  27.004 0.1000000015
8916  -38.466  -83.222  26.066 0.1000000015
17949  -43.515  -71.288  28.385 0.2000000030
16185  -43.159  -73.324  28.264 0.2000000030
15276  -42.353  -73.935  28.332 0.2000000030
14352  -41.603  -75.376  27.591 0.1000000015
14373  -41.285  -76.041  27.196 0.1000000015
11892  -39.907  -78.100  26.942 0.1000000015
11876  -38.640  -79.022  27.232 0.1000000015
10404  -38.958  -80.547  27.454 0.1000000015
7411  -37.532  -85.151  24.776 0.1000000015
16184  -42.060  -73.123  28.779 0.1000000015
15290  -40.955  -74.678  27.993 0.2000000030
14351  -40.577  -75.329  27.481 0.1000000015
13509  -39.930  -76.794  26.725 0.1000000015
11890  -38.251  -78.695  26.984 0.1000000015
10421  -38.021  -80.360  27.003 0.1000000015
9634  -37.573  -81.465  26.403 0.1000000015
7396  -37.313  -84.274  25.184 0.1000000015
6721  -37.234  -86.162  24.032 0.1000000015
14371  -39.204  -75.951  27.027 0.1000000015
11134  -37.504  -79.475  26.757 0.1000000015
7409  -36.155  -84.165  24.431 0.1000000015
6720  -36.874  -85.625  23.991 0.1000000015
9633  -36.732  -81.086  26.115 0.1000000015
33394  -41.807  -54.927  33.751 0.2000000030
19738  -43.700  -69.690  29.399 0.2000000030
18832  -43.067  -70.309  28.479 0.1000000015
17085  -42.781  -72.201  28.579 0.1000000015
16183  -40.831  -73.046  29.036 0.1000000015
14350  -39.546  -75.238  27.410 0.1000000015
13508  -38.865  -76.718  26.735 0.1000000015
7410  -36.783  -84.669  24.610 0.1000000015
8915  -37.470  -82.643  25.848 0.1000000015
12690  -37.519  -77.621  26.595 0.1000000015
10327  -44.986  -79.982  31.387 0.3000000119
8055  -42.050  -83.463  32.317 0.3000000119
9557  -43.215  -81.677  31.526 0.3000000119
9558  -44.025  -81.064  31.614 0.3000000119
8066  -41.930  -83.366  31.469 0.3000000119
11097  -44.791  -79.209  29.820 0.4000000060
8843  -42.275  -82.145  30.650 0.3000000119
10363  -43.987  -80.082  30.264 0.4000000060
9591  -42.512  -81.299  30.307 0.3000000119
12666  -46.021  -76.752  28.719 0.4000000060
12680  -43.493  -77.649  27.595 0.4000000060
11126  -42.257  -79.574  28.846 0.2000000030
9623  -40.599  -81.970  28.453 0.2000000030
13513  -43.616  -76.367  27.267 0.3000000119
8904  -39.644  -83.161  26.910 0.2000000030
16204  -44.365  -73.919  27.841 0.3000000119
14376  -43.805  -75.799  27.296 0.3000000119
10405  -39.778  -80.706  27.895 0.1000000015
12695  -42.777  -77.229  27.279 0.4000000060
14375  -43.124  -75.895  27.276 0.2000000030
12694  -41.814  -77.463  27.213 0.2000000030
11878  -40.130  -78.700  27.440 0.1000000015
8159  -38.796  -84.123  25.731 0.1000000015
11122  -38.625  -79.510  27.301 0.1000000015
8902  -38.232  -82.356  26.402 0.1000000015
7397  -38.014  -84.928  25.160 0.1000000015
17948  -42.383  -71.144  28.549 0.1000000015
15275  -41.418  -73.943  28.482 0.1000000015
14372  -40.252  -76.022  27.059 0.1000000015
12692  -39.531  -77.549  26.757 0.1000000015
11135  -38.070  -79.493  27.081 0.1000000015
6706  -37.124  -85.390  24.395 0.1000000015
12691  -38.546  -77.582  26.741 0.1000000015
6046  -36.947  -86.407  23.495 0.1000000015
15274  -40.340  -73.939  28.440 0.1000000015
11783  -45.180  -78.709  34.814 0.3000000119
11764  -44.882  -79.207  34.869 0.2000000030
11014  -44.344  -79.871  34.742 0.3000000119
11015  -45.140  -79.616  34.746 0.2000000030
13390  -46.448  -77.428  34.629 0.4000000060
12558  -45.869  -78.304  34.850 0.2000000030
12559  -46.320  -77.991  34.768 0.4000000060
11765  -45.696  -78.767  34.862 0.3000000119
10282  -43.744  -80.586  34.613 0.2000000030
12560  -47.129  -77.802  34.637 0.4000000060
11016  -45.940  -79.405  34.487 0.2000000030
10283  -44.603  -80.420  34.451 0.2000000030
10281  -42.804  -80.784  34.704 0.1000000015
9510  -43.325  -81.435  34.428 0.2000000030
9509  -42.353  -81.550  34.648 0.1000000015
11031  -46.636  -79.151  34.000 0.3000000119
9508  -41.488  -81.575  34.599 0.1000000015
9521  -44.145  -81.156  34.040 0.2000000030
8779  -40.822  -82.062  34.085 0.1000000015
8795  -40.760  -82.557  33.620 0.1000000015
8781  -41.969  -82.275  34.380 0.1000000015
8796  -41.567  -82.817  33.747 0.1000000015
9555  -39.513  -82.258  31.901 0.1000000015
9539  -39.794  -82.134  32.800 0.1000000015
8819  -40.463  -83.306  32.901 0.1000000015
8854  -38.571  -82.593  30.531 0.1000000015
8830  -39.611  -83.195  31.681 0.1000000015
11784  -47.144  -78.611  33.573 0.3000000119
10293  -44.696  -80.766  33.741 0.2000000030
9520  -43.607  -81.708  33.575 0.2000000030
8782  -42.623  -82.058  34.295 0.2000000030
8797  -42.378  -82.715  33.658 0.2000000030
8841  -39.325  -83.198  31.263 0.1000000015
8852  -37.379  -82.691  29.692 0.1000000015
12603  -47.440  -77.730  32.770 0.2000000030
11047  -46.425  -79.154  32.967 0.3000000119
10310  -44.936  -80.638  33.067 0.2000000030
8032  -41.805  -83.382  33.122 0.2000000030
8052  -40.260  -83.663  32.433 0.1000000015
8094  -36.710  -83.737  29.662 0.1000000015
8096  -38.424  -83.210  30.450 0.1000000015
11046  -45.863  -79.584  32.788 0.3000000119
9541  -44.314  -81.186  32.954 0.3000000119
13428  -47.947  -76.653  32.763 0.2000000030
8054  -41.319  -83.955  32.378 0.2000000030
8053  -40.629  -84.042  32.337 0.1000000015
8095  -37.783  -83.644  30.158 0.1000000015
8077  -38.599  -83.985  30.734 0.1000000015
7315  -39.531  -84.652  31.086 0.1000000015
8093  -35.937  -84.264  29.300 0.1000000015
12602  -47.043  -77.894  32.185 0.2000000030
6596  -38.103  -85.241  30.100 0.1000000015
7316  -40.518  -84.982  30.783 0.1000000015
7331  -36.135  -84.734  29.183 0.1000000015
7313  -37.809  -84.991  30.195 0.1000000015
12616  -47.316  -77.311  32.204 0.2000000030
6598  -39.722  -85.268  30.314 0.1000000015
6597  -38.910  -85.265  30.256 0.1000000015
6618  -40.201  -85.338  29.601 0.1000000015
6640  -33.355  -85.911  27.978 0.1000000015
6614  -36.504  -85.084  29.155 0.1000000015
6615  -37.437  -85.263  29.674 0.1000000015
6617  -39.302  -85.518  29.523 0.1000000015
8842  -41.689  -82.866  30.467 0.3000000119
6667  -36.381  -85.942  27.641 0.1000000015
12584  -47.683  -77.702  33.508 0.3000000119
11766  -46.490  -78.600  34.699 0.3000000119
11017  -46.563  -78.922  34.480 0.2000000030
10311  -45.359  -80.048  32.657 0.3000000119
8063  -39.940  -84.048  31.954 0.1000000015
7333  -37.337  -84.510  30.049 0.1000000015
8821  -42.983  -82.204  33.157 0.2000000030
10284  -45.267  -79.934  34.500 0.2000000030
11030  -45.959  -79.632  33.524 0.3000000119
8031  -41.101  -83.427  33.084 0.1000000015
7358  -35.449  -84.768  28.810 0.1000000015
6641  -34.736  -85.411  28.097 0.1000000015
6643  -36.921  -85.547  28.632 0.1000000015
7357  -34.307  -84.787  28.448 0.1000000015
7334  -40.923  -84.787  29.764 0.2000000030
5955  -38.285  -86.046  27.867 0.1000000015
5340  -36.135  -87.779  26.903 0.1000000015
5979  -37.778  -86.651  27.148 0.2000000030
4742  -35.608  -89.009  27.397 0.1000000015
6647  -40.479  -84.979  28.632 0.2000000030
5956  -39.087  -85.866  27.808 0.2000000030
5341  -37.172  -87.541  26.609 0.2000000030
5981  -39.504  -85.858  27.183 0.1000000015
4757  -36.184  -88.973  26.637 0.1000000015
5342  -38.106  -87.070  26.626 0.2000000030
6000  -39.623  -85.813  26.614 0.1000000015
7360  -41.266  -83.723  29.460 0.2000000030
6668  -39.719  -85.579  27.672 0.1000000015
5352  -37.361  -87.798  26.221 0.1000000015
5354  -38.435  -87.207  26.178 0.1000000015
7359  -41.058  -84.097  28.868 0.2000000030
6669  -40.087  -85.338  27.460 0.1000000015
5355  -38.856  -86.872  26.059 0.1000000015
7374  -40.553  -84.520  27.759 0.1000000015
6681  -39.918  -85.391  26.520 0.1000000015
9590  -42.017  -81.457  29.895 0.2000000030
8116  -40.973  -83.288  28.685 0.2000000030
6694  -39.900  -85.179  26.155 0.1000000015
8131  -40.651  -83.596  27.947 0.1000000015
9608  -41.431  -81.729  29.422 0.2000000030
8145  -40.431  -84.118  27.044 0.1000000015
5374  -38.961  -86.626  25.806 0.1000000015
6646  -39.683  -85.536  28.398 0.1000000015
12583  -46.115  -77.613  34.654 0.2000000030
11763  -44.139  -79.340  34.683 0.1000000015
17001  -44.475  -72.477  34.647 0.2000000030
16123  -44.135  -73.140  33.536 0.1000000015
18757  -41.065  -70.609  34.558 0.1000000015
17858  -41.702  -71.085  34.231 0.1000000015
20600  -41.035  -68.827  36.086 0.1000000015
18758  -41.979  -70.429  34.753 0.1000000015
20588  -37.856  -68.479  36.166 0.2000000030
20589  -38.873  -68.162  36.168 0.1000000015
18733  -39.601  -70.765  34.930 0.1000000015
21647  -37.410  -67.613  36.567 0.2000000030
20598  -39.272  -68.804  35.670 0.1000000015
19650  -39.674  -69.730  35.179 0.1000000015
19670  -40.482  -70.079  34.839 0.1000000015
13407  -46.173  -76.898  34.301 0.2000000030
16124  -44.900  -73.231  34.085 0.1000000015
19671  -41.364  -69.869  34.997 0.1000000015
19651  -40.737  -69.340  35.348 0.1000000015
20590  -39.740  -68.196  36.295 0.1000000015
22740  -37.194  -66.862  36.866 0.2000000030
17014  -44.300  -72.787  33.998 0.1000000015
18756  -40.263  -70.794  34.621 0.1000000015
20599  -40.197  -68.745  35.787 0.1000000015
20597  -38.511  -68.862  35.769 0.1000000015
13406  -44.905  -76.899  33.511 0.1000000015
12582  -45.453  -77.983  34.563 0.1000000015
26794  -35.108  -62.098  39.171 0.1000000015
26793  -34.351  -62.586  39.339 0.1000000015
25807  -34.545  -63.572  38.800 0.1000000015
24819  -34.269  -64.577  38.704 0.1000000015
21629  -34.734  -67.072  38.036 0.1000000015
25808  -35.477  -63.484  38.501 0.1000000015
24820  -35.146  -64.464  38.259 0.1000000015
26779  -33.083  -63.027  40.416 0.1000000015
25792  -33.253  -63.747  39.732 0.1000000015
23759  -33.325  -65.472  39.470 0.1000000015
21611  -33.637  -66.942  39.522 0.1000000015
26792  -33.597  -62.781  39.825 0.1000000015
25793  -33.881  -63.297  39.303 0.1000000015
23768  -33.909  -65.426  38.833 0.1000000015
22698  -33.681  -66.264  39.145 0.1000000015
20557  -34.783  -68.677  39.109 0.1000000015
27746  -34.575  -61.688  39.783 0.1000000015
22677  -32.672  -66.336  40.806 0.1000000015
25773  -32.814  -63.647  40.450 0.1000000015
24804  -32.618  -64.804  40.455 0.1000000015
22694  -32.795  -65.913  40.369 0.1000000015
27735  -33.512  -62.283  40.578 0.1000000015
22695  -33.143  -66.325  39.974 0.1000000015
20555  -33.902  -67.947  40.148 0.1000000015
27737  -34.825  -61.083  40.232 0.1000000015
29485  -35.653  -59.495  40.711 0.1000000015
25757  -32.248  -63.964  41.859 0.1000000015
25772  -32.382  -64.066  41.002 0.1000000015
23745  -32.541  -65.513  40.671 0.1000000015
26763  -33.054  -62.694  41.227 0.1000000015
27721  -33.556  -61.974  41.429 0.1000000015
28571  -35.100  -60.157  41.181 0.1000000015
29486  -36.018  -59.335  40.090 0.1000000015
32471  -42.275  -55.636  33.615 0.1000000015
32472  -42.800  -55.857  33.316 0.1000000015
34270  -44.077  -54.435  32.011 0.1000000015
28555  -34.960  -60.372  42.191 0.1000000015
30405  -35.838  -59.023  41.094 0.1000000015
30406  -36.356  -58.635  40.685 0.1000000015
33387  -41.253  -55.002  34.532 0.1000000015
32474  -44.154  -56.641  32.987 0.1000000015
32476  -44.098  -55.928  32.594 0.1000000015
34263  -42.155  -53.864  33.459 0.1000000015
34276  -44.777  -54.079  31.636 0.1000000015
33401  -44.663  -55.234  32.064 0.1000000015
26778  -32.733  -63.312  40.944 0.1000000015
23729  -31.931  -65.265  41.800 0.1000000015
22660  -32.368  -66.391  41.549 0.1000000015
23787  -34.895  -66.012  37.851 0.1000000015
23769  -34.670  -65.470  38.192 0.1000000015
27747  -35.362  -61.254  39.608 0.1000000015
33400  -43.521  -55.105  32.512 0.1000000015
24818  -33.561  -64.636  39.219 0.1000000015
22699  -34.166  -66.155  38.569 0.1000000015
21613  -34.751  -67.691  38.273 0.1000000015
21612  -34.207  -67.187  38.808 0.1000000015
27736  -34.161  -61.434  40.710 0.1000000015
28554  -34.393  -60.924  41.943 0.1000000015
33399  -43.054  -54.464  32.610 0.1000000015
19737  -42.840  -68.982  29.694 0.1000000015
20651  -42.474  -68.557  31.491 0.1000000015
12599  -41.822  -77.645  32.833 0.1000000015
11798  -41.237  -78.219  33.229 0.1000000015
11780  -42.116  -78.573  33.505 0.1000000015
13424  -41.199  -76.898  32.324 0.1000000015
12598  -40.627  -77.844  33.009 0.1000000015
11778  -39.859  -78.584  33.836 0.1000000015
12579  -42.441  -77.909  33.121 0.1000000015
13423  -40.277  -76.863  32.429 0.1000000015
13425  -42.375  -76.513  32.204 0.1000000015
12600  -42.834  -77.427  32.845 0.1000000015
12596  -39.181  -77.064  32.967 0.1000000015
13421  -38.785  -76.676  32.974 0.1000000015
14277  -37.782  -75.962  33.338 0.1000000015
13447  -40.027  -76.232  32.131 0.1000000015
11681  -33.732  -78.253  41.195 0.1000000015
12480  -33.807  -77.521  40.951 0.1000000015
12530  -32.344  -76.661  38.708 0.1000000015
12536  -31.969  -77.012  37.600 0.1000000015
13375  -32.123  -75.823  38.070 0.1000000015
14221  -31.701  -75.010  36.555 0.1000000015
12580  -43.073  -78.043  33.338 0.1000000015
13377  -31.618  -75.828  36.553 0.1000000015
15126  -32.215  -74.047  36.408 0.1000000015
13403  -37.620  -76.793  33.975 0.1000000015
14239  -36.720  -76.032  34.200 0.1000000015
11013  -43.329  -79.885  34.639 0.1000000015
14235  -31.322  -75.076  34.755 0.1000000015
15172  -32.721  -73.899  34.742 0.1000000015
15195  -33.921  -74.385  33.735 0.1000000015
13387  -35.890  -75.928  34.430 0.1000000015
14238  -36.280  -75.505  34.360 0.1000000015
14253  -36.903  -75.369  33.867 0.1000000015
14279  -38.995  -75.860  32.495 0.1000000015
13386  -31.235  -76.138  34.467 0.1000000015
15221  -33.533  -74.424  33.034 0.1000000015
14237  -35.535  -75.326  34.328 0.1000000015
15176  -36.081  -74.587  34.416 0.1000000015
12500  -33.595  -77.062  40.587 0.1000000015
11714  -32.849  -77.614  39.842 0.1000000015
13356  -32.734  -76.197  39.352 0.1000000015
13426  -43.826  -76.779  32.895 0.1000000015
12601  -43.456  -77.502  33.160 0.1000000015
13367  -32.528  -75.833  38.829 0.1000000015
14215  -32.368  -74.926  37.878 0.1000000015
14205  -32.765  -75.042  38.578 0.1000000015
11781  -43.416  -78.832  34.129 0.1000000015
16091  -33.545  -73.718  35.137 0.1000000015
15173  -33.675  -74.021  34.425 0.1000000015
15174  -34.570  -74.468  34.382 0.1000000015
15223  -37.866  -75.555  33.161 0.1000000015
16092  -34.314  -73.818  34.932 0.1000000015
16093  -35.079  -73.908  34.832 0.1000000015
15175  -35.357  -74.505  34.542 0.1000000015
15197  -36.804  -74.589  33.905 0.1000000015
13326  -35.167  -76.983  41.115 0.1000000015
12501  -34.230  -77.067  40.903 0.1000000015
12502  -36.193  -76.998  40.857 0.1000000015
12503  -36.705  -77.388  40.912 0.1000000015
14281  -43.244  -75.624  32.192 0.1000000015
13340  -33.685  -76.285  40.249 0.1000000015
14180  -34.050  -75.643  39.978 0.1000000015
13449  -41.446  -76.178  31.835 0.1000000015
13427  -44.558  -76.367  33.028 0.1000000015
13357  -33.361  -75.843  39.738 0.1000000015
14308  -41.004  -75.534  31.686 0.1000000015
13405  -44.271  -77.148  33.349 0.1000000015
14195  -33.054  -75.459  39.240 0.1000000015
15097  -32.814  -74.423  38.063 0.1000000015
16019  -32.773  -73.683  36.688 0.1000000015
16065  -33.447  -73.487  35.707 0.1000000015
16042  -32.682  -73.645  36.181 0.1000000015
16962  -33.778  -73.268  36.262 0.1000000015
16094  -35.952  -73.663  34.650 0.1000000015
16117  -36.682  -73.869  34.187 0.1000000015
16981  -34.376  -73.223  35.869 0.1000000015
16067  -34.886  -73.453  35.289 0.1000000015
13344  -37.200  -77.351  40.449 0.1000000015
14280  -42.556  -75.737  31.914 0.1000000015
13342  -35.654  -76.570  40.631 0.1000000015
13343  -36.654  -76.955  40.437 0.1000000015
12518  -38.112  -77.674  40.158 0.1000000015
12519  -38.864  -77.976  39.969 0.1000000015
14309  -41.955  -75.491  31.718 0.1000000015
14181  -34.658  -75.886  40.242 0.1000000015
13358  -35.980  -76.255  40.203 0.1000000015
15249  -39.964  -75.360  31.957 0.1000000015
12581  -44.136  -77.769  33.654 0.1000000015
14196  -33.902  -75.163  39.518 0.1000000015
14197  -34.810  -75.369  39.725 0.1000000015
16118  -37.596  -73.872  33.788 0.1000000015
15225  -39.540  -74.975  32.205 0.1000000015
14206  -33.433  -74.867  39.034 0.1000000015
16997  -36.202  -73.088  34.970 0.1000000015
15109  -33.138  -73.885  37.844 0.1000000015
16944  -34.225  -72.989  36.862 0.1000000015
16964  -35.131  -72.900  36.569 0.1000000015
13360  -37.728  -77.083  39.809 0.1000000015
13359  -36.476  -76.433  40.027 0.1000000015
16045  -35.427  -72.959  37.024 0.1000000015
15099  -34.654  -74.230  38.713 0.1000000015
15098  -33.587  -74.216  38.499 0.1000000015
16021  -34.285  -73.222  37.480 0.1000000015
16140  -39.730  -74.122  32.608 0.1000000015
16154  -41.941  -74.112  31.915 0.1000000015
16119  -38.828  -73.958  33.234 0.1000000015
14198  -35.765  -75.873  39.895 0.1000000015
16095  -37.186  -73.285  34.648 0.1000000015
15091  -35.661  -75.151  39.197 0.1000000015
16965  -36.170  -72.803  36.180 0.1000000015
16984  -36.565  -72.903  35.439 0.1000000015
15090  -34.785  -74.795  39.222 0.1000000015
16022  -35.231  -73.229  37.449 0.1000000015
16046  -35.902  -73.057  36.954 0.1000000015
16007  -35.416  -73.865  38.252 0.1000000015
15227  -41.043  -74.010  32.220 0.1000000015
16142  -41.768  -73.453  32.357 0.1000000015
16096  -38.587  -73.638  34.199 0.1000000015
14199  -37.085  -75.939  39.212 0.1000000015
16069  -37.394  -73.166  35.666 0.1000000015
16070  -38.575  -73.663  35.255 0.1000000015
16966  -36.800  -72.875  35.965 0.1000000015
15100  -35.555  -74.525  38.709 0.1000000015
16121  -40.986  -72.986  33.075 0.1000000015
16120  -40.069  -73.564  33.206 0.1000000015
16097  -39.675  -73.565  34.017 0.1000000015
14200  -37.904  -76.359  39.219 0.1000000015
16023  -36.385  -73.763  37.691 0.1000000015
15092  -36.304  -75.466  39.178 0.1000000015
12504  -37.764  -77.997  40.721 0.1000000015
10939  -41.376  -78.934  40.608 0.1000000015
11705  -40.952  -78.848  40.212 0.1000000015
11717  -40.119  -78.505  39.950 0.1000000015
11716  -39.421  -78.708  40.322 0.1000000015
12517  -32.614  -76.987  39.493 0.1000000015
15108  -32.503  -74.215  37.294 0.1000000015
14225  -31.512  -74.953  35.825 0.1000000015
15147  -31.860  -74.263  35.863 0.1000000015
15171  -31.849  -74.306  35.115 0.1000000015
16090  -32.988  -73.652  35.400 0.1000000015
14251  -34.899  -75.086  34.067 0.1000000015
13402  -35.931  -76.674  34.160 0.1000000015
13339  -33.007  -76.435  39.843 0.1000000015
15198  -37.716  -74.793  33.292 0.1000000015
13341  -34.522  -76.505  40.631 0.1000000015
16983  -35.594  -73.005  35.497 0.1000000015
15251  -41.336  -74.536  31.833 0.1000000015
16139  -38.985  -74.492  32.661 0.1000000015
16047  -36.927  -73.249  36.597 0.1000000015
16141  -40.658  -73.720  32.576 0.1000000015
11704  -40.205  -79.173  40.442 0.1000000015
2082  -29.884  -93.999  20.669 0.1000000015
1583  -28.882  -94.650  21.793 0.1000000015
3762  -31.695  -90.596  17.381 0.1000000015
3176  -32.100  -91.380  17.603 0.1000000015
3165  -31.339  -91.383  19.035 0.1000000015
3155  -31.412  -91.770  19.528 0.1000000015
2096  -30.111  -93.609  19.628 0.1000000015
4333  -30.866  -89.878  17.342 0.1000000015
4909  -30.914  -88.718  16.647 0.1000000015
5494  -30.401  -87.704  16.799 0.1000000015
2068  -29.597  -94.311  21.606 0.1000000015
1573  -29.260  -94.505  22.342 0.1000000015
1562  -28.327  -94.594  23.657 0.1000000015
2069  -30.573  -93.676  21.451 0.1000000015
2610  -31.656  -92.657  19.521 0.1000000015
2097  -31.084  -93.319  19.618 0.1000000015
2083  -30.753  -93.517  20.419 0.1000000015
1582  -28.196  -94.851  21.582 0.1000000015
3742  -31.012  -90.781  18.361 0.1000000015
2110  -30.950  -93.235  18.654 0.1000000015
2626  -31.702  -92.713  18.786 0.1000000015
4315  -30.263  -90.081  18.082 0.1000000015
4908  -29.940  -88.791  17.426 0.1000000015
5493  -29.554  -87.430  17.511 0.1000000015
5336  -28.860  -87.891  27.667 0.1000000015
4202  -27.917  -89.584  26.049 0.1000000015
1563  -29.289  -94.475  23.224 0.1000000015
2029  -27.897  -94.191  24.421 0.1000000015
2536  -27.744  -92.743  25.381 0.1000000015
3078  -27.481  -91.623  25.306 0.1000000015
3631  -27.812  -90.669  25.905 0.1000000015
2028  -27.636  -93.229  24.654 0.1000000015
2042  -30.142  -93.972  23.647 0.1000000015
1561  -27.672  -94.459  23.226 0.1000000015
2594  -31.445  -92.636  20.176 0.1000000015
2070  -31.151  -93.219  20.847 0.1000000015
4332  -30.067  -89.619  17.794 0.1000000015
5337  -29.503  -87.827  28.426 0.1000000015
5325  -29.174  -86.970  28.373 0.1000000015
2017  -27.827  -93.274  25.221 0.1000000015
2537  -28.043  -92.890  25.928 0.1000000015
3611  -28.278  -91.146  26.679 0.1000000015
2018  -28.155  -93.716  25.580 0.1000000015
1542  -29.105  -94.459  25.594 0.1000000015
3138  -31.416  -92.168  20.023 0.1000000015
3730  -30.886  -91.249  19.549 0.1000000015
3729  -29.940  -90.528  19.404 0.1000000015
4314  -29.399  -89.555  18.493 0.1000000015
2056  -30.705  -93.439  22.615 0.1000000015
4756  -28.171  -88.598  26.470 0.1000000015
4181  -28.448  -90.040  26.755 0.1000000015
2581  -31.170  -92.573  21.403 0.1000000015
4770  -27.760  -89.039  25.840 0.1000000015
1551  -29.468  -94.439  24.554 0.1000000015
2030  -30.127  -94.117  24.439 0.1000000015
4755  -27.812  -88.240  26.063 0.1000000015
2564  -30.552  -92.689  24.029 0.1000000015
2538  -30.514  -92.850  25.310 0.1000000015
3080  -30.462  -91.845  25.629 0.1000000015
2522  -28.440  -92.968  26.533 0.1000000015
1532  -28.799  -94.258  26.155 0.1000000015
1552  -30.163  -94.151  24.990 0.1000000015
1519  -29.727  -94.203  27.012 0.1000000015
2031  -30.453  -93.514  24.540 0.1000000015
2019  -30.366  -93.703  25.630 0.1000000015
1985  -28.942  -93.479  27.243 0.1000000015
3062  -28.478  -91.995  26.997 0.1000000015
2506  -28.817  -92.689  27.281 0.1000000015
1969  -29.933  -93.281  28.271 0.1000000015
1533  -29.406  -94.366  26.370 0.1000000015
3091  -30.374  -92.111  24.685 0.1000000015
2005  -30.287  -93.997  26.485 0.1000000015
1518  -29.101  -94.194  26.962 0.1000000015
1520  -30.083  -94.188  26.882 0.1000000015
1534  -29.901  -94.317  26.530 0.1000000015
1541  -28.648  -94.283  25.596 0.1000000015
1543  -29.881  -94.348  25.755 0.1000000015
1550  -28.575  -94.372  24.931 0.1000000015
1572  -28.589  -94.751  22.521 0.1000000015
1596  -28.849  -94.556  20.826 0.1000000015
1970  -30.294  -93.495  28.056 0.1000000015
1986  -29.641  -93.773  27.661 0.1000000015
2004  -28.668  -93.807  26.534 0.1000000015
2041  -27.810  -94.378  23.754 0.1000000015
2055  -29.947  -94.079  22.492 0.1000000015
2084  -31.320  -93.149  20.232 0.1000000015
2098  -31.546  -92.991  19.594 0.1000000015
2111  -31.402  -93.127  19.163 0.1000000015
2550  -30.514  -92.810  24.650 0.1000000015
2582  -31.334  -92.913  20.668 0.1000000015
2593  -31.287  -92.322  20.504 0.1000000015
2625  -31.425  -92.983  18.347 0.1000000015
3043  -28.920  -92.083  27.587 0.1000000015
3063  -30.787  -91.683  26.374 0.1000000015
3079  -27.948  -92.016  26.154 0.1000000015
3137  -31.077  -91.798  20.435 0.1000000015
3156  -31.700  -92.252  19.484 0.1000000015
3166  -31.799  -91.646  18.652 0.1000000015
3594  -28.900  -91.039  27.477 0.1000000015
3741  -30.114  -90.306  18.559 0.1000000015
3743  -31.744  -91.093  18.031 0.1000000015
3761  -31.187  -90.477  17.670 0.1000000015
4743  -36.368  -88.344  26.694 0.1000000015
4855  -36.291  -88.349  21.423 0.1000000015
4867  -35.397  -88.286  21.059 0.1000000015
4869  -36.344  -88.126  20.932 0.1000000015
5343  -38.517  -86.880  26.542 0.2000000030
5350  -27.749  -87.742  26.123 0.1000000015
5353  -37.815  -87.514  26.268 0.1000000015
5373  -38.557  -87.131  25.533 0.1000000015
5449  -34.452  -87.955  21.631 0.1000000015
5461  -35.519  -87.957  20.500 0.1000000015
5463  -37.028  -86.999  20.075 0.1000000015
5957  -39.504  -85.681  27.750 0.2000000030
5980  -38.701  -86.481  27.007 0.1000000015
5982  -39.830  -85.617  26.916 0.1000000015
5998  -38.766  -86.772  26.421 0.1000000015
5999  -39.220  -86.356  26.369 0.1000000015
6015  -39.250  -86.159  25.733 0.1000000015
6047  -37.418  -86.672  24.057 0.1000000015
6060  -33.060  -86.293  22.088 0.1000000015
6073  -33.122  -86.187  21.452 0.1000000015
6080  -34.702  -87.327  20.336 0.1000000015
6082  -37.947  -85.613  19.427 0.1000000015
6096  -34.790  -86.906  19.786 0.1000000015
6098  -36.377  -86.740  19.065 0.1000000015
6100  -37.682  -85.809  19.170 0.1000000015
6117  -35.179  -86.549  19.174 0.1000000015
6120  -36.931  -85.965  18.375 0.1000000015
6595  -37.768  -85.196  30.016 0.1000000015
6613  -36.005  -84.966  28.970 0.1000000015
6616  -38.393  -85.521  29.571 0.1000000015
6642  -35.907  -85.335  28.439 0.1000000015
6680  -39.561  -85.856  26.196 0.1000000015
6707  -37.749  -85.781  24.583 0.1000000015
6757  -37.993  -85.440  20.261 0.1000000015
6778  -38.103  -85.247  18.972 0.1000000015
6800  -37.148  -85.515  17.944 0.1000000015
6819  -36.019  -85.538  17.754 0.1000000015
6821  -37.052  -85.158  17.421 0.1000000015
7287  -40.982  -84.330  32.180 0.2000000030
7299  -39.957  -84.446  31.625 0.1000000015
7300  -40.375  -84.455  31.720 0.1000000015
7332  -36.640  -84.646  29.596 0.1000000015
7335  -41.282  -84.066  29.915 0.2000000030
7383  -40.073  -84.502  26.457 0.2000000030
7384  -40.339  -84.842  26.852 0.1000000015
7399  -39.794  -84.888  26.039 0.1000000015
7400  -40.091  -84.965  26.343 0.1000000015
7463  -39.313  -83.840  19.772 0.1000000015
7482  -38.780  -84.617  19.243 0.1000000015
7499  -35.599  -85.302  17.907 0.1000000015
7502  -39.100  -84.237  18.872 0.1000000015
7516  -35.980  -85.001  17.432 0.1000000015
7518  -37.241  -84.735  17.034 0.1000000015
7536  -36.255  -84.475  17.101 0.1000000015
7539  -38.056  -84.077  16.502 0.1000000015
7552  -36.898  -84.047  16.129 0.1000000015
7553  -37.228  -83.878  15.928 0.1000000015
8033  -42.231  -83.205  33.029 0.2000000030
8064  -40.328  -84.242  32.046 0.1000000015
8065  -41.519  -83.958  31.598 0.3000000119
8076  -37.987  -84.446  30.343 0.1000000015
8078  -39.309  -83.737  31.297 0.1000000015
8080  -41.990  -82.940  30.992 0.4000000060
8097  -41.376  -83.328  29.948 0.3000000119
8117  -41.209  -83.253  29.281 0.2000000030
8158  -37.829  -83.787  25.504 0.1000000015
8169  -35.876  -83.506  24.579 0.2000000030
8170  -36.411  -83.936  24.842 0.1000000015
8200  -37.851  -83.369  21.145 0.1000000015
8217  -39.001  -83.325  20.295 0.1000000015
8233  -33.449  -83.587  19.328 0.1000000015
8252  -39.263  -83.605  18.529 0.1000000015
8285  -36.455  -83.794  16.200 0.1000000015
8286  -37.691  -83.855  16.052 0.1000000015
8303  -37.389  -83.400  15.469 0.1000000015
8313  -36.958  -82.942  14.805 0.1000000015
8780  -41.236  -82.179  34.204 0.1000000015
8794  -40.196  -82.639  33.108 0.1000000015
8798  -43.014  -82.094  33.925 0.2000000030
8818  -39.958  -83.087  32.448 0.1000000015
8832  -42.942  -82.196  32.298 0.3000000119
8840  -38.993  -83.054  30.840 0.1000000015
8853  -38.126  -82.675  30.160 0.1000000015
8855  -41.549  -82.372  29.894 0.2000000030
8874  -40.766  -82.759  28.479 0.2000000030
8875  -41.108  -82.604  29.100 0.2000000030
8890  -39.913  -82.772  27.437 0.2000000030
8891  -40.366  -82.774  27.875 0.3000000119
8903  -38.961  -82.752  26.673 0.1000000015
8924  -35.018  -81.571  24.453 0.2000000030
8986  -33.025  -82.645  19.289 0.1000000015
9003  -39.334  -82.782  18.345 0.1000000015
9017  -35.748  -83.539  17.073 0.1000000015
9018  -39.224  -82.945  17.900 0.1000000015
9033  -36.368  -83.429  15.897 0.1000000015
9057  -38.201  -82.515  15.454 0.1000000015
9074  -36.911  -82.280  14.270 0.1000000015
9507  -40.712  -81.554  34.355 0.1000000015
9511  -43.967  -80.927  34.468 0.2000000030
9519  -40.531  -81.893  33.962 0.1000000015
9571  -38.857  -81.851  30.974 0.1000000015
9572  -39.314  -82.705  31.292 0.1000000015
9575  -43.988  -80.690  30.955 0.4000000060
9621  -39.354  -81.428  27.505 0.1000000015
9647  -35.577  -81.295  25.290 0.2000000030
9648  -36.187  -81.388  25.670 0.1000000015
9649  -36.885  -81.790  25.916 0.2000000030
9656  -34.873  -80.887  24.419 0.1000000015
9685  -37.866  -81.573  20.983 0.1000000015
9700  -38.769  -81.776  20.068 0.1000000015
9716  -38.983  -81.546  19.527 0.1000000015
9751  -39.329  -82.142  17.687 0.1000000015
10294  -45.331  -80.221  33.872 0.2000000030
10341  -43.448  -80.747  30.669 0.3000000119
10343  -44.360  -80.237  30.776 0.4000000060
10362  -43.231  -80.439  30.175 0.3000000119
10364  -44.256  -79.959  30.297 0.4000000060
10387  -42.722  -80.419  29.799 0.3000000119
10419  -36.087  -80.351  25.916 0.2000000030
10420  -37.071  -80.365  26.444 0.1000000015
10433  -35.027  -79.957  25.027 0.1000000015
10434  -35.328  -80.245  25.311 0.2000000030
10442  -34.918  -80.115  24.722 0.1000000015
10470  -38.069  -81.136  20.709 0.1000000015
10923  -41.366  -79.184  41.099 0.1000000015
10938  -41.033  -79.450  40.742 0.1000000015
11064  -46.349  -78.877  32.123 0.2000000030
11094  -43.355  -80.003  29.791 0.4000000060
11112  -41.878  -80.156  29.026 0.2000000030
11114  -43.847  -79.330  29.326 0.4000000060
11132  -35.694  -79.367  25.770 0.1000000015
11162  -35.681  -79.304  22.595 0.1000000015
11177  -36.737  -79.590  21.768 0.1000000015
11189  -37.786  -79.604  20.800 0.1000000015
11190  -38.132  -79.630  20.399 0.1000000015
11239  -40.254  -79.173  16.311 0.1000000015
11278  -39.775  -79.349  15.021 0.1000000015
11301  -40.066  -78.809  14.911 0.1000000015
11700  -33.129  -77.389  40.280 0.1000000015
11701  -33.264  -77.870  40.475 0.1000000015
11768  -47.479  -78.205  33.905 0.5000000000
11779  -40.823  -78.740  33.656 0.1000000015
11785  -47.465  -78.205  33.601 0.3000000119
11797  -40.880  -78.258  33.291 0.1000000015
11799  -46.972  -78.446  32.663 0.2000000030
11800  -47.396  -78.178  33.246 0.2000000030
11814  -46.564  -78.313  31.799 0.2000000030
11852  -45.133  -78.615  29.485 0.4000000060
11877  -39.061  -78.945  27.301 0.1000000015
11891  -39.244  -78.250  27.014 0.1000000015
11898  -34.822  -78.539  24.644 0.1000000015
11906  -35.174  -78.531  23.288 0.1000000015
11917  -35.963  -78.817  22.364 0.1000000015
11964  -38.563  -78.714  19.840 0.1000000015
11986  -40.981  -78.095  17.145 0.1000000015
12481  -34.547  -77.427  41.319 0.1000000015
12499  -33.016  -76.951  40.138 0.1000000015
12561  -47.605  -77.700  34.177 0.5000000000
12573  -35.751  -76.678  33.805 0.1000000015
12578  -40.238  -78.300  33.494 0.1000000015
12647  -45.577  -77.667  28.984 0.4000000060
12665  -45.315  -77.282  28.166 0.4000000060
12677  -40.923  -78.384  27.470 0.2000000030
12728  -36.814  -77.948  21.729 0.1000000015
12744  -38.243  -77.751  20.443 0.1000000015
12769  -38.157  -78.444  20.400 0.1000000015
12794  -38.769  -78.311  19.644 0.1000000015
12815  -39.819  -77.843  18.684 0.1000000015
13325  -34.808  -76.864  40.962 0.1000000015
13404  -38.208  -76.798  33.564 0.1000000015
13422  -39.527  -76.518  32.490 0.1000000015
13429  -48.251  -76.226  32.986 0.5000000000
13446  -39.752  -76.180  32.235 0.1000000015
13448  -40.691  -76.261  31.947 0.1000000015
13498  -46.197  -75.599  28.081 0.4000000060
13514  -44.248  -76.204  27.341 0.3000000119
13520  -35.480  -76.548  25.819 0.1000000015
13522  -34.899  -76.732  24.549 0.1000000015
13563  -37.213  -77.349  21.537 0.1000000015
13566  -44.228  -75.777  21.130 0.1000000015
13589  -38.783  -77.240  20.076 0.1000000015
13592  -43.316  -76.311  20.184 0.1000000015
13593  -44.046  -76.078  20.625 0.1000000015
13594  -44.436  -75.979  20.610 0.1000000015
13611  -42.135  -76.520  19.008 0.1000000015
13614  -44.440  -76.104  20.209 0.1000000015
14182  -35.157  -76.148  40.408 0.1000000015
14214  -31.930  -75.199  37.236 0.1000000015
14236  -35.075  -74.882  34.369 0.1000000015
14243  -48.919  -74.871  34.094 0.5000000000
14254  -37.369  -75.952  33.703 0.1000000015
14255  -37.808  -76.317  33.529 0.1000000015
14260  -48.921  -74.828  33.789 0.5000000000
14278  -38.201  -76.063  33.014 0.1000000015
14306  -39.707  -75.821  32.143 0.1000000015
14307  -40.282  -75.704  31.874 0.1000000015
14321  -47.355  -75.209  30.784 0.5000000000
14329  -46.801  -75.300  29.062 0.4000000060
14338  -47.137  -74.711  29.128 0.5000000000
14353  -42.589  -75.313  27.581 0.3000000119
14354  -43.443  -75.243  27.489 0.3000000119
14355  -44.119  -75.236  27.440 0.3000000119
14356  -44.715  -75.368  27.480 0.3000000119
14382  -35.218  -75.910  25.382 0.1000000015
14388  -35.046  -75.815  24.809 0.1000000015
14417  -35.915  -76.075  22.899 0.1000000015
14421  -44.710  -75.037  21.773 0.1000000015
14444  -44.731  -75.531  21.328 0.1000000015
14445  -45.140  -75.228  21.400 0.1000000015
14470  -44.780  -75.788  20.674 0.1000000015
14490  -41.157  -76.258  19.331 0.1000000015
14491  -41.967  -76.181  19.697 0.1000000015
14494  -45.055  -75.363  20.594 0.1000000015
15089  -34.056  -74.602  39.072 0.1000000015
15107  -31.989  -74.590  36.770 0.1000000015
15125  -31.809  -74.551  36.292 0.1000000015
15130  -48.239  -73.934  36.227 0.5000000000
15148  -32.397  -73.822  35.642 0.1000000015
15154  -48.815  -74.442  35.520 0.5000000000
15155  -49.379  -74.095  35.256 0.6000000238
15177  -46.384  -74.081  34.591 0.5000000000
15196  -34.467  -74.773  33.758 0.1000000015
15199  -38.471  -74.535  32.902 0.1000000015
15203  -48.930  -74.680  33.503 0.5000000000
15224  -38.474  -75.138  32.696 0.1000000015
15226  -40.439  -74.376  32.174 0.1000000015
15233  -49.040  -74.239  33.392 0.5000000000
15250  -40.393  -75.038  31.822 0.1000000015
15265  -47.978  -74.041  30.180 0.5000000000
15309  -35.343  -75.447  25.464 0.1000000015
15310  -35.412  -74.872  25.635 0.1000000015
15337  -44.180  -73.672  22.505 0.1000000015
15361  -42.832  -74.108  22.287 0.1000000015
15363  -44.746  -74.534  22.141 0.1000000015
15364  -45.249  -74.666  21.928 0.1000000015
15377  -37.877  -75.710  21.450 0.1000000015
15379  -39.648  -74.878  21.144 0.1000000015
15380  -40.691  -74.764  21.272 0.1000000015
15383  -43.311  -74.627  22.015 0.1000000015
16005  -33.739  -73.573  37.895 0.1000000015
16006  -34.483  -73.617  38.148 0.1000000015
16020  -33.408  -73.410  37.153 0.1000000015
16028  -47.298  -73.111  36.883 0.5000000000
16031  -48.792  -72.879  36.953 0.5000000000
16043  -33.304  -73.404  36.300 0.1000000015
16044  -33.777  -73.301  36.002 0.1000000015
16051  -46.352  -72.874  36.362 0.3000000119
16064  -32.937  -73.551  35.839 0.1000000015
16066  -34.165  -73.415  35.619 0.1000000015
16068  -35.442  -73.420  35.026 0.1000000015
16075  -47.545  -74.056  35.783 0.4000000060
16102  -49.625  -73.545  34.598 0.6000000238
16162  -48.147  -73.734  30.451 0.5000000000
16188  -46.875  -73.596  28.466 0.5000000000
16189  -47.410  -73.467  29.014 0.5000000000
16205  -45.041  -73.721  27.818 0.3000000119
16206  -45.712  -73.671  27.848 0.3000000119
16207  -46.286  -73.358  28.120 0.4000000060
16252  -35.669  -74.011  24.543 0.1000000015
16257  -43.469  -72.934  22.556 0.1000000015
16260  -45.414  -73.451  22.422 0.1000000015
16282  -43.779  -73.623  22.502 0.1000000015
16283  -45.836  -73.947  21.998 0.1000000015
16284  -46.286  -73.196  21.975 0.1000000015
16296  -46.257  -73.373  21.618 0.1000000015
16935  -47.545  -72.043  37.862 0.4000000060
16943  -33.780  -73.209  36.555 0.1000000015
16945  -34.720  -72.977  37.127 0.1000000015
16948  -46.086  -72.281  37.159 0.3000000119
16950  -47.826  -72.461  37.636 0.5000000000
16952  -48.991  -72.622  36.757 0.5000000000
16963  -34.237  -73.134  36.184 0.1000000015
16971  -46.025  -72.611  36.483 0.3000000119
16982  -34.723  -73.138  35.819 0.1000000015
16989  -49.707  -72.708  35.507 0.6000000238
16996  -35.778  -73.229  34.992 0.1000000015
17000  -43.949  -72.283  34.379 0.2000000030
17002  -45.227  -72.796  35.070 0.3000000119
17003  -49.436  -72.360  34.268 0.6000000238
17024  -48.831  -72.246  32.804 0.6000000238
17026  -49.201  -73.409  33.072 0.6000000238
17034  -47.735  -72.317  31.245 0.5000000000
17049  -48.124  -73.319  30.356 0.5000000000
17067  -47.872  -73.404  29.803 0.5000000000
17104  -46.212  -72.923  28.234 0.4000000060
17130  -36.702  -72.692  24.873 0.1000000015
17131  -37.345  -72.166  24.726 0.1000000015
17151  -37.971  -72.463  23.962 0.1000000015
17155  -43.668  -72.554  22.523 0.1000000015
17156  -44.333  -72.583  22.561 0.1000000015
17796  -45.123  -71.141  37.715 0.3000000119
17815  -48.770  -72.123  37.091 0.4000000060
17830  -44.019  -71.105  36.402 0.3000000119
17846  -46.842  -70.797  35.059 0.5000000000
17861  -44.269  -72.085  34.904 0.2000000030
17865  -49.114  -72.101  34.512 0.5000000000
17951  -45.487  -71.850  28.476 0.4000000060
18003  -43.240  -72.020  22.445 0.1000000015
18006  -45.551  -71.858  22.498 0.1000000015
18027  -46.726  -71.806  21.844 0.1000000015
18028  -47.226  -71.121  21.747 0.1000000015
18043  -47.442  -70.986  21.263 0.1000000015
18677  -47.058  -70.343  38.194 0.5000000000
18678  -47.236  -70.525  37.895 0.5000000000
18687  -47.392  -70.679  37.779 0.5000000000
18700  -48.049  -71.060  37.234 0.4000000060
18715  -44.190  -71.039  36.934 0.3000000119
18736  -43.544  -70.786  36.099 0.2000000030
18737  -45.910  -69.974  34.981 0.5000000000
18740  -47.998  -70.944  36.372 0.5000000000
18760  -44.860  -70.057  34.114 0.4000000060
18761  -45.657  -70.476  34.364 0.5000000000
18762  -46.191  -70.452  34.810 0.5000000000
18766  -44.627  -70.531  33.400 0.5000000000
18773  -43.649  -70.382  31.915 0.4000000060
18810  -44.909  -70.746  29.664 0.3000000119
18883  -40.080  -70.597  22.946 0.1000000015
18886  -44.366  -71.150  22.414 0.1000000015
18890  -47.180  -70.411  22.096 0.1000000015
18906  -40.517  -70.213  22.649 0.1000000015
18912  -45.598  -70.472  22.473 0.1000000015
18913  -46.067  -70.528  22.481 0.1000000015
18925  -47.450  -70.222  21.261 0.1000000015
18944  -47.347  -70.642  20.923 0.1000000015
19613  -47.086  -70.186  37.915 0.5000000000
19631  -41.827  -69.156  37.188 0.2000000030
19695  -42.792  -69.204  32.590 0.3000000119
19707  -43.247  -69.919  31.259 0.4000000060
19739  -44.143  -69.996  29.170 0.3000000119
19748  -43.464  -69.675  28.896 0.1000000015
19749  -43.939  -69.872  28.993 0.2000000030
19807  -39.746  -69.618  22.938 0.1000000015
19836  -46.088  -70.012  22.494 0.1000000015
20559  -34.615  -68.087  38.808 0.1000000015
20580  -47.378  -68.674  37.181 0.5000000000
20612  -45.199  -68.666  34.634 0.4000000060
20643  -42.509  -68.780  32.248 0.3000000119
20663  -42.440  -68.335  30.618 0.1000000015
20750  -45.177  -68.346  23.205 0.1000000015
20754  -48.021  -68.089  22.594 0.1000000015
20772  -40.371  -69.134  22.668 0.1000000015
20776  -43.981  -68.724  22.568 0.1000000015
20777  -44.657  -68.535  22.815 0.1000000015
20795  -47.331  -68.399  21.603 0.1000000015
20796  -47.474  -68.127  21.922 0.1000000015
20827  -46.229  -68.760  18.931 0.1000000015
21608  -33.899  -67.544  39.642 0.1000000015
21632  -38.717  -66.808  37.291 0.2000000030
21633  -39.244  -67.115  37.296 0.2000000030
21635  -40.872  -67.900  37.805 0.2000000030
21640  -45.945  -67.229  37.512 0.5000000000
21655  -45.943  -68.338  35.331 0.4000000060
21681  -42.425  -67.836  33.124 0.2000000030
21683  -44.387  -67.955  33.962 0.3000000119
21797  -45.533  -67.509  24.082 0.1000000015
21819  -41.644  -67.362  23.189 0.1000000015
21840  -41.928  -67.924  22.669 0.1000000015
21842  -43.734  -68.101  22.867 0.1000000015
21844  -47.870  -67.282  22.230 0.1000000015
21845  -48.006  -67.519  22.355 0.1000000015
21864  -47.560  -67.873  21.977 0.1000000015
22717  -34.583  -66.405  38.138 0.1000000015
22718  -35.114  -66.519  37.707 0.1000000015
22725  -43.108  -66.423  37.663 0.3000000119
22787  -51.261  -66.500  33.322 0.1000000015
22788  -51.834  -66.210  33.044 0.2000000030
22808  -51.428  -66.186  32.722 0.1000000015
22879  -47.241  -66.126  25.831 0.1000000015
22882  -48.683  -65.817  25.591 0.1000000015
22892  -43.648  -66.158  24.894 0.1000000015
22896  -47.539  -66.429  25.622 0.1000000015
22925  -49.162  -66.082  24.827 0.1000000015
22946  -47.108  -66.203  22.886 0.1000000015
22963  -48.379  -67.126  22.869 0.1000000015
22976  -46.385  -66.927  21.190 0.1000000015
22978  -47.696  -67.163  22.099 0.1000000015
23710  -32.074  -65.998  41.825 0.1000000015
23730  -32.162  -65.609  41.411 0.1000000015
23758  -32.887  -65.458  40.102 0.1000000015
23770  -35.237  -65.123  37.929 0.1000000015
23771  -37.580  -64.962  38.106 0.3000000119
23826  -50.424  -65.866  36.158 0.4000000060
23828  -51.367  -66.217  34.908 0.2000000030
23882  -48.074  -65.903  32.424 0.1000000015
23885  -50.922  -65.921  32.172 0.1000000015
23903  -49.330  -65.505  31.747 0.1000000015
23906  -51.673  -65.187  31.750 0.1000000015
23941  -46.207  -65.043  26.491 0.1000000015
23942  -47.089  -65.017  26.525 0.1000000015
23960  -45.116  -65.390  26.086 0.1000000015
23963  -47.772  -65.492  26.249 0.1000000015
23964  -48.544  -65.206  26.014 0.1000000015
23980  -46.319  -65.840  25.917 0.1000000015
24005  -49.359  -65.554  24.930 0.1000000015
24025  -48.717  -65.649  24.551 0.1000000015
24041  -46.779  -66.149  22.737 0.1000000015
24777  -31.855  -65.121  41.995 0.1000000015
24778  -32.014  -64.753  41.706 0.1000000015
24786  -32.265  -64.941  41.010 0.1000000015
24805  -33.032  -64.709  39.833 0.1000000015
24837  -36.594  -64.852  37.841 0.3000000119
24845  -48.817  -65.372  36.980 0.3000000119
24858  -50.024  -65.669  36.408 0.3000000119
24876  -46.627  -63.810  35.704 0.4000000060
24897  -46.085  -65.332  32.982 0.1000000015
24921  -52.213  -64.789  32.143 0.1000000015
24922  -52.370  -64.242  32.072 0.1000000015
24944  -52.005  -64.872  31.635 0.1000000015
24955  -51.079  -64.183  30.718 0.1000000015
24958  -52.108  -64.474  31.351 0.1000000015
25016  -48.670  -64.366  26.016 0.1000000015
25017  -48.912  -64.911  25.579 0.1000000015
25048  -49.247  -65.337  24.936 0.1000000015
25065  -49.095  -65.284  24.836 0.1000000015
25066  -49.242  -65.101  24.932 0.1000000015
25791  -32.782  -64.180  40.265 0.1000000015
25806  -33.864  -63.947  39.095 0.1000000015
25846  -45.332  -63.267  35.802 0.4000000060
25927  -52.013  -64.017  30.660 0.1000000015
25928  -52.219  -64.127  31.121 0.1000000015
26824  -40.969  -61.863  36.723 0.3000000119
26828  -44.476  -63.002  36.427 0.4000000060
26940  -48.382  -63.023  25.963 0.1000000015
26943  -47.991  -62.420  25.898 0.1000000015
26977  -48.106  -62.535  24.428 0.1000000015
26992  -48.576  -61.676  23.882 0.1000000015
27722  -34.069  -61.358  41.670 0.1000000015
27745  -33.968  -62.085  39.991 0.1000000015
27766  -40.916  -61.339  36.194 0.3000000119
27768  -42.349  -61.653  35.735 0.3000000119
27775  -44.287  -61.961  34.675 0.3000000119
27787  -48.034  -61.288  33.424 0.1000000015
27823  -46.078  -61.640  31.395 0.1000000015
27855  -52.535  -62.283  29.406 0.1000000015
27883  -47.333  -61.783  25.827 0.1000000015
27902  -48.921  -61.709  24.985 0.1000000015
27921  -46.491  -62.037  24.404 0.1000000015
28570  -34.531  -60.783  41.417 0.1000000015
28582  -34.761  -60.741  40.770 0.1000000015
28641  -46.052  -60.594  33.865 0.2000000030
28660  -49.489  -60.461  32.588 0.1000000015
28680  -47.006  -61.033  31.137 0.1000000015
28681  -51.790  -60.476  31.501 0.1000000015
28777  -48.087  -60.593  24.713 0.1000000015
28815  -48.829  -60.965  23.690 0.1000000015
29496  -35.779  -59.902  40.064 0.1000000015
29508  -36.845  -59.703  38.578 0.2000000030
29525  -39.105  -59.423  36.461 0.3000000119
29570  -48.678  -60.135  32.831 0.1000000015
29573  -47.819  -59.217  32.794 0.1000000015
30437  -36.693  -59.312  38.968 0.2000000030
30535  -49.983  -58.502  31.355 0.1000000015
30555  -47.210  -59.104  30.120 0.1000000015
31437  -37.577  -58.130  38.371 0.2000000030
31510  -49.458  -58.260  31.441 0.1000000015
32371  -42.309  -56.427  39.756 0.1000000015
32390  -38.972  -56.315  38.747 0.1000000015
32408  -38.608  -56.730  38.108 0.1000000015
32483  -47.830  -56.566  31.319 0.1000000015
33295  -39.459  -56.033  39.058 0.1000000015
33298  -41.677  -55.743  39.368 0.1000000015
33329  -39.567  -55.571  38.105 0.1000000015
33396  -43.071  -55.526  32.952 0.1000000015
34186  -41.332  -54.820  38.335 0.1000000015
34201  -40.599  -54.697  37.737 0.1000000015
34304  -49.331  -53.804  29.645 0.1000000015
