#!ascii label  , from subject 3525 vox2ras=TkReg
1026
60034  18.493  -25.214  86.255 0.0000000000
57800  30.926  -25.999  92.263 0.0000000000
74062  37.041  -12.014  68.419 0.0000000000
64436  27.229  -21.630  77.230 0.0000000000
62181  30.299  -23.387  86.858 0.0000000000
81313  48.101  -5.341  61.724 0.0000000000
70796  37.219  -14.919  70.544 0.0000000000
68702  32.104  -16.689  70.478 0.0000000000
53393  16.851  -31.161  86.124 0.0000000000
57856  25.339  -26.166  89.108 0.0000000000
55669  27.191  -28.178  86.435 0.0000000000
60082  22.112  -24.923  83.510 0.0000000000
78373  42.403  -7.483  65.125 0.0000000000
61034  22.693  -24.029  91.010 0.0000000000
57843  17.144  -27.148  90.909 0.0000000000
78329  41.699  -8.354  68.378 0.0000000000
51284  15.617  -31.847  88.931 0.0000000000
50234  11.021  -34.197  88.549 0.0000000000
67582  31.757  -17.774  75.147 0.0000000000
63369  27.914  -21.917  82.052 0.0000000000
59039  30.546  -26.800  80.554 0.0000000000
54571  29.128  -29.629  83.489 0.0000000000
69678  37.016  -15.609  71.746 0.0000000000
68699  35.295  -16.144  70.964 0.0000000000
68665  34.371  -16.621  72.828 0.0000000000
70777  40.055  -14.147  71.617 0.0000000000
56836  17.737  -28.186  83.276 0.0000000000
54562  17.109  -30.582  83.488 0.0000000000
56807  17.122  -28.351  85.289 0.0000000000
60019  21.890  -24.685  87.139 0.0000000000
58984  23.332  -25.184  86.066 0.0000000000
60061  19.780  -25.012  84.369 0.0000000000
59019  18.908  -26.212  82.012 0.0000000000
76201  37.240  -10.630  66.892 0.0000000000
74045  39.452  -11.945  69.421 0.0000000000
76184  39.687  -10.168  68.811 0.0000000000
77285  39.506  -9.124  67.438 0.0000000000
56715  17.083  -27.921  92.578 0.0000000000
54467  16.431  -30.052  89.668 0.0000000000
53323  16.493  -30.429  92.577 0.0000000000
50127  11.313  -33.272  93.453 0.0000000000
51269  12.094  -32.998  90.670 0.0000000000
49129  10.029  -35.013  90.507 0.0000000000
46864  7.878  -37.173  90.126 0.0000000000
46834  7.185  -37.132  91.748 0.0000000000
65404  30.556  -20.950  83.237 0.0000000000
63355  29.356  -22.638  84.548 0.0000000000
61154  29.677  -24.399  81.954 0.0000000000
61124  30.479  -25.203  83.365 0.0000000000
56834  26.161  -27.740  83.574 0.0000000000
54543  28.084  -29.014  84.655 0.0000000000
55723  27.260  -28.943  82.536 0.0000000000
55761  28.276  -29.216  80.244 0.0000000000
65482  29.296  -19.648  76.450 0.0000000000
67615  29.332  -18.888  73.111 0.0000000000
65516  27.620  -20.851  73.826 0.0000000000
82354  51.740  -4.535  60.784 0.0000000000
80365  49.461  -6.136  60.261 0.0000000000
71895  37.331  -13.889  69.894 0.0000000000
70815  34.815  -14.703  69.611 0.0000000000
71892  40.183  -13.468  70.273 0.0000000000
56727  27.424  -27.496  90.573 0.0000000000
54466  28.205  -28.298  89.347 0.0000000000
56771  26.309  -27.613  88.192 0.0000000000
57905  25.127  -26.697  84.873 0.0000000000
59017  23.910  -25.758  82.202 0.0000000000
79343  43.864  -7.049  67.200 0.0000000000
79350  44.909  -6.691  66.164 0.0000000000
80346  45.399  -6.300  63.766 0.0000000000
80356  46.380  -6.279  61.716 0.0000000000
61068  20.542  -24.415  88.577 0.0000000000
58963  17.337  -26.274  87.883 0.0000000000
59968  19.907  -24.833  91.064 0.0000000000
59991  23.858  -24.696  89.746 0.0000000000
78346  41.853  -7.981  67.302 0.0000000000
55660  16.765  -29.336  87.562 0.0000000000
51318  16.063  -31.997  87.298 0.0000000000
50271  14.726  -33.158  86.274 0.0000000000
50166  14.240  -32.647  91.056 0.0000000000
50233  13.699  -32.854  88.746 0.0000000000
44801  4.546  -39.246  93.241 0.0000000000
67596  34.127  -16.980  75.146 0.0000000000
64433  29.446  -20.464  78.167 0.0000000000
64396  30.375  -20.946  80.702 0.0000000000
64399  27.622  -21.643  79.889 0.0000000000
61180  28.302  -23.840  79.908 0.0000000000
61177  30.407  -25.778  79.289 0.0000000000
56936  30.483  -28.013  78.174 0.0000000000
54485  29.315  -28.511  88.217 0.0000000000
56793  30.517  -27.176  86.635 0.0000000000
58995  30.646  -26.011  84.894 0.0000000000
56870  30.407  -28.239  81.666 0.0000000000
55780  29.091  -29.030  79.428 0.0000000000
67624  31.700  -17.546  72.559 0.0000000000
67654  30.247  -18.409  70.601 0.0000000000
69662  36.784  -15.414  72.643 0.0000000000
68664  35.449  -16.188  72.437 0.0000000000
69664  35.232  -16.251  73.481 0.0000000000
70762  38.080  -14.467  72.767 0.0000000000
58999  18.275  -26.197  84.315 0.0000000000
56820  17.403  -28.127  84.210 0.0000000000
57897  17.405  -27.316  86.004 0.0000000000
60033  19.775  -24.713  86.070 0.0000000000
60032  20.895  -24.621  85.943 0.0000000000
60047  18.931  -25.165  85.088 0.0000000000
60075  18.749  -25.913  83.598 0.0000000000
75130  37.334  -11.399  68.036 0.0000000000
74046  38.416  -12.277  69.264 0.0000000000
75112  39.658  -11.393  69.291 0.0000000000
75129  38.364  -10.868  68.280 0.0000000000
75142  38.094  -10.368  67.711 0.0000000000
50129  10.361  -34.088  93.497 0.0000000000
50170  10.362  -34.113  92.002 0.0000000000
49119  9.350  -35.296  91.917 0.0000000000
48027  9.117  -36.072  90.417 0.0000000000
48028  8.443  -36.441  90.776 0.0000000000
46847  7.773  -36.844  91.251 0.0000000000
65370  29.608  -20.948  85.873 0.0000000000
62191  29.793  -23.094  85.580 0.0000000000
62210  30.255  -23.693  84.134 0.0000000000
61112  30.673  -24.500  84.965 0.0000000000
58899  31.498  -25.340  91.678 0.0000000000
56873  25.120  -27.514  81.267 0.0000000000
55724  26.487  -28.400  82.048 0.0000000000
56895  25.370  -28.145  80.668 0.0000000000
55764  25.581  -28.616  79.996 0.0000000000
65483  28.307  -20.538  76.606 0.0000000000
65493  28.397  -19.963  75.448 0.0000000000
81306  47.359  -5.079  62.733 0.0000000000
81305  48.478  -4.417  62.719 0.0000000000
81304  49.170  -4.211  62.301 0.0000000000
81312  49.457  -4.491  61.697 0.0000000000
81324  48.932  -5.431  60.913 0.0000000000
71882  37.294  -14.447  70.210 0.0000000000
71896  36.263  -13.909  69.692 0.0000000000
70797  36.222  -15.177  70.322 0.0000000000
68701  33.320  -16.447  70.934 0.0000000000
69700  33.718  -16.061  70.289 0.0000000000
68715  31.667  -17.076  69.329 0.0000000000
70779  38.598  -14.883  71.292 0.0000000000
71880  38.840  -14.186  70.478 0.0000000000
71894  38.409  -13.682  70.005 0.0000000000
53404  17.077  -31.401  85.077 0.0000000000
51360  16.268  -32.723  85.504 0.0000000000
56745  26.223  -27.004  89.753 0.0000000000
56744  26.738  -27.517  89.639 0.0000000000
56772  25.709  -26.995  88.616 0.0000000000
60058  22.499  -24.871  84.918 0.0000000000
57917  23.903  -25.872  85.213 0.0000000000
59007  23.575  -25.609  83.776 0.0000000000
57926  24.437  -26.121  83.318 0.0000000000
59018  22.830  -25.212  82.903 0.0000000000
60094  21.075  -25.215  82.064 0.0000000000
61204  29.366  -25.381  77.552 0.0000000000
78344  43.295  -7.252  66.679 0.0000000000
79342  44.662  -6.757  66.940 0.0000000000
79361  43.352  -7.071  65.407 0.0000000000
79384  44.034  -6.756  63.576 0.0000000000
79398  44.154  -6.894  62.595 0.0000000000
80351  45.457  -6.165  62.983 0.0000000000
61051  21.696  -24.218  89.440 0.0000000000
61053  19.709  -24.579  89.366 0.0000000000
61036  20.587  -24.382  90.343 0.0000000000
61049  23.515  -24.326  90.505 0.0000000000
59993  21.976  -24.454  88.658 0.0000000000
78328  42.560  -7.715  67.685 0.0000000000
78347  41.199  -8.341  67.739 0.0000000000
77299  39.978  -8.569  66.273 0.0000000000
58950  17.309  -26.318  89.072 0.0000000000
57871  16.976  -27.413  88.456 0.0000000000
56760  16.774  -28.454  88.960 0.0000000000
52310  16.130  -31.078  89.323 0.0000000000
53359  16.407  -30.575  88.463 0.0000000000
51300  15.734  -31.853  88.080 0.0000000000
50251  15.429  -32.616  87.003 0.0000000000
50230  15.218  -32.555  87.741 0.0000000000
50144  13.967  -32.590  92.233 0.0000000000
51303  11.460  -33.383  88.992 0.0000000000
51286  12.162  -32.922  89.644 0.0000000000
51302  12.201  -32.961  88.498 0.0000000000
51319  13.037  -33.079  86.955 0.0000000000
65456  30.834  -19.301  78.455 0.0000000000
65406  28.842  -21.270  83.360 0.0000000000
65413  30.177  -21.103  82.315 0.0000000000
64386  28.706  -21.180  81.620 0.0000000000
64398  28.406  -21.231  80.314 0.0000000000
63378  27.617  -22.080  81.354 0.0000000000
62269  27.270  -22.812  79.855 0.0000000000
62255  28.069  -23.299  81.114 0.0000000000
61152  30.476  -25.750  81.206 0.0000000000
61165  30.370  -25.574  80.276 0.0000000000
60111  30.513  -26.356  80.180 0.0000000000
57993  30.989  -27.066  78.583 0.0000000000
57975  30.786  -27.285  79.651 0.0000000000
55645  27.497  -28.273  88.250 0.0000000000
55633  29.011  -28.460  89.018 0.0000000000
54501  28.213  -28.590  87.461 0.0000000000
54556  28.572  -29.487  83.976 0.0000000000
54541  28.756  -28.899  84.943 0.0000000000
55692  29.769  -28.382  85.041 0.0000000000
57904  30.669  -26.652  85.434 0.0000000000
55705  30.144  -28.491  84.031 0.0000000000
56849  30.500  -27.669  82.874 0.0000000000
55737  30.141  -28.706  82.476 0.0000000000
55782  26.763  -29.008  78.983 0.0000000000
67581  32.620  -17.500  75.462 0.0000000000
67610  32.860  -17.195  73.628 0.0000000000
67599  31.496  -18.048  74.204 0.0000000000
66593  28.679  -19.929  71.832 0.0000000000
67640  29.639  -18.647  72.095 0.0000000000
81321  52.028  -4.947  60.336 0.0000000000
69696  37.569  -15.282  71.122 0.0000000000
69698  35.685  -15.730  70.576 0.0000000000
68678  35.924  -16.009  71.529 0.0000000000
68679  34.908  -16.373  71.720 0.0000000000
68681  32.895  -16.811  71.777 0.0000000000
70761  39.240  -14.165  72.216 0.0000000000
69660  38.574  -14.906  72.053 0.0000000000
56821  17.319  -28.939  83.625 0.0000000000
55683  16.992  -29.554  85.134 0.0000000000
55672  16.934  -29.771  86.005 0.0000000000
58960  23.813  -25.056  87.522 0.0000000000
57884  24.481  -25.633  87.387 0.0000000000
58974  22.639  -24.788  86.452 0.0000000000
60044  21.725  -24.658  85.500 0.0000000000
60072  21.464  -24.765  84.083 0.0000000000
60084  20.280  -25.236  82.731 0.0000000000
60074  19.485  -25.431  83.396 0.0000000000
57927  18.120  -27.433  82.866 0.0000000000
78385  41.424  -7.803  63.812 0.0000000000
61011  21.724  -24.122  92.637 0.0000000000
76169  40.650  -10.705  69.610 0.0000000000
76182  40.816  -10.032  69.508 0.0000000000
77270  40.422  -9.255  68.607 0.0000000000
77283  40.750  -8.734  68.204 0.0000000000
76198  39.526  -9.613  68.210 0.0000000000
76209  38.280  -9.641  66.633 0.0000000000
57830  17.330  -27.103  91.843 0.0000000000
56746  16.741  -28.469  90.203 0.0000000000
55610  16.557  -29.142  91.101 0.0000000000
54459  16.362  -30.054  90.704 0.0000000000
51249  15.898  -31.597  90.571 0.0000000000
50145  13.268  -32.602  92.374 0.0000000000
51234  11.477  -33.085  92.338 0.0000000000
50191  10.925  -33.824  90.518 0.0000000000
50235  10.512  -34.676  89.092 0.0000000000
49147  9.688  -35.767  89.296 0.0000000000
65396  29.209  -21.063  84.286 0.0000000000
63361  28.646  -22.284  83.555 0.0000000000
62238  28.988  -23.609  82.334 0.0000000000
62224  29.264  -23.372  83.189 0.0000000000
61139  30.305  -24.847  82.661 0.0000000000
60092  30.607  -26.091  81.878 0.0000000000
56804  26.604  -27.994  85.079 0.0000000000
55679  27.444  -28.528  85.507 0.0000000000
55707  27.229  -28.778  83.825 0.0000000000
54558  27.631  -29.205  83.381 0.0000000000
54573  28.019  -29.517  82.956 0.0000000000
55721  28.537  -29.584  82.334 0.0000000000
55741  27.600  -29.171  81.289 0.0000000000
55763  26.296  -28.889  80.071 0.0000000000
66539  30.184  -18.559  75.641 0.0000000000
66567  30.526  -18.604  74.409 0.0000000000
66556  29.401  -18.988  74.683 0.0000000000
66570  28.505  -19.614  73.474 0.0000000000
81311  50.696  -4.527  61.137 0.0000000000
81323  50.101  -5.203  60.750 0.0000000000
74047  37.458  -12.434  69.047 0.0000000000
72980  35.368  -12.962  68.474 0.0000000000
72971  35.755  -13.310  69.234 0.0000000000
69699  34.722  -15.873  70.317 0.0000000000
69718  33.174  -15.885  69.354 0.0000000000
71870  41.449  -13.609  71.800 0.0000000000
72955  41.487  -13.085  70.901 0.0000000000
74029  41.496  -12.461  70.563 0.0000000000
72967  39.871  -12.915  69.783 0.0000000000
72968  38.957  -12.970  69.610 0.0000000000
56699  28.643  -26.925  91.908 0.0000000000
56708  29.521  -27.012  91.094 0.0000000000
55607  28.038  -27.859  90.268 0.0000000000
55636  27.091  -27.968  89.077 0.0000000000
55659  26.835  -27.881  87.320 0.0000000000
57883  24.979  -26.334  87.151 0.0000000000
56795  25.650  -26.939  86.579 0.0000000000
56805  25.998  -27.366  85.376 0.0000000000
56819  25.727  -27.307  84.223 0.0000000000
57925  25.052  -26.683  82.853 0.0000000000
59026  23.980  -26.641  80.390 0.0000000000
79349  45.510  -6.430  65.780 0.0000000000
79369  44.041  -6.788  64.591 0.0000000000
79359  45.053  -6.577  65.189 0.0000000000
80337  46.238  -6.077  64.739 0.0000000000
80345  46.153  -5.899  63.674 0.0000000000
81307  46.582  -5.419  62.807 0.0000000000
81314  47.017  -5.588  62.108 0.0000000000
80354  47.927  -6.004  61.113 0.0000000000
60021  19.388  -24.735  87.058 0.0000000000
60022  18.106  -25.234  87.385 0.0000000000
60008  18.951  -24.752  88.079 0.0000000000
59995  18.021  -25.551  89.657 0.0000000000
59980  18.015  -25.709  90.389 0.0000000000
61012  20.801  -24.472  92.330 0.0000000000
58915  18.003  -26.330  92.071 0.0000000000
58891  18.260  -26.298  93.280 0.0000000000
59928  30.541  -24.996  93.364 0.0000000000
57803  28.357  -26.660  92.414 0.0000000000
56713  27.057  -26.746  91.341 0.0000000000
56730  26.144  -26.667  90.239 0.0000000000
57829  25.381  -25.749  90.873 0.0000000000
57857  24.740  -25.465  88.577 0.0000000000
60005  22.960  -24.769  88.081 0.0000000000
60006  21.871  -24.637  87.906 0.0000000000
79319  44.601  -6.596  68.538 0.0000000000
78327  43.165  -7.369  67.279 0.0000000000
78355  41.975  -7.804  66.445 0.0000000000
78356  41.001  -8.193  66.748 0.0000000000
78366  40.295  -8.396  65.687 0.0000000000
78375  40.621  -8.189  64.908 0.0000000000
57885  17.103  -27.540  87.228 0.0000000000
56785  16.936  -28.664  87.205 0.0000000000
54515  16.761  -30.036  87.214 0.0000000000
54490  16.538  -29.997  88.425 0.0000000000
53366  16.478  -30.602  87.852 0.0000000000
52346  16.528  -31.592  86.771 0.0000000000
50280  15.907  -32.742  85.883 0.0000000000
50282  15.170  -33.506  85.346 0.0000000000
51229  16.034  -31.688  91.601 0.0000000000
50164  15.242  -32.293  90.274 0.0000000000
50211  14.120  -32.780  89.349 0.0000000000
50210  14.592  -32.700  88.943 0.0000000000
50254  13.800  -33.056  87.662 0.0000000000
45814  5.703  -38.366  92.468 0.0000000000
69648  35.252  -16.254  74.512 0.0000000000
66528  30.923  -18.284  76.699 0.0000000000
65480  30.437  -18.737  76.868 0.0000000000
65472  29.049  -20.335  77.326 0.0000000000
64434  28.701  -20.871  77.788 0.0000000000
64407  30.165  -20.813  79.769 0.0000000000
64409  28.194  -21.208  79.274 0.0000000000
64420  27.284  -21.620  77.986 0.0000000000
62282  26.944  -23.109  78.649 0.0000000000
61194  28.053  -24.223  78.633 0.0000000000
61193  29.519  -25.223  78.404 0.0000000000
61167  28.925  -23.992  80.870 0.0000000000
61178  30.054  -25.293  79.489 0.0000000000
60121  30.499  -25.976  78.415 0.0000000000
59062  30.880  -26.591  78.233 0.0000000000
57994  30.954  -27.452  78.060 0.0000000000
62180  30.544  -23.803  87.250 0.0000000000
56723  30.411  -26.966  90.375 0.0000000000
57854  30.916  -26.577  89.636 0.0000000000
56754  30.764  -26.551  88.605 0.0000000000
54512  28.450  -28.746  86.732 0.0000000000
55656  29.979  -28.223  87.508 0.0000000000
57881  30.718  -26.057  87.961 0.0000000000
58972  30.573  -25.865  86.958 0.0000000000
61086  30.667  -25.021  86.550 0.0000000000
61098  30.776  -24.505  85.912 0.0000000000
60070  30.518  -25.610  84.053 0.0000000000
59015  30.674  -26.519  82.571 0.0000000000
57942  30.530  -27.394  81.255 0.0000000000
55739  29.257  -29.355  81.631 0.0000000000
56893  30.214  -28.545  80.435 0.0000000000
56915  30.616  -27.920  80.191 0.0000000000
56917  29.780  -28.543  78.853 0.0000000000
67609  33.681  -16.894  73.750 0.0000000000
68667  33.083  -16.936  72.464 0.0000000000
67637  31.953  -17.216  71.914 0.0000000000
67613  30.660  -18.374  73.672 0.0000000000
67638  31.064  -17.654  71.491 0.0000000000
67653  30.726  -17.838  70.269 0.0000000000
80366  48.375  -6.271  60.590 0.0000000000
69646  36.527  -15.156  73.540 0.0000000000
69663  35.910  -15.651  73.005 0.0000000000
69647  35.802  -15.707  73.978 0.0000000000
70763  37.277  -14.902  73.083 0.0000000000
58987  17.976  -26.170  85.510 0.0000000000
75131  36.706  -11.703  67.968 0.0000000000
74072  35.936  -11.908  67.419 0.0000000000
74063  36.079  -12.180  68.070 0.0000000000
74061  37.914  -11.770  68.671 0.0000000000
74060  38.731  -11.571  68.953 0.0000000000
49106  9.251  -35.121  92.938 0.0000000000
49105  9.814  -34.607  92.486 0.0000000000
48015  8.972  -35.927  91.368 0.0000000000
48000  8.862  -35.803  92.368 0.0000000000
48016  8.326  -36.268  91.788 0.0000000000
63342  29.900  -22.912  86.833 0.0000000000
63343  29.547  -22.431  86.340 0.0000000000
62182  29.915  -23.153  86.336 0.0000000000
62200  30.278  -23.634  85.067 0.0000000000
62199  30.738  -24.030  85.451 0.0000000000
59944  31.547  -24.928  92.303 0.0000000000
58885  31.248  -25.666  92.138 0.0000000000
56872  25.812  -27.945  81.617 0.0000000000
64449  27.870  -20.980  76.706 0.0000000000
65494  27.696  -20.832  75.911 0.0000000000
70813  36.696  -14.531  70.084 0.0000000000
69701  32.832  -16.240  70.094 0.0000000000
68716  31.198  -17.420  69.799 0.0000000000
70795  38.227  -14.783  70.839 0.0000000000
70794  39.159  -14.542  70.933 0.0000000000
71881  37.898  -14.330  70.344 0.0000000000
52365  17.017  -32.281  84.401 0.0000000000
52356  16.697  -32.162  85.606 0.0000000000
51379  16.700  -33.009  84.681 0.0000000000
57855  25.877  -26.862  89.376 0.0000000000
56758  26.166  -27.293  89.092 0.0000000000
56759  25.790  -26.915  89.081 0.0000000000
59008  22.795  -25.234  83.936 0.0000000000
60093  21.910  -25.059  82.584 0.0000000000
78354  42.742  -7.450  66.228 0.0000000000
78353  43.385  -7.155  66.027 0.0000000000
78363  42.929  -7.277  65.536 0.0000000000
79411  44.330  -7.286  61.755 0.0000000000
61035  21.672  -24.142  90.621 0.0000000000
61050  22.774  -24.164  89.952 0.0000000000
77268  41.363  -9.040  69.209 0.0000000000
79330  42.089  -8.215  68.764 0.0000000000
79329  42.541  -7.811  68.444 0.0000000000
58940  17.428  -26.305  90.160 0.0000000000
57858  16.957  -27.350  89.636 0.0000000000
51283  15.914  -31.493  88.704 0.0000000000
50208  15.391  -32.209  88.303 0.0000000000
50124  13.581  -32.554  93.397 0.0000000000
51321  11.560  -33.686  87.791 0.0000000000
64375  28.411  -21.569  82.501 0.0000000000
65415  28.937  -21.109  82.659 0.0000000000
64376  27.997  -21.639  81.712 0.0000000000
63377  27.883  -22.313  81.921 0.0000000000
60104  30.511  -26.213  80.870 0.0000000000
61164  30.474  -25.850  80.634 0.0000000000
59051  30.638  -26.715  79.811 0.0000000000
57974  30.617  -27.176  80.002 0.0000000000
55657  27.512  -28.344  87.389 0.0000000000
54502  27.839  -28.505  87.432 0.0000000000
55668  27.521  -28.455  86.470 0.0000000000
54554  29.243  -29.198  84.266 0.0000000000
54570  29.409  -29.449  83.744 0.0000000000
55704  30.334  -27.997  84.666 0.0000000000
55706  29.740  -29.101  83.757 0.0000000000
55718  30.058  -28.696  83.182 0.0000000000
55719  29.683  -29.211  83.053 0.0000000000
67598  32.324  -17.507  74.422 0.0000000000
69679  36.468  -15.753  71.475 0.0000000000
68677  36.421  -15.805  71.712 0.0000000000
68680  33.906  -16.570  71.780 0.0000000000
70742  40.559  -13.631  72.555 0.0000000000
69661  37.696  -15.200  72.345 0.0000000000
69677  38.079  -15.214  71.626 0.0000000000
56808  17.092  -28.919  84.451 0.0000000000
55682  16.927  -29.089  85.937 0.0000000000
58961  22.710  -24.784  87.157 0.0000000000
60046  20.194  -24.695  85.251 0.0000000000
58986  21.566  -24.640  85.777 0.0000000000
60060  20.805  -24.687  84.647 0.0000000000
60059  21.858  -24.697  85.009 0.0000000000
60073  20.479  -24.959  83.724 0.0000000000
57918  17.961  -27.311  83.822 0.0000000000
59010  18.384  -26.599  83.320 0.0000000000
74044  40.338  -12.190  69.734 0.0000000000
75110  40.834  -11.520  69.807 0.0000000000
75127  39.854  -10.604  69.136 0.0000000000
76183  40.267  -10.048  69.161 0.0000000000
76197  40.001  -9.568  68.607 0.0000000000
75143  37.530  -10.755  67.575 0.0000000000
76200  37.845  -10.151  67.165 0.0000000000
56731  16.843  -28.111  91.485 0.0000000000
54452  16.523  -29.809  91.841 0.0000000000
53329  16.405  -30.597  91.529 0.0000000000
53336  16.253  -30.717  90.704 0.0000000000
52290  16.217  -31.190  91.137 0.0000000000
50126  11.996  -32.865  93.463 0.0000000000
50147  11.669  -32.943  92.762 0.0000000000
50192  10.388  -34.285  90.994 0.0000000000
50169  10.918  -33.676  91.492 0.0000000000
50214  10.466  -34.485  90.032 0.0000000000
49139  10.108  -35.208  89.600 0.0000000000
48041  8.676  -36.588  89.819 0.0000000000
48054  8.944  -36.581  89.229 0.0000000000
45818  6.487  -37.796  91.831 0.0000000000
64346  29.104  -21.979  84.770 0.0000000000
65383  29.408  -21.130  85.123 0.0000000000
64357  28.860  -21.743  84.148 0.0000000000
63356  29.064  -22.362  84.348 0.0000000000
62212  28.975  -22.863  83.730 0.0000000000
62211  29.547  -23.244  83.896 0.0000000000
61125  30.538  -24.405  83.837 0.0000000000
61126  30.385  -23.934  83.560 0.0000000000
61138  30.503  -25.504  82.240 0.0000000000
60081  30.658  -25.864  82.947 0.0000000000
56818  26.348  -27.917  84.356 0.0000000000
55695  26.868  -28.377  84.471 0.0000000000
55708  26.667  -28.334  83.361 0.0000000000
54574  27.682  -29.321  82.799 0.0000000000
55722  27.884  -29.381  82.234 0.0000000000
55742  26.781  -28.825  81.188 0.0000000000
66530  29.832  -18.886  76.252 0.0000000000
66540  29.521  -18.986  75.605 0.0000000000
65507  27.576  -20.791  74.879 0.0000000000
65506  28.062  -20.118  74.215 0.0000000000
80364  50.512  -5.794  60.113 0.0000000000
80374  50.042  -6.489  59.804 0.0000000000
72970  36.765  -13.074  69.377 0.0000000000
71897  35.288  -13.981  69.504 0.0000000000
71898  34.500  -14.155  69.013 0.0000000000
70816  33.860  -15.078  69.030 0.0000000000
70817  33.306  -15.655  68.702 0.0000000000
70776  40.846  -13.884  71.760 0.0000000000
70775  41.129  -13.774  72.005 0.0000000000
71878  40.690  -13.769  70.724 0.0000000000
72965  41.013  -13.057  70.436 0.0000000000
72966  40.536  -12.928  70.102 0.0000000000
72969  37.909  -13.073  69.532 0.0000000000
56711  27.849  -27.199  91.367 0.0000000000
56710  28.239  -27.257  91.299 0.0000000000
55608  27.621  -27.649  90.468 0.0000000000
56757  26.649  -27.739  88.785 0.0000000000
56770  26.705  -27.843  88.335 0.0000000000
55647  26.822  -27.930  87.941 0.0000000000
56783  26.295  -27.496  87.158 0.0000000000
57896  24.179  -25.693  86.602 0.0000000000
57906  24.458  -26.259  85.437 0.0000000000
57895  24.706  -26.292  86.259 0.0000000000
56806  25.234  -26.665  85.735 0.0000000000
56794  26.375  -27.453  86.292 0.0000000000
57934  24.590  -26.287  82.579 0.0000000000
57933  24.774  -26.672  81.875 0.0000000000
59016  24.228  -26.331  81.185 0.0000000000
60085  19.474  -25.685  82.382 0.0000000000
60095  20.101  -25.546  81.773 0.0000000000
59031  19.080  -26.505  81.221 0.0000000000
79327  44.576  -6.688  67.933 0.0000000000
80330  45.198  -6.582  66.712 0.0000000000
80329  45.819  -6.336  66.504 0.0000000000
79386  42.609  -7.369  64.173 0.0000000000
79370  43.175  -7.147  64.900 0.0000000000
79383  44.792  -6.489  63.264 0.0000000000
79368  44.836  -6.526  64.192 0.0000000000
80334  45.741  -6.322  65.107 0.0000000000
80338  45.605  -6.320  64.485 0.0000000000
80357  45.616  -6.354  62.156 0.0000000000
80350  46.056  -5.845  62.593 0.0000000000
81315  46.500  -5.728  62.300 0.0000000000
60007  20.222  -24.585  87.807 0.0000000000
61069  19.619  -24.569  88.576 0.0000000000
59978  19.850  -24.756  90.481 0.0000000000
59994  18.849  -24.962  89.132 0.0000000000
59979  19.013  -25.227  90.458 0.0000000000
59948  20.080  -24.964  92.911 0.0000000000
58914  18.729  -25.763  92.364 0.0000000000
58903  18.337  -26.234  92.780 0.0000000000
57787  29.527  -26.219  93.005 0.0000000000
56714  26.671  -26.584  91.104 0.0000000000
58926  24.976  -25.383  90.788 0.0000000000
57842  25.348  -25.979  90.254 0.0000000000
58938  24.758  -25.422  89.913 0.0000000000
58939  24.454  -25.118  89.007 0.0000000000
61067  21.332  -24.393  88.743 0.0000000000
78345  42.606  -7.577  66.923 0.0000000000
77284  40.136  -8.960  67.997 0.0000000000
77292  40.674  -8.504  67.548 0.0000000000
77293  40.183  -8.590  67.027 0.0000000000
77300  39.416  -8.853  65.590 0.0000000000
78357  40.401  -8.399  66.441 0.0000000000
78365  41.279  -7.946  65.745 0.0000000000
58976  17.590  -26.219  86.677 0.0000000000
56773  16.821  -28.491  87.958 0.0000000000
55671  16.908  -29.390  86.731 0.0000000000
55624  16.506  -29.447  90.165 0.0000000000
55637  16.585  -29.433  89.224 0.0000000000
51317  16.149  -31.519  87.683 0.0000000000
52334  16.353  -31.323  87.495 0.0000000000
53367  16.572  -30.938  87.328 0.0000000000
51339  16.235  -32.364  86.322 0.0000000000
50268  15.876  -32.452  86.582 0.0000000000
50252  15.019  -32.851  87.101 0.0000000000
50270  15.288  -32.915  86.257 0.0000000000
51231  15.009  -32.317  92.459 0.0000000000
50142  15.202  -32.371  91.437 0.0000000000
51250  15.667  -32.064  91.017 0.0000000000
50165  14.779  -32.542  90.670 0.0000000000
51251  12.498  -32.795  91.365 0.0000000000
50168  13.091  -32.717  91.428 0.0000000000
51285  12.963  -32.687  89.191 0.0000000000
50212  13.568  -32.734  89.788 0.0000000000
50232  14.293  -32.923  88.345 0.0000000000
45813  6.261  -37.602  93.067 0.0000000000
45809  5.627  -38.142  93.531 0.0000000000
44800  5.102  -38.869  92.920 0.0000000000
67580  33.535  -17.380  75.784 0.0000000000
66527  31.581  -18.038  77.217 0.0000000000
65470  30.518  -18.959  77.426 0.0000000000
65457  30.140  -20.086  78.700 0.0000000000
65471  29.879  -19.690  77.669 0.0000000000
64385  29.741  -21.123  81.394 0.0000000000
64419  28.038  -21.194  78.310 0.0000000000
64410  27.419  -21.613  78.918 0.0000000000
63407  26.880  -22.118  78.540 0.0000000000
63397  27.125  -22.224  79.400 0.0000000000
62268  27.740  -23.313  80.303 0.0000000000
62281  27.576  -23.487  79.490 0.0000000000
61179  29.184  -24.567  79.645 0.0000000000
61155  29.065  -23.921  81.691 0.0000000000
61166  29.812  -24.915  80.607 0.0000000000
61192  30.277  -25.667  78.803 0.0000000000
61191  30.446  -25.888  78.854 0.0000000000
60120  30.606  -26.158  78.802 0.0000000000
57976  30.865  -27.550  78.783 0.0000000000
56956  30.353  -28.429  77.141 0.0000000000
56725  28.979  -27.455  90.627 0.0000000000
57826  30.148  -26.894  90.896 0.0000000000
55605  29.073  -27.846  89.966 0.0000000000
54473  29.045  -28.575  88.457 0.0000000000
55617  29.738  -27.852  89.335 0.0000000000
55631  30.130  -27.777  88.863 0.0000000000
56755  30.621  -27.087  88.996 0.0000000000
55642  30.371  -27.568  88.493 0.0000000000
54529  27.768  -28.713  85.544 0.0000000000
54528  28.063  -28.851  85.677 0.0000000000
55678  29.701  -28.105  85.962 0.0000000000
54524  29.327  -28.511  86.528 0.0000000000
55666  30.306  -27.634  87.076 0.0000000000
56782  30.611  -26.870  87.432 0.0000000000
58959  30.641  -25.762  87.716 0.0000000000
57894  30.609  -26.528  86.533 0.0000000000
58983  30.658  -25.990  86.024 0.0000000000
60043  30.651  -25.484  85.736 0.0000000000
60057  30.587  -25.392  84.935 0.0000000000
57924  30.671  -27.030  83.248 0.0000000000
56869  30.512  -27.742  82.109 0.0000000000
57932  30.638  -27.170  82.253 0.0000000000
55740  28.457  -29.410  81.361 0.0000000000
55760  29.356  -29.197  80.523 0.0000000000
56894  29.835  -28.715  79.722 0.0000000000
56916  30.476  -28.078  79.415 0.0000000000
68654  34.541  -16.620  74.147 0.0000000000
67611  32.091  -17.561  73.454 0.0000000000
67622  33.261  -16.999  72.965 0.0000000000
67623  32.587  -17.183  72.577 0.0000000000
67636  32.422  -17.035  71.928 0.0000000000
66568  29.992  -18.785  74.117 0.0000000000
67614  29.771  -18.621  73.336 0.0000000000
66591  29.647  -18.889  71.331 0.0000000000
67639  29.997  -18.405  71.621 0.0000000000
82353  52.295  -4.571  60.543 0.0000000000
82358  52.672  -4.758  60.063 0.0000000000
82357  53.458  -4.378  59.670 0.0000000000
79421  47.802  -7.184  60.194 0.0000000000
68663  36.273  -15.847  72.168 0.0000000000
57908  17.704  -27.250  84.869 0.0000000000
60020  20.971  -24.608  86.855 0.0000000000
58962  21.993  -24.688  86.753 0.0000000000
60062  18.972  -25.462  84.135 0.0000000000
75144  36.493  -11.371  67.229 0.0000000000
75128  39.393  -11.017  68.985 0.0000000000
76185  39.121  -10.266  68.462 0.0000000000
56704  17.351  -27.797  93.579 0.0000000000
55595  16.714  -28.902  92.212 0.0000000000
55587  16.967  -28.762  93.267 0.0000000000
49118  9.871  -34.783  91.465 0.0000000000
49130  9.493  -35.468  90.939 0.0000000000
49140  9.666  -35.662  90.052 0.0000000000
46833  7.658  -36.622  92.232 0.0000000000
64336  29.537  -21.521  86.468 0.0000000000
64345  29.301  -21.680  85.510 0.0000000000
63349  29.368  -22.418  85.059 0.0000000000
62201  29.681  -23.074  84.651 0.0000000000
62209  30.661  -24.041  84.668 0.0000000000
61111  30.548  -24.997  84.450 0.0000000000
56852  25.456  -27.320  82.246 0.0000000000
56851  26.149  -27.792  82.660 0.0000000000
55743  26.002  -28.543  80.949 0.0000000000
65492  29.047  -19.456  75.720 0.0000000000
81301  47.482  -5.046  63.649 0.0000000000
81300  48.021  -4.560  63.949 0.0000000000
82345  50.335  -4.102  61.776 0.0000000000
70814  35.764  -14.620  69.895 0.0000000000
68700  34.362  -16.341  70.970 0.0000000000
69719  32.312  -16.547  69.195 0.0000000000
70778  39.216  -14.596  71.527 0.0000000000
70792  40.610  -14.069  71.275 0.0000000000
71879  39.758  -14.037  70.592 0.0000000000
71893  39.374  -13.568  70.119 0.0000000000
53415  17.079  -31.437  83.950 0.0000000000
50291  16.126  -33.256  84.980 0.0000000000
56728  27.085  -27.432  90.365 0.0000000000
56743  27.073  -27.662  89.868 0.0000000000
56784  25.631  -27.056  87.705 0.0000000000
58998  22.501  -24.839  85.176 0.0000000000
57907  23.918  -25.802  85.794 0.0000000000
58997  23.192  -25.320  84.935 0.0000000000
58996  23.649  -25.651  84.437 0.0000000000
57916  24.184  -26.002  84.511 0.0000000000
59028  22.285  -25.507  81.381 0.0000000000
61205  28.582  -25.018  77.216 0.0000000000
79351  44.000  -6.946  66.431 0.0000000000
79360  43.919  -6.909  65.562 0.0000000000
79399  43.267  -7.210  62.775 0.0000000000
79397  44.924  -6.643  62.312 0.0000000000
79410  45.333  -7.125  61.331 0.0000000000
61052  20.607  -24.348  89.393 0.0000000000
77294  39.479  -8.860  66.570 0.0000000000
53352  16.363  -30.591  89.129 0.0000000000
54478  16.497  -30.130  88.960 0.0000000000
52322  16.214  -31.087  88.572 0.0000000000
51299  15.998  -31.518  88.014 0.0000000000
50250  15.711  -32.419  86.969 0.0000000000
50229  15.588  -32.286  87.549 0.0000000000
51213  15.107  -32.151  93.254 0.0000000000
50143  14.614  -32.517  91.864 0.0000000000
51287  11.501  -33.380  90.065 0.0000000000
51268  12.883  -32.757  90.408 0.0000000000
51301  13.056  -32.902  88.079 0.0000000000
51320  12.300  -33.211  87.433 0.0000000000
66520  31.122  -18.562  77.738 0.0000000000
65405  29.474  -20.936  83.426 0.0000000000
65414  29.569  -21.055  82.672 0.0000000000
65422  29.490  -21.127  82.037 0.0000000000
64397  29.417  -21.067  80.548 0.0000000000
64387  27.824  -21.594  80.912 0.0000000000
63387  27.388  -22.143  80.388 0.0000000000
62256  27.544  -22.697  80.765 0.0000000000
61168  28.247  -23.605  80.548 0.0000000000
61153  30.279  -25.212  81.480 0.0000000000
60105  30.429  -25.829  80.299 0.0000000000
60112  30.539  -26.138  79.626 0.0000000000
59052  30.787  -26.642  79.109 0.0000000000
54477  27.938  -28.376  88.877 0.0000000000
54465  28.480  -28.383  89.170 0.0000000000
54489  27.941  -28.416  88.311 0.0000000000
54488  28.409  -28.520  88.177 0.0000000000
54500  28.608  -28.637  87.503 0.0000000000
54542  28.457  -29.001  84.797 0.0000000000
54540  29.080  -28.740  85.187 0.0000000000
55691  30.252  -27.810  85.448 0.0000000000
56803  30.559  -27.212  85.875 0.0000000000
56817  30.557  -27.380  84.935 0.0000000000
57914  30.622  -26.834  84.337 0.0000000000
56832  30.452  -27.660  83.895 0.0000000000
56833  30.312  -28.175  83.292 0.0000000000
55762  27.243  -29.059  80.107 0.0000000000
55781  28.050  -28.979  78.853 0.0000000000
56918  29.055  -28.834  78.586 0.0000000000
55797  28.183  -29.030  77.683 0.0000000000
67597  33.174  -17.208  74.692 0.0000000000
66579  28.972  -19.201  72.813 0.0000000000
67627  29.460  -18.779  72.586 0.0000000000
66592  29.194  -19.322  71.628 0.0000000000
81322  51.423  -4.983  60.532 0.0000000000
69697  36.528  -15.624  70.986 0.0000000000
68698  35.872  -15.903  70.995 0.0000000000
70760  40.274  -13.840  72.130 0.0000000000
69676  38.637  -14.925  71.634 0.0000000000
69695  38.139  -15.083  71.207 0.0000000000
55696  17.142  -29.719  84.055 0.0000000000
54547  17.100  -30.545  84.555 0.0000000000
54530  17.017  -30.475  85.593 0.0000000000
57870  24.703  -25.583  88.126 0.0000000000
57869  25.156  -26.353  88.073 0.0000000000
58973  23.585  -25.081  86.841 0.0000000000
58975  21.735  -24.667  86.245 0.0000000000
58985  22.339  -24.769  85.674 0.0000000000
60083  21.209  -24.986  83.119 0.0000000000
59009  18.871  -26.065  82.854 0.0000000000
78374  41.593  -7.742  64.833 0.0000000000
79372  42.209  -7.565  64.788 0.0000000000
79387  42.095  -7.567  64.375 0.0000000000
61022  22.730  -24.020  92.012 0.0000000000
61010  22.793  -23.924  92.928 0.0000000000
76168  41.275  -10.659  70.063 0.0000000000
75111  40.062  -11.186  69.432 0.0000000000
77257  41.155  -9.684  69.538 0.0000000000
77269  40.940  -9.193  68.881 0.0000000000
78330  41.140  -8.596  68.311 0.0000000000
76199  38.677  -9.819  67.678 0.0000000000
77286  38.934  -9.237  66.912 0.0000000000
57844  17.273  -27.012  91.388 0.0000000000
53344  16.237  -30.592  89.940 0.0000000000
51266  15.833  -31.500  89.576 0.0000000000
51267  15.573  -31.922  89.906 0.0000000000
50125  12.783  -32.662  93.413 0.0000000000
50146  12.443  -32.658  92.366 0.0000000000
51252  11.923  -32.906  91.460 0.0000000000
51253  11.428  -33.184  91.836 0.0000000000
51270  11.487  -33.344  91.012 0.0000000000
50213  10.934  -33.944  89.530 0.0000000000
50256  10.633  -34.881  88.299 0.0000000000
49146  10.056  -35.443  88.629 0.0000000000
48040  9.247  -36.173  89.571 0.0000000000
65395  30.183  -20.631  84.259 0.0000000000
64366  28.572  -21.724  83.362 0.0000000000
63368  28.222  -22.196  82.657 0.0000000000
62239  28.255  -22.925  82.022 0.0000000000
62225  28.651  -22.872  82.938 0.0000000000
62237  29.668  -23.860  82.778 0.0000000000
62223  29.948  -23.704  83.416 0.0000000000
61140  30.205  -24.168  83.026 0.0000000000
59025  30.591  -26.692  81.548 0.0000000000
55680  27.032  -28.227  85.474 0.0000000000
55694  27.284  -28.572  84.726 0.0000000000
54544  27.652  -28.881  84.455 0.0000000000
54557  28.058  -29.399  83.752 0.0000000000
54572  28.573  -29.704  83.195 0.0000000000
55720  29.201  -29.509  82.619 0.0000000000
66538  30.726  -18.299  75.706 0.0000000000
67583  31.131  -18.211  74.978 0.0000000000
66554  30.646  -18.485  74.960 0.0000000000
66555  30.073  -18.633  74.893 0.0000000000
66569  29.217  -19.066  73.715 0.0000000000
66541  28.975  -19.303  75.219 0.0000000000
66557  28.697  -19.444  74.472 0.0000000000
66580  28.493  -19.883  72.458 0.0000000000
81310  51.235  -4.501  60.957 0.0000000000
74048  36.683  -12.481  68.777 0.0000000000
72979  36.086  -12.732  68.869 0.0000000000
72972  35.022  -13.529  68.987 0.0000000000
70798  35.293  -15.270  70.084 0.0000000000
70799  34.508  -15.313  69.788 0.0000000000
69717  33.955  -15.633  69.785 0.0000000000
71871  41.176  -13.725  71.314 0.0000000000
72942  41.671  -13.347  71.489 0.0000000000
74043  40.991  -12.370  70.087 0.0000000000
57801  30.205  -26.273  92.402 0.0000000000
56698  29.404  -26.769  91.812 0.0000000000
56726  28.495  -27.441  90.821 0.0000000000
55621  27.883  -28.163  89.605 0.0000000000
55622  27.330  -27.853  89.830 0.0000000000
55635  27.636  -28.236  89.024 0.0000000000
55658  27.200  -28.155  87.334 0.0000000000
55670  26.843  -27.826  86.438 0.0000000000
55681  26.662  -27.767  85.727 0.0000000000
56835  25.659  -27.239  83.237 0.0000000000
57915  25.075  -26.645  83.849 0.0000000000
57944  24.591  -26.981  80.804 0.0000000000
59029  20.790  -25.755  81.038 0.0000000000
64437  26.881  -21.998  77.240 0.0000000000
80333  46.064  -6.181  65.557 0.0000000000
79358  45.612  -6.374  65.427 0.0000000000
80336  46.786  -5.815  65.156 0.0000000000
80344  46.866  -5.649  64.249 0.0000000000
81302  46.878  -5.386  63.452 0.0000000000
80355  47.325  -6.095  61.426 0.0000000000
60009  17.973  -25.390  88.552 0.0000000000
58928  17.799  -26.113  91.123 0.0000000000
61023  21.693  -24.175  91.676 0.0000000000
61024  20.744  -24.439  91.356 0.0000000000
59959  19.988  -24.846  92.035 0.0000000000
59969  19.265  -25.284  91.707 0.0000000000
58927  18.569  -25.726  91.564 0.0000000000
58929  17.400  -26.753  91.328 0.0000000000
57831  17.375  -26.882  91.560 0.0000000000
57821  17.704  -26.902  92.884 0.0000000000
57810  17.708  -26.676  93.894 0.0000000000
60994  31.521  -24.234  93.202 0.0000000000
59945  31.159  -24.978  92.838 0.0000000000
58871  30.350  -25.804  92.930 0.0000000000
57802  29.128  -26.600  92.478 0.0000000000
56700  28.095  -26.938  91.901 0.0000000000
57804  28.070  -26.754  92.272 0.0000000000
56712  27.516  -27.205  91.137 0.0000000000
56729  26.574  -26.860  90.523 0.0000000000
57841  25.807  -26.536  89.926 0.0000000000
57828  25.901  -26.114  90.945 0.0000000000
58948  23.886  -24.999  88.193 0.0000000000
58949  23.070  -24.817  87.714 0.0000000000
59992  22.993  -24.523  88.777 0.0000000000
74064  35.424  -12.614  67.881 0.0000000000
79328  43.470  -7.306  68.020 0.0000000000
78364  42.185  -7.631  65.683 0.0000000000
56796  17.057  -28.397  86.419 0.0000000000
54516  16.872  -30.284  86.484 0.0000000000
55648  16.655  -29.308  88.320 0.0000000000
54503  16.609  -29.951  87.816 0.0000000000
53379  16.617  -30.437  87.460 0.0000000000
53380  16.734  -30.759  86.947 0.0000000000
50281  15.641  -33.104  85.551 0.0000000000
50269  15.620  -32.664  86.367 0.0000000000
52282  16.316  -31.206  92.211 0.0000000000
50186  15.275  -32.219  89.215 0.0000000000
50189  13.948  -32.726  90.350 0.0000000000
50188  14.429  -32.662  89.961 0.0000000000
50187  14.893  -32.514  89.569 0.0000000000
50209  15.035  -32.530  88.592 0.0000000000
50231  14.773  -32.794  87.991 0.0000000000
50253  14.455  -33.015  87.306 0.0000000000
50272  13.837  -33.318  86.410 0.0000000000
46821  6.943  -37.045  92.634 0.0000000000
44814  5.201  -39.202  91.982 0.0000000000
67569  31.258  -17.989  75.729 0.0000000000
66529  30.334  -18.596  76.367 0.0000000000
65481  30.070  -19.122  76.856 0.0000000000
65473  28.518  -20.733  77.242 0.0000000000
64435  27.914  -21.102  77.291 0.0000000000
65442  30.230  -20.412  79.242 0.0000000000
64417  29.732  -20.659  78.981 0.0000000000
64408  29.151  -21.000  79.562 0.0000000000
64418  28.921  -20.962  78.640 0.0000000000
63408  26.840  -22.018  77.971 0.0000000000
62283  26.759  -22.478  78.092 0.0000000000
61195  27.343  -23.748  78.074 0.0000000000
60122  30.224  -25.760  78.182 0.0000000000
60130  30.752  -26.223  78.056 0.0000000000
58009  31.080  -27.123  77.562 0.0000000000
58010  30.926  -27.751  77.229 0.0000000000
57816  30.997  -26.130  91.795 0.0000000000
57825  30.787  -26.429  90.981 0.0000000000
57824  31.282  -25.962  90.682 0.0000000000
55604  29.512  -27.753  89.784 0.0000000000
56742  30.069  -27.448  89.864 0.0000000000
57839  31.275  -26.071  89.972 0.0000000000
58947  31.014  -25.571  88.963 0.0000000000
54514  27.810  -28.623  86.535 0.0000000000
54513  27.785  -28.958  86.645 0.0000000000
54499  28.886  -28.654  87.570 0.0000000000
54526  28.706  -28.834  86.006 0.0000000000
54510  29.236  -28.804  86.985 0.0000000000
54497  29.499  -28.484  87.853 0.0000000000
56769  30.643  -27.043  88.235 0.0000000000
57868  30.855  -26.073  88.515 0.0000000000
58958  30.770  -25.684  88.327 0.0000000000
60003  30.855  -25.096  88.673 0.0000000000
60031  30.607  -25.544  86.558 0.0000000000
61076  30.601  -24.651  87.865 0.0000000000
61087  30.695  -24.387  86.942 0.0000000000
62189  30.685  -23.957  86.344 0.0000000000
59006  30.623  -26.296  83.667 0.0000000000
55738  29.896  -28.971  81.951 0.0000000000
55759  29.936  -29.090  81.110 0.0000000000
56871  30.337  -28.686  81.180 0.0000000000
56892  30.466  -28.126  80.846 0.0000000000
57958  30.569  -27.604  80.536 0.0000000000
56937  29.550  -28.549  77.858 0.0000000000
67621  33.703  -16.852  72.986 0.0000000000
68666  33.532  -16.787  72.473 0.0000000000
68682  32.068  -16.948  71.428 0.0000000000
67600  30.922  -18.446  74.446 0.0000000000
67612  31.393  -17.912  73.314 0.0000000000
67626  30.051  -18.361  72.656 0.0000000000
67625  30.823  -17.965  72.570 0.0000000000
68683  31.632  -17.210  71.440 0.0000000000
68703  31.408  -17.210  70.834 0.0000000000
81325  48.328  -5.754  61.076 0.0000000000
79420  48.715  -6.963  59.957 0.0000000000
50190  13.484  -32.740  90.667 0.0000000000
51232  12.210  -32.716  91.825 0.0000000000
51233  11.825  -32.785  92.114 0.0000000000
52299  16.039  -31.098  90.201 0.0000000000
52333  16.275  -31.121  87.994 0.0000000000
54464  28.805  -28.495  88.949 0.0000000000
54474  28.905  -28.583  88.668 0.0000000000
54475  28.676  -28.528  88.671 0.0000000000
54476  28.149  -28.392  88.916 0.0000000000
54484  29.714  -28.404  88.132 0.0000000000
54486  29.021  -28.606  88.119 0.0000000000
54487  28.789  -28.586  88.147 0.0000000000
54498  29.110  -28.600  87.686 0.0000000000
54509  29.424  -28.517  87.245 0.0000000000
54511  28.780  -28.733  86.879 0.0000000000
54525  29.247  -28.757  86.170 0.0000000000
54527  28.385  -28.865  85.823 0.0000000000
54539  29.298  -28.531  85.790 0.0000000000
54555  28.986  -29.406  84.131 0.0000000000
55592  28.178  -27.586  90.698 0.0000000000
55593  27.970  -27.522  90.921 0.0000000000
55594  27.715  -27.392  90.976 0.0000000000
55606  28.508  -27.823  90.197 0.0000000000
55609  27.379  -27.623  90.327 0.0000000000
55618  29.216  -28.148  89.376 0.0000000000
55619  28.756  -28.235  89.463 0.0000000000
55620  28.301  -28.165  89.674 0.0000000000
55623  27.050  -27.762  89.620 0.0000000000
55630  30.393  -27.473  88.784 0.0000000000
55632  29.387  -28.384  88.739 0.0000000000
55634  27.900  -28.317  89.110 0.0000000000
55643  29.876  -28.271  88.256 0.0000000000
55644  29.475  -28.437  88.414 0.0000000000
55646  27.015  -28.046  88.170 0.0000000000
55655  30.401  -27.661  87.830 0.0000000000
55667  29.857  -28.146  86.777 0.0000000000
55677  30.207  -27.656  86.287 0.0000000000
55693  29.566  -28.824  84.392 0.0000000000
56701  27.783  -26.849  91.851 0.0000000000
56709  28.831  -27.131  91.285 0.0000000000
56724  29.682  -27.387  90.399 0.0000000000
56741  30.591  -27.026  89.761 0.0000000000
56756  30.270  -27.464  89.378 0.0000000000
56768  30.712  -26.466  88.081 0.0000000000
56781  30.654  -26.359  87.720 0.0000000000
56850  30.331  -28.228  82.576 0.0000000000
57786  30.037  -26.099  92.949 0.0000000000
57817  30.207  -26.612  91.522 0.0000000000
57840  30.937  -26.526  90.244 0.0000000000
57882  30.612  -26.194  87.386 0.0000000000
57943  30.446  -27.830  81.054 0.0000000000
57957  30.594  -27.210  80.363 0.0000000000
58872  29.857  -25.695  93.260 0.0000000000
58886  30.918  -25.596  92.612 0.0000000000
58911  31.281  -25.869  91.267 0.0000000000
58916  17.564  -26.621  91.625 0.0000000000
59032  18.606  -26.816  81.711 0.0000000000
59957  31.690  -24.854  91.842 0.0000000000
60017  30.676  -25.500  88.083 0.0000000000
60018  30.613  -25.329  87.581 0.0000000000
60045  21.166  -24.612  85.381 0.0000000000
60071  22.340  -24.902  84.420 0.0000000000
60096  19.437  -25.943  81.657 0.0000000000
61037  19.928  -24.614  90.014 0.0000000000
61097  30.682  -24.982  85.426 0.0000000000
62190  30.322  -23.620  85.936 0.0000000000
62202  29.292  -22.829  84.233 0.0000000000
62240  27.785  -22.657  81.457 0.0000000000
62254  28.637  -23.569  81.614 0.0000000000
63350  29.209  -22.217  84.695 0.0000000000
63421  26.774  -22.267  77.599 0.0000000000
64356  29.189  -21.518  84.761 0.0000000000
64421  26.959  -21.871  77.606 0.0000000000
65397  28.829  -21.426  83.800 0.0000000000
65421  29.981  -21.181  81.844 0.0000000000
65423  29.108  -21.092  82.265 0.0000000000
65484  27.810  -20.913  76.434 0.0000000000
71891  40.633  -13.344  70.390 0.0000000000
78362  43.392  -7.076  65.648 0.0000000000
78372  42.770  -7.322  65.090 0.0000000000
79371  42.563  -7.439  64.763 0.0000000000
82344  51.452  -4.032  61.338 0.0000000000
