#!ascii label  , from subject 3540 vox2ras=TkReg
875
48074  -33.582  -42.326  60.435 0.0000000000
47129  -17.672  -43.520  62.594 0.0000000000
48045  -25.606  -42.104  61.755 0.0000000000
72292  -44.510  -18.818  48.580 0.0000000000
74251  -50.214  -16.207  44.647 0.0000000000
43171  -11.800  -46.907  66.861 0.0000000000
71288  -40.713  -19.086  51.047 0.0000000000
51233  -35.484  -39.315  58.950 0.0000000000
47165  -29.594  -43.534  60.531 0.0000000000
46187  -14.626  -44.787  64.744 0.0000000000
40251  -15.164  -50.303  66.522 0.0000000000
50181  -30.315  -39.939  59.001 0.0000000000
52266  -31.305  -38.357  57.776 0.0000000000
49061  -21.698  -41.283  61.697 0.0000000000
51166  -28.151  -39.059  61.291 0.0000000000
63479  -38.147  -27.730  51.238 0.0000000000
66391  -40.710  -24.501  51.033 0.0000000000
67413  -44.373  -23.295  48.845 0.0000000000
37184  -8.915  -53.705  67.286 0.0000000000
35029  -4.800  -55.707  69.749 0.0000000000
55200  -32.117  -36.660  56.119 0.0000000000
55263  -33.673  -35.556  52.297 0.0000000000
58425  -36.040  -31.934  50.678 0.0000000000
38247  -12.129  -52.448  66.541 0.0000000000
44225  -18.406  -46.193  64.790 0.0000000000
46190  -19.580  -44.384  64.125 0.0000000000
47167  -31.449  -43.258  60.644 0.0000000000
47993  -16.982  -41.213  64.887 0.0000000000
46189  -15.997  -43.874  63.885 0.0000000000
43212  -16.336  -47.142  63.772 0.0000000000
51168  -30.210  -38.554  61.622 0.0000000000
50180  -29.145  -40.252  59.167 0.0000000000
66387  -36.592  -24.838  51.913 0.0000000000
65422  -39.232  -25.565  51.161 0.0000000000
68298  -37.727  -22.506  51.560 0.0000000000
69293  -41.741  -21.387  48.823 0.0000000000
70322  -43.942  -20.749  47.810 0.0000000000
68359  -47.026  -22.586  48.691 0.0000000000
70325  -46.243  -20.389  47.456 0.0000000000
70337  -48.374  -19.885  46.625 0.0000000000
56181  -30.103  -35.528  60.391 0.0000000000
54151  -30.920  -36.958  57.201 0.0000000000
56191  -29.528  -34.750  58.356 0.0000000000
57303  -31.022  -33.798  53.817 0.0000000000
58400  -33.096  -32.267  52.493 0.0000000000
56295  -34.440  -33.985  51.693 0.0000000000
60501  -33.962  -30.950  51.789 0.0000000000
61475  -35.124  -29.440  51.517 0.0000000000
50110  -23.867  -40.605  62.063 0.0000000000
40247  -10.122  -50.482  66.369 0.0000000000
41253  -11.642  -49.502  65.627 0.0000000000
31962  -4.590  -58.396  70.434 0.0000000000
30986  -3.299  -59.338  71.055 0.0000000000
70263  -38.926  -20.380  52.983 0.0000000000
53244  -36.261  -37.976  58.378 0.0000000000
47162  -26.655  -43.018  60.865 0.0000000000
44207  -12.832  -45.924  65.855 0.0000000000
41270  -13.245  -48.786  64.750 0.0000000000
42219  -15.499  -48.631  64.345 0.0000000000
76072  -51.784  -14.882  43.911 0.0000000000
49092  -31.764  -41.756  58.877 0.0000000000
50192  -32.793  -40.490  58.095 0.0000000000
50182  -30.972  -39.557  58.646 0.0000000000
49008  -18.226  -40.624  64.261 0.0000000000
49042  -19.389  -41.374  62.112 0.0000000000
50091  -20.091  -39.713  63.292 0.0000000000
52179  -22.440  -38.335  61.945 0.0000000000
52196  -24.179  -38.549  60.905 0.0000000000
52181  -26.644  -37.483  62.147 0.0000000000
50176  -25.674  -40.591  59.514 0.0000000000
49088  -27.591  -41.439  58.990 0.0000000000
48087  -30.185  -42.547  59.500 0.0000000000
59503  -39.213  -30.881  51.508 0.0000000000
69268  -39.813  -21.525  50.228 0.0000000000
67378  -42.267  -23.399  50.133 0.0000000000
71359  -50.063  -19.370  45.242 0.0000000000
35045  -6.828  -54.798  67.956 0.0000000000
32973  -7.195  -57.339  69.696 0.0000000000
52251  -33.694  -39.025  57.708 0.0000000000
53256  -33.715  -37.853  57.181 0.0000000000
54168  -34.923  -36.887  56.565 0.0000000000
56225  -29.501  -34.198  55.665 0.0000000000
54213  -31.709  -36.023  54.318 0.0000000000
54199  -34.942  -37.095  54.512 0.0000000000
54218  -36.581  -36.583  53.441 0.0000000000
56277  -37.450  -34.602  52.356 0.0000000000
57325  -38.704  -33.108  52.052 0.0000000000
61477  -36.999  -29.688  50.919 0.0000000000
64431  -36.030  -26.815  51.987 0.0000000000
47104  -21.504  -43.077  64.461 0.0000000000
39209  -8.737  -50.739  67.806 0.0000000000
38245  -10.032  -52.654  66.611 0.0000000000
39248  -13.449  -51.271  66.213 0.0000000000
30977  -2.114  -59.404  70.820 0.0000000000
45289  -18.067  -44.804  62.826 0.0000000000
45263  -18.777  -45.519  64.611 0.0000000000
45290  -18.577  -44.814  62.978 0.0000000000
47169  -33.058  -42.897  60.835 0.0000000000
48009  -16.633  -42.590  63.928 0.0000000000
47102  -15.978  -43.215  64.426 0.0000000000
47116  -16.460  -43.460  63.652 0.0000000000
45278  -17.301  -45.408  63.215 0.0000000000
68284  -36.790  -23.194  52.561 0.0000000000
67356  -37.650  -23.640  51.371 0.0000000000
68285  -37.244  -22.431  52.486 0.0000000000
72281  -43.674  -18.515  49.031 0.0000000000
71324  -42.739  -19.927  48.471 0.0000000000
71326  -44.429  -19.517  48.053 0.0000000000
70324  -45.281  -20.480  47.630 0.0000000000
71334  -45.418  -19.535  47.713 0.0000000000
72300  -45.955  -19.004  47.754 0.0000000000
56180  -29.826  -35.375  59.636 0.0000000000
58385  -32.519  -32.286  53.856 0.0000000000
59498  -33.574  -31.453  52.018 0.0000000000
60478  -33.785  -30.586  53.502 0.0000000000
60494  -34.236  -29.801  52.475 0.0000000000
50111  -24.388  -40.837  61.870 0.0000000000
49028  -24.511  -41.513  62.899 0.0000000000
48031  -25.221  -42.230  63.064 0.0000000000
42189  -11.038  -48.141  66.856 0.0000000000
42190  -11.700  -47.747  66.369 0.0000000000
73319  -50.845  -17.143  44.144 0.0000000000
31953  -4.135  -59.022  70.954 0.0000000000
51197  -36.600  -39.682  60.771 0.0000000000
53230  -36.037  -38.316  58.836 0.0000000000
47164  -28.627  -43.510  60.561 0.0000000000
46245  -29.851  -44.354  61.925 0.0000000000
47080  -14.935  -42.994  65.542 0.0000000000
46151  -13.530  -43.979  66.306 0.0000000000
45223  -12.989  -44.627  66.725 0.0000000000
45240  -13.615  -44.821  65.802 0.0000000000
43197  -14.206  -47.273  64.232 0.0000000000
44223  -14.876  -46.404  63.984 0.0000000000
43200  -17.466  -47.776  64.991 0.0000000000
42221  -17.137  -48.474  65.591 0.0000000000
49103  -31.083  -41.181  58.576 0.0000000000
50191  -31.533  -40.286  58.296 0.0000000000
50076  -18.979  -39.794  64.423 0.0000000000
50090  -19.391  -40.217  63.548 0.0000000000
50077  -19.723  -39.427  64.176 0.0000000000
52157  -21.557  -38.162  63.607 0.0000000000
53184  -22.656  -37.497  62.638 0.0000000000
52180  -23.141  -38.059  61.585 0.0000000000
53186  -24.593  -36.821  62.151 0.0000000000
51165  -27.754  -38.607  61.798 0.0000000000
52199  -26.995  -38.120  61.471 0.0000000000
52220  -25.950  -38.250  60.462 0.0000000000
51214  -26.988  -39.769  59.319 0.0000000000
49087  -26.574  -41.485  59.328 0.0000000000
50163  -27.772  -39.678  59.590 0.0000000000
50165  -29.526  -39.104  60.288 0.0000000000
49090  -29.683  -41.370  58.963 0.0000000000
48088  -31.300  -42.317  59.404 0.0000000000
61479  -39.057  -29.528  51.242 0.0000000000
61480  -39.897  -29.600  51.641 0.0000000000
62492  -39.559  -28.707  51.304 0.0000000000
66390  -39.565  -24.478  51.041 0.0000000000
64435  -40.079  -26.464  51.284 0.0000000000
70273  -39.499  -19.787  52.418 0.0000000000
70272  -38.839  -20.403  51.772 0.0000000000
70296  -39.833  -20.641  50.383 0.0000000000
68355  -42.951  -22.374  48.551 0.0000000000
68336  -41.701  -22.832  49.295 0.0000000000
67395  -42.920  -23.448  49.512 0.0000000000
67379  -43.402  -23.668  50.295 0.0000000000
71346  -49.056  -19.573  45.954 0.0000000000
71357  -48.438  -18.358  45.856 0.0000000000
72317  -49.017  -17.958  45.324 0.0000000000
38227  -7.668  -52.636  67.794 0.0000000000
37175  -7.010  -53.036  68.442 0.0000000000
36094  -7.348  -54.413  67.764 0.0000000000
33993  -7.902  -56.319  68.916 0.0000000000
31965  -7.177  -58.012  70.849 0.0000000000
51230  -32.370  -39.682  57.771 0.0000000000
51231  -33.525  -39.572  57.848 0.0000000000
52267  -32.105  -38.479  57.295 0.0000000000
54164  -31.225  -36.756  56.745 0.0000000000
54152  -32.074  -37.408  56.663 0.0000000000
54166  -32.627  -37.003  56.344 0.0000000000
54154  -34.248  -37.263  57.007 0.0000000000
55201  -32.862  -36.795  56.019 0.0000000000
58343  -30.460  -32.217  55.915 0.0000000000
55261  -31.897  -35.015  52.854 0.0000000000
55244  -31.483  -35.458  53.479 0.0000000000
54231  -32.646  -36.301  53.239 0.0000000000
54198  -33.822  -36.909  54.639 0.0000000000
54216  -34.180  -36.871  53.580 0.0000000000
54200  -36.108  -37.181  54.313 0.0000000000
54234  -35.257  -36.004  52.623 0.0000000000
57341  -35.478  -33.096  51.163 0.0000000000
56276  -36.108  -34.443  51.983 0.0000000000
57323  -36.812  -33.709  51.722 0.0000000000
56278  -38.276  -33.965  52.364 0.0000000000
57343  -37.243  -32.974  51.331 0.0000000000
59501  -37.419  -31.471  50.837 0.0000000000
59500  -36.763  -31.426  50.695 0.0000000000
62478  -35.209  -28.310  52.400 0.0000000000
62488  -35.663  -28.579  51.676 0.0000000000
64430  -35.761  -26.904  52.523 0.0000000000
48053  -20.564  -41.610  61.622 0.0000000000
47132  -20.600  -42.855  62.460 0.0000000000
47133  -21.328  -42.411  62.474 0.0000000000
39263  -10.832  -51.409  66.010 0.0000000000
39244  -9.418  -51.645  66.562 0.0000000000
38246  -11.134  -52.700  66.558 0.0000000000
41256  -14.754  -49.801  65.325 0.0000000000
40267  -13.307  -50.475  65.464 0.0000000000
40250  -14.374  -50.769  66.382 0.0000000000
43186  -18.268  -46.859  66.371 0.0000000000
45241  -18.836  -45.711  65.517 0.0000000000
45225  -19.371  -45.167  66.175 0.0000000000
46153  -20.549  -44.350  66.238 0.0000000000
47149  -31.042  -43.731  61.227 0.0000000000
46246  -30.748  -44.160  61.894 0.0000000000
47979  -15.944  -41.285  65.975 0.0000000000
47081  -15.622  -42.779  65.100 0.0000000000
46188  -15.326  -44.356  64.292 0.0000000000
44236  -15.843  -46.461  63.668 0.0000000000
45277  -16.243  -45.580  63.472 0.0000000000
43214  -17.621  -47.089  64.403 0.0000000000
50166  -29.985  -38.975  59.803 0.0000000000
51196  -30.585  -38.262  60.689 0.0000000000
50140  -28.505  -38.836  62.281 0.0000000000
50164  -28.610  -39.551  59.920 0.0000000000
64433  -37.660  -26.709  51.397 0.0000000000
64434  -38.911  -26.814  51.272 0.0000000000
65421  -38.098  -25.670  51.301 0.0000000000
66389  -38.420  -24.550  51.153 0.0000000000
67357  -38.717  -23.287  51.001 0.0000000000
71304  -40.853  -19.868  49.984 0.0000000000
71316  -41.849  -19.668  49.094 0.0000000000
70312  -42.718  -20.713  48.306 0.0000000000
68356  -43.932  -22.561  48.385 0.0000000000
68357  -44.930  -22.730  48.403 0.0000000000
69297  -45.470  -22.033  48.070 0.0000000000
69311  -45.898  -21.246  47.758 0.0000000000
69313  -48.020  -21.260  47.640 0.0000000000
70326  -47.456  -20.273  47.174 0.0000000000
71344  -47.207  -19.102  46.977 0.0000000000
36096  -9.563  -54.354  67.817 0.0000000000
36095  -8.375  -54.747  67.862 0.0000000000
35041  -9.756  -55.419  69.193 0.0000000000
54127  -30.429  -36.854  59.166 0.0000000000
53241  -30.714  -37.538  58.190 0.0000000000
55178  -30.273  -36.469  58.821 0.0000000000
55188  -30.076  -35.851  57.533 0.0000000000
55187  -29.690  -35.183  56.797 0.0000000000
58367  -30.859  -32.358  55.187 0.0000000000
58384  -31.917  -32.447  54.205 0.0000000000
57321  -32.461  -33.370  52.677 0.0000000000
56273  -33.098  -34.451  52.185 0.0000000000
56274  -34.101  -34.717  51.953 0.0000000000
57339  -33.966  -33.421  51.633 0.0000000000
58411  -33.855  -32.482  51.588 0.0000000000
58423  -35.100  -31.637  50.834 0.0000000000
60514  -35.463  -30.489  50.854 0.0000000000
60502  -34.533  -30.369  51.469 0.0000000000
50136  -22.568  -40.584  61.740 0.0000000000
48044  -22.256  -41.793  62.606 0.0000000000
49026  -23.174  -41.427  62.924 0.0000000000
40248  -10.937  -49.979  66.060 0.0000000000
39265  -11.867  -51.219  65.737 0.0000000000
33979  -4.677  -56.737  69.600 0.0000000000
35022  -4.247  -55.963  70.495 0.0000000000
32961  -3.940  -57.669  70.308 0.0000000000
32960  -3.362  -57.608  70.559 0.0000000000
32951  -2.562  -57.857  70.671 0.0000000000
54141  -36.401  -37.809  58.062 0.0000000000
48057  -26.138  -42.760  61.218 0.0000000000
48046  -26.081  -42.837  62.318 0.0000000000
45222  -12.711  -44.814  67.253 0.0000000000
43172  -12.280  -46.352  66.396 0.0000000000
43183  -12.108  -47.206  66.025 0.0000000000
42204  -12.958  -47.585  65.027 0.0000000000
42218  -14.447  -48.320  64.244 0.0000000000
41273  -15.475  -49.330  65.073 0.0000000000
43198  -15.362  -47.509  63.851 0.0000000000
42220  -16.438  -48.821  65.161 0.0000000000
41243  -16.451  -49.481  66.856 0.0000000000
75141  -50.872  -15.374  44.480 0.0000000000
48090  -32.932  -42.127  59.769 0.0000000000
49094  -33.601  -41.691  59.509 0.0000000000
49105  -32.225  -41.165  58.494 0.0000000000
52250  -30.783  -38.218  58.713 0.0000000000
52222  -30.759  -37.863  60.605 0.0000000000
52236  -30.671  -37.926  59.755 0.0000000000
53229  -30.574  -37.434  59.488 0.0000000000
55152  -30.463  -36.017  60.820 0.0000000000
48025  -17.509  -42.423  63.034 0.0000000000
47130  -18.413  -43.515  62.391 0.0000000000
49041  -18.660  -41.630  62.566 0.0000000000
50106  -19.647  -40.481  62.659 0.0000000000
50134  -20.734  -40.390  61.726 0.0000000000
51111  -20.788  -38.477  64.059 0.0000000000
51140  -21.383  -39.130  62.366 0.0000000000
51161  -21.425  -39.675  61.778 0.0000000000
51163  -23.027  -39.604  61.453 0.0000000000
51164  -23.716  -39.487  61.174 0.0000000000
50161  -24.458  -39.954  60.590 0.0000000000
53187  -25.588  -36.795  62.327 0.0000000000
52197  -25.113  -37.868  60.867 0.0000000000
51190  -24.760  -39.456  60.159 0.0000000000
50162  -24.925  -40.562  60.374 0.0000000000
49077  -26.281  -41.939  59.735 0.0000000000
48070  -27.095  -42.668  59.955 0.0000000000
47186  -28.299  -42.906  59.798 0.0000000000
50179  -28.182  -40.432  59.090 0.0000000000
48086  -29.011  -42.332  59.247 0.0000000000
47188  -29.878  -43.153  60.047 0.0000000000
48071  -31.043  -42.849  60.004 0.0000000000
48072  -31.823  -42.745  60.090 0.0000000000
49007  -17.486  -40.927  64.621 0.0000000000
63481  -40.151  -27.710  51.421 0.0000000000
69253  -38.081  -21.696  51.632 0.0000000000
68311  -39.013  -22.099  50.760 0.0000000000
67376  -40.310  -22.970  50.530 0.0000000000
69283  -40.782  -21.324  49.545 0.0000000000
68313  -40.533  -22.308  49.952 0.0000000000
67359  -41.009  -23.736  50.805 0.0000000000
67360  -42.035  -23.817  50.829 0.0000000000
71367  -50.554  -18.748  44.719 0.0000000000
72326  -50.015  -18.126  44.700 0.0000000000
74250  -49.754  -16.622  44.889 0.0000000000
37167  -6.270  -53.686  69.114 0.0000000000
36085  -5.831  -54.988  68.649 0.0000000000
35047  -7.903  -55.337  68.149 0.0000000000
33992  -6.883  -56.599  68.784 0.0000000000
32982  -5.707  -56.806  68.953 0.0000000000
31970  -6.017  -58.026  69.840 0.0000000000
49107  -33.984  -41.124  58.979 0.0000000000
50194  -34.503  -40.652  58.939 0.0000000000
52252  -34.271  -38.948  57.814 0.0000000000
53255  -32.677  -37.968  56.973 0.0000000000
52269  -34.154  -38.305  57.481 0.0000000000
52253  -35.376  -38.896  58.351 0.0000000000
53258  -35.097  -38.093  57.448 0.0000000000
54139  -35.705  -38.199  57.429 0.0000000000
54169  -35.850  -37.310  56.750 0.0000000000
56213  -29.367  -34.386  56.612 0.0000000000
55197  -29.685  -34.985  55.972 0.0000000000
57288  -30.043  -33.664  54.813 0.0000000000
55230  -31.267  -35.803  54.680 0.0000000000
55231  -31.568  -36.043  55.259 0.0000000000
54179  -33.360  -36.799  55.545 0.0000000000
54180  -34.433  -36.881  55.582 0.0000000000
55265  -35.635  -35.327  52.305 0.0000000000
55247  -37.006  -35.848  52.903 0.0000000000
59491  -39.000  -31.795  51.588 0.0000000000
60506  -38.709  -30.393  51.176 0.0000000000
62490  -37.583  -28.655  51.154 0.0000000000
61476  -35.866  -29.599  51.026 0.0000000000
62489  -36.565  -28.626  51.278 0.0000000000
63478  -37.138  -27.670  51.381 0.0000000000
65419  -36.201  -25.842  51.971 0.0000000000
66374  -36.081  -25.025  52.727 0.0000000000
47118  -19.679  -43.906  62.995 0.0000000000
46191  -20.074  -43.986  64.457 0.0000000000
47105  -22.474  -42.649  64.553 0.0000000000
38228  -8.499  -52.629  67.147 0.0000000000
40230  -9.216  -50.422  67.172 0.0000000000
39243  -8.905  -52.080  66.861 0.0000000000
38229  -9.332  -53.028  66.930 0.0000000000
36097  -10.424  -54.096  67.866 0.0000000000
41254  -12.872  -49.390  64.955 0.0000000000
40266  -12.237  -50.409  65.435 0.0000000000
39226  -13.062  -51.944  66.661 0.0000000000
30979  -3.313  -59.750  71.363 0.0000000000
30978  -2.699  -59.523  70.940 0.0000000000
32940  -1.761  -56.975  71.072 0.0000000000
48075  -34.294  -42.054  60.640 0.0000000000
46209  -17.372  -44.354  62.839 0.0000000000
46226  -18.019  -44.146  62.510 0.0000000000
48024  -16.907  -43.025  63.420 0.0000000000
47117  -16.998  -43.549  63.072 0.0000000000
68271  -37.285  -22.755  53.619 0.0000000000
69232  -37.636  -21.959  53.213 0.0000000000
72291  -44.034  -19.055  48.498 0.0000000000
71327  -44.929  -19.109  48.172 0.0000000000
72293  -45.422  -18.560  48.445 0.0000000000
59490  -33.359  -31.205  52.982 0.0000000000
50139  -24.736  -40.899  61.339 0.0000000000
49047  -24.909  -41.372  62.109 0.0000000000
42176  -11.374  -47.424  67.124 0.0000000000
73326  -51.297  -16.565  43.906 0.0000000000
74252  -50.975  -16.127  44.020 0.0000000000
52224  -36.334  -39.019  59.962 0.0000000000
53219  -36.412  -38.385  59.694 0.0000000000
52237  -35.890  -38.867  59.260 0.0000000000
47147  -29.204  -43.991  61.289 0.0000000000
46167  -14.405  -44.159  65.331 0.0000000000
47079  -13.989  -43.256  65.999 0.0000000000
45261  -14.138  -45.181  65.057 0.0000000000
44222  -14.028  -46.193  64.725 0.0000000000
45262  -14.699  -45.414  64.392 0.0000000000
50190  -31.016  -40.845  58.543 0.0000000000
50059  -19.550  -38.978  65.086 0.0000000000
53171  -23.402  -36.554  63.809 0.0000000000
53170  -22.941  -36.691  63.793 0.0000000000
53185  -23.390  -37.359  62.075 0.0000000000
53178  -23.943  -36.692  63.027 0.0000000000
51192  -27.125  -38.845  60.320 0.0000000000
49091  -30.817  -41.461  58.768 0.0000000000
62491  -38.590  -28.680  51.154 0.0000000000
65423  -40.366  -25.442  51.140 0.0000000000
66392  -41.768  -24.462  51.139 0.0000000000
71267  -40.055  -19.360  51.761 0.0000000000
70283  -39.457  -19.990  51.252 0.0000000000
71287  -40.129  -19.790  50.727 0.0000000000
67412  -43.398  -23.188  48.837 0.0000000000
67411  -42.530  -23.015  48.918 0.0000000000
67396  -43.881  -23.581  49.563 0.0000000000
72316  -48.296  -17.791  45.899 0.0000000000
37183  -7.754  -53.584  67.510 0.0000000000
51241  -31.748  -38.759  57.640 0.0000000000
51242  -32.272  -39.027  57.549 0.0000000000
55199  -31.062  -36.416  56.518 0.0000000000
54165  -31.658  -36.884  56.543 0.0000000000
55262  -32.506  -35.533  52.711 0.0000000000
54232  -33.391  -36.383  52.904 0.0000000000
54233  -34.432  -36.281  52.712 0.0000000000
58413  -35.826  -32.402  50.846 0.0000000000
56297  -35.999  -33.644  51.510 0.0000000000
57342  -36.353  -33.027  51.186 0.0000000000
58414  -36.710  -32.146  50.808 0.0000000000
59509  -36.085  -31.298  50.641 0.0000000000
48054  -20.934  -41.740  61.618 0.0000000000
48042  -21.025  -42.226  61.897 0.0000000000
48055  -21.356  -41.798  61.773 0.0000000000
39246  -11.546  -51.937  66.031 0.0000000000
39245  -10.568  -51.721  66.089 0.0000000000
38231  -11.832  -52.954  67.074 0.0000000000
40269  -14.796  -50.232  65.908 0.0000000000
40268  -14.178  -50.337  65.622 0.0000000000
36077  -5.422  -54.911  69.357 0.0000000000
36069  -5.151  -54.666  70.327 0.0000000000
50184  -35.335  -40.766  59.953 0.0000000000
44210  -18.353  -46.557  65.777 0.0000000000
45264  -19.191  -44.930  64.359 0.0000000000
45242  -19.281  -45.057  65.232 0.0000000000
46152  -19.865  -44.595  65.791 0.0000000000
46169  -19.727  -44.481  64.905 0.0000000000
48988  -16.395  -40.855  65.984 0.0000000000
47101  -15.390  -43.437  64.878 0.0000000000
46207  -15.785  -44.999  63.633 0.0000000000
44238  -17.846  -46.390  63.944 0.0000000000
44224  -17.970  -46.885  64.852 0.0000000000
51195  -30.192  -38.620  60.756 0.0000000000
50141  -28.956  -39.179  61.520 0.0000000000
51167  -29.988  -38.660  61.523 0.0000000000
51194  -29.933  -38.698  61.174 0.0000000000
65420  -37.066  -25.729  51.544 0.0000000000
66388  -37.409  -24.703  51.448 0.0000000000
71305  -41.472  -18.901  50.264 0.0000000000
72279  -42.342  -18.977  49.079 0.0000000000
70313  -43.516  -20.438  47.997 0.0000000000
69295  -43.474  -21.487  48.099 0.0000000000
69296  -44.491  -21.909  48.028 0.0000000000
69309  -44.158  -21.152  47.811 0.0000000000
69312  -46.937  -21.219  47.678 0.0000000000
71335  -46.560  -19.422  47.303 0.0000000000
55167  -30.105  -36.113  59.890 0.0000000000
55166  -29.930  -35.867  59.433 0.0000000000
56179  -29.563  -34.582  59.098 0.0000000000
56192  -29.784  -35.299  58.579 0.0000000000
56204  -29.702  -35.178  58.031 0.0000000000
56203  -29.455  -34.728  57.600 0.0000000000
58399  -32.641  -32.486  53.099 0.0000000000
57305  -32.281  -32.862  53.228 0.0000000000
56294  -33.781  -33.990  51.871 0.0000000000
57322  -33.327  -33.333  51.999 0.0000000000
59499  -34.210  -31.456  51.421 0.0000000000
58412  -34.867  -32.195  50.985 0.0000000000
59507  -34.773  -31.285  50.990 0.0000000000
61457  -34.617  -29.059  53.057 0.0000000000
50109  -23.157  -40.734  62.093 0.0000000000
49044  -22.650  -41.283  62.350 0.0000000000
49045  -23.496  -40.994  62.560 0.0000000000
48030  -24.285  -41.798  63.571 0.0000000000
42202  -11.461  -48.560  66.091 0.0000000000
41241  -10.712  -49.233  66.581 0.0000000000
40265  -11.241  -50.607  65.821 0.0000000000
31969  -5.245  -58.037  69.952 0.0000000000
32970  -4.615  -57.564  69.902 0.0000000000
31952  -3.271  -58.666  70.720 0.0000000000
31961  -3.782  -58.340  70.542 0.0000000000
32952  -2.863  -57.304  70.724 0.0000000000
31951  -2.817  -58.337  70.662 0.0000000000
53231  -36.577  -37.945  59.242 0.0000000000
47145  -26.840  -43.438  61.667 0.0000000000
44197  -13.059  -45.221  66.089 0.0000000000
44196  -12.591  -45.360  66.910 0.0000000000
43184  -12.775  -46.969  65.530 0.0000000000
44221  -13.306  -46.346  65.241 0.0000000000
43196  -13.404  -47.065  64.818 0.0000000000
41272  -14.644  -49.189  64.675 0.0000000000
43199  -16.460  -47.985  64.133 0.0000000000
42205  -16.920  -48.905  66.267 0.0000000000
41258  -16.204  -49.438  66.001 0.0000000000
48089  -32.184  -42.223  59.574 0.0000000000
49093  -32.659  -41.737  59.116 0.0000000000
51229  -31.365  -39.128  58.102 0.0000000000
53218  -31.055  -36.897  61.671 0.0000000000
53217  -30.740  -37.274  60.721 0.0000000000
54116  -30.503  -36.646  60.469 0.0000000000
49022  -17.636  -41.364  63.809 0.0000000000
48026  -18.237  -41.981  62.707 0.0000000000
49023  -18.230  -41.339  63.218 0.0000000000
50133  -19.989  -40.669  61.983 0.0000000000
50107  -20.297  -40.030  62.371 0.0000000000
52167  -21.767  -38.479  62.725 0.0000000000
52178  -21.862  -38.745  62.212 0.0000000000
51141  -21.845  -39.045  61.892 0.0000000000
51162  -22.246  -39.530  61.618 0.0000000000
52194  -22.743  -39.037  61.498 0.0000000000
53197  -23.622  -37.989  61.345 0.0000000000
52195  -23.262  -38.720  61.343 0.0000000000
50138  -24.231  -40.253  61.258 0.0000000000
51189  -24.237  -39.446  60.744 0.0000000000
52182  -27.366  -37.926  62.520 0.0000000000
52172  -27.589  -37.786  63.556 0.0000000000
52171  -26.715  -36.968  63.239 0.0000000000
53180  -25.984  -36.688  62.920 0.0000000000
53188  -26.270  -36.984  62.495 0.0000000000
53199  -25.310  -37.214  61.566 0.0000000000
53200  -26.056  -37.159  61.908 0.0000000000
51191  -25.676  -38.943  59.792 0.0000000000
51212  -25.329  -39.836  59.664 0.0000000000
49076  -25.765  -41.612  59.967 0.0000000000
49086  -26.039  -41.109  59.385 0.0000000000
48084  -27.067  -42.238  59.468 0.0000000000
47185  -27.565  -42.680  59.765 0.0000000000
48085  -28.006  -42.259  59.216 0.0000000000
49089  -28.611  -41.391  58.927 0.0000000000
47166  -30.482  -43.332  60.411 0.0000000000
50075  -18.428  -39.829  64.956 0.0000000000
48990  -17.886  -40.233  65.013 0.0000000000
59492  -39.398  -31.606  51.842 0.0000000000
61481  -40.404  -29.417  51.971 0.0000000000
61469  -40.373  -29.886  52.110 0.0000000000
69233  -38.316  -21.221  53.558 0.0000000000
69245  -37.723  -21.682  52.396 0.0000000000
69246  -38.265  -20.986  52.214 0.0000000000
70282  -39.154  -20.763  50.870 0.0000000000
69254  -38.613  -21.321  51.187 0.0000000000
69267  -39.261  -21.492  50.619 0.0000000000
67375  -39.425  -22.785  50.745 0.0000000000
68312  -39.698  -22.212  50.415 0.0000000000
70304  -40.993  -20.666  49.501 0.0000000000
70297  -40.476  -20.668  49.886 0.0000000000
69284  -41.241  -21.324  49.189 0.0000000000
68315  -41.875  -23.137  49.679 0.0000000000
68314  -41.423  -22.897  49.765 0.0000000000
67377  -41.248  -23.213  50.332 0.0000000000
67361  -43.062  -23.867  50.914 0.0000000000
68358  -46.002  -22.865  48.592 0.0000000000
71347  -49.655  -19.895  45.869 0.0000000000
72325  -49.519  -17.462  44.954 0.0000000000
73318  -49.941  -17.095  44.632 0.0000000000
37174  -6.612  -53.843  68.275 0.0000000000
36086  -6.301  -54.500  68.358 0.0000000000
36078  -5.879  -54.428  69.033 0.0000000000
36087  -8.831  -55.213  68.332 0.0000000000
35039  -8.388  -55.651  68.526 0.0000000000
33982  -7.574  -56.880  69.356 0.0000000000
33991  -5.945  -56.397  68.624 0.0000000000
32983  -6.090  -56.973  68.899 0.0000000000
32972  -6.527  -57.429  69.389 0.0000000000
31964  -6.614  -58.182  70.550 0.0000000000
49106  -33.197  -41.174  58.719 0.0000000000
51232  -34.838  -39.811  58.632 0.0000000000
53254  -31.544  -37.837  57.213 0.0000000000
53242  -34.856  -38.409  57.662 0.0000000000
53257  -34.573  -37.875  57.350 0.0000000000
54167  -33.647  -36.892  56.276 0.0000000000
54155  -35.258  -37.644  57.273 0.0000000000
54156  -35.972  -37.950  57.223 0.0000000000
57259  -29.418  -33.425  56.361 0.0000000000
57247  -29.215  -33.632  57.346 0.0000000000
55211  -29.739  -34.783  55.465 0.0000000000
57289  -30.697  -33.219  54.471 0.0000000000
55229  -30.612  -35.106  54.145 0.0000000000
54196  -32.016  -36.246  54.936 0.0000000000
54178  -32.640  -36.604  55.449 0.0000000000
54197  -32.860  -36.654  54.735 0.0000000000
54181  -35.758  -37.158  55.640 0.0000000000
56275  -35.031  -34.638  51.952 0.0000000000
55264  -34.689  -35.453  52.251 0.0000000000
55266  -36.599  -35.285  52.448 0.0000000000
55267  -37.235  -35.301  52.634 0.0000000000
57344  -37.993  -32.907  51.536 0.0000000000
57326  -39.369  -33.239  52.511 0.0000000000
58402  -39.686  -32.551  52.367 0.0000000000
58401  -38.986  -32.197  51.731 0.0000000000
60505  -37.792  -30.575  50.882 0.0000000000
61478  -38.126  -29.583  51.040 0.0000000000
60503  -35.190  -29.944  51.137 0.0000000000
61487  -35.928  -30.195  50.801 0.0000000000
63476  -35.732  -27.636  52.152 0.0000000000
63477  -36.297  -27.668  51.704 0.0000000000
64432  -36.698  -26.720  51.634 0.0000000000
48040  -18.695  -42.488  62.312 0.0000000000
46228  -19.283  -44.132  62.876 0.0000000000
47131  -19.487  -43.473  62.421 0.0000000000
47119  -20.308  -43.576  63.537 0.0000000000
47103  -20.722  -43.653  64.825 0.0000000000
47082  -20.820  -43.767  65.326 0.0000000000
47083  -21.338  -43.745  65.674 0.0000000000
48012  -22.942  -42.106  64.079 0.0000000000
48011  -22.151  -42.468  63.704 0.0000000000
48032  -26.140  -42.880  63.386 0.0000000000
38214  -8.009  -51.914  67.940 0.0000000000
39224  -8.605  -51.559  67.300 0.0000000000
40231  -9.562  -49.762  67.334 0.0000000000
38244  -9.246  -52.441  66.781 0.0000000000
37185  -10.016  -53.542  67.191 0.0000000000
42216  -12.946  -48.633  64.858 0.0000000000
42203  -12.378  -48.189  65.363 0.0000000000
40249  -13.834  -50.744  65.886 0.0000000000
39266  -12.660  -51.045  65.743 0.0000000000
75142  -51.410  -15.359  43.962 0.0000000000
29976  -2.620  -59.992  71.136 0.0000000000
31942  -2.205  -58.270  70.710 0.0000000000
44239  -18.379  -45.858  64.216 0.0000000000
45279  -18.497  -45.282  63.619 0.0000000000
45280  -19.156  -44.697  63.726 0.0000000000
47168  -32.318  -43.119  60.761 0.0000000000
47992  -16.222  -41.799  65.138 0.0000000000
46208  -16.372  -44.464  63.379 0.0000000000
50143  -30.479  -38.441  62.399 0.0000000000
67339  -36.456  -24.068  52.602 0.0000000000
67355  -36.880  -23.872  51.834 0.0000000000
68297  -37.132  -23.064  51.850 0.0000000000
71317  -42.726  -19.235  48.788 0.0000000000
71318  -43.188  -18.916  48.796 0.0000000000
71325  -43.520  -19.414  48.409 0.0000000000
70314  -43.930  -19.916  47.967 0.0000000000
70323  -44.369  -20.429  47.762 0.0000000000
71333  -44.852  -19.981  47.707 0.0000000000
56168  -30.225  -34.862  60.584 0.0000000000
56167  -29.695  -34.360  60.082 0.0000000000
57221  -29.448  -33.710  59.493 0.0000000000
60493  -33.812  -30.562  52.479 0.0000000000
49046  -24.230  -40.992  62.516 0.0000000000
72327  -51.061  -18.295  44.376 0.0000000000
73320  -51.842  -17.684  44.031 0.0000000000
31954  -5.046  -59.013  71.230 0.0000000000
30987  -3.766  -59.493  71.323 0.0000000000
47163  -27.410  -43.170  60.504 0.0000000000
47146  -28.100  -43.971  61.640 0.0000000000
46244  -28.973  -44.401  62.044 0.0000000000
46231  -29.565  -44.699  62.688 0.0000000000
47063  -14.244  -42.383  66.499 0.0000000000
47062  -13.390  -42.976  66.895 0.0000000000
44208  -13.505  -45.611  65.432 0.0000000000
42206  -17.556  -48.196  66.112 0.0000000000
49104  -31.406  -41.143  58.547 0.0000000000
49009  -18.774  -40.618  63.684 0.0000000000
51110  -20.186  -39.023  63.917 0.0000000000
52144  -21.388  -37.883  64.408 0.0000000000
52158  -21.974  -37.483  64.036 0.0000000000
52168  -22.218  -37.652  63.091 0.0000000000
53198  -24.341  -37.557  61.396 0.0000000000
51142  -28.001  -38.480  62.921 0.0000000000
52198  -26.132  -37.701  61.278 0.0000000000
52221  -26.579  -38.224  60.871 0.0000000000
51213  -26.185  -39.661  59.363 0.0000000000
50177  -26.428  -40.537  59.192 0.0000000000
50178  -27.257  -40.535  59.035 0.0000000000
60507  -39.376  -30.208  51.468 0.0000000000
68353  -41.484  -21.795  48.998 0.0000000000
68354  -41.949  -22.291  48.817 0.0000000000
67410  -42.024  -22.932  49.029 0.0000000000
67394  -42.189  -23.218  49.425 0.0000000000
71345  -48.092  -18.997  46.352 0.0000000000
71358  -49.009  -18.840  45.592 0.0000000000
72318  -49.507  -18.600  45.160 0.0000000000
37182  -7.027  -53.808  67.840 0.0000000000
32963  -7.345  -57.672  70.367 0.0000000000
51243  -32.866  -39.245  57.606 0.0000000000
54153  -33.222  -37.417  56.663 0.0000000000
57274  -29.905  -33.216  55.402 0.0000000000
56271  -31.626  -34.427  53.013 0.0000000000
56256  -31.139  -34.360  53.466 0.0000000000
55245  -32.168  -35.982  53.268 0.0000000000
54214  -32.223  -36.333  53.929 0.0000000000
54215  -33.155  -36.728  53.799 0.0000000000
54217  -35.384  -36.716  53.341 0.0000000000
56296  -35.266  -33.866  51.555 0.0000000000
57324  -37.746  -33.552  51.893 0.0000000000
58416  -38.432  -32.445  51.479 0.0000000000
58415  -37.758  -32.288  51.122 0.0000000000
60504  -36.792  -30.742  50.726 0.0000000000
65418  -35.872  -26.291  52.339 0.0000000000
48041  -20.082  -42.201  61.798 0.0000000000
47120  -21.300  -42.783  63.226 0.0000000000
37194  -10.671  -53.120  66.927 0.0000000000
37195  -11.057  -53.116  66.965 0.0000000000
41255  -13.921  -49.763  65.001 0.0000000000
51218  -35.690  -39.814  59.597 0.0000000000
43174  -18.278  -47.094  66.892 0.0000000000
44198  -18.597  -46.518  66.745 0.0000000000
45224  -18.918  -45.846  66.491 0.0000000000
47148  -30.150  -43.889  61.190 0.0000000000
47978  -15.296  -41.762  66.169 0.0000000000
47991  -15.497  -42.332  65.460 0.0000000000
46168  -15.028  -43.754  65.012 0.0000000000
45276  -15.424  -45.549  63.828 0.0000000000
44237  -16.798  -46.403  63.607 0.0000000000
43213  -17.129  -47.189  64.035 0.0000000000
44209  -17.942  -47.144  65.409 0.0000000000
51215  -30.264  -38.795  59.796 0.0000000000
51193  -28.160  -39.346  60.542 0.0000000000
50142  -29.834  -38.698  61.812 0.0000000000
67358  -39.955  -23.606  50.872 0.0000000000
71315  -41.289  -20.213  49.427 0.0000000000
70305  -41.485  -20.647  49.082 0.0000000000
71323  -42.312  -20.235  48.601 0.0000000000
70311  -42.046  -20.684  48.668 0.0000000000
69294  -42.460  -21.509  48.496 0.0000000000
69310  -44.948  -21.231  47.776 0.0000000000
69298  -46.482  -22.010  48.133 0.0000000000
70336  -47.699  -19.562  46.881 0.0000000000
71336  -47.227  -19.602  47.075 0.0000000000
36088  -9.274  -54.933  68.288 0.0000000000
54138  -30.506  -36.851  58.265 0.0000000000
54137  -30.366  -36.448  58.020 0.0000000000
55177  -30.027  -35.956  58.831 0.0000000000
54150  -30.511  -36.424  57.493 0.0000000000
55189  -30.607  -36.425  57.170 0.0000000000
57290  -31.445  -32.790  54.212 0.0000000000
57304  -31.650  -33.320  53.508 0.0000000000
57320  -31.938  -33.889  52.882 0.0000000000
56272  -32.211  -34.461  52.641 0.0000000000
57340  -34.604  -33.212  51.329 0.0000000000
58424  -35.529  -31.796  50.750 0.0000000000
59508  -35.301  -31.227  50.779 0.0000000000
60513  -34.960  -30.824  50.926 0.0000000000
61468  -34.619  -29.337  52.066 0.0000000000
62477  -34.882  -28.854  52.429 0.0000000000
62468  -34.934  -28.615  52.791 0.0000000000
62469  -35.187  -28.267  53.361 0.0000000000
49062  -22.251  -41.146  61.901 0.0000000000
48043  -21.798  -41.832  62.147 0.0000000000
49025  -22.836  -41.505  62.804 0.0000000000
48029  -23.464  -41.730  63.536 0.0000000000
49027  -23.877  -41.284  63.101 0.0000000000
41240  -10.079  -49.616  66.893 0.0000000000
41227  -10.421  -48.425  67.536 0.0000000000
40264  -10.763  -51.133  65.974 0.0000000000
39264  -11.134  -51.349  65.919 0.0000000000
41242  -15.826  -49.877  66.647 0.0000000000
35028  -4.380  -56.300  69.994 0.0000000000
33970  -4.094  -56.816  70.215 0.0000000000
33969  -3.624  -56.995  70.527 0.0000000000
33959  -3.343  -56.615  70.776 0.0000000000
32942  -2.722  -56.535  70.971 0.0000000000
69234  -39.142  -20.547  54.016 0.0000000000
71250  -40.267  -19.416  52.825 0.0000000000
71268  -40.852  -18.908  52.311 0.0000000000
54157  -36.485  -37.758  57.663 0.0000000000
47134  -26.717  -43.393  62.843 0.0000000000
45204  -12.562  -44.839  67.708 0.0000000000
44183  -12.356  -45.265  67.733 0.0000000000
42217  -13.397  -48.114  64.654 0.0000000000
41271  -13.743  -48.951  64.640 0.0000000000
41257  -15.459  -49.800  65.819 0.0000000000
41274  -15.905  -49.376  65.483 0.0000000000
51216  -30.582  -38.691  59.306 0.0000000000
55153  -30.992  -35.882  61.556 0.0000000000
48039  -18.029  -43.005  62.448 0.0000000000
49024  -18.972  -40.934  62.917 0.0000000000
49059  -20.277  -41.262  61.705 0.0000000000
49060  -20.960  -41.143  61.495 0.0000000000
51091  -20.158  -38.681  64.688 0.0000000000
51124  -20.597  -39.119  63.468 0.0000000000
51125  -21.175  -38.851  63.197 0.0000000000
51139  -20.736  -39.434  62.794 0.0000000000
51160  -20.865  -39.680  62.125 0.0000000000
50135  -21.605  -40.444  61.589 0.0000000000
50137  -23.467  -40.213  61.649 0.0000000000
53179  -25.126  -36.609  63.152 0.0000000000
52219  -24.974  -38.600  60.348 0.0000000000
52218  -24.462  -38.974  60.474 0.0000000000
49063  -25.247  -41.469  61.028 0.0000000000
48056  -25.793  -42.128  60.706 0.0000000000
48068  -25.957  -42.088  60.258 0.0000000000
48069  -26.410  -42.441  60.179 0.0000000000
48083  -26.549  -42.067  59.633 0.0000000000
47187  -29.260  -43.044  59.896 0.0000000000
48073  -32.649  -42.588  60.235 0.0000000000
48989  -17.234  -40.416  65.632 0.0000000000
48010  -17.014  -41.684  64.181 0.0000000000
63480  -39.073  -27.916  51.206 0.0000000000
68299  -38.446  -22.224  51.103 0.0000000000
67374  -38.891  -22.588  50.903 0.0000000000
71303  -40.310  -20.236  50.243 0.0000000000
69269  -40.302  -21.380  49.876 0.0000000000
68335  -41.170  -22.102  49.347 0.0000000000
68334  -40.680  -21.791  49.666 0.0000000000
71368  -51.119  -19.085  44.777 0.0000000000
75131  -49.916  -15.549  45.559 0.0000000000
36070  -5.696  -54.124  69.824 0.0000000000
35036  -5.535  -55.677  68.817 0.0000000000
35046  -7.390  -55.122  67.992 0.0000000000
35038  -7.490  -55.793  68.368 0.0000000000
35037  -6.477  -55.528  68.271 0.0000000000
33980  -5.301  -56.474  69.085 0.0000000000
32971  -5.492  -57.331  69.347 0.0000000000
31963  -5.618  -58.530  70.571 0.0000000000
50193  -33.846  -40.520  58.445 0.0000000000
51217  -35.249  -40.006  59.130 0.0000000000
52268  -33.274  -38.700  57.435 0.0000000000
53243  -35.631  -38.349  57.819 0.0000000000
54140  -36.079  -38.079  57.753 0.0000000000
57233  -29.260  -33.878  58.441 0.0000000000
58303  -29.360  -32.794  58.047 0.0000000000
55198  -30.241  -35.688  56.255 0.0000000000
55213  -31.052  -35.909  55.616 0.0000000000
56240  -29.717  -33.974  55.030 0.0000000000
56255  -30.668  -34.275  53.948 0.0000000000
56241  -30.115  -34.310  54.568 0.0000000000
56226  -29.770  -34.545  55.131 0.0000000000
55212  -30.199  -35.255  55.172 0.0000000000
55214  -31.839  -36.297  55.715 0.0000000000
55215  -32.460  -36.612  55.786 0.0000000000
55216  -32.894  -36.775  55.779 0.0000000000
54170  -36.530  -37.698  56.968 0.0000000000
55246  -36.088  -35.993  52.808 0.0000000000
59502  -38.566  -31.543  51.259 0.0000000000
60515  -36.112  -30.574  50.707 0.0000000000
61488  -36.332  -30.151  50.790 0.0000000000
65408  -35.871  -25.770  52.556 0.0000000000
68270  -36.705  -23.512  53.287 0.0000000000
46227  -18.693  -44.261  62.656 0.0000000000
46211  -19.538  -44.201  63.442 0.0000000000
46212  -19.856  -44.027  63.880 0.0000000000
46170  -20.457  -44.012  65.427 0.0000000000
48027  -21.919  -42.202  62.860 0.0000000000
47084  -22.523  -43.153  65.529 0.0000000000
40246  -9.398  -50.891  66.719 0.0000000000
39225  -8.983  -51.032  67.041 0.0000000000
37186  -11.172  -53.491  67.452 0.0000000000
39247  -12.502  -51.788  66.120 0.0000000000
40232  -14.910  -50.641  66.956 0.0000000000
39228  -14.556  -51.135  67.394 0.0000000000
38248  -12.684  -52.239  66.617 0.0000000000
30980  -4.228  -60.065  72.085 0.0000000000
29977  -2.981  -60.583  71.537 0.0000000000
31944  -3.251  -58.967  70.882 0.0000000000
31943  -2.624  -58.644  70.681 0.0000000000
32941  -2.365  -57.109  70.831 0.0000000000
30985  -1.742  -59.383  70.691 0.0000000000
31949  -1.345  -57.410  70.957 0.0000000000
31950  -1.771  -58.014  70.738 0.0000000000
31971  -6.513  -57.864  69.910 0.0000000000
32962  -6.853  -57.718  69.962 0.0000000000
33981  -7.048  -57.075  69.278 0.0000000000
36093  -6.774  -54.283  67.931 0.0000000000
38230  -11.300  -53.075  66.998 0.0000000000
43185  -17.961  -47.339  66.062 0.0000000000
46210  -18.992  -44.630  63.151 0.0000000000
48028  -22.690  -41.838  63.098 0.0000000000
49043  -22.096  -41.399  61.987 0.0000000000
50108  -22.798  -40.860  62.059 0.0000000000
52169  -22.373  -37.173  63.670 0.0000000000
52170  -25.866  -36.619  63.429 0.0000000000
53176  -22.544  -37.345  62.979 0.0000000000
53177  -22.840  -36.967  63.240 0.0000000000
54177  -32.267  -36.444  55.527 0.0000000000
54195  -31.687  -36.006  54.647 0.0000000000
55202  -33.187  -36.844  55.955 0.0000000000
55243  -30.879  -34.850  53.661 0.0000000000
62487  -35.049  -28.875  51.949 0.0000000000
69308  -43.746  -20.971  47.849 0.0000000000
70295  -39.480  -21.089  50.489 0.0000000000
