#!ascii label  , from subject 3702 vox2ras=TkReg
1114
46765  -10.109  -35.407  77.296 0.0000000000
55497  -36.655  -27.283  67.620 0.0000000000
63401  -37.282  -20.430  64.809 0.0000000000
60225  -29.897  -24.064  72.962 0.0000000000
72067  -42.926  -13.077  55.296 0.0000000000
68625  -37.960  -15.318  59.124 0.0000000000
55416  -38.234  -27.363  72.706 0.0000000000
56642  -32.972  -26.101  70.455 0.0000000000
73084  -46.937  -11.272  59.056 0.0000000000
76213  -50.479  -8.986  55.368 0.0000000000
77213  -53.370  -7.370  52.627 0.0000000000
67499  -39.488  -16.541  67.984 0.0000000000
67526  -36.120  -17.560  62.255 0.0000000000
69674  -40.864  -13.971  64.480 0.0000000000
68581  -43.879  -13.881  61.359 0.0000000000
53340  -23.594  -29.850  70.920 0.0000000000
45688  -7.731  -36.617  80.250 0.0000000000
59121  -39.816  -24.310  66.410 0.0000000000
64473  -40.684  -20.105  68.702 0.0000000000
56695  -25.721  -27.183  67.648 0.0000000000
60302  -29.400  -23.202  66.403 0.0000000000
78245  -52.728  -6.425  46.506 0.0000000000
78215  -56.320  -6.361  49.514 0.0000000000
67633  -40.522  -16.196  56.502 0.0000000000
68630  -46.230  -14.985  59.808 0.0000000000
48959  -12.632  -33.770  73.826 0.0000000000
38959  -6.501  -43.280  77.330 0.0000000000
75203  -48.817  -9.744  57.429 0.0000000000
69637  -40.031  -13.954  66.432 0.0000000000
52314  -21.447  -30.397  68.411 0.0000000000
45722  -8.661  -36.419  78.272 0.0000000000
57973  -38.087  -25.934  64.521 0.0000000000
57914  -38.563  -25.637  67.131 0.0000000000
57872  -28.333  -25.334  70.138 0.0000000000
59101  -27.324  -24.757  67.388 0.0000000000
61299  -29.628  -22.708  70.292 0.0000000000
55480  -34.894  -27.462  68.973 0.0000000000
57936  -33.369  -25.956  66.648 0.0000000000
56739  -34.792  -27.261  65.730 0.0000000000
56591  -29.403  -26.170  73.979 0.0000000000
56626  -27.323  -26.984  71.562 0.0000000000
77241  -47.021  -8.239  50.833 0.0000000000
78221  -50.576  -6.822  48.203 0.0000000000
77250  -54.993  -7.193  51.043 0.0000000000
67549  -36.293  -16.097  60.088 0.0000000000
67589  -38.798  -15.231  57.517 0.0000000000
67541  -44.881  -15.567  61.114 0.0000000000
52245  -17.065  -30.747  71.095 0.0000000000
51026  -15.424  -30.887  72.993 0.0000000000
50992  -13.899  -31.193  75.660 0.0000000000
48995  -13.695  -33.535  71.655 0.0000000000
39996  -8.134  -42.483  76.759 0.0000000000
54370  -37.081  -26.860  69.812 0.0000000000
56681  -39.365  -26.374  68.982 0.0000000000
57837  -39.868  -26.138  71.771 0.0000000000
59008  -32.113  -24.455  74.978 0.0000000000
59055  -32.254  -24.485  71.800 0.0000000000
56604  -34.207  -25.545  73.724 0.0000000000
55444  -34.732  -27.261  71.907 0.0000000000
72056  -45.200  -12.153  57.227 0.0000000000
74203  -46.213  -10.402  55.514 0.0000000000
75227  -47.614  -9.777  53.744 0.0000000000
76232  -50.006  -8.304  52.341 0.0000000000
77229  -51.389  -7.360  51.324 0.0000000000
77192  -52.053  -7.740  53.947 0.0000000000
65574  -37.675  -18.218  66.219 0.0000000000
65592  -36.252  -18.809  64.273 0.0000000000
67519  -37.583  -16.864  64.857 0.0000000000
69685  -38.188  -15.159  63.515 0.0000000000
69718  -39.961  -14.323  61.589 0.0000000000
68611  -40.975  -14.537  60.179 0.0000000000
69690  -42.289  -13.322  63.098 0.0000000000
51069  -21.601  -30.405  72.156 0.0000000000
52269  -19.753  -30.367  70.215 0.0000000000
79261  -57.279  -5.563  45.654 0.0000000000
44588  -6.355  -36.252  81.002 0.0000000000
59151  -38.661  -23.885  64.156 0.0000000000
61364  -38.622  -22.389  65.906 0.0000000000
60278  -40.846  -24.090  67.993 0.0000000000
62371  -40.282  -22.021  67.705 0.0000000000
64497  -38.857  -19.980  67.173 0.0000000000
65551  -39.108  -18.096  69.127 0.0000000000
59090  -31.585  -23.961  68.758 0.0000000000
54339  -26.142  -29.071  72.583 0.0000000000
54379  -24.974  -28.208  69.337 0.0000000000
78200  -53.013  -6.825  49.898 0.0000000000
78225  -54.451  -6.504  48.332 0.0000000000
78249  -56.629  -6.076  46.931 0.0000000000
79246  -58.685  -5.883  48.616 0.0000000000
44747  -10.130  -37.278  73.795 0.0000000000
43709  -9.206  -38.492  75.924 0.0000000000
68691  -42.134  -15.252  55.833 0.0000000000
67571  -42.067  -15.662  59.559 0.0000000000
67616  -43.947  -15.795  58.061 0.0000000000
69791  -44.530  -14.204  57.497 0.0000000000
70923  -46.413  -12.501  59.494 0.0000000000
47875  -11.354  -34.877  75.256 0.0000000000
42724  -8.717  -39.309  77.945 0.0000000000
42707  -6.888  -39.665  78.695 0.0000000000
41821  -5.698  -39.595  78.784 0.0000000000
46752  -9.601  -35.373  78.199 0.0000000000
55536  -36.482  -27.398  66.389 0.0000000000
56742  -37.489  -26.697  65.766 0.0000000000
56699  -37.735  -26.492  67.259 0.0000000000
59053  -29.399  -24.493  71.715 0.0000000000
60255  -28.325  -23.776  69.921 0.0000000000
60246  -30.028  -23.011  71.308 0.0000000000
55496  -35.879  -27.539  67.785 0.0000000000
56698  -34.386  -27.080  67.619 0.0000000000
55513  -36.210  -27.514  66.938 0.0000000000
56740  -35.824  -27.400  65.483 0.0000000000
60201  -30.402  -23.949  74.955 0.0000000000
57755  -30.043  -24.830  75.838 0.0000000000
59023  -29.722  -24.849  73.497 0.0000000000
57834  -29.048  -25.816  71.816 0.0000000000
77262  -49.400  -7.276  48.451 0.0000000000
62396  -37.426  -21.644  64.665 0.0000000000
62395  -36.673  -21.045  64.066 0.0000000000
68607  -37.074  -15.537  59.617 0.0000000000
67568  -36.445  -16.102  59.014 0.0000000000
68643  -38.763  -14.941  58.557 0.0000000000
52244  -16.530  -31.295  70.622 0.0000000000
51049  -16.124  -30.827  72.466 0.0000000000
51048  -15.082  -31.571  72.166 0.0000000000
51047  -14.219  -32.012  72.562 0.0000000000
50014  -14.520  -33.317  70.869 0.0000000000
55446  -37.713  -27.031  71.146 0.0000000000
55447  -38.379  -26.844  70.937 0.0000000000
56617  -38.830  -26.821  72.335 0.0000000000
57757  -33.524  -25.461  76.165 0.0000000000
57779  -32.984  -24.871  74.422 0.0000000000
56592  -34.138  -25.451  74.810 0.0000000000
55400  -37.364  -27.556  74.301 0.0000000000
55413  -35.556  -27.148  73.883 0.0000000000
55430  -36.703  -27.538  72.480 0.0000000000
54368  -36.136  -27.501  70.597 0.0000000000
73083  -46.234  -11.191  58.568 0.0000000000
73102  -45.445  -11.111  56.738 0.0000000000
74191  -46.420  -10.582  57.155 0.0000000000
75208  -49.668  -9.351  56.534 0.0000000000
75212  -48.476  -10.039  55.500 0.0000000000
75219  -48.953  -9.690  54.520 0.0000000000
76231  -48.773  -8.872  52.415 0.0000000000
76224  -49.965  -8.809  53.534 0.0000000000
76225  -50.840  -8.194  53.268 0.0000000000
76214  -51.407  -8.642  55.516 0.0000000000
66546  -38.168  -17.561  66.724 0.0000000000
66549  -37.716  -17.693  65.839 0.0000000000
67514  -38.371  -16.625  65.816 0.0000000000
69656  -40.186  -14.108  65.344 0.0000000000
69672  -39.217  -14.744  64.485 0.0000000000
69673  -39.988  -14.193  64.399 0.0000000000
69700  -38.767  -14.558  62.966 0.0000000000
69688  -40.306  -14.112  63.487 0.0000000000
69702  -40.645  -14.138  62.455 0.0000000000
69675  -41.862  -13.393  64.485 0.0000000000
52252  -23.929  -30.354  72.240 0.0000000000
52231  -23.146  -30.594  72.811 0.0000000000
52272  -22.820  -30.245  70.761 0.0000000000
52290  -20.191  -30.446  69.398 0.0000000000
79258  -58.962  -5.326  46.905 0.0000000000
80346  -59.379  -4.985  45.831 0.0000000000
45670  -7.266  -36.375  80.671 0.0000000000
57954  -38.603  -25.226  65.267 0.0000000000
57974  -38.531  -24.880  64.115 0.0000000000
59134  -38.987  -24.264  64.885 0.0000000000
60321  -38.525  -23.347  65.138 0.0000000000
60322  -39.156  -23.038  66.116 0.0000000000
57875  -40.523  -25.744  69.681 0.0000000000
57895  -40.418  -25.477  68.699 0.0000000000
59081  -41.026  -24.774  69.162 0.0000000000
63346  -41.389  -21.219  69.340 0.0000000000
61339  -40.905  -22.282  68.124 0.0000000000
63354  -40.306  -20.867  68.466 0.0000000000
63365  -39.558  -21.379  67.529 0.0000000000
64482  -40.136  -20.123  67.931 0.0000000000
65563  -39.290  -19.020  67.868 0.0000000000
64464  -40.481  -19.388  68.904 0.0000000000
60300  -27.913  -23.791  66.395 0.0000000000
57836  -32.690  -25.194  71.237 0.0000000000
59066  -31.814  -23.837  70.190 0.0000000000
57873  -32.650  -25.376  69.445 0.0000000000
59120  -32.444  -24.778  66.275 0.0000000000
55408  -27.223  -28.380  73.750 0.0000000000
56655  -25.978  -26.701  69.490 0.0000000000
55453  -25.514  -27.582  70.507 0.0000000000
55479  -25.097  -27.834  68.499 0.0000000000
53400  -24.312  -29.564  67.524 0.0000000000
77230  -52.341  -7.269  51.554 0.0000000000
77247  -52.199  -6.964  50.596 0.0000000000
77248  -53.149  -6.955  50.804 0.0000000000
78203  -55.635  -6.872  50.214 0.0000000000
78202  -54.829  -6.847  50.137 0.0000000000
78214  -55.515  -6.413  49.368 0.0000000000
78237  -55.094  -6.621  47.475 0.0000000000
78227  -56.267  -6.411  48.517 0.0000000000
78239  -57.166  -6.141  47.675 0.0000000000
78228  -57.080  -6.265  48.693 0.0000000000
66561  -36.136  -17.699  63.538 0.0000000000
64577  -34.700  -19.676  63.015 0.0000000000
68689  -40.815  -15.632  55.138 0.0000000000
67634  -41.644  -16.002  56.608 0.0000000000
68597  -42.822  -13.875  60.520 0.0000000000
67552  -41.677  -14.613  59.780 0.0000000000
67539  -43.281  -14.275  60.156 0.0000000000
67557  -46.117  -15.609  60.697 0.0000000000
67555  -44.638  -15.177  60.102 0.0000000000
67575  -45.367  -15.667  59.112 0.0000000000
68658  -44.530  -15.002  57.601 0.0000000000
69774  -45.657  -14.259  58.994 0.0000000000
70921  -45.486  -13.320  58.675 0.0000000000
69757  -47.091  -13.311  59.936 0.0000000000
49952  -13.104  -32.610  74.137 0.0000000000
48924  -12.084  -33.452  75.475 0.0000000000
48906  -11.276  -33.476  75.941 0.0000000000
47896  -11.860  -34.662  74.363 0.0000000000
46808  -11.326  -35.277  74.299 0.0000000000
46820  -11.510  -35.244  73.171 0.0000000000
41857  -9.349  -40.584  75.100 0.0000000000
42740  -8.907  -39.312  76.291 0.0000000000
41844  -8.738  -40.253  76.784 0.0000000000
39989  -7.173  -42.393  77.502 0.0000000000
40901  -7.562  -41.267  77.658 0.0000000000
40892  -6.688  -41.019  78.184 0.0000000000
41816  -6.205  -39.503  79.352 0.0000000000
40890  -5.996  -40.551  78.207 0.0000000000
55382  -35.162  -25.644  75.958 0.0000000000
74164  -48.472  -9.850  60.557 0.0000000000
74187  -48.092  -10.149  58.327 0.0000000000
75185  -49.092  -9.609  59.349 0.0000000000
68556  -39.412  -14.949  66.941 0.0000000000
53367  -23.267  -29.674  68.922 0.0000000000
53352  -22.639  -29.926  69.739 0.0000000000
46722  -8.912  -35.644  80.233 0.0000000000
45704  -8.534  -36.463  79.325 0.0000000000
56762  -37.326  -26.582  64.932 0.0000000000
57938  -38.133  -25.787  66.262 0.0000000000
57939  -39.181  -25.155  66.367 0.0000000000
64454  -41.249  -19.503  70.121 0.0000000000
57870  -26.943  -25.990  69.169 0.0000000000
57910  -26.616  -25.731  67.315 0.0000000000
59077  -27.775  -25.258  68.875 0.0000000000
60275  -28.292  -23.921  68.167 0.0000000000
61325  -29.427  -22.756  68.438 0.0000000000
56659  -33.763  -26.921  69.545 0.0000000000
56658  -33.089  -26.172  69.056 0.0000000000
56678  -33.667  -26.491  68.274 0.0000000000
56718  -33.838  -26.789  66.198 0.0000000000
56785  -35.270  -27.220  63.970 0.0000000000
56590  -29.009  -26.643  74.386 0.0000000000
55425  -27.618  -27.406  72.679 0.0000000000
55426  -28.200  -26.890  72.256 0.0000000000
56640  -27.875  -26.080  70.841 0.0000000000
76241  -46.287  -8.918  51.592 0.0000000000
78244  -51.698  -6.683  46.503 0.0000000000
77205  -54.369  -7.542  53.544 0.0000000000
77232  -54.141  -7.271  51.827 0.0000000000
67536  -36.249  -16.241  61.218 0.0000000000
67611  -38.666  -16.107  56.719 0.0000000000
67612  -39.719  -16.060  57.214 0.0000000000
68571  -45.276  -13.490  61.975 0.0000000000
67528  -44.397  -14.843  61.304 0.0000000000
68572  -46.028  -14.140  62.558 0.0000000000
52226  -18.485  -29.982  72.444 0.0000000000
52206  -17.676  -30.456  73.508 0.0000000000
52165  -15.741  -31.010  74.684 0.0000000000
51006  -14.720  -30.721  74.060 0.0000000000
51024  -13.636  -32.001  73.293 0.0000000000
48978  -13.170  -33.573  72.920 0.0000000000
47921  -12.543  -34.644  72.374 0.0000000000
47932  -13.407  -34.780  70.995 0.0000000000
54394  -36.746  -27.030  68.924 0.0000000000
55471  -38.053  -26.893  68.747 0.0000000000
56661  -38.125  -26.561  69.835 0.0000000000
56646  -39.915  -26.331  70.445 0.0000000000
60227  -30.924  -23.677  73.868 0.0000000000
60237  -30.930  -23.722  72.880 0.0000000000
59025  -32.175  -24.498  73.885 0.0000000000
57815  -32.760  -25.167  72.293 0.0000000000
56629  -32.964  -25.878  71.785 0.0000000000
55412  -35.155  -26.019  73.842 0.0000000000
55443  -33.929  -26.954  72.400 0.0000000000
55455  -34.009  -27.158  71.306 0.0000000000
55457  -35.397  -27.492  70.259 0.0000000000
54380  -36.108  -27.544  69.612 0.0000000000
58994  -31.968  -24.424  75.869 0.0000000000
70971  -43.443  -12.750  56.111 0.0000000000
72078  -43.214  -11.917  54.842 0.0000000000
73114  -44.450  -11.090  55.577 0.0000000000
74201  -44.823  -10.560  55.106 0.0000000000
74224  -45.594  -10.139  54.200 0.0000000000
74198  -47.802  -10.056  56.418 0.0000000000
75217  -47.033  -10.085  54.200 0.0000000000
75226  -46.927  -9.745  53.499 0.0000000000
76229  -47.360  -9.279  52.346 0.0000000000
76243  -48.117  -8.509  51.465 0.0000000000
77244  -48.867  -7.574  50.449 0.0000000000
77245  -49.863  -7.365  50.284 0.0000000000
77228  -50.313  -7.491  51.317 0.0000000000
77211  -51.503  -7.693  52.350 0.0000000000
77203  -52.607  -7.557  53.420 0.0000000000
76215  -52.218  -8.289  55.513 0.0000000000
77194  -53.596  -7.593  54.451 0.0000000000
64516  -37.497  -19.712  65.444 0.0000000000
64535  -36.522  -19.697  64.277 0.0000000000
65593  -36.962  -18.928  64.820 0.0000000000
67518  -36.964  -17.400  64.497 0.0000000000
67523  -36.828  -17.042  63.658 0.0000000000
68560  -38.649  -15.581  65.282 0.0000000000
68563  -38.027  -16.023  64.243 0.0000000000
68567  -37.091  -15.957  63.055 0.0000000000
68578  -37.566  -15.105  62.648 0.0000000000
68592  -38.003  -14.885  61.429 0.0000000000
68609  -39.018  -14.549  60.425 0.0000000000
68627  -39.665  -14.627  59.408 0.0000000000
69735  -39.781  -14.412  60.783 0.0000000000
69720  -41.601  -13.755  61.023 0.0000000000
69705  -43.544  -13.510  61.838 0.0000000000
69677  -43.900  -12.633  63.753 0.0000000000
69692  -44.661  -12.921  62.851 0.0000000000
52229  -21.095  -29.584  72.737 0.0000000000
52271  -21.848  -30.491  70.380 0.0000000000
52248  -20.171  -30.223  71.097 0.0000000000
53337  -19.550  -29.905  71.438 0.0000000000
52246  -18.331  -30.264  71.269 0.0000000000
60320  -37.932  -23.133  65.155 0.0000000000
62382  -38.139  -21.613  65.424 0.0000000000
57893  -38.865  -25.847  67.829 0.0000000000
57915  -39.539  -25.337  67.370 0.0000000000
59106  -40.337  -24.532  67.343 0.0000000000
60288  -40.650  -23.471  67.623 0.0000000000
60306  -40.143  -23.015  67.214 0.0000000000
61351  -39.536  -22.553  66.908 0.0000000000
62368  -38.583  -21.422  66.388 0.0000000000
63384  -38.020  -20.514  65.679 0.0000000000
64480  -38.660  -19.339  67.334 0.0000000000
65562  -38.495  -18.366  67.697 0.0000000000
66535  -39.108  -17.102  68.075 0.0000000000
65543  -40.069  -18.086  69.937 0.0000000000
67489  -40.416  -16.793  70.018 0.0000000000
60258  -30.999  -23.060  70.507 0.0000000000
61314  -30.815  -22.831  69.214 0.0000000000
60286  -30.632  -23.292  67.766 0.0000000000
59104  -32.412  -24.861  67.430 0.0000000000
59119  -31.774  -24.228  66.795 0.0000000000
53323  -25.262  -29.905  72.626 0.0000000000
54353  -24.815  -29.331  71.377 0.0000000000
55440  -26.813  -27.565  71.866 0.0000000000
54366  -25.217  -28.243  70.553 0.0000000000
53368  -24.109  -29.287  69.371 0.0000000000
53382  -24.080  -29.472  68.476 0.0000000000
77258  -51.046  -6.843  49.296 0.0000000000
78222  -51.513  -6.600  48.176 0.0000000000
78223  -52.474  -6.500  48.230 0.0000000000
78201  -53.935  -6.809  50.030 0.0000000000
78212  -53.746  -6.654  49.142 0.0000000000
78235  -53.135  -6.278  47.403 0.0000000000
78247  -54.663  -6.529  46.741 0.0000000000
78248  -55.687  -6.185  46.462 0.0000000000
79260  -56.370  -5.853  45.568 0.0000000000
79255  -56.684  -5.810  46.274 0.0000000000
79250  -57.808  -5.862  47.203 0.0000000000
45762  -10.206  -35.862  75.884 0.0000000000
45752  -9.818  -36.023  76.512 0.0000000000
43710  -9.713  -38.050  75.274 0.0000000000
63415  -36.003  -20.387  63.748 0.0000000000
69826  -42.985  -14.201  55.718 0.0000000000
67569  -40.441  -14.859  59.420 0.0000000000
67570  -40.889  -15.606  59.682 0.0000000000
67591  -41.322  -16.205  58.761 0.0000000000
67554  -43.691  -14.768  59.739 0.0000000000
67572  -43.042  -15.331  59.167 0.0000000000
67614  -41.985  -16.257  57.798 0.0000000000
68656  -43.045  -15.508  57.115 0.0000000000
68674  -43.502  -15.039  56.761 0.0000000000
70955  -43.705  -13.843  56.255 0.0000000000
70957  -44.407  -12.710  57.390 0.0000000000
70941  -45.594  -12.730  58.483 0.0000000000
72037  -46.599  -11.925  59.420 0.0000000000
48875  -10.838  -34.050  78.079 0.0000000000
47854  -11.055  -34.171  77.088 0.0000000000
47863  -10.586  -34.632  76.282 0.0000000000
46807  -11.045  -35.706  74.897 0.0000000000
45812  -10.439  -36.549  73.390 0.0000000000
44686  -8.789  -37.282  76.993 0.0000000000
44645  -8.557  -37.444  78.591 0.0000000000
43654  -8.360  -38.222  78.671 0.0000000000
40907  -8.229  -41.085  77.238 0.0000000000
42709  -8.173  -39.180  78.535 0.0000000000
43635  -7.658  -38.217  79.016 0.0000000000
43619  -6.750  -38.002  79.504 0.0000000000
43618  -6.224  -37.687  79.603 0.0000000000
38958  -6.036  -42.981  77.170 0.0000000000
40897  -5.632  -40.704  77.780 0.0000000000
47839  -10.392  -34.562  78.034 0.0000000000
55514  -36.946  -27.133  66.713 0.0000000000
55515  -37.256  -26.855  66.893 0.0000000000
55498  -37.359  -26.873  67.385 0.0000000000
60235  -29.690  -23.800  72.066 0.0000000000
60245  -29.173  -23.522  71.167 0.0000000000
60236  -30.306  -23.510  72.444 0.0000000000
55535  -35.989  -27.553  66.223 0.0000000000
60214  -30.267  -23.867  74.323 0.0000000000
59005  -29.785  -24.532  74.481 0.0000000000
60213  -29.875  -24.089  73.749 0.0000000000
59039  -29.597  -24.656  72.548 0.0000000000
61375  -36.764  -22.003  63.850 0.0000000000
68624  -37.235  -15.712  58.669 0.0000000000
68641  -37.421  -15.861  58.077 0.0000000000
68642  -37.934  -15.438  58.210 0.0000000000
51086  -16.035  -31.941  70.442 0.0000000000
51067  -16.074  -31.275  71.387 0.0000000000
51066  -15.172  -31.906  71.013 0.0000000000
49999  -14.712  -32.424  71.622 0.0000000000
55431  -37.476  -27.335  72.029 0.0000000000
55432  -38.274  -27.054  71.771 0.0000000000
56568  -34.292  -25.018  76.486 0.0000000000
56578  -34.135  -25.334  75.714 0.0000000000
56569  -34.642  -25.415  76.210 0.0000000000
55415  -37.425  -27.631  73.147 0.0000000000
55414  -36.508  -27.516  73.544 0.0000000000
57746  -33.835  -24.897  77.049 0.0000000000
73093  -45.802  -10.886  57.815 0.0000000000
74185  -46.466  -10.624  57.847 0.0000000000
76205  -50.125  -8.973  56.076 0.0000000000
75213  -49.545  -9.478  55.436 0.0000000000
75214  -50.138  -9.255  54.865 0.0000000000
75220  -49.753  -9.252  54.406 0.0000000000
76217  -50.442  -8.790  54.312 0.0000000000
67509  -38.968  -16.707  67.038 0.0000000000
67510  -39.421  -15.904  67.116 0.0000000000
69657  -41.038  -13.821  65.506 0.0000000000
70842  -40.895  -13.906  64.065 0.0000000000
69689  -41.162  -13.882  63.525 0.0000000000
52251  -23.209  -30.368  71.776 0.0000000000
80341  -59.729  -4.993  46.974 0.0000000000
79263  -58.776  -5.339  46.324 0.0000000000
45689  -8.314  -36.307  80.416 0.0000000000
45671  -7.730  -36.009  81.211 0.0000000000
57955  -39.337  -24.582  65.626 0.0000000000
59135  -39.454  -23.772  65.651 0.0000000000
59082  -41.454  -24.405  69.798 0.0000000000
63345  -41.058  -20.683  69.188 0.0000000000
64483  -40.378  -20.170  68.328 0.0000000000
64472  -40.347  -19.663  68.277 0.0000000000
54403  -25.057  -27.967  66.837 0.0000000000
56715  -25.479  -27.169  67.007 0.0000000000
57855  -32.545  -25.161  70.341 0.0000000000
56675  -25.784  -26.966  68.687 0.0000000000
55494  -25.179  -27.754  67.374 0.0000000000
54402  -24.880  -28.595  67.185 0.0000000000
77212  -52.489  -7.478  52.503 0.0000000000
77231  -53.270  -7.192  51.718 0.0000000000
78204  -56.339  -6.758  50.542 0.0000000000
78216  -57.204  -6.344  49.617 0.0000000000
66565  -36.184  -17.373  62.940 0.0000000000
66564  -35.718  -18.175  62.849 0.0000000000
66567  -35.707  -18.082  61.784 0.0000000000
67648  -40.383  -16.054  55.416 0.0000000000
67649  -41.023  -16.058  56.025 0.0000000000
68580  -43.174  -13.754  61.274 0.0000000000
68598  -43.539  -14.209  60.907 0.0000000000
68614  -45.899  -15.329  60.088 0.0000000000
68613  -45.287  -15.390  59.818 0.0000000000
68629  -45.733  -15.078  59.319 0.0000000000
68646  -45.380  -14.993  58.485 0.0000000000
69755  -45.993  -14.566  59.257 0.0000000000
69756  -46.502  -14.307  59.626 0.0000000000
48942  -12.814  -33.332  74.128 0.0000000000
49939  -12.599  -32.891  74.947 0.0000000000
48941  -12.457  -33.698  74.581 0.0000000000
48940  -12.093  -34.160  75.030 0.0000000000
47897  -12.220  -34.243  74.068 0.0000000000
47909  -11.827  -34.715  73.818 0.0000000000
47910  -12.378  -34.304  73.166 0.0000000000
41850  -9.018  -40.369  75.924 0.0000000000
38960  -7.057  -43.545  77.307 0.0000000000
40899  -6.299  -41.265  78.025 0.0000000000
40891  -6.152  -40.717  78.310 0.0000000000
39988  -6.225  -42.015  77.794 0.0000000000
68543  -40.110  -14.838  67.993 0.0000000000
52293  -22.640  -29.938  68.665 0.0000000000
46735  -9.052  -35.533  79.019 0.0000000000
47800  -9.424  -34.937  80.992 0.0000000000
56722  -37.918  -26.065  67.025 0.0000000000
57937  -37.726  -26.261  66.001 0.0000000000
57871  -27.708  -25.800  69.730 0.0000000000
57890  -27.259  -25.567  68.883 0.0000000000
59078  -28.317  -24.829  69.418 0.0000000000
61298  -28.659  -23.032  70.408 0.0000000000
61311  -28.371  -23.196  69.527 0.0000000000
61312  -29.003  -22.690  69.411 0.0000000000
61324  -28.645  -23.240  68.489 0.0000000000
56660  -34.374  -27.280  69.220 0.0000000000
56679  -34.325  -27.161  68.602 0.0000000000
56719  -34.337  -27.160  66.720 0.0000000000
56738  -33.925  -26.822  65.282 0.0000000000
56760  -35.510  -27.270  64.677 0.0000000000
57778  -29.604  -25.435  74.286 0.0000000000
57763  -29.592  -25.179  75.311 0.0000000000
56577  -29.299  -26.103  74.847 0.0000000000
56576  -28.774  -26.769  75.132 0.0000000000
56602  -28.916  -26.644  73.604 0.0000000000
56603  -29.191  -26.028  73.241 0.0000000000
57853  -28.600  -25.535  70.945 0.0000000000
56641  -28.272  -25.952  71.142 0.0000000000
57852  -28.131  -25.685  70.416 0.0000000000
76255  -46.497  -8.368  51.004 0.0000000000
67548  -35.754  -16.919  60.503 0.0000000000
69694  -46.564  -13.690  63.408 0.0000000000
68585  -47.393  -15.077  62.573 0.0000000000
52207  -18.682  -30.458  73.387 0.0000000000
52225  -17.245  -30.456  72.308 0.0000000000
51027  -15.956  -30.625  73.045 0.0000000000
52205  -16.541  -30.489  73.237 0.0000000000
52204  -15.747  -30.563  73.539 0.0000000000
50993  -15.108  -30.675  74.989 0.0000000000
49981  -14.137  -32.811  72.187 0.0000000000
51046  -13.779  -32.562  72.772 0.0000000000
49980  -13.659  -33.044  72.723 0.0000000000
49966  -13.442  -32.891  73.258 0.0000000000
48979  -13.581  -33.307  72.349 0.0000000000
48994  -13.229  -33.735  72.200 0.0000000000
54382  -36.977  -26.970  69.172 0.0000000000
55470  -37.675  -26.792  69.405 0.0000000000
55458  -37.843  -26.678  70.310 0.0000000000
56631  -38.938  -26.702  71.453 0.0000000000
56645  -39.022  -26.599  70.487 0.0000000000
56632  -39.729  -26.352  71.228 0.0000000000
59007  -31.453  -24.071  74.401 0.0000000000
59024  -31.476  -24.147  73.377 0.0000000000
57796  -33.485  -25.237  73.492 0.0000000000
57795  -32.797  -24.961  73.281 0.0000000000
57816  -33.216  -25.332  72.757 0.0000000000
56615  -33.124  -25.606  72.342 0.0000000000
56616  -33.674  -25.848  72.559 0.0000000000
55383  -35.739  -26.033  75.784 0.0000000000
55397  -35.261  -25.741  75.014 0.0000000000
55429  -35.760  -27.359  72.475 0.0000000000
55428  -34.767  -27.020  73.048 0.0000000000
55456  -34.713  -27.319  70.824 0.0000000000
55445  -35.480  -27.436  71.257 0.0000000000
54369  -36.626  -27.167  70.122 0.0000000000
54392  -36.324  -27.371  68.941 0.0000000000
57765  -32.676  -25.072  75.710 0.0000000000
58993  -31.163  -24.048  75.494 0.0000000000
72055  -44.246  -12.246  56.926 0.0000000000
72069  -43.738  -12.009  56.247 0.0000000000
73101  -44.661  -11.554  56.518 0.0000000000
74195  -45.636  -10.572  56.086 0.0000000000
73115  -45.066  -10.869  56.128 0.0000000000
74202  -45.352  -10.492  55.412 0.0000000000
74212  -45.211  -10.309  54.672 0.0000000000
74213  -46.127  -10.217  54.556 0.0000000000
74193  -47.933  -10.030  57.350 0.0000000000
75218  -47.872  -10.173  54.605 0.0000000000
75239  -47.624  -9.445  52.936 0.0000000000
76244  -49.141  -8.200  51.668 0.0000000000
77226  -48.685  -7.882  51.133 0.0000000000
77227  -49.392  -7.569  51.164 0.0000000000
76245  -49.724  -7.887  51.623 0.0000000000
76233  -50.777  -7.937  52.502 0.0000000000
77202  -51.810  -7.780  53.329 0.0000000000
65580  -37.553  -18.637  65.739 0.0000000000
67513  -38.012  -17.154  65.578 0.0000000000
66556  -37.249  -17.924  64.972 0.0000000000
68555  -38.910  -15.561  66.333 0.0000000000
69636  -39.199  -14.429  66.157 0.0000000000
69686  -38.526  -15.042  63.845 0.0000000000
69671  -38.787  -15.215  64.633 0.0000000000
68569  -38.242  -15.559  64.008 0.0000000000
68568  -37.895  -15.492  63.549 0.0000000000
69717  -38.897  -14.373  61.926 0.0000000000
69716  -38.218  -14.686  62.437 0.0000000000
68593  -38.778  -14.521  61.233 0.0000000000
69734  -39.275  -14.391  61.184 0.0000000000
69703  -41.685  -13.703  62.078 0.0000000000
69704  -42.779  -13.512  62.022 0.0000000000
69691  -43.485  -13.114  62.722 0.0000000000
70846  -44.773  -12.403  64.747 0.0000000000
69678  -45.134  -12.685  64.228 0.0000000000
69693  -45.690  -13.253  63.120 0.0000000000
52230  -22.334  -30.691  72.565 0.0000000000
51052  -21.675  -30.372  72.944 0.0000000000
51031  -21.427  -29.993  72.997 0.0000000000
51051  -21.511  -30.022  72.559 0.0000000000
52292  -22.068  -30.124  69.107 0.0000000000
52291  -21.126  -30.388  69.353 0.0000000000
52270  -20.731  -30.456  70.362 0.0000000000
52247  -19.290  -30.265  70.944 0.0000000000
53336  -19.027  -30.064  71.314 0.0000000000
52268  -18.822  -30.418  70.228 0.0000000000
43598  -6.137  -36.488  80.681 0.0000000000
61363  -37.826  -22.523  65.174 0.0000000000
56680  -38.694  -26.465  68.420 0.0000000000
59092  -40.729  -24.761  68.245 0.0000000000
57916  -40.224  -25.285  67.927 0.0000000000
61353  -40.527  -22.220  67.775 0.0000000000
61338  -40.599  -22.659  67.675 0.0000000000
61352  -40.211  -22.368  67.438 0.0000000000
62370  -39.879  -21.943  67.405 0.0000000000
63352  -39.297  -20.508  67.632 0.0000000000
62369  -39.233  -21.726  67.070 0.0000000000
63364  -38.996  -20.721  67.198 0.0000000000
63363  -38.458  -20.649  66.482 0.0000000000
64496  -38.341  -19.878  66.569 0.0000000000
65556  -38.987  -18.336  68.577 0.0000000000
66527  -38.761  -17.826  68.413 0.0000000000
66528  -39.136  -17.459  68.714 0.0000000000
65545  -41.450  -18.930  70.925 0.0000000000
65544  -40.570  -18.615  70.295 0.0000000000
66518  -41.144  -17.816  70.873 0.0000000000
67493  -39.955  -16.448  68.976 0.0000000000
59100  -26.967  -25.235  67.612 0.0000000000
57933  -26.527  -25.933  66.628 0.0000000000
57934  -27.001  -25.500  66.500 0.0000000000
59040  -31.546  -24.038  72.336 0.0000000000
60247  -30.965  -23.379  71.836 0.0000000000
59054  -31.653  -23.839  71.253 0.0000000000
59079  -31.814  -24.111  69.376 0.0000000000
60267  -31.433  -23.435  69.399 0.0000000000
60277  -31.069  -23.318  68.376 0.0000000000
60276  -30.714  -23.172  68.161 0.0000000000
60287  -31.119  -23.651  67.301 0.0000000000
57892  -33.233  -26.078  68.135 0.0000000000
57891  -32.909  -25.573  68.275 0.0000000000
57912  -32.962  -25.543  67.335 0.0000000000
54338  -25.615  -29.468  72.265 0.0000000000
53342  -24.942  -29.842  71.966 0.0000000000
54354  -25.273  -29.245  71.665 0.0000000000
55441  -27.664  -27.088  71.896 0.0000000000
54378  -24.730  -28.854  69.844 0.0000000000
77257  -50.288  -7.062  49.142 0.0000000000
77246  -51.127  -7.037  50.113 0.0000000000
78199  -52.181  -6.839  49.751 0.0000000000
78210  -51.749  -6.788  49.057 0.0000000000
78211  -52.791  -6.740  49.051 0.0000000000
77233  -54.831  -7.400  51.935 0.0000000000
77249  -54.070  -7.064  50.924 0.0000000000
78213  -54.664  -6.521  49.251 0.0000000000
78224  -53.481  -6.450  48.282 0.0000000000
78236  -54.133  -6.454  47.463 0.0000000000
78238  -56.061  -6.417  47.565 0.0000000000
78240  -57.618  -6.192  48.187 0.0000000000
79251  -58.249  -5.888  47.718 0.0000000000
44728  -10.014  -37.051  74.765 0.0000000000
44708  -9.704  -36.720  75.682 0.0000000000
43724  -9.923  -38.176  74.327 0.0000000000
64555  -35.934  -19.753  63.813 0.0000000000
68690  -41.438  -15.478  55.607 0.0000000000
69824  -41.572  -14.786  55.081 0.0000000000
69840  -41.809  -14.363  54.951 0.0000000000
69825  -42.390  -14.511  55.543 0.0000000000
68610  -40.210  -14.799  60.102 0.0000000000
67550  -40.500  -14.806  59.729 0.0000000000
67529  -44.723  -15.012  61.427 0.0000000000
67540  -43.960  -14.995  61.005 0.0000000000
67594  -44.305  -15.972  58.744 0.0000000000
67573  -43.932  -15.652  59.415 0.0000000000
67593  -43.448  -16.030  58.738 0.0000000000
67592  -42.519  -16.193  58.769 0.0000000000
67615  -43.021  -15.969  57.863 0.0000000000
67635  -42.462  -15.833  57.146 0.0000000000
68675  -44.031  -14.981  57.089 0.0000000000
69810  -44.110  -14.278  56.833 0.0000000000
70956  -43.825  -13.062  56.712 0.0000000000
70939  -44.429  -13.497  57.459 0.0000000000
70904  -46.442  -13.069  59.502 0.0000000000
70922  -46.004  -12.606  59.038 0.0000000000
72036  -46.173  -11.929  58.829 0.0000000000
48923  -11.544  -34.230  75.359 0.0000000000
48891  -11.393  -33.430  76.917 0.0000000000
47864  -10.854  -33.876  76.421 0.0000000000
47874  -10.984  -34.886  75.576 0.0000000000
46784  -10.719  -35.395  75.690 0.0000000000
46796  -11.038  -35.558  75.269 0.0000000000
45793  -10.819  -35.825  73.543 0.0000000000
44767  -10.527  -37.376  72.809 0.0000000000
43692  -9.260  -37.648  76.028 0.0000000000
44687  -9.118  -36.889  76.530 0.0000000000
42739  -8.705  -39.321  77.172 0.0000000000
43690  -8.830  -38.862  77.647 0.0000000000
43673  -8.840  -38.493  78.093 0.0000000000
42710  -8.548  -38.746  78.426 0.0000000000
39997  -8.787  -41.973  76.197 0.0000000000
41829  -7.211  -40.300  78.273 0.0000000000
41830  -7.608  -39.969  78.293 0.0000000000
42708  -7.410  -39.501  78.633 0.0000000000
42699  -7.614  -38.833  78.863 0.0000000000
42689  -7.336  -38.596  79.124 0.0000000000
43620  -7.321  -37.956  79.353 0.0000000000
42688  -6.925  -38.749  79.351 0.0000000000
41822  -6.125  -39.715  79.112 0.0000000000
42686  -5.877  -38.881  79.628 0.0000000000
43617  -5.643  -37.892  79.490 0.0000000000
39987  -5.653  -41.687  77.646 0.0000000000
46751  -8.951  -35.723  78.254 0.0000000000
56720  -37.263  -27.052  66.177 0.0000000000
56721  -37.555  -26.612  66.598 0.0000000000
59065  -29.138  -24.579  70.934 0.0000000000
59064  -28.637  -24.672  70.296 0.0000000000
60256  -28.696  -23.894  70.611 0.0000000000
61286  -28.959  -23.043  70.907 0.0000000000
55481  -35.736  -27.617  68.738 0.0000000000
55495  -35.058  -27.410  68.090 0.0000000000
55512  -35.216  -27.515  66.890 0.0000000000
55534  -35.435  -27.464  66.067 0.0000000000
58992  -30.307  -24.314  75.459 0.0000000000
58991  -29.860  -24.528  75.161 0.0000000000
57794  -29.506  -25.617  73.574 0.0000000000
56614  -29.132  -25.900  72.792 0.0000000000
57814  -29.389  -25.456  72.889 0.0000000000
57854  -29.262  -25.202  71.449 0.0000000000
77254  -47.277  -7.866  50.074 0.0000000000
78220  -49.970  -7.053  48.073 0.0000000000
61376  -37.340  -22.609  64.353 0.0000000000
68591  -37.020  -15.517  60.738 0.0000000000
67586  -35.958  -16.767  58.407 0.0000000000
67588  -37.766  -16.030  57.421 0.0000000000
51050  -16.652  -30.615  72.340 0.0000000000
51025  -14.533  -31.237  73.246 0.0000000000
49998  -14.372  -33.091  71.349 0.0000000000
49005  -14.121  -33.661  70.938 0.0000000000
54358  -37.140  -26.949  70.594 0.0000000000
56618  -39.401  -26.369  71.974 0.0000000000
57766  -33.546  -25.151  75.210 0.0000000000
57780  -33.711  -25.217  74.336 0.0000000000
54340  -36.340  -27.528  72.011 0.0000000000
54342  -37.139  -27.165  71.267 0.0000000000
57756  -32.852  -25.371  76.760 0.0000000000
72057  -45.580  -11.364  57.458 0.0000000000
73103  -45.964  -11.014  57.130 0.0000000000
74196  -46.206  -10.525  56.401 0.0000000000
75204  -49.600  -9.512  57.547 0.0000000000
75207  -48.718  -9.791  56.436 0.0000000000
75228  -48.489  -9.459  53.473 0.0000000000
75229  -49.301  -9.227  53.812 0.0000000000
76223  -49.359  -9.026  53.077 0.0000000000
76218  -51.467  -8.347  54.382 0.0000000000
66545  -37.757  -17.996  66.434 0.0000000000
70824  -39.823  -13.966  65.806 0.0000000000
70804  -39.538  -14.168  65.762 0.0000000000
69687  -39.377  -14.427  63.654 0.0000000000
69701  -39.648  -14.289  62.679 0.0000000000
52250  -22.128  -30.598  71.689 0.0000000000
52288  -18.487  -30.888  69.564 0.0000000000
79262  -58.383  -5.361  45.823 0.0000000000
80345  -58.921  -5.206  45.569 0.0000000000
44598  -6.842  -36.300  80.902 0.0000000000
56663  -39.669  -26.308  69.739 0.0000000000
57874  -39.921  -25.966  69.086 0.0000000000
60268  -41.015  -24.130  68.616 0.0000000000
61329  -41.452  -22.019  69.273 0.0000000000
62353  -40.966  -21.667  68.855 0.0000000000
62361  -40.501  -21.821  68.111 0.0000000000
62360  -40.022  -21.539  67.896 0.0000000000
63353  -39.663  -20.744  67.816 0.0000000000
64481  -39.358  -19.993  67.651 0.0000000000
65564  -39.963  -19.457  67.848 0.0000000000
65557  -39.972  -18.901  68.342 0.0000000000
65552  -39.762  -18.517  69.389 0.0000000000
60284  -27.590  -24.023  67.066 0.0000000000
59067  -32.240  -24.489  70.768 0.0000000000
59080  -32.175  -24.623  69.807 0.0000000000
59091  -32.154  -24.670  68.714 0.0000000000
57935  -32.851  -25.297  66.707 0.0000000000
56639  -27.077  -26.685  70.980 0.0000000000
55454  -26.099  -27.264  70.680 0.0000000000
55466  -25.988  -26.823  70.041 0.0000000000
55465  -25.418  -27.347  69.759 0.0000000000
54391  -24.900  -28.257  68.798 0.0000000000
54390  -24.718  -28.691  68.531 0.0000000000
55493  -24.854  -28.194  67.987 0.0000000000
78226  -55.372  -6.537  48.401 0.0000000000
78229  -57.882  -6.228  48.726 0.0000000000
43740  -10.183  -38.403  73.282 0.0000000000
66560  -35.908  -18.257  63.747 0.0000000000
65602  -35.589  -18.848  63.499 0.0000000000
65610  -35.084  -19.098  62.883 0.0000000000
65613  -34.829  -19.314  62.339 0.0000000000
68672  -41.980  -15.559  56.059 0.0000000000
68596  -41.917  -13.927  60.236 0.0000000000
68612  -41.428  -14.232  60.108 0.0000000000
67537  -41.994  -14.188  59.873 0.0000000000
67538  -42.400  -14.179  59.912 0.0000000000
67553  -42.681  -14.653  59.535 0.0000000000
67542  -45.797  -15.599  61.262 0.0000000000
67556  -45.407  -15.570  60.550 0.0000000000
67574  -44.856  -15.812  59.391 0.0000000000
68645  -44.995  -15.295  58.100 0.0000000000
68659  -45.085  -14.862  57.963 0.0000000000
69792  -45.098  -14.116  58.010 0.0000000000
69775  -46.009  -13.495  59.151 0.0000000000
49940  -13.089  -32.000  75.220 0.0000000000
49928  -12.534  -32.580  75.981 0.0000000000
47885  -11.739  -34.739  74.889 0.0000000000
46797  -11.339  -35.274  75.042 0.0000000000
45813  -10.872  -36.203  72.537 0.0000000000
42756  -9.327  -39.350  75.183 0.0000000000
39995  -7.423  -43.029  77.139 0.0000000000
39990  -7.828  -41.862  77.404 0.0000000000
40900  -6.840  -41.255  77.900 0.0000000000
41828  -6.763  -40.143  78.676 0.0000000000
42697  -6.544  -39.444  79.099 0.0000000000
40884  -6.026  -40.185  78.573 0.0000000000
40883  -5.905  -40.104  78.197 0.0000000000
55370  -34.803  -25.792  76.506 0.0000000000
55385  -37.462  -27.148  75.559 0.0000000000
74176  -47.486  -10.669  59.212 0.0000000000
74186  -47.145  -10.576  58.243 0.0000000000
74177  -48.216  -10.039  59.356 0.0000000000
75197  -48.906  -9.707  58.402 0.0000000000
75209  -50.066  -9.345  57.012 0.0000000000
76206  -50.612  -9.060  56.467 0.0000000000
76207  -51.635  -8.624  56.423 0.0000000000
67500  -40.032  -15.755  68.226 0.0000000000
68557  -39.895  -14.616  67.327 0.0000000000
69616  -40.571  -14.097  67.370 0.0000000000
69638  -41.171  -13.693  66.533 0.0000000000
53353  -23.380  -29.579  70.058 0.0000000000
53366  -22.646  -29.871  69.106 0.0000000000
57953  -37.792  -25.987  65.437 0.0000000000
65553  -40.610  -19.273  69.653 0.0000000000
56676  -26.351  -26.355  68.927 0.0000000000
56696  -26.251  -26.466  67.895 0.0000000000
57889  -26.719  -25.762  68.348 0.0000000000
59088  -27.170  -25.119  68.250 0.0000000000
59089  -27.947  -24.599  68.378 0.0000000000
60266  -28.423  -23.950  68.973 0.0000000000
59102  -27.913  -24.177  67.679 0.0000000000
60285  -28.258  -23.575  67.404 0.0000000000
61335  -28.994  -22.954  67.495 0.0000000000
61348  -29.591  -23.104  67.090 0.0000000000
56643  -33.688  -26.751  70.647 0.0000000000
57913  -33.336  -26.031  67.637 0.0000000000
56697  -33.804  -26.610  67.178 0.0000000000
57952  -33.440  -26.229  65.645 0.0000000000
55409  -27.751  -27.912  73.682 0.0000000000
55410  -28.403  -27.185  73.150 0.0000000000
55442  -28.033  -26.775  71.767 0.0000000000
56613  -28.816  -26.328  72.605 0.0000000000
56628  -28.365  -26.288  71.583 0.0000000000
56656  -26.767  -26.575  69.872 0.0000000000
75246  -46.010  -9.223  52.002 0.0000000000
77214  -54.219  -7.450  52.683 0.0000000000
78205  -57.334  -6.457  50.610 0.0000000000
67527  -36.485  -16.715  62.359 0.0000000000
67535  -35.936  -17.207  61.501 0.0000000000
67613  -40.844  -16.243  57.603 0.0000000000
68582  -44.527  -14.293  61.421 0.0000000000
68583  -45.437  -14.522  61.716 0.0000000000
67530  -45.427  -15.249  61.531 0.0000000000
68584  -46.347  -15.136  62.054 0.0000000000
68600  -46.686  -15.512  61.193 0.0000000000
68616  -47.221  -15.107  60.907 0.0000000000
69736  -46.917  -14.573  60.186 0.0000000000
52224  -16.633  -30.542  72.593 0.0000000000
52182  -16.896  -30.599  74.106 0.0000000000
51005  -13.948  -31.416  74.370 0.0000000000
48960  -13.026  -33.337  73.615 0.0000000000
48977  -12.817  -33.738  73.386 0.0000000000
47911  -12.856  -34.111  72.460 0.0000000000
47922  -13.081  -34.452  71.739 0.0000000000
37888  -6.659  -44.261  77.114 0.0000000000
55483  -37.106  -27.027  68.479 0.0000000000
56662  -38.642  -26.626  69.472 0.0000000000
55459  -38.412  -26.657  70.483 0.0000000000
56664  -40.164  -26.174  70.038 0.0000000000
56607  -39.399  -26.481  72.789 0.0000000000
60226  -30.378  -23.794  73.376 0.0000000000
59041  -32.133  -24.599  72.837 0.0000000000
56630  -33.586  -26.419  71.517 0.0000000000
56579  -34.670  -25.551  75.377 0.0000000000
56593  -34.679  -25.653  74.442 0.0000000000
56605  -34.710  -25.663  73.871 0.0000000000
55427  -34.691  -25.913  72.813 0.0000000000
55467  -34.107  -27.173  70.414 0.0000000000
55468  -34.641  -27.332  69.805 0.0000000000
55469  -35.350  -27.551  69.475 0.0000000000
55482  -36.375  -27.347  68.405 0.0000000000
58977  -31.413  -24.111  76.480 0.0000000000
60215  -30.824  -23.798  74.735 0.0000000000
72068  -43.183  -12.492  55.530 0.0000000000
73113  -43.662  -11.643  55.346 0.0000000000
74211  -44.315  -10.588  54.637 0.0000000000
74192  -47.088  -10.224  57.252 0.0000000000
74197  -46.988  -10.231  56.411 0.0000000000
74205  -47.607  -10.286  55.628 0.0000000000
74214  -46.953  -10.408  54.928 0.0000000000
75216  -46.536  -10.006  53.944 0.0000000000
75225  -45.945  -9.913  53.560 0.0000000000
75237  -45.571  -9.616  52.561 0.0000000000
75238  -46.666  -9.446  52.557 0.0000000000
75247  -46.546  -9.177  51.946 0.0000000000
76242  -47.114  -8.953  51.748 0.0000000000
75240  -48.224  -9.252  52.751 0.0000000000
76257  -47.724  -8.241  50.999 0.0000000000
77243  -48.037  -7.982  50.661 0.0000000000
77255  -48.190  -7.691  49.820 0.0000000000
77256  -49.137  -7.387  49.505 0.0000000000
77210  -50.808  -7.756  51.969 0.0000000000
77204  -53.451  -7.498  53.545 0.0000000000
76219  -51.986  -8.460  54.934 0.0000000000
77193  -52.532  -7.873  54.457 0.0000000000
63383  -37.582  -20.209  65.323 0.0000000000
64536  -37.062  -19.700  64.856 0.0000000000
66554  -36.073  -18.406  64.113 0.0000000000
66555  -36.399  -17.973  64.332 0.0000000000
67520  -38.171  -16.109  64.947 0.0000000000
69654  -39.099  -15.074  65.067 0.0000000000
67524  -37.555  -16.320  63.821 0.0000000000
68577  -36.928  -15.617  61.935 0.0000000000
68608  -37.971  -15.145  60.137 0.0000000000
68626  -38.800  -14.943  59.441 0.0000000000
68594  -40.490  -14.300  60.727 0.0000000000
69719  -40.920  -13.976  61.368 0.0000000000
68595  -41.174  -13.984  60.512 0.0000000000
68579  -42.342  -13.690  61.155 0.0000000000
70843  -42.481  -12.850  64.478 0.0000000000
69676  -42.836  -12.933  63.821 0.0000000000
70845  -44.200  -12.543  64.756 0.0000000000
68570  -44.264  -13.402  61.914 0.0000000000
52249  -21.214  -30.071  71.632 0.0000000000
54352  -20.693  -29.036  71.892 0.0000000000
53319  -19.451  -29.536  72.026 0.0000000000
52267  -17.869  -30.601  70.225 0.0000000000
80342  -60.416  -4.322  46.244 0.0000000000
60335  -38.146  -23.567  64.309 0.0000000000
60334  -37.781  -23.189  64.749 0.0000000000
62381  -37.773  -21.841  65.102 0.0000000000
63402  -37.926  -21.104  64.953 0.0000000000
55484  -37.981  -26.975  67.969 0.0000000000
56700  -38.219  -26.329  67.615 0.0000000000
57894  -39.577  -25.824  68.337 0.0000000000
59105  -39.772  -24.857  66.835 0.0000000000
60279  -41.095  -23.466  68.378 0.0000000000
60289  -41.019  -22.882  68.050 0.0000000000
59122  -40.188  -23.745  66.987 0.0000000000
60305  -39.725  -23.408  66.546 0.0000000000
61365  -38.999  -22.607  66.478 0.0000000000
61350  -38.902  -22.191  66.667 0.0000000000
64517  -37.877  -19.864  65.979 0.0000000000
65581  -37.863  -19.343  66.071 0.0000000000
65575  -38.053  -18.647  66.609 0.0000000000
66534  -38.745  -17.493  67.859 0.0000000000
67480  -40.735  -17.263  70.518 0.0000000000
66517  -40.432  -17.674  70.235 0.0000000000
66525  -39.745  -17.475  69.526 0.0000000000
66529  -39.551  -17.036  68.988 0.0000000000
60257  -30.270  -22.785  70.551 0.0000000000
61313  -29.960  -22.542  69.277 0.0000000000
61326  -30.414  -22.912  68.330 0.0000000000
61337  -30.215  -23.164  67.581 0.0000000000
60303  -30.309  -23.321  66.756 0.0000000000
59103  -31.603  -24.185  67.899 0.0000000000
60318  -30.627  -23.548  65.606 0.0000000000
52233  -24.788  -30.268  73.480 0.0000000000
53322  -24.588  -30.149  72.238 0.0000000000
53341  -24.376  -29.722  71.513 0.0000000000
53354  -24.167  -29.350  70.451 0.0000000000
55424  -26.893  -28.047  73.182 0.0000000000
54355  -25.797  -28.140  71.407 0.0000000000
54367  -25.601  -27.756  70.827 0.0000000000
54365  -24.727  -29.037  70.941 0.0000000000
53381  -23.773  -30.008  68.024 0.0000000000
77263  -50.073  -7.066  48.466 0.0000000000
78209  -51.032  -6.753  48.792 0.0000000000
78234  -52.108  -6.418  47.359 0.0000000000
78246  -53.771  -6.467  46.595 0.0000000000
78255  -54.516  -6.435  45.764 0.0000000000
79256  -57.474  -5.752  46.633 0.0000000000
79257  -58.275  -5.564  46.776 0.0000000000
79252  -59.411  -5.445  47.757 0.0000000000
46774  -10.332  -35.346  76.475 0.0000000000
42757  -9.792  -38.767  74.740 0.0000000000
63400  -36.656  -20.383  64.174 0.0000000000
70969  -42.618  -13.536  55.200 0.0000000000
68644  -39.305  -14.632  58.877 0.0000000000
67590  -40.035  -15.275  58.489 0.0000000000
67551  -40.783  -14.930  59.817 0.0000000000
68599  -43.968  -14.399  61.216 0.0000000000
68673  -42.622  -15.295  56.287 0.0000000000
68657  -43.695  -15.432  57.400 0.0000000000
69808  -42.790  -14.815  55.894 0.0000000000
69809  -43.250  -14.494  56.043 0.0000000000
70970  -43.204  -13.548  55.765 0.0000000000
70940  -45.194  -12.895  57.860 0.0000000000
72045  -45.348  -12.366  57.771 0.0000000000
72046  -45.725  -12.020  58.115 0.0000000000
69737  -47.468  -14.213  60.717 0.0000000000
48876  -11.086  -33.548  77.806 0.0000000000
47853  -10.618  -34.756  77.169 0.0000000000
45777  -10.567  -36.096  75.254 0.0000000000
45792  -10.545  -36.200  74.319 0.0000000000
46821  -12.085  -35.037  72.601 0.0000000000
46832  -11.660  -35.615  72.381 0.0000000000
45742  -9.325  -36.063  77.190 0.0000000000
45741  -8.761  -36.470  77.484 0.0000000000
43691  -8.779  -38.173  76.898 0.0000000000
44663  -8.717  -37.320  77.634 0.0000000000
44630  -8.247  -37.237  79.230 0.0000000000
44615  -7.977  -37.129  79.571 0.0000000000
40908  -8.735  -41.284  76.488 0.0000000000
41843  -8.486  -40.047  77.421 0.0000000000
41836  -8.024  -40.223  77.890 0.0000000000
43636  -7.968  -37.771  78.949 0.0000000000
43621  -7.728  -37.665  79.234 0.0000000000
44614  -7.577  -37.180  79.625 0.0000000000
44613  -7.047  -36.966  79.800 0.0000000000
44597  -6.505  -36.753  80.130 0.0000000000
42687  -6.364  -38.945  79.587 0.0000000000
43606  -6.199  -36.706  80.310 0.0000000000
43597  -5.902  -36.628  80.446 0.0000000000
37887  -6.219  -44.266  76.954 0.0000000000
39981  -5.953  -41.248  77.946 0.0000000000
39980  -5.983  -41.160  77.930 0.0000000000
40889  -5.871  -40.177  78.166 0.0000000000
39982  -6.089  -41.404  78.025 0.0000000000
39986  -5.577  -41.246  77.664 0.0000000000
40882  -5.836  -40.042  78.515 0.0000000000
41814  -5.788  -39.437  79.345 0.0000000000
41815  -6.069  -39.465  79.407 0.0000000000
41823  -6.112  -39.842  78.868 0.0000000000
41835  -7.392  -40.614  77.998 0.0000000000
42685  -5.438  -39.058  79.393 0.0000000000
42698  -7.101  -39.114  78.968 0.0000000000
42725  -8.655  -38.963  78.313 0.0000000000
43605  -6.272  -37.035  80.090 0.0000000000
43653  -7.964  -38.435  78.789 0.0000000000
43672  -8.919  -38.934  77.942 0.0000000000
44612  -6.624  -37.365  79.628 0.0000000000
44664  -8.838  -36.761  77.067 0.0000000000
45687  -7.413  -36.757  80.045 0.0000000000
45723  -8.926  -35.893  77.747 0.0000000000
46785  -11.130  -35.250  75.357 0.0000000000
47840  -10.851  -34.245  77.657 0.0000000000
47886  -12.118  -34.331  74.609 0.0000000000
48905  -10.879  -34.214  75.675 0.0000000000
48922  -11.214  -34.592  75.426 0.0000000000
49006  -14.667  -33.766  70.530 0.0000000000
49951  -12.774  -33.164  74.456 0.0000000000
49982  -14.572  -32.231  72.151 0.0000000000
51068  -16.646  -30.805  71.944 0.0000000000
51070  -21.759  -30.577  72.498 0.0000000000
51085  -15.452  -32.383  70.611 0.0000000000
52181  -16.100  -30.754  74.233 0.0000000000
52203  -15.100  -30.613  73.554 0.0000000000
53318  -18.930  -29.833  71.654 0.0000000000
53321  -20.703  -29.195  72.345 0.0000000000
53338  -20.369  -29.510  71.715 0.0000000000
53339  -21.039  -29.003  71.843 0.0000000000
54336  -20.427  -29.212  72.106 0.0000000000
54337  -20.589  -29.050  72.107 0.0000000000
54341  -36.764  -27.413  71.669 0.0000000000
54351  -20.475  -29.215  71.872 0.0000000000
54356  -36.200  -27.518  71.470 0.0000000000
54357  -36.672  -27.254  70.929 0.0000000000
54381  -36.602  -27.127  69.303 0.0000000000
54393  -36.563  -27.143  68.798 0.0000000000
55411  -34.740  -25.618  73.504 0.0000000000
55478  -24.892  -28.256  68.350 0.0000000000
55499  -37.819  -26.693  67.567 0.0000000000
56627  -27.730  -26.653  71.446 0.0000000000
56644  -38.404  -26.553  70.135 0.0000000000
56647  -40.420  -26.070  70.320 0.0000000000
56657  -27.405  -26.347  70.312 0.0000000000
56677  -33.173  -26.115  68.421 0.0000000000
57764  -29.917  -24.704  75.476 0.0000000000
57813  -29.182  -25.781  72.437 0.0000000000
57835  -29.381  -25.271  72.129 0.0000000000
57911  -26.996  -25.305  67.198 0.0000000000
59006  -30.030  -24.132  74.917 0.0000000000
59087  -26.804  -25.401  67.892 0.0000000000
60202  -30.672  -23.982  75.192 0.0000000000
61287  -29.258  -22.948  70.872 0.0000000000
61297  -28.132  -23.187  70.014 0.0000000000
61300  -30.342  -22.759  69.978 0.0000000000
61327  -30.807  -22.964  68.634 0.0000000000
61336  -29.762  -23.007  67.711 0.0000000000
61347  -29.136  -23.048  66.875 0.0000000000
61349  -29.972  -23.153  67.289 0.0000000000
62397  -37.811  -21.547  65.041 0.0000000000
64534  -35.889  -19.244  63.901 0.0000000000
65555  -38.616  -18.014  68.216 0.0000000000
65591  -35.898  -18.692  63.945 0.0000000000
65609  -34.763  -19.508  62.697 0.0000000000
66524  -39.281  -17.896  69.333 0.0000000000
66550  -38.136  -17.302  65.959 0.0000000000
67492  -39.513  -16.853  68.666 0.0000000000
67498  -39.066  -16.936  67.741 0.0000000000
67595  -45.072  -15.727  58.625 0.0000000000
67596  -45.419  -15.412  58.854 0.0000000000
67617  -44.570  -15.602  58.220 0.0000000000
68542  -39.724  -15.460  67.596 0.0000000000
68564  -38.384  -15.576  64.494 0.0000000000
68615  -46.663  -15.034  60.365 0.0000000000
68628  -45.342  -15.565  59.435 0.0000000000
69635  -38.927  -14.941  65.636 0.0000000000
69655  -39.505  -14.493  65.295 0.0000000000
69699  -38.147  -14.948  63.180 0.0000000000
70805  -39.582  -14.007  66.085 0.0000000000
70823  -39.776  -14.177  65.519 0.0000000000
70841  -40.612  -13.971  63.993 0.0000000000
70856  -40.737  -14.039  63.690 0.0000000000
70857  -40.910  -13.962  63.845 0.0000000000
70905  -46.881  -12.460  59.831 0.0000000000
74204  -46.907  -10.355  55.668 0.0000000000
74215  -47.376  -10.410  55.194 0.0000000000
76212  -49.901  -9.066  55.858 0.0000000000
76230  -47.909  -9.131  52.234 0.0000000000
76240  -45.806  -9.104  51.593 0.0000000000
76256  -47.316  -8.384  51.135 0.0000000000
77242  -47.378  -8.126  50.701 0.0000000000
77253  -46.885  -8.126  50.521 0.0000000000
