#!ascii label  , from subject 3702 vox2ras=TkReg
1337
63552  -45.063  -21.289  56.825 0.0000000000
74266  -58.096  -11.983  50.105 0.0000000000
71001  -49.382  -14.324  53.683 0.0000000000
41851  -15.748  -40.547  75.566 0.0000000000
62410  -42.368  -21.396  63.254 0.0000000000
48894  -32.453  -33.557  76.993 0.0000000000
49947  -41.404  -32.908  75.082 0.0000000000
54384  -46.256  -28.353  69.598 0.0000000000
59107  -47.948  -24.608  67.229 0.0000000000
46855  -23.965  -36.024  70.876 0.0000000000
46770  -27.693  -35.823  77.568 0.0000000000
48980  -28.859  -34.259  71.680 0.0000000000
50039  -36.205  -32.519  69.697 0.0000000000
52301  -41.230  -30.814  69.562 0.0000000000
64586  -48.069  -20.564  62.628 0.0000000000
63513  -51.649  -20.763  59.285 0.0000000000
73153  -53.572  -11.806  52.018 0.0000000000
66634  -47.366  -17.775  55.042 0.0000000000
74321  -56.190  -10.529  44.787 0.0000000000
37891  -13.368  -44.312  77.367 0.0000000000
64498  -46.754  -19.831  66.019 0.0000000000
63484  -43.452  -20.743  60.731 0.0000000000
53343  -32.888  -30.013  71.091 0.0000000000
48947  -36.163  -33.645  75.289 0.0000000000
67599  -52.242  -16.385  58.849 0.0000000000
77312  -62.886  -6.544  41.566 0.0000000000
54395  -43.917  -28.634  67.821 0.0000000000
55518  -45.127  -27.025  66.893 0.0000000000
47925  -25.742  -35.156  71.660 0.0000000000
52347  -39.405  -30.508  67.646 0.0000000000
53387  -41.621  -29.917  67.936 0.0000000000
53358  -43.887  -29.817  69.822 0.0000000000
62443  -46.653  -21.336  59.804 0.0000000000
63466  -50.693  -20.905  61.679 0.0000000000
63532  -47.579  -20.900  58.148 0.0000000000
73193  -55.497  -11.604  50.589 0.0000000000
73128  -56.202  -11.792  53.735 0.0000000000
75267  -60.563  -10.277  49.375 0.0000000000
40939  -14.060  -41.329  72.832 0.0000000000
39999  -14.562  -42.722  76.563 0.0000000000
61366  -45.187  -22.613  64.874 0.0000000000
61355  -47.322  -22.086  66.521 0.0000000000
63385  -44.940  -20.881  65.090 0.0000000000
64559  -45.016  -19.525  63.637 0.0000000000
64581  -42.939  -19.687  62.515 0.0000000000
47857  -30.222  -34.910  77.023 0.0000000000
47814  -28.530  -34.931  80.575 0.0000000000
48852  -31.331  -33.841  80.149 0.0000000000
49898  -33.775  -33.190  78.659 0.0000000000
52318  -30.265  -30.240  68.725 0.0000000000
52343  -32.143  -29.702  67.686 0.0000000000
49990  -39.020  -33.195  71.776 0.0000000000
49000  -36.634  -33.189  72.324 0.0000000000
48949  -38.230  -33.908  74.710 0.0000000000
48898  -38.185  -33.532  77.758 0.0000000000
44771  -19.386  -37.594  73.015 0.0000000000
45753  -20.908  -37.572  76.090 0.0000000000
45724  -20.688  -37.605  79.068 0.0000000000
68706  -48.315  -15.920  54.470 0.0000000000
66622  -49.439  -17.220  56.382 0.0000000000
69811  -50.503  -14.963  56.563 0.0000000000
79293  -64.729  -5.223  41.024 0.0000000000
41824  -15.450  -40.716  79.709 0.0000000000
55434  -47.660  -27.315  72.214 0.0000000000
56635  -48.633  -25.694  70.976 0.0000000000
56665  -46.995  -26.905  68.714 0.0000000000
57957  -45.588  -25.312  65.809 0.0000000000
45782  -23.464  -36.492  74.553 0.0000000000
46776  -25.449  -36.289  76.468 0.0000000000
46800  -25.708  -35.863  74.622 0.0000000000
47889  -28.590  -35.005  74.300 0.0000000000
47891  -30.343  -34.279  74.218 0.0000000000
51170  -33.727  -31.528  66.634 0.0000000000
51156  -36.489  -31.483  67.500 0.0000000000
51114  -38.925  -31.612  69.621 0.0000000000
51059  -41.185  -31.959  72.374 0.0000000000
52237  -43.179  -30.575  72.648 0.0000000000
53329  -45.524  -29.364  72.514 0.0000000000
45872  -21.787  -36.759  71.039 0.0000000000
64523  -50.543  -19.658  65.915 0.0000000000
64526  -53.485  -19.691  65.960 0.0000000000
64565  -51.424  -19.483  63.979 0.0000000000
63442  -53.560  -20.396  62.148 0.0000000000
72088  -51.269  -12.782  52.954 0.0000000000
70974  -52.081  -13.298  55.667 0.0000000000
72072  -54.765  -12.406  55.186 0.0000000000
33438  -9.374  -48.762  81.352 0.0000000000
64682  -46.325  -20.044  56.388 0.0000000000
68715  -45.927  -16.369  53.094 0.0000000000
71039  -48.672  -13.526  51.334 0.0000000000
72132  -50.499  -12.453  50.296 0.0000000000
73210  -52.506  -11.820  49.398 0.0000000000
73245  -54.809  -11.473  47.825 0.0000000000
74299  -57.386  -11.109  46.834 0.0000000000
73262  -54.056  -11.170  45.965 0.0000000000
39975  -14.573  -42.478  80.018 0.0000000000
38944  -12.692  -43.886  81.293 0.0000000000
36784  -10.628  -46.183  81.533 0.0000000000
64457  -51.142  -20.160  70.422 0.0000000000
61317  -48.983  -22.619  69.948 0.0000000000
62355  -48.692  -21.034  68.868 0.0000000000
64485  -48.975  -19.523  67.552 0.0000000000
64541  -47.259  -19.683  64.437 0.0000000000
63462  -46.090  -20.626  61.587 0.0000000000
62452  -44.258  -21.451  59.391 0.0000000000
46725  -26.536  -35.815  80.414 0.0000000000
49984  -30.439  -32.220  71.799 0.0000000000
49955  -32.716  -31.818  74.065 0.0000000000
50051  -33.379  -32.095  69.815 0.0000000000
51057  -34.071  -31.795  73.031 0.0000000000
49944  -34.385  -32.623  75.822 0.0000000000
49922  -35.945  -32.972  78.014 0.0000000000
41876  -15.252  -39.899  72.666 0.0000000000
43759  -16.840  -38.809  72.932 0.0000000000
43711  -17.086  -39.044  76.082 0.0000000000
64667  -49.078  -19.527  57.509 0.0000000000
65635  -51.577  -18.796  58.158 0.0000000000
65623  -54.419  -17.940  58.966 0.0000000000
69777  -53.116  -14.200  59.213 0.0000000000
74301  -59.405  -10.784  46.729 0.0000000000
74327  -61.428  -10.210  45.262 0.0000000000
75322  -62.883  -8.809  43.983 0.0000000000
76308  -61.644  -8.706  41.906 0.0000000000
77284  -64.296  -7.512  43.315 0.0000000000
54406  -43.085  -28.564  66.652 0.0000000000
54422  -43.668  -27.937  66.227 0.0000000000
54443  -42.642  -27.931  65.084 0.0000000000
53405  -40.744  -29.941  67.126 0.0000000000
53425  -41.623  -29.266  66.068 0.0000000000
53389  -43.205  -29.239  68.044 0.0000000000
62473  -45.745  -21.590  58.475 0.0000000000
62455  -47.022  -21.472  59.156 0.0000000000
63531  -46.907  -20.988  57.952 0.0000000000
73215  -57.098  -12.227  49.998 0.0000000000
73175  -57.246  -11.921  51.745 0.0000000000
74257  -58.936  -11.572  51.127 0.0000000000
74258  -60.228  -10.747  50.641 0.0000000000
74268  -59.912  -10.720  49.507 0.0000000000
41859  -14.637  -41.015  74.120 0.0000000000
40924  -14.599  -41.774  74.717 0.0000000000
40910  -15.461  -41.347  76.840 0.0000000000
62398  -43.974  -21.523  64.139 0.0000000000
62383  -44.981  -21.386  65.058 0.0000000000
63403  -43.635  -20.868  64.080 0.0000000000
64537  -43.792  -20.102  64.004 0.0000000000
64556  -42.455  -19.913  63.058 0.0000000000
45727  -23.121  -36.912  78.474 0.0000000000
47858  -31.013  -34.565  76.802 0.0000000000
48877  -30.866  -34.460  78.160 0.0000000000
48878  -31.548  -34.075  77.804 0.0000000000
48853  -32.330  -33.643  80.132 0.0000000000
48879  -32.668  -33.525  78.104 0.0000000000
48969  -40.235  -33.388  73.000 0.0000000000
48968  -39.476  -33.766  73.288 0.0000000000
48933  -40.280  -33.966  75.267 0.0000000000
48915  -39.939  -33.902  76.685 0.0000000000
45780  -21.895  -36.970  74.612 0.0000000000
45755  -22.500  -37.294  76.504 0.0000000000
45744  -21.581  -37.511  77.801 0.0000000000
63357  -51.559  -20.877  68.157 0.0000000000
69841  -48.694  -15.145  54.241 0.0000000000
68693  -49.416  -15.646  55.422 0.0000000000
69843  -49.972  -14.649  55.271 0.0000000000
54373  -46.809  -28.487  70.631 0.0000000000
55461  -47.847  -27.267  70.194 0.0000000000
55472  -46.341  -27.847  69.166 0.0000000000
57940  -45.234  -26.191  66.317 0.0000000000
57977  -44.511  -25.612  65.179 0.0000000000
59153  -44.556  -24.704  64.678 0.0000000000
45818  -23.764  -36.308  73.030 0.0000000000
46799  -24.855  -35.962  74.649 0.0000000000
46823  -24.876  -35.805  72.831 0.0000000000
47927  -27.869  -34.635  71.298 0.0000000000
47900  -27.699  -35.157  73.360 0.0000000000
47901  -28.657  -34.816  73.242 0.0000000000
47890  -29.579  -34.639  74.108 0.0000000000
47916  -29.404  -34.177  72.587 0.0000000000
52366  -35.381  -30.923  66.227 0.0000000000
52323  -40.250  -30.602  68.672 0.0000000000
52322  -39.119  -31.030  68.786 0.0000000000
52300  -40.174  -31.217  69.815 0.0000000000
51076  -40.347  -32.017  71.404 0.0000000000
52256  -41.440  -31.567  71.392 0.0000000000
52236  -42.425  -31.029  72.547 0.0000000000
52258  -42.897  -30.733  71.520 0.0000000000
53375  -44.443  -29.253  69.280 0.0000000000
53360  -45.229  -29.762  71.118 0.0000000000
54372  -45.857  -29.223  70.773 0.0000000000
54360  -46.659  -28.638  71.714 0.0000000000
46854  -22.834  -36.627  71.001 0.0000000000
64563  -48.972  -19.975  64.012 0.0000000000
64545  -51.360  -19.789  65.151 0.0000000000
64564  -49.986  -19.880  63.862 0.0000000000
63491  -51.236  -21.148  60.332 0.0000000000
63440  -51.458  -20.591  62.171 0.0000000000
63492  -52.073  -21.006  60.127 0.0000000000
63469  -54.113  -20.485  61.353 0.0000000000
63515  -53.155  -20.593  59.845 0.0000000000
72102  -51.911  -12.430  52.264 0.0000000000
72080  -52.887  -12.630  54.486 0.0000000000
72090  -53.329  -12.395  53.409 0.0000000000
73118  -57.822  -11.651  55.014 0.0000000000
72115  -49.209  -12.860  50.728 0.0000000000
72130  -49.011  -12.774  49.913 0.0000000000
73226  -51.310  -11.929  48.289 0.0000000000
73242  -51.957  -11.760  47.426 0.0000000000
73229  -54.132  -11.661  48.631 0.0000000000
73244  -53.852  -11.617  47.640 0.0000000000
73255  -54.531  -11.345  46.713 0.0000000000
37910  -12.842  -44.061  75.546 0.0000000000
36815  -12.121  -45.402  77.708 0.0000000000
41812  -14.945  -40.470  81.555 0.0000000000
40886  -15.038  -41.446  79.700 0.0000000000
41811  -14.497  -41.234  81.161 0.0000000000
38936  -13.015  -43.246  82.740 0.0000000000
37859  -11.952  -44.281  82.823 0.0000000000
37863  -11.578  -44.947  81.388 0.0000000000
37852  -11.459  -44.832  83.307 0.0000000000
36768  -11.043  -46.245  83.324 0.0000000000
57897  -48.456  -25.180  68.611 0.0000000000
59071  -48.712  -24.413  70.550 0.0000000000
59108  -48.780  -24.241  67.962 0.0000000000
62374  -47.366  -21.435  66.919 0.0000000000
61341  -48.383  -21.878  67.915 0.0000000000
63355  -47.811  -20.373  67.522 0.0000000000
64474  -49.379  -19.690  68.476 0.0000000000
64484  -47.989  -19.806  67.295 0.0000000000
64500  -48.659  -19.406  66.605 0.0000000000
64520  -47.444  -19.499  65.418 0.0000000000
63434  -44.180  -19.847  62.185 0.0000000000
63436  -45.601  -20.096  62.647 0.0000000000
63485  -44.472  -20.816  60.908 0.0000000000
62441  -44.885  -21.327  60.153 0.0000000000
62440  -43.932  -21.206  60.245 0.0000000000
46769  -26.841  -35.942  77.516 0.0000000000
46756  -26.549  -35.941  78.488 0.0000000000
46757  -27.370  -35.787  78.524 0.0000000000
52296  -31.275  -30.041  69.666 0.0000000000
52273  -30.655  -30.853  70.403 0.0000000000
52253  -31.701  -30.770  71.259 0.0000000000
49968  -31.359  -31.860  73.001 0.0000000000
51055  -32.382  -31.009  72.136 0.0000000000
51133  -35.111  -31.928  68.259 0.0000000000
50052  -34.056  -32.201  69.344 0.0000000000
50038  -35.056  -32.500  69.802 0.0000000000
48965  -36.389  -33.504  74.202 0.0000000000
49988  -35.422  -33.153  72.792 0.0000000000
48963  -35.206  -32.710  74.138 0.0000000000
49957  -34.340  -32.297  74.764 0.0000000000
49958  -34.997  -32.632  75.259 0.0000000000
49933  -35.144  -32.941  76.929 0.0000000000
48929  -36.051  -33.466  76.408 0.0000000000
53296  -43.203  -29.788  75.348 0.0000000000
43760  -17.614  -38.470  73.071 0.0000000000
43726  -17.895  -38.350  74.857 0.0000000000
43725  -17.192  -38.968  75.103 0.0000000000
45691  -20.344  -36.933  81.210 0.0000000000
65679  -46.853  -18.549  55.267 0.0000000000
64683  -47.339  -19.621  56.570 0.0000000000
65665  -48.471  -18.473  56.317 0.0000000000
67597  -50.845  -17.028  57.949 0.0000000000
66595  -50.688  -18.031  58.050 0.0000000000
66596  -51.661  -17.684  58.339 0.0000000000
64652  -53.586  -18.929  58.514 0.0000000000
66598  -53.328  -17.439  59.093 0.0000000000
72059  -53.391  -12.979  56.624 0.0000000000
70944  -52.856  -13.655  57.767 0.0000000000
72038  -53.785  -13.275  58.479 0.0000000000
74311  -56.719  -10.741  45.822 0.0000000000
74300  -58.442  -10.940  46.779 0.0000000000
74312  -57.733  -10.816  45.831 0.0000000000
74325  -59.980  -10.720  44.652 0.0000000000
75309  -60.575  -10.231  44.191 0.0000000000
75311  -62.635  -9.192  44.775 0.0000000000
75320  -61.010  -9.791  43.466 0.0000000000
78283  -61.417  -6.358  40.407 0.0000000000
77298  -61.015  -7.774  40.839 0.0000000000
76334  -62.244  -7.546  41.280 0.0000000000
76310  -63.387  -7.970  42.896 0.0000000000
77291  -64.062  -7.117  42.786 0.0000000000
78271  -64.484  -6.574  42.336 0.0000000000
77313  -65.015  -7.405  40.656 0.0000000000
54396  -44.901  -28.450  68.456 0.0000000000
55500  -45.105  -27.809  67.743 0.0000000000
54423  -44.162  -27.984  66.790 0.0000000000
55539  -44.167  -27.102  65.739 0.0000000000
47924  -25.108  -35.391  71.254 0.0000000000
52370  -39.618  -29.972  66.651 0.0000000000
52348  -40.407  -30.273  67.558 0.0000000000
52324  -41.285  -30.318  68.442 0.0000000000
52280  -43.181  -30.374  70.322 0.0000000000
53373  -42.708  -29.690  68.739 0.0000000000
53390  -43.992  -28.979  68.540 0.0000000000
63464  -48.283  -20.882  61.401 0.0000000000
64607  -49.029  -20.760  62.150 0.0000000000
63489  -49.044  -21.315  60.274 0.0000000000
63510  -48.699  -21.487  59.073 0.0000000000
63534  -49.366  -20.833  58.465 0.0000000000
73172  -54.884  -11.628  51.376 0.0000000000
72092  -54.989  -11.936  53.303 0.0000000000
73156  -55.895  -11.659  52.226 0.0000000000
73142  -57.468  -11.603  53.353 0.0000000000
75277  -61.403  -9.565  48.419 0.0000000000
40005  -14.050  -42.893  75.416 0.0000000000
38961  -13.991  -43.605  77.175 0.0000000000
60307  -46.911  -23.465  66.062 0.0000000000
60290  -48.298  -23.511  67.023 0.0000000000
61368  -46.541  -22.438  65.478 0.0000000000
62372  -45.935  -21.150  65.867 0.0000000000
63367  -46.198  -20.543  66.063 0.0000000000
64518  -45.711  -19.729  65.042 0.0000000000
64538  -44.603  -19.779  64.250 0.0000000000
64582  -43.907  -19.657  62.513 0.0000000000
63459  -43.102  -20.146  61.422 0.0000000000
47855  -28.588  -35.694  77.524 0.0000000000
47841  -28.245  -35.697  78.707 0.0000000000
47842  -29.276  -35.405  78.471 0.0000000000
47816  -30.379  -34.338  80.253 0.0000000000
48854  -33.226  -33.646  80.213 0.0000000000
53385  -31.210  -29.372  68.311 0.0000000000
53371  -32.510  -29.838  69.400 0.0000000000
50006  -37.664  -32.977  71.221 0.0000000000
50005  -36.704  -33.125  71.384 0.0000000000
49001  -37.355  -32.979  71.959 0.0000000000
48966  -37.400  -33.745  73.867 0.0000000000
48948  -37.165  -33.849  74.989 0.0000000000
48930  -36.934  -33.763  76.098 0.0000000000
48914  -38.676  -33.709  76.799 0.0000000000
45840  -20.047  -37.086  71.911 0.0000000000
44750  -19.894  -37.383  73.725 0.0000000000
44711  -19.805  -37.585  75.734 0.0000000000
44667  -19.350  -37.816  77.677 0.0000000000
44669  -20.942  -37.631  77.493 0.0000000000
66655  -47.423  -17.261  54.680 0.0000000000
66621  -48.859  -17.738  56.091 0.0000000000
66637  -49.226  -16.637  55.781 0.0000000000
67637  -50.158  -16.225  56.633 0.0000000000
68661  -51.463  -15.607  57.709 0.0000000000
75314  -55.281  -9.643  43.691 0.0000000000
74331  -56.631  -10.387  43.928 0.0000000000
75315  -56.182  -9.516  43.374 0.0000000000
79291  -62.791  -5.344  40.986 0.0000000000
79280  -63.373  -5.381  41.525 0.0000000000
80387  -63.444  -4.514  40.964 0.0000000000
81430  -64.399  -4.092  40.465 0.0000000000
42727  -16.449  -39.674  77.384 0.0000000000
41837  -15.830  -40.614  77.556 0.0000000000
57800  -48.356  -25.856  72.568 0.0000000000
56619  -48.169  -26.532  71.931 0.0000000000
56667  -48.336  -26.123  69.499 0.0000000000
57918  -47.340  -25.617  67.512 0.0000000000
56682  -45.919  -26.894  67.759 0.0000000000
57942  -46.480  -25.594  66.818 0.0000000000
59124  -46.651  -24.516  66.203 0.0000000000
60323  -45.209  -23.971  64.981 0.0000000000
61378  -44.663  -22.640  64.250 0.0000000000
45766  -23.493  -36.751  75.494 0.0000000000
45757  -24.054  -36.766  76.458 0.0000000000
46787  -24.715  -36.329  75.514 0.0000000000
46788  -25.563  -36.026  75.552 0.0000000000
46789  -26.415  -35.822  75.575 0.0000000000
47898  -25.963  -35.333  73.133 0.0000000000
47887  -26.943  -35.567  74.249 0.0000000000
46791  -28.084  -35.646  75.833 0.0000000000
47866  -29.490  -35.211  76.226 0.0000000000
47867  -30.356  -34.887  76.006 0.0000000000
48908  -31.671  -33.845  75.549 0.0000000000
51155  -35.477  -31.686  67.460 0.0000000000
51134  -36.067  -31.949  68.219 0.0000000000
52345  -37.292  -31.135  67.426 0.0000000000
51136  -37.771  -31.694  68.651 0.0000000000
51092  -37.713  -32.384  69.796 0.0000000000
50008  -39.325  -32.616  71.181 0.0000000000
49992  -40.368  -32.548  72.010 0.0000000000
49960  -41.345  -32.639  73.868 0.0000000000
50999  -41.930  -31.807  75.561 0.0000000000
51038  -42.098  -31.399  73.456 0.0000000000
52217  -42.697  -30.730  73.584 0.0000000000
53310  -43.906  -29.606  73.716 0.0000000000
52259  -43.703  -30.434  71.175 0.0000000000
53346  -44.536  -30.116  71.577 0.0000000000
54343  -45.032  -28.830  73.709 0.0000000000
54330  -46.160  -28.271  73.593 0.0000000000
45841  -21.175  -36.978  71.917 0.0000000000
64502  -50.694  -19.691  66.837 0.0000000000
65582  -52.018  -19.762  65.626 0.0000000000
65595  -52.582  -19.540  65.080 0.0000000000
65605  -53.476  -19.174  64.210 0.0000000000
63439  -50.909  -20.598  62.207 0.0000000000
64590  -53.067  -19.869  62.818 0.0000000000
71002  -50.616  -13.543  53.534 0.0000000000
70987  -50.312  -14.235  54.860 0.0000000000
70989  -52.285  -13.091  54.917 0.0000000000
72070  -52.804  -12.891  55.561 0.0000000000
72060  -54.556  -12.541  56.365 0.0000000000
72073  -55.661  -12.183  54.876 0.0000000000
72061  -55.704  -12.250  55.992 0.0000000000
63573  -44.675  -20.899  56.234 0.0000000000
63574  -45.503  -20.570  56.304 0.0000000000
64699  -45.241  -19.841  55.566 0.0000000000
64719  -45.132  -19.097  54.683 0.0000000000
65698  -46.184  -18.241  54.643 0.0000000000
66673  -46.112  -17.238  53.968 0.0000000000
67680  -47.220  -16.525  54.139 0.0000000000
68718  -48.107  -15.340  53.871 0.0000000000
69877  -48.064  -14.720  52.946 0.0000000000
71017  -48.474  -14.401  52.526 0.0000000000
71019  -50.543  -13.038  52.536 0.0000000000
72101  -51.050  -12.610  51.988 0.0000000000
72118  -51.636  -12.171  51.256 0.0000000000
72155  -49.963  -12.420  48.891 0.0000000000
73189  -51.966  -11.927  50.292 0.0000000000
73190  -52.842  -11.715  50.315 0.0000000000
73192  -54.626  -11.530  50.494 0.0000000000
73213  -55.266  -11.526  49.700 0.0000000000
73232  -56.623  -11.931  49.062 0.0000000000
74276  -58.199  -11.594  48.913 0.0000000000
74286  -56.243  -11.363  47.556 0.0000000000
74297  -55.230  -11.109  46.336 0.0000000000
74309  -54.709  -10.816  45.581 0.0000000000
74319  -54.409  -10.214  44.785 0.0000000000
40902  -14.984  -41.960  78.147 0.0000000000
39983  -14.697  -42.506  78.422 0.0000000000
38950  -14.150  -43.439  78.908 0.0000000000
39972  -13.685  -42.386  81.911 0.0000000000
38945  -13.450  -43.546  80.795 0.0000000000
37875  -12.889  -44.450  78.966 0.0000000000
37873  -11.768  -45.240  79.577 0.0000000000
36803  -10.918  -46.228  79.654 0.0000000000
35721  -10.242  -46.866  80.020 0.0000000000
34582  -9.790  -47.783  81.762 0.0000000000
64477  -51.478  -20.114  69.066 0.0000000000
61303  -49.247  -22.660  71.116 0.0000000000
60291  -48.739  -22.852  67.854 0.0000000000
61330  -48.761  -22.023  68.777 0.0000000000
63340  -49.832  -20.511  70.059 0.0000000000
64475  -50.299  -19.447  68.659 0.0000000000
64487  -51.010  -19.443  67.846 0.0000000000
64501  -49.721  -19.316  66.744 0.0000000000
64543  -49.237  -19.815  64.836 0.0000000000
64562  -48.132  -20.195  63.737 0.0000000000
64540  -46.275  -19.636  64.305 0.0000000000
64561  -46.950  -20.271  63.374 0.0000000000
64585  -47.310  -20.483  62.582 0.0000000000
63487  -46.492  -21.053  60.603 0.0000000000
62453  -45.291  -21.544  59.298 0.0000000000
62472  -44.784  -21.536  58.452 0.0000000000
63432  -41.307  -20.522  62.643 0.0000000000
64602  -41.143  -19.829  61.747 0.0000000000
63482  -41.884  -20.209  60.826 0.0000000000
63507  -42.277  -20.673  60.272 0.0000000000
62470  -42.279  -21.359  58.574 0.0000000000
62491  -42.664  -21.321  57.298 0.0000000000
63550  -43.394  -21.534  56.483 0.0000000000
47825  -27.533  -35.408  80.253 0.0000000000
49012  -29.202  -33.290  69.901 0.0000000000
50019  -30.003  -32.299  70.214 0.0000000000
49983  -29.957  -32.994  71.334 0.0000000000
48962  -30.380  -33.303  72.797 0.0000000000
48945  -31.328  -32.948  74.081 0.0000000000
48927  -31.945  -33.146  75.248 0.0000000000
51152  -32.450  -30.994  67.961 0.0000000000
51130  -32.579  -30.859  68.839 0.0000000000
52276  -33.196  -30.556  70.606 0.0000000000
50022  -34.798  -32.630  70.954 0.0000000000
50002  -33.666  -31.966  71.903 0.0000000000
52235  -33.508  -30.508  72.013 0.0000000000
51012  -33.242  -31.276  73.609 0.0000000000
49956  -33.500  -32.086  74.652 0.0000000000
49930  -32.953  -32.871  76.294 0.0000000000
49919  -33.972  -33.039  77.411 0.0000000000
49907  -34.814  -32.920  78.412 0.0000000000
41867  -14.761  -40.709  73.651 0.0000000000
41860  -15.214  -40.601  74.460 0.0000000000
43773  -16.892  -38.559  72.137 0.0000000000
43772  -16.122  -38.752  71.629 0.0000000000
42804  -16.249  -39.239  72.845 0.0000000000
42777  -16.573  -39.432  74.488 0.0000000000
41852  -16.275  -39.979  75.733 0.0000000000
43693  -16.913  -39.028  77.014 0.0000000000
44649  -19.818  -37.701  78.737 0.0000000000
64665  -47.080  -20.214  56.962 0.0000000000
64647  -48.457  -20.344  57.802 0.0000000000
64649  -49.915  -19.978  58.069 0.0000000000
65650  -49.208  -18.638  57.091 0.0000000000
65634  -50.533  -19.074  57.968 0.0000000000
64650  -51.316  -20.087  58.502 0.0000000000
64633  -53.397  -19.976  59.371 0.0000000000
69829  -50.948  -14.333  56.455 0.0000000000
70942  -51.643  -14.609  57.394 0.0000000000
68648  -52.384  -15.646  58.825 0.0000000000
74288  -58.250  -11.287  47.793 0.0000000000
74290  -60.053  -10.465  47.627 0.0000000000
75285  -60.745  -9.912  47.563 0.0000000000
74323  -58.070  -10.550  44.939 0.0000000000
74315  -60.664  -10.527  45.794 0.0000000000
75293  -61.631  -9.656  46.692 0.0000000000
76279  -62.863  -8.799  46.603 0.0000000000
76288  -63.784  -8.498  45.811 0.0000000000
75341  -60.491  -9.019  41.894 0.0000000000
75331  -62.553  -8.780  43.090 0.0000000000
76300  -63.563  -8.355  44.021 0.0000000000
78280  -65.247  -6.465  41.594 0.0000000000
53426  -42.435  -28.786  66.272 0.0000000000
54421  -42.830  -28.258  65.943 0.0000000000
53407  -42.530  -29.225  67.032 0.0000000000
63529  -45.368  -21.500  57.646 0.0000000000
62474  -46.561  -21.429  58.503 0.0000000000
63530  -46.190  -21.252  57.763 0.0000000000
74265  -57.591  -12.206  49.742 0.0000000000
73216  -57.591  -12.111  50.521 0.0000000000
74267  -59.163  -11.383  49.795 0.0000000000
40925  -15.266  -41.075  75.112 0.0000000000
40916  -15.283  -41.225  75.815 0.0000000000
62411  -43.184  -21.704  63.707 0.0000000000
63418  -42.907  -20.558  63.592 0.0000000000
45746  -23.184  -37.006  77.418 0.0000000000
48893  -31.745  -34.048  76.496 0.0000000000
48952  -41.040  -33.228  74.213 0.0000000000
48951  -40.374  -33.712  74.011 0.0000000000
48934  -40.940  -33.609  74.747 0.0000000000
49946  -41.001  -33.597  75.301 0.0000000000
45745  -22.417  -37.362  77.589 0.0000000000
69858  -48.976  -14.722  54.049 0.0000000000
69842  -49.449  -14.823  54.699 0.0000000000
70986  -49.711  -14.450  54.411 0.0000000000
54385  -46.876  -28.111  69.994 0.0000000000
57976  -43.821  -25.488  64.397 0.0000000000
46822  -24.287  -35.979  73.095 0.0000000000
46836  -23.752  -36.141  72.092 0.0000000000
47914  -27.764  -34.852  72.352 0.0000000000
47915  -28.805  -34.532  72.201 0.0000000000
47902  -29.391  -34.400  73.144 0.0000000000
52278  -41.171  -31.393  70.696 0.0000000000
52257  -41.923  -31.263  71.568 0.0000000000
52279  -42.121  -30.824  70.496 0.0000000000
54383  -45.342  -28.972  69.657 0.0000000000
54371  -45.397  -29.337  70.222 0.0000000000
46835  -23.156  -36.443  71.706 0.0000000000
64587  -49.253  -20.184  62.969 0.0000000000
63512  -50.758  -21.120  59.411 0.0000000000
63493  -52.788  -20.818  60.367 0.0000000000
63514  -52.571  -20.657  59.607 0.0000000000
72103  -52.881  -12.186  52.384 0.0000000000
72104  -53.666  -12.057  52.672 0.0000000000
73119  -58.765  -11.475  55.216 0.0000000000
73243  -52.890  -11.716  47.533 0.0000000000
73253  -52.608  -11.501  46.611 0.0000000000
73254  -53.527  -11.478  46.694 0.0000000000
37901  -13.412  -43.994  76.420 0.0000000000
37900  -12.697  -44.723  76.559 0.0000000000
36824  -12.300  -45.302  77.000 0.0000000000
37890  -12.733  -44.888  77.564 0.0000000000
41808  -14.518  -41.037  82.186 0.0000000000
36758  -11.707  -45.733  83.929 0.0000000000
57919  -48.156  -25.146  67.880 0.0000000000
59093  -48.766  -24.458  69.102 0.0000000000
63368  -47.132  -20.416  66.910 0.0000000000
64499  -47.643  -19.596  66.392 0.0000000000
63460  -43.998  -20.111  61.762 0.0000000000
63461  -45.022  -20.570  61.760 0.0000000000
62439  -43.502  -21.035  60.242 0.0000000000
52275  -32.333  -30.109  70.612 0.0000000000
52274  -31.422  -30.520  70.574 0.0000000000
52254  -32.294  -30.556  71.320 0.0000000000
51073  -31.857  -30.993  71.653 0.0000000000
52234  -32.929  -30.217  72.112 0.0000000000
51110  -35.645  -32.057  69.031 0.0000000000
50053  -34.812  -32.016  69.004 0.0000000000
48984  -35.644  -33.170  73.471 0.0000000000
48964  -35.438  -32.958  74.501 0.0000000000
49971  -34.973  -32.508  74.652 0.0000000000
48946  -35.479  -33.179  75.652 0.0000000000
53297  -43.747  -29.342  74.980 0.0000000000
44689  -18.808  -37.875  76.717 0.0000000000
65664  -47.566  -18.887  56.057 0.0000000000
65680  -47.815  -18.186  55.535 0.0000000000
67598  -51.649  -16.593  58.339 0.0000000000
66597  -52.680  -17.266  59.006 0.0000000000
72048  -54.410  -12.691  57.607 0.0000000000
72047  -53.606  -13.207  57.893 0.0000000000
75319  -59.961  -10.127  43.343 0.0000000000
78284  -62.279  -6.302  40.682 0.0000000000
77310  -61.767  -7.253  40.762 0.0000000000
77311  -62.533  -6.946  41.298 0.0000000000
77299  -62.714  -7.263  41.631 0.0000000000
77300  -63.280  -6.962  41.939 0.0000000000
78270  -64.067  -6.584  42.410 0.0000000000
78278  -63.849  -6.065  42.144 0.0000000000
54408  -44.428  -28.115  67.401 0.0000000000
54444  -43.165  -27.891  65.646 0.0000000000
55516  -44.042  -27.483  65.933 0.0000000000
55538  -43.471  -27.336  65.346 0.0000000000
52394  -39.358  -29.713  66.032 0.0000000000
52349  -41.106  -30.040  67.644 0.0000000000
52325  -42.042  -30.005  68.465 0.0000000000
53408  -43.291  -28.792  67.335 0.0000000000
63463  -47.141  -20.729  61.323 0.0000000000
63488  -47.649  -21.323  60.078 0.0000000000
63509  -47.772  -21.344  58.811 0.0000000000
63511  -49.805  -21.382  59.284 0.0000000000
73155  -55.155  -11.679  52.153 0.0000000000
73173  -55.707  -11.664  51.436 0.0000000000
73159  -58.069  -11.663  52.722 0.0000000000
73143  -58.233  -11.555  53.511 0.0000000000
73144  -59.042  -11.424  53.634 0.0000000000
75268  -61.291  -9.726  49.401 0.0000000000
75276  -60.629  -10.010  48.501 0.0000000000
40006  -14.441  -42.445  75.628 0.0000000000
40016  -14.273  -42.496  75.049 0.0000000000
39998  -14.284  -42.874  75.925 0.0000000000
38969  -13.968  -43.338  76.153 0.0000000000
38970  -14.283  -43.229  76.766 0.0000000000
60324  -45.911  -23.414  65.233 0.0000000000
60325  -46.556  -23.026  65.474 0.0000000000
61367  -46.083  -22.486  65.228 0.0000000000
62384  -45.673  -21.662  65.318 0.0000000000
63386  -45.429  -20.633  65.413 0.0000000000
63366  -45.816  -20.752  65.824 0.0000000000
63405  -45.050  -19.970  64.840 0.0000000000
64557  -43.324  -19.798  63.271 0.0000000000
64558  -44.211  -19.635  63.494 0.0000000000
64605  -43.375  -19.752  61.992 0.0000000000
64604  -42.508  -19.775  61.738 0.0000000000
47856  -29.441  -35.313  77.315 0.0000000000
47843  -30.188  -34.818  78.141 0.0000000000
48862  -30.891  -34.303  79.021 0.0000000000
48864  -33.216  -33.378  79.157 0.0000000000
53386  -31.981  -29.522  68.352 0.0000000000
53370  -31.692  -29.773  69.086 0.0000000000
50007  -38.508  -32.844  71.220 0.0000000000
49989  -38.163  -32.949  71.984 0.0000000000
48967  -38.458  -33.825  73.562 0.0000000000
48931  -37.961  -33.719  75.851 0.0000000000
48932  -39.064  -33.987  75.637 0.0000000000
45814  -20.767  -37.064  72.802 0.0000000000
44772  -20.011  -37.246  72.916 0.0000000000
45794  -20.526  -37.231  73.638 0.0000000000
45763  -21.010  -37.352  75.606 0.0000000000
44691  -20.600  -37.646  76.628 0.0000000000
45726  -22.298  -36.999  78.678 0.0000000000
45725  -21.521  -37.247  78.921 0.0000000000
67666  -47.770  -16.587  54.508 0.0000000000
67650  -48.321  -16.759  55.082 0.0000000000
67651  -48.815  -16.323  55.228 0.0000000000
68694  -49.882  -15.239  55.958 0.0000000000
68676  -49.792  -15.645  56.067 0.0000000000
68677  -50.352  -15.539  56.595 0.0000000000
68660  -50.865  -15.862  57.240 0.0000000000
68678  -50.878  -15.446  57.157 0.0000000000
74330  -55.834  -10.271  43.927 0.0000000000
79290  -62.009  -5.405  40.330 0.0000000000
80386  -62.605  -4.346  40.334 0.0000000000
42711  -15.962  -39.807  78.287 0.0000000000
43607  -15.733  -39.247  81.561 0.0000000000
55449  -47.895  -27.350  71.193 0.0000000000
55474  -47.705  -27.048  69.611 0.0000000000
56648  -48.170  -26.645  69.880 0.0000000000
56666  -47.694  -26.547  69.083 0.0000000000
57896  -47.907  -25.836  68.348 0.0000000000
56684  -47.252  -26.379  68.216 0.0000000000
55501  -45.414  -27.161  67.333 0.0000000000
57941  -45.647  -25.844  66.382 0.0000000000
59123  -46.078  -25.191  66.117 0.0000000000
59137  -45.909  -24.505  65.532 0.0000000000
60337  -44.568  -23.539  64.264 0.0000000000
46786  -23.990  -36.453  75.189 0.0000000000
46810  -24.954  -35.846  73.767 0.0000000000
46838  -25.571  -35.441  72.169 0.0000000000
47912  -25.979  -35.177  72.633 0.0000000000
47899  -26.675  -35.408  73.468 0.0000000000
47888  -27.674  -35.479  74.369 0.0000000000
47876  -27.804  -35.657  75.179 0.0000000000
47877  -28.599  -35.472  75.344 0.0000000000
47878  -29.507  -34.945  75.182 0.0000000000
47879  -30.447  -34.552  75.003 0.0000000000
47868  -31.166  -34.497  75.810 0.0000000000
48925  -30.816  -34.053  74.579 0.0000000000
51172  -35.822  -31.182  66.923 0.0000000000
52365  -34.871  -31.080  66.120 0.0000000000
52369  -38.614  -30.281  66.701 0.0000000000
52368  -37.604  -30.556  66.655 0.0000000000
52346  -38.360  -30.783  67.571 0.0000000000
51137  -38.430  -31.514  68.918 0.0000000000
51113  -38.119  -31.868  69.380 0.0000000000
51093  -38.485  -32.161  70.086 0.0000000000
50026  -38.758  -32.493  70.677 0.0000000000
51094  -39.253  -31.980  70.509 0.0000000000
51058  -40.770  -32.156  71.936 0.0000000000
49993  -40.814  -32.386  72.405 0.0000000000
49973  -41.019  -32.431  73.029 0.0000000000
51037  -41.519  -31.962  73.264 0.0000000000
52218  -43.313  -30.126  73.588 0.0000000000
53327  -43.882  -30.031  72.701 0.0000000000
52281  -44.065  -30.126  70.626 0.0000000000
53347  -45.468  -29.738  71.859 0.0000000000
53328  -44.813  -29.480  72.901 0.0000000000
54344  -45.628  -28.810  73.084 0.0000000000
55433  -47.006  -27.875  72.463 0.0000000000
45797  -22.928  -36.614  73.732 0.0000000000
64524  -51.645  -19.767  65.931 0.0000000000
65603  -52.011  -19.527  64.807 0.0000000000
65604  -52.576  -19.203  64.435 0.0000000000
65596  -53.335  -19.253  64.916 0.0000000000
64566  -52.688  -19.289  63.553 0.0000000000
63465  -49.530  -20.888  61.317 0.0000000000
64608  -49.939  -20.593  62.171 0.0000000000
63441  -52.531  -20.502  62.121 0.0000000000
64567  -53.658  -19.556  63.547 0.0000000000
64591  -54.030  -20.038  62.928 0.0000000000
63443  -54.512  -20.361  62.232 0.0000000000
63470  -55.051  -20.422  61.531 0.0000000000
71003  -51.545  -13.098  53.747 0.0000000000
72071  -53.705  -12.589  55.443 0.0000000000
73127  -55.542  -11.857  53.548 0.0000000000
72082  -54.986  -12.147  54.105 0.0000000000
72083  -55.711  -11.917  54.196 0.0000000000
72062  -56.538  -11.925  56.071 0.0000000000
33447  -8.720  -49.117  80.071 0.0000000000
32343  -8.866  -49.480  80.879 0.0000000000
65696  -44.616  -18.725  54.106 0.0000000000
65678  -45.815  -18.851  55.075 0.0000000000
65697  -45.455  -18.364  54.273 0.0000000000
67678  -45.846  -16.756  53.322 0.0000000000
67679  -46.674  -16.734  53.900 0.0000000000
68716  -46.344  -16.278  53.243 0.0000000000
68731  -46.531  -15.645  52.874 0.0000000000
68732  -47.130  -15.185  53.026 0.0000000000
69856  -47.775  -15.095  53.275 0.0000000000
69876  -47.598  -14.817  52.427 0.0000000000
71018  -49.647  -13.563  52.384 0.0000000000
71040  -49.502  -13.014  51.463 0.0000000000
72116  -49.956  -12.621  50.937 0.0000000000
72117  -50.743  -12.452  51.113 0.0000000000
73209  -51.407  -12.024  49.362 0.0000000000
73191  -53.725  -11.593  50.411 0.0000000000
73211  -53.463  -11.670  49.476 0.0000000000
73212  -54.378  -11.553  49.577 0.0000000000
73230  -55.049  -11.584  48.783 0.0000000000
73231  -55.864  -11.688  48.969 0.0000000000
73247  -56.325  -11.641  48.515 0.0000000000
73246  -55.836  -11.388  48.039 0.0000000000
73256  -55.433  -11.350  47.164 0.0000000000
74296  -54.757  -11.105  46.167 0.0000000000
36823  -11.487  -45.847  76.855 0.0000000000
41831  -15.551  -40.553  78.631 0.0000000000
40903  -15.453  -41.354  77.877 0.0000000000
40894  -15.140  -41.293  78.829 0.0000000000
40885  -14.742  -42.050  79.811 0.0000000000
40893  -14.797  -41.974  79.019 0.0000000000
39978  -14.538  -42.771  79.266 0.0000000000
38954  -14.465  -43.208  78.119 0.0000000000
39977  -14.160  -43.310  79.493 0.0000000000
40873  -14.344  -41.790  82.797 0.0000000000
38941  -13.058  -43.223  81.742 0.0000000000
38948  -12.879  -44.092  80.388 0.0000000000
38949  -13.473  -43.859  79.442 0.0000000000
37874  -12.434  -44.651  79.622 0.0000000000
37869  -12.256  -44.517  80.817 0.0000000000
36785  -11.209  -45.629  80.977 0.0000000000
36794  -10.731  -46.198  80.540 0.0000000000
35710  -10.195  -46.732  81.106 0.0000000000
35709  -9.838  -47.268  80.928 0.0000000000
35699  -9.961  -47.180  81.496 0.0000000000
35677  -11.231  -46.779  83.419 0.0000000000
63342  -51.305  -20.709  70.182 0.0000000000
63349  -51.399  -20.762  69.293 0.0000000000
64468  -51.129  -19.861  69.725 0.0000000000
57820  -48.424  -25.938  71.990 0.0000000000
57801  -48.617  -25.058  72.948 0.0000000000
57821  -48.606  -25.266  71.860 0.0000000000
60271  -48.788  -23.834  69.849 0.0000000000
60261  -48.882  -23.525  70.767 0.0000000000
61291  -49.332  -22.885  71.594 0.0000000000
60308  -47.610  -22.960  66.388 0.0000000000
61340  -47.946  -22.261  67.170 0.0000000000
62363  -48.377  -21.260  68.296 0.0000000000
62346  -49.080  -21.228  69.726 0.0000000000
63347  -49.188  -20.455  69.180 0.0000000000
64486  -50.013  -19.275  67.718 0.0000000000
64521  -48.435  -19.487  65.629 0.0000000000
64542  -48.241  -19.716  64.675 0.0000000000
64539  -45.394  -19.614  64.296 0.0000000000
64560  -45.832  -19.819  63.450 0.0000000000
63420  -46.171  -20.223  63.013 0.0000000000
63437  -46.701  -20.391  62.351 0.0000000000
62442  -45.847  -21.335  59.997 0.0000000000
64579  -41.496  -19.911  62.287 0.0000000000
63506  -41.335  -20.561  60.216 0.0000000000
62449  -40.825  -20.862  59.522 0.0000000000
62469  -41.096  -21.265  58.752 0.0000000000
62490  -41.415  -21.407  57.659 0.0000000000
46775  -24.728  -36.536  76.476 0.0000000000
46766  -24.576  -36.651  77.294 0.0000000000
46767  -25.277  -36.435  77.372 0.0000000000
46739  -26.160  -35.939  79.416 0.0000000000
47827  -28.854  -35.067  79.555 0.0000000000
47826  -27.927  -35.247  79.806 0.0000000000
51089  -30.289  -31.491  70.332 0.0000000000
51107  -29.965  -31.329  69.614 0.0000000000
50001  -30.214  -32.272  70.899 0.0000000000
48982  -30.206  -32.974  72.108 0.0000000000
49969  -32.180  -31.652  73.343 0.0000000000
49953  -30.978  -32.711  73.396 0.0000000000
49954  -31.726  -32.235  73.786 0.0000000000
49941  -31.943  -32.671  74.558 0.0000000000
51169  -32.884  -31.267  67.069 0.0000000000
51131  -33.104  -31.612  68.944 0.0000000000
51109  -32.973  -31.330  70.044 0.0000000000
50023  -35.891  -32.856  70.659 0.0000000000
50004  -35.517  -33.105  71.949 0.0000000000
49987  -34.708  -32.712  73.069 0.0000000000
50003  -34.367  -32.572  71.932 0.0000000000
49986  -33.998  -32.131  72.529 0.0000000000
51074  -33.532  -31.186  71.674 0.0000000000
51056  -33.791  -31.262  72.440 0.0000000000
51035  -33.711  -31.108  73.198 0.0000000000
49943  -33.613  -32.471  75.563 0.0000000000
49931  -33.769  -32.805  76.517 0.0000000000
49918  -33.211  -33.139  77.263 0.0000000000
49921  -35.430  -32.912  77.740 0.0000000000
49920  -34.675  -32.946  77.579 0.0000000000
48913  -37.618  -33.612  76.902 0.0000000000
48912  -36.747  -33.386  77.009 0.0000000000
48897  -37.168  -33.493  77.764 0.0000000000
51016  -42.280  -31.124  74.558 0.0000000000
41868  -15.211  -40.204  73.440 0.0000000000
44794  -19.003  -37.562  71.986 0.0000000000
44770  -18.502  -37.987  73.165 0.0000000000
43774  -17.291  -38.508  72.540 0.0000000000
43758  -16.360  -38.932  72.374 0.0000000000
42759  -16.669  -39.542  75.433 0.0000000000
42758  -15.982  -39.918  74.965 0.0000000000
42741  -16.632  -39.594  76.339 0.0000000000
44634  -20.109  -37.604  79.476 0.0000000000
64505  -53.970  -20.140  66.303 0.0000000000
64681  -45.682  -20.134  56.104 0.0000000000
63554  -46.601  -20.694  57.086 0.0000000000
65649  -48.569  -19.157  57.019 0.0000000000
64666  -48.094  -19.994  57.423 0.0000000000
64648  -48.884  -20.233  57.908 0.0000000000
65666  -49.155  -18.025  56.532 0.0000000000
66608  -49.571  -17.912  56.984 0.0000000000
65651  -49.918  -18.335  57.588 0.0000000000
64651  -52.495  -19.453  58.488 0.0000000000
64653  -54.122  -18.398  58.730 0.0000000000
64634  -54.739  -19.140  59.107 0.0000000000
70973  -51.071  -13.813  55.926 0.0000000000
70924  -52.674  -14.187  58.450 0.0000000000
70943  -52.139  -14.147  57.569 0.0000000000
69794  -52.057  -14.923  58.112 0.0000000000
69776  -52.757  -14.861  59.146 0.0000000000
74287  -56.954  -11.599  48.043 0.0000000000
74289  -59.198  -10.841  47.702 0.0000000000
74302  -60.284  -10.482  46.699 0.0000000000
74326  -61.032  -10.570  44.981 0.0000000000
75301  -61.220  -10.046  46.107 0.0000000000
75302  -61.708  -9.850  45.809 0.0000000000
75294  -62.269  -9.283  46.614 0.0000000000
76287  -63.051  -8.698  45.743 0.0000000000
76294  -63.356  -8.637  44.885 0.0000000000
76318  -60.649  -8.424  41.242 0.0000000000
75342  -61.175  -8.766  41.725 0.0000000000
75330  -61.480  -9.206  42.483 0.0000000000
76311  -64.024  -7.513  43.288 0.0000000000
76301  -64.272  -7.864  43.889 0.0000000000
79281  -64.131  -5.269  41.561 0.0000000000
78279  -64.754  -5.951  41.763 0.0000000000
78286  -65.250  -6.157  40.901 0.0000000000
54407  -43.774  -28.365  67.032 0.0000000000
53423  -39.692  -29.672  66.149 0.0000000000
53424  -40.424  -29.650  66.348 0.0000000000
53406  -41.487  -29.713  67.142 0.0000000000
53388  -42.265  -29.629  67.902 0.0000000000
62454  -46.200  -21.526  59.215 0.0000000000
62475  -47.181  -21.264  58.514 0.0000000000
73194  -56.334  -11.864  50.718 0.0000000000
73195  -57.107  -12.147  50.950 0.0000000000
73197  -58.395  -11.833  51.548 0.0000000000
74243  -60.059  -10.897  52.077 0.0000000000
74259  -60.954  -10.435  50.846 0.0000000000
40933  -14.390  -41.250  73.500 0.0000000000
40915  -14.810  -41.864  76.148 0.0000000000
62399  -44.587  -21.886  64.425 0.0000000000
63404  -44.524  -20.726  64.636 0.0000000000
64580  -42.153  -19.784  62.374 0.0000000000
47844  -30.787  -34.595  77.601 0.0000000000
48863  -31.980  -33.718  79.099 0.0000000000
49905  -33.516  -33.264  78.153 0.0000000000
48988  -39.596  -33.404  72.420 0.0000000000
48987  -38.713  -33.547  72.562 0.0000000000
48950  -39.323  -33.934  74.404 0.0000000000
48916  -40.851  -33.418  77.046 0.0000000000
45764  -21.723  -37.167  75.581 0.0000000000
45754  -21.517  -37.565  76.590 0.0000000000
44692  -21.172  -37.643  77.116 0.0000000000
68692  -48.893  -15.862  54.947 0.0000000000
68707  -48.968  -15.480  54.742 0.0000000000
69827  -49.774  -14.957  55.497 0.0000000000
69828  -50.380  -14.623  56.004 0.0000000000
55448  -47.288  -27.989  71.447 0.0000000000
55460  -47.360  -27.881  70.441 0.0000000000
55473  -46.999  -27.560  69.360 0.0000000000
55487  -46.619  -27.290  68.663 0.0000000000
56744  -44.471  -26.455  65.723 0.0000000000
56723  -44.915  -26.457  66.279 0.0000000000
57956  -45.059  -25.837  65.868 0.0000000000
59136  -45.172  -25.030  65.286 0.0000000000
45798  -23.585  -36.321  73.771 0.0000000000
46798  -24.113  -36.204  74.582 0.0000000000
46809  -24.212  -35.990  73.813 0.0000000000
47926  -26.800  -34.824  71.490 0.0000000000
47913  -26.745  -34.983  72.521 0.0000000000
48943  -29.990  -34.208  73.658 0.0000000000
52299  -39.462  -31.347  69.562 0.0000000000
51115  -39.595  -31.599  70.010 0.0000000000
51095  -40.058  -31.752  70.603 0.0000000000
51096  -40.645  -31.722  70.934 0.0000000000
51078  -41.510  -31.675  71.859 0.0000000000
51060  -41.787  -31.553  72.510 0.0000000000
53359  -44.888  -29.662  70.340 0.0000000000
54359  -45.977  -29.101  72.127 0.0000000000
45842  -22.049  -36.767  72.023 0.0000000000
45873  -22.376  -36.661  71.519 0.0000000000
45817  -23.221  -36.633  72.980 0.0000000000
64544  -50.351  -19.872  64.938 0.0000000000
63490  -50.179  -21.091  60.360 0.0000000000
63467  -51.998  -20.942  61.175 0.0000000000
63468  -53.132  -20.718  61.251 0.0000000000
63494  -53.710  -20.504  60.274 0.0000000000
72089  -52.259  -12.619  53.362 0.0000000000
72081  -53.985  -12.407  54.321 0.0000000000
73130  -57.626  -11.645  54.164 0.0000000000
73117  -56.975  -11.695  54.782 0.0000000000
76275  -63.945  -8.790  47.492 0.0000000000
71056  -48.565  -13.058  50.437 0.0000000000
72131  -49.770  -12.619  50.104 0.0000000000
73227  -52.205  -11.843  48.417 0.0000000000
73228  -53.180  -11.755  48.512 0.0000000000
42690  -15.595  -40.056  80.855 0.0000000000
41818  -14.996  -40.971  80.549 0.0000000000
41817  -14.654  -41.417  80.622 0.0000000000
40879  -14.359  -41.954  80.562 0.0000000000
39963  -13.564  -42.883  82.961 0.0000000000
38940  -12.488  -43.729  82.270 0.0000000000
37864  -12.037  -44.331  81.824 0.0000000000
37858  -11.389  -44.798  82.396 0.0000000000
36777  -10.945  -45.453  81.967 0.0000000000
36776  -10.718  -46.202  82.502 0.0000000000
36769  -10.955  -45.438  83.015 0.0000000000
36757  -11.402  -46.398  83.646 0.0000000000
57877  -48.557  -25.364  69.510 0.0000000000
57858  -48.657  -25.194  70.351 0.0000000000
59083  -48.675  -24.657  69.870 0.0000000000
60280  -48.909  -23.346  68.892 0.0000000000
62362  -47.838  -21.114  67.621 0.0000000000
63356  -48.427  -20.329  68.177 0.0000000000
64583  -44.786  -19.603  62.960 0.0000000000
64584  -45.308  -19.698  63.191 0.0000000000
63435  -44.599  -19.925  62.296 0.0000000000
63486  -45.482  -20.922  60.815 0.0000000000
46768  -26.039  -36.173  77.451 0.0000000000
46740  -27.124  -35.644  79.628 0.0000000000
47803  -29.076  -34.924  81.410 0.0000000000
53369  -30.903  -29.945  68.939 0.0000000000
52295  -30.423  -30.632  69.623 0.0000000000
51090  -30.793  -31.072  70.827 0.0000000000
51071  -30.595  -31.599  71.213 0.0000000000
49985  -30.892  -31.836  72.343 0.0000000000
51054  -31.562  -31.452  72.145 0.0000000000
51033  -32.112  -31.410  72.743 0.0000000000
51154  -34.451  -31.792  67.483 0.0000000000
51153  -33.426  -31.589  67.743 0.0000000000
51132  -34.152  -31.878  68.455 0.0000000000
50037  -34.056  -32.365  70.269 0.0000000000
48985  -36.608  -33.393  73.207 0.0000000000
48999  -35.957  -33.256  72.733 0.0000000000
49970  -34.917  -32.486  74.098 0.0000000000
51036  -34.203  -31.962  73.778 0.0000000000
49932  -34.494  -32.881  76.722 0.0000000000
49945  -34.994  -32.899  76.121 0.0000000000
48928  -35.463  -33.137  76.425 0.0000000000
48895  -35.961  -33.003  77.534 0.0000000000
44749  -19.219  -37.635  73.964 0.0000000000
44748  -18.494  -37.909  74.303 0.0000000000
43742  -17.928  -38.299  73.860 0.0000000000
43741  -17.210  -38.815  73.968 0.0000000000
43712  -17.684  -38.558  75.886 0.0000000000
43694  -17.497  -38.627  76.806 0.0000000000
45707  -21.278  -36.931  79.963 0.0000000000
45706  -20.411  -37.278  80.207 0.0000000000
64700  -46.257  -19.364  55.604 0.0000000000
65663  -46.872  -19.294  55.978 0.0000000000
64684  -48.018  -19.236  56.672 0.0000000000
66609  -50.118  -17.366  57.288 0.0000000000
65636  -52.625  -18.338  58.424 0.0000000000
65637  -53.630  -17.892  58.792 0.0000000000
65622  -53.927  -17.663  59.047 0.0000000000
72058  -52.658  -13.172  56.145 0.0000000000
70959  -52.339  -13.576  56.717 0.0000000000
70960  -53.091  -13.400  57.222 0.0000000000
70925  -53.464  -13.598  58.683 0.0000000000
74313  -58.708  -10.873  45.804 0.0000000000
75308  -59.997  -10.357  44.017 0.0000000000
75310  -61.657  -9.903  44.704 0.0000000000
75321  -62.091  -9.393  43.700 0.0000000000
76319  -61.718  -8.208  41.335 0.0000000000
76309  -62.270  -8.509  42.197 0.0000000000
76320  -62.651  -7.696  41.854 0.0000000000
77290  -63.490  -7.391  42.466 0.0000000000
79303  -64.689  -5.413  40.209 0.0000000000
78295  -64.528  -6.399  40.004 0.0000000000
54397  -45.582  -28.365  69.057 0.0000000000
55485  -45.295  -27.992  68.237 0.0000000000
55517  -44.587  -27.266  66.645 0.0000000000
56743  -43.976  -26.732  65.286 0.0000000000
46837  -24.906  -35.656  71.785 0.0000000000
47937  -25.841  -34.810  70.658 0.0000000000
47939  -27.588  -34.546  70.665 0.0000000000
48997  -28.439  -34.061  71.092 0.0000000000
52392  -37.896  -30.054  65.932 0.0000000000
52302  -42.284  -30.366  69.316 0.0000000000
52303  -43.103  -29.888  69.469 0.0000000000
53374  -43.532  -29.409  69.020 0.0000000000
63535  -50.410  -20.806  58.655 0.0000000000
73154  -54.334  -11.758  52.249 0.0000000000
73139  -55.399  -11.798  52.838 0.0000000000
73140  -56.061  -11.708  53.006 0.0000000000
73157  -56.624  -11.706  52.367 0.0000000000
73141  -56.749  -11.648  53.178 0.0000000000
73129  -56.876  -11.709  53.949 0.0000000000
73131  -58.469  -11.557  54.337 0.0000000000
75249  -61.616  -10.264  50.880 0.0000000000
75269  -62.250  -9.254  49.195 0.0000000000
75278  -62.078  -9.282  48.241 0.0000000000
40923  -14.075  -42.233  74.267 0.0000000000
38989  -13.283  -43.352  74.600 0.0000000000
38979  -13.517  -43.440  75.255 0.0000000000
37911  -13.462  -43.749  75.819 0.0000000000
59125  -47.561  -24.056  66.461 0.0000000000
61354  -46.855  -22.457  65.978 0.0000000000
62385  -46.375  -21.872  65.592 0.0000000000
62373  -46.720  -21.397  66.278 0.0000000000
63387  -46.017  -19.923  65.674 0.0000000000
64606  -43.763  -19.792  62.095 0.0000000000
47828  -29.841  -34.780  79.329 0.0000000000
47815  -29.438  -34.741  80.419 0.0000000000
47804  -30.023  -34.674  81.201 0.0000000000
53355  -31.977  -29.702  70.002 0.0000000000
53356  -32.721  -29.793  70.246 0.0000000000
50024  -37.054  -32.826  70.354 0.0000000000
48986  -37.619  -33.415  72.745 0.0000000000
48899  -39.257  -33.527  77.747 0.0000000000
44795  -19.607  -37.378  72.444 0.0000000000
44710  -19.019  -37.757  75.835 0.0000000000
44690  -19.642  -37.720  76.714 0.0000000000
44668  -20.305  -37.728  77.777 0.0000000000
45743  -21.018  -37.563  78.204 0.0000000000
65681  -48.397  -17.805  55.712 0.0000000000
66635  -47.964  -17.339  55.198 0.0000000000
66636  -48.727  -17.120  55.632 0.0000000000
67652  -49.313  -16.222  55.628 0.0000000000
67636  -49.676  -16.216  56.181 0.0000000000
66623  -49.996  -16.693  56.711 0.0000000000
67618  -50.512  -16.439  57.133 0.0000000000
67619  -51.067  -16.300  57.674 0.0000000000
68647  -51.958  -15.952  58.374 0.0000000000
75316  -57.087  -9.775  43.388 0.0000000000
78285  -62.736  -6.165  41.271 0.0000000000
78277  -63.125  -6.110  41.713 0.0000000000
80366  -63.439  -4.929  41.302 0.0000000000
80388  -64.208  -4.570  40.982 0.0000000000
81410  -63.449  -3.536  40.336 0.0000000000
81411  -64.029  -3.970  40.583 0.0000000000
41838  -16.107  -40.268  77.101 0.0000000000
41845  -15.778  -40.695  76.548 0.0000000000
42726  -16.099  -40.094  77.581 0.0000000000
56620  -48.492  -26.027  71.538 0.0000000000
56634  -48.399  -26.576  70.851 0.0000000000
56649  -48.615  -25.988  70.163 0.0000000000
57876  -48.210  -25.832  69.000 0.0000000000
55486  -45.879  -27.674  68.516 0.0000000000
56683  -46.517  -26.814  68.151 0.0000000000
56724  -45.330  -26.611  66.737 0.0000000000
56702  -46.293  -26.352  67.405 0.0000000000
56703  -46.841  -26.251  67.714 0.0000000000
57917  -46.719  -25.946  67.364 0.0000000000
57943  -47.208  -24.901  66.823 0.0000000000
59138  -46.427  -23.811  65.642 0.0000000000
45747  -23.908  -36.837  77.301 0.0000000000
45767  -24.215  -36.617  75.807 0.0000000000
46777  -26.233  -35.977  76.517 0.0000000000
46778  -27.074  -35.787  76.559 0.0000000000
46824  -25.535  -35.537  72.685 0.0000000000
46811  -25.839  -35.612  73.642 0.0000000000
46801  -26.577  -35.700  74.631 0.0000000000
46790  -27.306  -35.644  75.598 0.0000000000
46779  -27.920  -35.694  76.592 0.0000000000
47865  -28.708  -35.543  76.472 0.0000000000
51188  -34.643  -31.173  66.076 0.0000000000
51187  -34.272  -31.284  66.057 0.0000000000
51111  -36.547  -32.037  69.024 0.0000000000
52321  -38.106  -31.310  68.206 0.0000000000
51157  -37.093  -31.555  67.772 0.0000000000
51135  -36.999  -31.819  68.304 0.0000000000
51112  -37.352  -31.971  69.149 0.0000000000
50040  -36.991  -32.387  69.571 0.0000000000
50025  -38.082  -32.737  70.498 0.0000000000
51075  -39.769  -32.105  71.075 0.0000000000
50009  -39.968  -32.483  71.450 0.0000000000
49991  -39.767  -32.909  71.843 0.0000000000
48989  -40.137  -33.024  72.384 0.0000000000
49959  -40.796  -33.046  73.462 0.0000000000
51015  -41.841  -32.012  74.288 0.0000000000
52192  -42.914  -30.154  74.724 0.0000000000
52193  -43.438  -29.780  74.238 0.0000000000
53345  -43.696  -30.503  71.926 0.0000000000
53311  -44.401  -29.065  74.044 0.0000000000
54328  -44.865  -28.644  74.501 0.0000000000
54345  -46.437  -28.471  72.797 0.0000000000
45815  -21.648  -36.929  72.815 0.0000000000
45765  -22.598  -36.939  75.539 0.0000000000
64503  -51.535  -20.350  66.769 0.0000000000
65583  -52.323  -19.725  65.570 0.0000000000
65584  -53.054  -19.580  65.468 0.0000000000
65585  -53.937  -19.303  65.442 0.0000000000
64588  -50.661  -20.137  62.591 0.0000000000
64589  -51.958  -19.831  62.793 0.0000000000
65606  -54.168  -19.445  64.131 0.0000000000
70988  -51.450  -13.473  54.688 0.0000000000
72079  -52.060  -12.923  54.253 0.0000000000
72091  -54.281  -12.074  53.270 0.0000000000
73104  -56.353  -11.938  55.309 0.0000000000
33456  -9.186  -48.449  79.397 0.0000000000
63553  -45.841  -21.059  56.994 0.0000000000
63594  -44.957  -20.452  55.943 0.0000000000
66672  -45.455  -17.560  53.664 0.0000000000
66653  -45.959  -17.757  54.257 0.0000000000
66654  -46.736  -17.575  54.483 0.0000000000
68705  -47.798  -16.120  54.265 0.0000000000
68717  -47.351  -15.921  53.772 0.0000000000
69857  -48.545  -14.803  53.461 0.0000000000
71000  -48.808  -14.523  53.211 0.0000000000
71016  -47.873  -14.590  52.090 0.0000000000
72100  -50.218  -12.840  51.757 0.0000000000
72119  -52.363  -12.048  51.656 0.0000000000
72146  -49.577  -12.597  49.330 0.0000000000
72147  -50.430  -12.395  49.365 0.0000000000
72148  -50.873  -12.251  49.856 0.0000000000
72133  -51.176  -12.177  50.376 0.0000000000
73169  -52.348  -11.793  50.993 0.0000000000
73170  -53.100  -11.804  51.313 0.0000000000
73171  -54.029  -11.676  51.318 0.0000000000
73214  -56.124  -11.770  49.828 0.0000000000
74275  -57.448  -11.984  49.268 0.0000000000
73257  -55.938  -11.338  47.376 0.0000000000
74298  -56.208  -11.223  46.819 0.0000000000
74310  -55.707  -10.780  45.649 0.0000000000
74320  -55.195  -10.381  44.573 0.0000000000
75307  -54.555  -9.633  44.117 0.0000000000
40909  -15.120  -42.047  77.185 0.0000000000
39991  -14.723  -42.601  77.603 0.0000000000
38953  -13.813  -43.848  78.222 0.0000000000
40876  -13.949  -41.922  81.626 0.0000000000
40878  -13.895  -42.304  80.984 0.0000000000
39967  -13.424  -42.733  82.202 0.0000000000
39971  -13.729  -42.690  81.368 0.0000000000
39974  -14.145  -42.932  80.285 0.0000000000
37882  -13.188  -44.442  78.346 0.0000000000
37881  -12.468  -44.903  78.503 0.0000000000
37868  -11.731  -45.075  80.380 0.0000000000
36795  -11.337  -45.710  80.010 0.0000000000
35720  -9.837  -47.418  80.344 0.0000000000
34591  -9.603  -47.906  80.763 0.0000000000
35700  -10.313  -47.075  82.064 0.0000000000
34583  -10.087  -47.682  82.287 0.0000000000
59058  -48.780  -24.293  71.390 0.0000000000
62339  -49.342  -21.750  70.554 0.0000000000
63330  -50.116  -20.700  70.649 0.0000000000
63341  -50.674  -20.102  70.176 0.0000000000
63348  -49.789  -19.885  69.219 0.0000000000
64467  -50.486  -19.820  69.484 0.0000000000
64476  -51.096  -19.636  68.864 0.0000000000
64522  -49.482  -19.578  65.797 0.0000000000
64519  -46.537  -19.563  65.193 0.0000000000
63438  -47.516  -20.493  62.022 0.0000000000
63528  -44.460  -21.532  57.527 0.0000000000
62409  -41.801  -21.215  63.055 0.0000000000
63433  -41.816  -20.030  62.780 0.0000000000
64603  -41.747  -19.745  61.829 0.0000000000
64618  -41.419  -19.804  61.475 0.0000000000
64619  -41.802  -19.844  61.341 0.0000000000
64620  -42.294  -20.032  61.224 0.0000000000
63483  -42.639  -20.410  60.910 0.0000000000
63508  -42.875  -20.743  60.413 0.0000000000
62450  -41.812  -21.017  59.531 0.0000000000
62451  -43.114  -21.079  59.747 0.0000000000
62471  -43.609  -21.344  58.325 0.0000000000
62492  -43.679  -21.443  57.263 0.0000000000
63551  -44.271  -21.526  56.642 0.0000000000
46753  -24.399  -36.707  77.984 0.0000000000
46755  -25.747  -36.239  78.368 0.0000000000
46741  -27.684  -35.648  79.199 0.0000000000
49011  -28.462  -33.760  70.071 0.0000000000
48981  -29.529  -33.820  71.940 0.0000000000
48961  -29.849  -33.884  73.027 0.0000000000
48944  -30.680  -33.658  73.796 0.0000000000
49967  -30.639  -32.446  72.630 0.0000000000
48926  -31.406  -33.536  74.694 0.0000000000
48909  -32.241  -33.329  75.981 0.0000000000
52319  -32.378  -30.176  68.583 0.0000000000
52297  -32.623  -30.391  69.234 0.0000000000
52298  -33.036  -30.297  69.819 0.0000000000
53344  -33.182  -30.219  71.120 0.0000000000
50021  -33.860  -32.356  71.171 0.0000000000
51091  -33.282  -31.255  70.937 0.0000000000
52255  -33.334  -30.632  71.336 0.0000000000
53325  -33.207  -30.117  71.616 0.0000000000
51034  -32.808  -30.892  73.114 0.0000000000
51014  -33.940  -31.942  74.293 0.0000000000
49942  -32.713  -32.629  75.195 0.0000000000
49906  -34.168  -33.129  78.217 0.0000000000
49899  -34.121  -32.984  78.934 0.0000000000
48896  -36.387  -33.195  77.757 0.0000000000
40940  -14.339  -41.083  72.989 0.0000000000
44793  -17.793  -38.080  72.057 0.0000000000
42803  -15.754  -39.344  72.289 0.0000000000
42789  -15.801  -39.667  73.125 0.0000000000
42790  -16.430  -39.321  73.550 0.0000000000
42776  -15.846  -39.838  74.007 0.0000000000
41846  -16.210  -40.160  76.439 0.0000000000
63555  -47.380  -20.594  57.538 0.0000000000
63533  -48.351  -20.725  58.173 0.0000000000
63536  -51.073  -20.790  58.877 0.0000000000
64668  -49.755  -19.133  57.585 0.0000000000
64631  -51.742  -20.410  58.877 0.0000000000
64632  -52.186  -20.211  59.022 0.0000000000
64622  -54.325  -20.056  59.834 0.0000000000
70972  -50.588  -14.216  55.600 0.0000000000
70958  -51.470  -14.161  56.872 0.0000000000
69812  -50.961  -14.867  56.970 0.0000000000
69793  -51.531  -14.986  57.538 0.0000000000
68662  -51.955  -15.519  58.256 0.0000000000
68631  -52.979  -15.478  59.622 0.0000000000
67576  -52.846  -16.457  59.390 0.0000000000
66582  -53.038  -16.984  59.358 0.0000000000
74277  -59.051  -10.935  48.732 0.0000000000
74278  -59.915  -10.541  48.570 0.0000000000
75286  -61.496  -9.593  47.514 0.0000000000
74322  -57.132  -10.474  44.908 0.0000000000
74324  -58.979  -10.761  44.876 0.0000000000
74314  -59.688  -10.824  45.756 0.0000000000
75292  -60.932  -9.910  46.692 0.0000000000
75287  -62.124  -9.222  47.446 0.0000000000
76273  -62.709  -8.839  47.445 0.0000000000
76274  -63.362  -8.671  47.463 0.0000000000
76280  -63.556  -8.636  46.650 0.0000000000
75303  -62.461  -9.381  45.709 0.0000000000
76281  -64.135  -8.819  46.668 0.0000000000
76289  -64.361  -8.773  45.795 0.0000000000
75329  -60.355  -9.588  42.540 0.0000000000
75332  -63.102  -8.486  43.488 0.0000000000
76295  -64.048  -8.285  44.944 0.0000000000
78272  -65.017  -6.587  42.120 0.0000000000
77314  -65.425  -6.722  41.030 0.0000000000
33437  -8.987  -48.978  80.733 0.0000000000
34572  -9.976  -47.962  82.355 0.0000000000
34573  -10.477  -47.852  82.666 0.0000000000
35678  -11.705  -46.765  83.680 0.0000000000
37880  -11.939  -45.105  78.983 0.0000000000
37899  -12.125  -45.262  76.490 0.0000000000
38962  -14.477  -43.126  77.233 0.0000000000
40014  -13.259  -43.115  74.163 0.0000000000
40875  -13.832  -42.290  81.319 0.0000000000
40880  -14.802  -41.581  80.260 0.0000000000
45843  -22.892  -36.536  72.075 0.0000000000
45844  -23.412  -36.436  72.525 0.0000000000
46802  -27.265  -35.616  74.804 0.0000000000
46812  -26.513  -35.596  73.988 0.0000000000
47880  -31.123  -34.129  75.133 0.0000000000
47928  -28.520  -34.428  71.549 0.0000000000
48910  -35.737  -33.026  77.014 0.0000000000
48911  -36.195  -33.168  77.142 0.0000000000
48983  -35.189  -32.798  73.846 0.0000000000
48996  -27.909  -34.447  70.795 0.0000000000
49972  -40.595  -32.816  72.705 0.0000000000
50020  -33.421  -31.814  71.298 0.0000000000
50036  -33.276  -32.075  70.615 0.0000000000
51013  -33.590  -31.635  73.949 0.0000000000
51053  -30.895  -31.599  71.819 0.0000000000
51072  -31.249  -31.130  71.379 0.0000000000
51077  -41.034  -31.817  71.504 0.0000000000
51088  -29.848  -31.986  69.654 0.0000000000
51108  -32.738  -30.931  69.410 0.0000000000
51171  -34.846  -31.439  66.562 0.0000000000
51173  -36.347  -31.070  67.076 0.0000000000
52215  -33.352  -30.647  72.603 0.0000000000
52216  -33.653  -30.792  72.575 0.0000000000
52277  -40.539  -31.557  70.485 0.0000000000
52320  -37.482  -31.541  68.040 0.0000000000
52371  -40.300  -29.979  66.919 0.0000000000
53326  -33.312  -30.333  71.547 0.0000000000
53357  -33.171  -29.947  70.453 0.0000000000
53372  -33.045  -29.763  69.923 0.0000000000
53404  -32.046  -29.256  67.880 0.0000000000
56701  -45.739  -26.630  67.244 0.0000000000
56725  -45.876  -26.200  66.925 0.0000000000
57840  -48.708  -24.982  71.033 0.0000000000
63339  -49.320  -20.699  69.675 0.0000000000
63419  -45.876  -20.032  63.047 0.0000000000
63458  -42.638  -20.075  61.323 0.0000000000
63556  -47.868  -20.573  57.805 0.0000000000
63575  -46.104  -20.644  56.636 0.0000000000
64469  -51.323  -20.236  69.904 0.0000000000
64609  -50.432  -20.585  62.209 0.0000000000
64621  -53.824  -20.249  59.773 0.0000000000
64664  -46.692  -20.341  56.783 0.0000000000
65594  -52.017  -19.721  65.365 0.0000000000
65638  -54.071  -18.080  58.773 0.0000000000
67665  -47.156  -16.927  54.344 0.0000000000
67667  -48.332  -16.421  54.796 0.0000000000
72039  -54.261  -13.037  58.880 0.0000000000
73116  -56.274  -11.876  54.521 0.0000000000
73138  -54.807  -11.821  52.762 0.0000000000
73196  -57.967  -11.896  51.074 0.0000000000
73263  -54.519  -11.118  46.093 0.0000000000
74256  -58.353  -11.833  50.756 0.0000000000
74316  -61.226  -10.295  45.589 0.0000000000
75248  -61.251  -10.363  50.891 0.0000000000
76321  -63.196  -7.516  42.273 0.0000000000
76335  -62.512  -7.386  41.490 0.0000000000
77301  -63.818  -6.652  42.350 0.0000000000
77309  -60.937  -7.101  40.606 0.0000000000
78287  -65.364  -6.542  41.236 0.0000000000
79279  -62.961  -5.733  41.407 0.0000000000
79292  -63.209  -5.008  41.250 0.0000000000
80367  -63.728  -4.889  41.329 0.0000000000
