#!ascii label  , from subject 3702 vox2ras=TkReg
1422
52353  -49.389  -29.617  68.121 0.0000000000
44702  -37.361  -37.512  76.659 0.0000000000
64737  -49.390  -19.079  54.620 0.0000000000
58080  -41.253  -25.743  59.138 0.0000000000
59200  -51.733  -24.762  61.149 0.0000000000
44764  -46.666  -36.776  72.510 0.0000000000
49067  -36.570  -33.799  65.174 0.0000000000
50135  -40.422  -32.505  60.210 0.0000000000
43698  -28.493  -38.597  77.061 0.0000000000
70948  -58.236  -13.468  57.490 0.0000000000
46943  -27.955  -35.983  65.610 0.0000000000
55582  -45.662  -27.711  64.491 0.0000000000
58052  -46.670  -24.820  60.969 0.0000000000
56771  -50.967  -26.637  64.487 0.0000000000
50028  -48.255  -32.625  71.183 0.0000000000
46953  -44.583  -35.720  65.895 0.0000000000
51200  -44.396  -30.793  64.583 0.0000000000
53498  -40.854  -29.406  59.524 0.0000000000
69863  -59.959  -14.432  53.003 0.0000000000
44674  -33.122  -37.324  77.777 0.0000000000
44817  -28.336  -37.317  71.359 0.0000000000
45848  -32.171  -35.857  71.516 0.0000000000
61454  -50.951  -22.671  57.491 0.0000000000
42770  -42.002  -38.265  75.741 0.0000000000
45884  -37.549  -35.979  70.923 0.0000000000
46892  -41.823  -34.850  69.155 0.0000000000
47013  -39.312  -35.633  62.132 0.0000000000
42718  -24.610  -38.683  78.129 0.0000000000
60377  -57.177  -23.259  61.524 0.0000000000
63578  -56.139  -20.025  56.310 0.0000000000
67562  -57.158  -16.361  60.635 0.0000000000
68695  -53.608  -15.778  55.420 0.0000000000
71041  -54.046  -13.725  51.811 0.0000000000
42818  -25.025  -39.209  72.027 0.0000000000
47994  -32.187  -34.612  65.732 0.0000000000
53446  -47.665  -28.504  66.308 0.0000000000
56768  -48.016  -26.771  64.385 0.0000000000
54426  -50.547  -28.753  66.378 0.0000000000
52306  -48.891  -30.372  69.737 0.0000000000
51158  -45.386  -32.040  67.673 0.0000000000
52373  -46.414  -30.050  66.984 0.0000000000
53470  -44.832  -29.410  64.198 0.0000000000
63640  -47.085  -19.867  52.028 0.0000000000
66674  -49.544  -17.523  53.259 0.0000000000
44676  -35.104  -37.026  77.603 0.0000000000
45785  -32.759  -36.483  74.500 0.0000000000
45772  -35.226  -36.611  74.859 0.0000000000
59263  -41.724  -24.398  57.396 0.0000000000
58055  -49.077  -24.289  60.709 0.0000000000
59249  -47.727  -24.576  58.462 0.0000000000
59251  -49.528  -24.452  58.669 0.0000000000
58108  -49.479  -23.816  57.057 0.0000000000
58084  -51.205  -23.385  58.907 0.0000000000
43722  -44.191  -37.197  74.644 0.0000000000
44780  -42.457  -36.429  72.652 0.0000000000
44819  -44.253  -36.319  70.647 0.0000000000
48066  -42.527  -34.362  63.169 0.0000000000
47000  -42.180  -35.543  63.776 0.0000000000
48076  -40.446  -34.617  61.238 0.0000000000
55620  -41.204  -27.519  59.020 0.0000000000
62477  -56.668  -21.509  58.596 0.0000000000
68649  -55.609  -15.806  58.146 0.0000000000
70961  -55.269  -14.041  56.529 0.0000000000
71004  -53.703  -13.973  54.236 0.0000000000
70993  -56.171  -13.571  54.659 0.0000000000
69914  -57.670  -14.665  50.192 0.0000000000
42735  -26.696  -38.983  77.537 0.0000000000
42782  -25.355  -39.199  74.850 0.0000000000
43727  -26.789  -39.037  74.869 0.0000000000
45899  -28.754  -36.537  69.704 0.0000000000
44838  -26.449  -37.606  68.301 0.0000000000
44869  -26.877  -37.875  65.297 0.0000000000
46931  -37.041  -35.247  68.177 0.0000000000
46906  -34.393  -35.582  68.676 0.0000000000
48013  -34.744  -34.178  65.604 0.0000000000
56820  -43.611  -26.578  61.648 0.0000000000
58064  -44.212  -24.987  60.014 0.0000000000
58019  -46.150  -25.562  62.594 0.0000000000
58000  -48.728  -25.581  63.240 0.0000000000
58024  -51.430  -24.841  62.943 0.0000000000
46845  -48.018  -35.630  71.492 0.0000000000
44856  -45.876  -37.227  68.572 0.0000000000
47970  -45.611  -34.509  68.049 0.0000000000
49070  -44.412  -33.583  65.560 0.0000000000
51209  -42.944  -31.636  62.153 0.0000000000
51243  -40.749  -31.199  59.417 0.0000000000
53484  -43.009  -30.103  61.617 0.0000000000
54489  -43.550  -28.608  61.848 0.0000000000
70979  -59.652  -13.921  55.796 0.0000000000
70982  -62.109  -13.697  55.472 0.0000000000
44672  -31.110  -37.921  77.849 0.0000000000
44752  -28.472  -37.834  74.233 0.0000000000
44735  -30.666  -37.224  74.696 0.0000000000
45846  -30.004  -36.623  71.989 0.0000000000
46881  -30.456  -35.964  69.384 0.0000000000
59246  -44.545  -24.600  58.553 0.0000000000
61490  -49.058  -22.575  55.138 0.0000000000
62539  -49.970  -20.964  55.670 0.0000000000
43702  -39.503  -37.527  76.898 0.0000000000
44756  -36.899  -37.084  73.979 0.0000000000
44759  -39.948  -37.194  73.426 0.0000000000
46865  -39.207  -35.427  70.195 0.0000000000
48001  -38.913  -34.041  66.603 0.0000000000
45927  -43.368  -35.972  67.023 0.0000000000
48019  -40.976  -34.686  65.589 0.0000000000
49107  -38.284  -33.863  63.042 0.0000000000
53377  -52.259  -28.951  69.109 0.0000000000
44659  -38.786  -36.682  78.044 0.0000000000
45758  -43.314  -36.030  77.142 0.0000000000
46803  -44.068  -35.141  75.046 0.0000000000
55521  -53.649  -27.611  67.187 0.0000000000
56774  -54.377  -26.640  65.174 0.0000000000
58005  -54.324  -25.649  63.442 0.0000000000
59154  -56.551  -24.147  64.038 0.0000000000
59203  -54.435  -24.558  61.551 0.0000000000
60406  -54.066  -22.867  58.919 0.0000000000
62512  -53.381  -21.624  56.821 0.0000000000
63597  -52.812  -19.776  56.109 0.0000000000
65653  -56.940  -18.529  57.542 0.0000000000
66640  -54.409  -17.786  56.062 0.0000000000
66656  -51.353  -17.758  54.766 0.0000000000
68719  -51.357  -15.711  53.615 0.0000000000
71024  -57.731  -12.888  52.384 0.0000000000
42763  -22.542  -39.212  75.217 0.0000000000
42826  -24.151  -39.554  69.429 0.0000000000
43776  -26.502  -38.481  71.774 0.0000000000
43793  -25.174  -38.705  69.283 0.0000000000
45851  -35.402  -36.457  71.373 0.0000000000
46904  -32.320  -35.577  68.678 0.0000000000
46945  -29.780  -35.830  66.056 0.0000000000
46994  -30.566  -35.242  63.255 0.0000000000
53429  -49.245  -29.151  66.873 0.0000000000
54425  -49.695  -28.832  66.245 0.0000000000
53430  -50.237  -29.151  66.872 0.0000000000
52329  -49.435  -30.015  68.843 0.0000000000
52351  -47.460  -29.817  68.069 0.0000000000
53409  -48.044  -29.331  67.746 0.0000000000
53445  -46.735  -28.994  66.487 0.0000000000
63628  -48.649  -20.163  54.228 0.0000000000
64743  -48.391  -19.212  53.045 0.0000000000
65720  -48.269  -18.309  52.320 0.0000000000
65715  -49.505  -18.043  53.899 0.0000000000
44677  -36.152  -37.104  77.568 0.0000000000
44720  -35.543  -36.770  75.793 0.0000000000
44721  -36.659  -37.171  75.836 0.0000000000
58092  -40.056  -25.169  57.744 0.0000000000
59244  -41.955  -24.768  58.741 0.0000000000
59199  -50.797  -24.431  61.474 0.0000000000
59231  -48.999  -24.296  59.659 0.0000000000
59232  -50.140  -24.313  59.528 0.0000000000
58082  -50.416  -23.994  58.450 0.0000000000
59234  -51.645  -23.881  59.797 0.0000000000
43737  -45.251  -36.896  73.308 0.0000000000
43765  -44.498  -37.213  72.409 0.0000000000
43780  -45.951  -37.715  71.607 0.0000000000
49116  -40.937  -32.926  61.364 0.0000000000
48077  -41.012  -34.097  61.699 0.0000000000
49121  -39.933  -33.174  60.866 0.0000000000
48098  -38.468  -33.850  60.146 0.0000000000
56831  -41.430  -26.661  59.771 0.0000000000
55619  -40.492  -27.488  58.424 0.0000000000
56838  -39.951  -26.542  57.955 0.0000000000
70927  -56.478  -13.956  58.057 0.0000000000
70947  -57.136  -13.520  57.328 0.0000000000
70976  -55.985  -13.682  55.654 0.0000000000
70964  -57.776  -13.371  56.440 0.0000000000
43697  -27.713  -38.807  77.396 0.0000000000
42768  -26.971  -39.311  76.164 0.0000000000
43713  -27.596  -38.913  76.462 0.0000000000
46900  -28.242  -35.764  67.418 0.0000000000
45926  -27.092  -36.279  67.029 0.0000000000
45940  -26.822  -36.981  65.663 0.0000000000
44876  -27.321  -37.963  64.644 0.0000000000
45965  -27.402  -37.189  64.414 0.0000000000
47999  -36.734  -34.495  66.628 0.0000000000
47998  -35.794  -34.517  66.554 0.0000000000
48014  -35.699  -34.228  65.762 0.0000000000
56811  -45.021  -26.819  63.217 0.0000000000
58034  -44.531  -25.965  62.129 0.0000000000
56812  -45.855  -26.132  63.383 0.0000000000
55561  -50.410  -27.412  64.760 0.0000000000
56797  -48.444  -26.239  63.743 0.0000000000
56799  -50.255  -25.972  64.168 0.0000000000
58001  -49.725  -25.313  63.497 0.0000000000
57979  -51.632  -25.945  64.315 0.0000000000
49014  -48.261  -33.836  71.472 0.0000000000
47954  -46.999  -35.028  69.652 0.0000000000
49024  -46.584  -33.937  69.502 0.0000000000
51189  -45.071  -31.169  65.780 0.0000000000
50078  -45.327  -32.775  66.832 0.0000000000
51194  -44.356  -31.838  64.932 0.0000000000
50103  -43.478  -32.707  63.817 0.0000000000
51205  -43.673  -31.504  63.425 0.0000000000
52427  -43.257  -30.870  62.325 0.0000000000
52422  -43.713  -30.564  62.948 0.0000000000
54473  -45.286  -28.580  64.388 0.0000000000
54486  -44.404  -28.622  63.124 0.0000000000
55594  -44.449  -27.691  62.938 0.0000000000
55601  -43.787  -27.622  62.181 0.0000000000
44673  -32.102  -37.559  77.843 0.0000000000
44715  -30.570  -37.632  75.847 0.0000000000
44716  -31.619  -37.289  75.661 0.0000000000
45802  -32.925  -36.075  73.423 0.0000000000
45801  -31.905  -36.522  73.666 0.0000000000
45847  -31.176  -36.162  71.834 0.0000000000
45901  -30.509  -36.055  70.239 0.0000000000
45878  -31.422  -35.910  70.936 0.0000000000
59211  -45.170  -24.901  60.460 0.0000000000
59227  -44.911  -24.476  59.800 0.0000000000
59228  -46.205  -24.373  59.597 0.0000000000
59268  -47.383  -24.652  57.559 0.0000000000
59267  -46.369  -24.553  57.554 0.0000000000
59287  -47.101  -24.494  56.632 0.0000000000
60425  -50.384  -23.024  57.214 0.0000000000
60431  -49.406  -23.011  55.994 0.0000000000
61467  -49.743  -22.456  56.251 0.0000000000
61491  -49.496  -21.865  55.510 0.0000000000
62509  -50.608  -21.609  56.676 0.0000000000
43718  -40.813  -38.096  75.713 0.0000000000
43731  -39.830  -37.833  75.107 0.0000000000
43732  -40.824  -37.872  74.455 0.0000000000
45887  -41.843  -35.261  70.343 0.0000000000
45857  -40.587  -35.565  71.217 0.0000000000
46891  -40.706  -34.682  69.278 0.0000000000
46911  -39.132  -34.773  68.734 0.0000000000
47969  -40.392  -34.281  67.860 0.0000000000
45945  -45.099  -36.545  67.016 0.0000000000
44854  -44.823  -36.856  67.772 0.0000000000
45955  -43.730  -36.126  65.852 0.0000000000
46998  -40.464  -35.719  63.187 0.0000000000
46979  -41.598  -35.543  64.268 0.0000000000
48047  -40.402  -35.097  63.775 0.0000000000
48029  -39.651  -34.380  64.473 0.0000000000
53510  -40.962  -30.297  59.464 0.0000000000
46781  -43.504  -35.541  76.194 0.0000000000
49975  -47.720  -33.159  73.340 0.0000000000
54398  -52.391  -27.980  68.148 0.0000000000
56727  -54.823  -26.527  66.888 0.0000000000
57958  -55.648  -25.773  65.757 0.0000000000
57981  -53.923  -26.122  64.318 0.0000000000
57959  -56.067  -25.369  65.000 0.0000000000
59170  -57.129  -24.086  62.823 0.0000000000
59187  -56.237  -24.351  62.487 0.0000000000
60375  -55.949  -23.648  61.482 0.0000000000
60385  -54.618  -23.496  60.376 0.0000000000
61424  -56.134  -22.622  60.320 0.0000000000
62496  -56.872  -20.947  57.579 0.0000000000
62495  -55.462  -21.731  57.805 0.0000000000
62513  -54.784  -21.308  56.796 0.0000000000
62528  -53.408  -20.648  56.207 0.0000000000
63598  -53.923  -20.003  55.931 0.0000000000
66600  -57.250  -17.239  59.071 0.0000000000
68663  -54.665  -16.012  57.131 0.0000000000
67620  -55.204  -17.076  57.183 0.0000000000
67654  -54.037  -17.056  55.768 0.0000000000
66639  -53.507  -17.675  55.618 0.0000000000
67670  -52.692  -16.797  55.022 0.0000000000
67683  -51.240  -16.914  54.243 0.0000000000
68710  -52.858  -15.762  54.905 0.0000000000
69880  -53.470  -13.840  52.831 0.0000000000
69860  -52.492  -14.375  53.380 0.0000000000
69898  -52.621  -13.976  51.342 0.0000000000
69834  -60.332  -14.468  55.107 0.0000000000
70995  -58.525  -13.292  54.039 0.0000000000
71009  -58.447  -13.563  53.029 0.0000000000
42809  -25.228  -39.226  73.008 0.0000000000
42794  -24.340  -39.233  73.642 0.0000000000
42817  -24.201  -39.341  71.635 0.0000000000
42816  -23.208  -39.506  71.173 0.0000000000
42822  -24.323  -39.383  70.508 0.0000000000
44774  -28.774  -37.606  72.979 0.0000000000
44773  -27.981  -38.028  73.424 0.0000000000
44797  -27.789  -37.986  72.090 0.0000000000
44825  -25.738  -38.111  69.161 0.0000000000
41912  -26.772  -40.451  66.116 0.0000000000
45826  -36.981  -36.488  72.168 0.0000000000
45825  -36.083  -36.546  72.272 0.0000000000
45852  -36.360  -36.394  71.414 0.0000000000
46949  -33.357  -34.936  67.277 0.0000000000
46905  -33.378  -35.398  68.674 0.0000000000
46926  -31.987  -35.476  67.625 0.0000000000
46925  -30.913  -35.714  67.444 0.0000000000
46962  -31.196  -35.222  65.787 0.0000000000
46993  -29.634  -35.900  62.869 0.0000000000
55557  -46.334  -27.532  64.914 0.0000000000
56767  -46.999  -26.780  64.536 0.0000000000
55540  -48.264  -27.835  65.025 0.0000000000
55542  -49.833  -27.949  65.177 0.0000000000
55543  -50.766  -27.910  65.424 0.0000000000
50043  -47.979  -31.843  70.644 0.0000000000
51116  -46.699  -32.165  69.628 0.0000000000
51140  -46.703  -31.134  69.356 0.0000000000
51175  -45.768  -30.715  66.972 0.0000000000
52408  -45.338  -30.322  65.315 0.0000000000
53481  -44.523  -30.022  64.047 0.0000000000
52409  -45.692  -29.632  65.251 0.0000000000
53457  -46.073  -28.972  65.683 0.0000000000
66691  -48.897  -17.075  51.334 0.0000000000
44675  -34.113  -37.179  77.669 0.0000000000
44717  -32.658  -37.319  75.991 0.0000000000
44718  -33.559  -37.235  75.991 0.0000000000
45786  -33.693  -36.283  74.362 0.0000000000
45803  -33.799  -36.165  73.430 0.0000000000
58053  -47.466  -24.417  60.895 0.0000000000
59229  -47.229  -24.536  59.323 0.0000000000
58068  -48.294  -24.341  59.872 0.0000000000
59250  -48.629  -24.511  58.563 0.0000000000
58093  -48.871  -24.693  56.882 0.0000000000
58107  -48.974  -24.027  56.763 0.0000000000
58094  -49.480  -24.390  57.282 0.0000000000
58096  -50.548  -23.754  57.985 0.0000000000
59272  -51.121  -23.298  58.415 0.0000000000
43721  -43.326  -37.661  75.213 0.0000000000
43746  -41.564  -37.666  73.807 0.0000000000
43748  -43.547  -37.441  73.143 0.0000000000
44801  -43.606  -35.973  71.876 0.0000000000
45906  -42.877  -35.546  69.405 0.0000000000
48050  -43.158  -34.754  64.189 0.0000000000
46981  -43.103  -35.504  64.779 0.0000000000
48048  -42.331  -35.064  63.238 0.0000000000
47015  -41.148  -35.432  62.640 0.0000000000
47027  -39.876  -35.392  61.462 0.0000000000
47035  -38.053  -35.203  60.486 0.0000000000
48082  -38.678  -34.443  60.526 0.0000000000
54511  -41.276  -28.258  59.357 0.0000000000
54523  -40.088  -28.240  58.377 0.0000000000
61417  -58.135  -22.144  61.324 0.0000000000
61434  -57.165  -22.256  60.013 0.0000000000
62445  -58.281  -21.670  60.449 0.0000000000
62478  -57.754  -21.249  58.425 0.0000000000
63557  -57.333  -20.030  57.253 0.0000000000
69742  -57.654  -14.574  60.899 0.0000000000
68633  -56.667  -15.675  59.290 0.0000000000
69761  -56.558  -14.786  59.241 0.0000000000
69796  -54.863  -15.096  57.754 0.0000000000
69831  -54.026  -15.042  55.985 0.0000000000
69830  -53.435  -15.058  55.349 0.0000000000
70992  -54.936  -14.025  55.017 0.0000000000
71005  -54.323  -13.667  54.093 0.0000000000
71022  -55.403  -13.547  52.816 0.0000000000
69904  -60.296  -14.706  51.668 0.0000000000
69882  -59.061  -14.246  51.748 0.0000000000
69916  -59.161  -14.851  50.828 0.0000000000
42719  -25.504  -38.632  78.093 0.0000000000
42747  -24.899  -39.172  76.499 0.0000000000
42748  -25.774  -39.069  76.622 0.0000000000
42783  -26.350  -39.101  75.095 0.0000000000
43762  -26.219  -38.798  73.089 0.0000000000
45874  -28.278  -36.838  70.172 0.0000000000
44816  -27.698  -37.311  70.722 0.0000000000
44839  -27.000  -37.002  69.094 0.0000000000
44852  -26.169  -37.465  67.146 0.0000000000
43822  -26.189  -38.571  65.758 0.0000000000
41916  -27.180  -40.248  65.432 0.0000000000
42859  -27.148  -39.496  64.795 0.0000000000
46887  -36.738  -35.774  69.577 0.0000000000
46886  -35.743  -36.154  69.717 0.0000000000
46930  -36.110  -35.336  68.051 0.0000000000
47981  -34.410  -34.643  67.022 0.0000000000
47995  -32.811  -34.665  65.991 0.0000000000
58048  -42.790  -26.166  60.615 0.0000000000
59224  -42.373  -25.306  59.434 0.0000000000
58049  -43.346  -25.830  60.612 0.0000000000
58035  -45.406  -25.508  61.820 0.0000000000
58036  -46.402  -25.273  61.705 0.0000000000
56796  -47.508  -26.219  63.660 0.0000000000
56814  -47.522  -25.880  62.880 0.0000000000
58037  -47.295  -25.021  61.683 0.0000000000
58022  -49.102  -24.623  62.513 0.0000000000
59184  -50.389  -24.344  62.167 0.0000000000
58041  -51.671  -24.855  62.040 0.0000000000
45832  -47.260  -36.403  72.210 0.0000000000
44822  -46.713  -37.461  70.887 0.0000000000
45890  -47.442  -36.471  70.664 0.0000000000
46917  -46.698  -36.011  68.340 0.0000000000
48005  -44.970  -35.200  66.461 0.0000000000
50054  -45.611  -33.239  68.453 0.0000000000
49057  -44.838  -33.824  66.313 0.0000000000
48004  -44.477  -34.572  65.918 0.0000000000
49096  -43.034  -33.608  63.381 0.0000000000
50115  -42.313  -32.581  62.076 0.0000000000
50114  -41.611  -32.338  61.119 0.0000000000
51224  -40.354  -31.989  59.818 0.0000000000
51213  -41.896  -31.614  60.369 0.0000000000
52440  -42.020  -30.791  60.124 0.0000000000
53500  -42.032  -29.691  60.350 0.0000000000
53479  -43.853  -29.791  62.751 0.0000000000
53490  -43.237  -29.107  61.311 0.0000000000
54502  -42.226  -28.611  60.294 0.0000000000
55605  -42.446  -27.930  60.590 0.0000000000
56824  -42.221  -26.827  60.614 0.0000000000
70965  -58.992  -13.247  56.564 0.0000000000
70966  -60.264  -13.223  56.603 0.0000000000
69815  -61.111  -14.107  56.246 0.0000000000
69850  -61.020  -14.669  54.307 0.0000000000
69865  -61.476  -14.475  53.234 0.0000000000
68736  -61.524  -14.968  52.302 0.0000000000
44670  -29.540  -38.436  77.680 0.0000000000
44713  -28.929  -38.248  76.424 0.0000000000
44714  -29.641  -37.903  76.107 0.0000000000
44734  -29.654  -37.669  74.992 0.0000000000
44753  -29.736  -37.243  73.788 0.0000000000
45784  -31.791  -36.780  74.792 0.0000000000
45819  -30.266  -36.933  73.122 0.0000000000
45845  -29.404  -36.732  71.367 0.0000000000
45876  -29.809  -36.382  70.861 0.0000000000
45914  -29.242  -36.289  69.218 0.0000000000
46923  -28.894  -35.749  66.858 0.0000000000
59225  -42.980  -25.056  59.371 0.0000000000
59264  -42.917  -24.251  57.550 0.0000000000
59247  -45.670  -24.542  58.586 0.0000000000
63614  -48.952  -20.809  54.657 0.0000000000
63615  -49.626  -20.143  55.023 0.0000000000
43701  -38.708  -37.188  76.908 0.0000000000
44722  -37.664  -37.763  75.759 0.0000000000
44723  -38.454  -37.672  75.373 0.0000000000
44757  -37.903  -37.062  73.630 0.0000000000
45828  -38.685  -36.016  72.105 0.0000000000
44778  -40.364  -36.638  72.921 0.0000000000
45829  -39.843  -35.918  72.285 0.0000000000
46864  -38.228  -35.678  70.496 0.0000000000
46910  -38.189  -35.151  68.581 0.0000000000
47985  -38.065  -34.764  67.704 0.0000000000
48016  -37.504  -34.129  65.902 0.0000000000
44829  -45.024  -36.827  69.765 0.0000000000
45916  -43.893  -35.955  68.689 0.0000000000
46935  -42.687  -35.468  67.535 0.0000000000
46965  -42.857  -35.764  65.542 0.0000000000
46951  -41.966  -35.521  66.222 0.0000000000
46933  -41.324  -34.978  66.879 0.0000000000
48002  -39.927  -34.510  66.501 0.0000000000
48028  -39.004  -34.015  64.831 0.0000000000
51241  -39.282  -31.522  58.559 0.0000000000
52330  -50.520  -30.053  68.859 0.0000000000
53393  -51.577  -29.513  68.191 0.0000000000
43662  -25.817  -38.576  78.859 0.0000000000
43667  -29.439  -38.500  78.694 0.0000000000
44650  -30.008  -38.403  78.613 0.0000000000
44652  -31.763  -37.877  78.840 0.0000000000
44655  -34.789  -37.007  78.265 0.0000000000
44656  -35.769  -36.951  78.140 0.0000000000
44657  -36.769  -36.957  78.104 0.0000000000
44679  -38.185  -36.991  77.750 0.0000000000
43684  -39.163  -36.862  77.430 0.0000000000
43685  -40.066  -37.480  77.661 0.0000000000
43704  -41.700  -38.176  76.819 0.0000000000
44684  -42.490  -36.886  77.439 0.0000000000
42753  -43.098  -38.577  76.137 0.0000000000
44705  -44.074  -36.996  75.875 0.0000000000
44725  -44.542  -36.559  74.602 0.0000000000
45808  -45.829  -36.133  73.278 0.0000000000
46816  -46.818  -35.539  73.044 0.0000000000
47917  -47.777  -34.928  72.520 0.0000000000
48990  -48.435  -33.680  72.580 0.0000000000
52307  -50.127  -30.361  69.921 0.0000000000
53413  -51.913  -29.047  67.697 0.0000000000
54428  -52.087  -28.306  66.640 0.0000000000
55545  -52.826  -27.592  65.871 0.0000000000
55503  -54.190  -27.127  67.566 0.0000000000
55546  -53.689  -27.462  66.360 0.0000000000
56745  -52.872  -27.184  65.234 0.0000000000
57980  -52.737  -26.040  64.287 0.0000000000
58004  -53.180  -25.541  63.549 0.0000000000
58043  -53.410  -25.064  61.729 0.0000000000
57983  -56.175  -25.115  64.051 0.0000000000
59185  -54.945  -24.956  62.124 0.0000000000
59202  -53.419  -24.709  61.065 0.0000000000
59218  -53.475  -24.015  60.437 0.0000000000
59255  -52.503  -23.157  59.529 0.0000000000
60417  -52.932  -22.630  58.359 0.0000000000
61432  -55.802  -22.241  59.454 0.0000000000
61443  -53.728  -22.625  58.406 0.0000000000
61470  -52.325  -22.007  57.391 0.0000000000
62526  -51.490  -20.968  56.356 0.0000000000
63596  -51.843  -20.144  56.213 0.0000000000
64722  -51.102  -19.057  55.124 0.0000000000
64670  -57.895  -19.254  57.911 0.0000000000
64686  -56.652  -19.385  56.801 0.0000000000
67622  -56.260  -16.867  58.179 0.0000000000
66625  -55.740  -18.113  56.762 0.0000000000
64704  -55.527  -19.337  56.052 0.0000000000
64702  -53.539  -19.211  55.900 0.0000000000
65700  -52.280  -18.249  55.386 0.0000000000
65717  -50.996  -18.137  54.678 0.0000000000
66675  -50.190  -17.291  53.658 0.0000000000
67681  -50.384  -16.857  53.028 0.0000000000
67703  -49.705  -16.331  51.929 0.0000000000
68720  -51.811  -14.949  53.827 0.0000000000
68734  -50.713  -15.644  52.593 0.0000000000
68751  -49.439  -15.762  51.131 0.0000000000
70978  -58.459  -13.274  55.339 0.0000000000
71007  -56.356  -13.406  53.596 0.0000000000
71043  -55.525  -13.521  51.838 0.0000000000
71045  -57.609  -13.349  51.394 0.0000000000
71059  -55.705  -13.554  50.923 0.0000000000
69910  -53.792  -13.692  50.620 0.0000000000
42764  -23.637  -39.252  75.405 0.0000000000
43744  -27.692  -38.297  74.207 0.0000000000
43763  -27.234  -38.446  73.247 0.0000000000
43775  -25.593  -38.800  71.460 0.0000000000
44815  -26.413  -37.766  70.639 0.0000000000
43787  -25.919  -38.329  71.103 0.0000000000
43786  -25.448  -38.601  70.342 0.0000000000
43792  -24.694  -39.123  68.909 0.0000000000
44755  -36.221  -36.892  74.282 0.0000000000
45804  -34.758  -36.418  73.332 0.0000000000
45849  -33.193  -36.059  71.306 0.0000000000
46885  -34.748  -36.141  69.534 0.0000000000
46859  -33.475  -35.863  70.110 0.0000000000
46858  -32.711  -35.818  70.469 0.0000000000
46903  -31.174  -35.705  68.602 0.0000000000
46924  -29.849  -35.794  67.190 0.0000000000
46944  -28.774  -35.803  65.852 0.0000000000
48027  -33.097  -33.834  64.639 0.0000000000
48025  -31.575  -34.208  64.046 0.0000000000
48009  -31.124  -34.631  64.654 0.0000000000
46977  -30.115  -35.074  64.327 0.0000000000
46975  -28.770  -36.025  63.622 0.0000000000
45966  -28.044  -36.496  64.207 0.0000000000
53410  -48.888  -29.375  67.575 0.0000000000
53411  -49.941  -29.392  67.640 0.0000000000
52352  -48.610  -29.699  68.203 0.0000000000
53428  -47.948  -28.989  66.988 0.0000000000
64736  -48.665  -19.395  53.855 0.0000000000
64744  -48.913  -18.739  53.753 0.0000000000
44701  -36.417  -37.145  76.741 0.0000000000
58079  -40.587  -25.370  58.327 0.0000000000
59215  -50.891  -24.348  60.466 0.0000000000
59233  -50.953  -24.113  59.733 0.0000000000
59216  -51.746  -24.454  60.354 0.0000000000
44763  -45.882  -36.750  72.958 0.0000000000
43767  -45.669  -37.497  72.376 0.0000000000
44804  -46.239  -37.527  72.008 0.0000000000
49122  -40.347  -32.916  61.006 0.0000000000
56839  -40.835  -26.546  58.763 0.0000000000
58078  -39.851  -25.634  57.855 0.0000000000
70929  -58.504  -13.424  58.520 0.0000000000
70928  -57.464  -13.639  58.292 0.0000000000
46922  -27.892  -35.834  66.722 0.0000000000
45941  -27.278  -36.350  66.125 0.0000000000
45952  -27.529  -36.519  65.105 0.0000000000
48015  -36.605  -34.218  65.880 0.0000000000
49066  -35.662  -33.706  65.001 0.0000000000
56793  -45.245  -27.347  63.627 0.0000000000
56794  -45.615  -26.998  63.953 0.0000000000
56770  -49.920  -26.776  64.322 0.0000000000
50027  -47.800  -33.471  70.883 0.0000000000
49025  -47.286  -33.938  70.271 0.0000000000
51195  -44.544  -31.233  65.117 0.0000000000
50096  -44.561  -32.062  65.185 0.0000000000
51199  -44.012  -31.434  64.377 0.0000000000
52423  -44.112  -30.565  63.803 0.0000000000
55580  -44.727  -28.116  63.507 0.0000000000
55595  -44.931  -27.573  63.475 0.0000000000
44696  -31.373  -37.635  76.820 0.0000000000
44697  -32.383  -37.431  76.820 0.0000000000
45822  -32.944  -35.927  72.435 0.0000000000
45821  -31.985  -36.094  72.638 0.0000000000
46839  -32.245  -35.825  71.112 0.0000000000
58065  -46.246  -24.626  60.426 0.0000000000
59212  -45.644  -24.607  60.280 0.0000000000
59288  -48.040  -24.696  56.688 0.0000000000
60414  -50.902  -23.030  57.664 0.0000000000
60424  -49.884  -22.814  56.637 0.0000000000
61468  -50.376  -22.095  56.844 0.0000000000
42769  -41.499  -38.164  75.795 0.0000000000
43719  -41.599  -38.048  75.256 0.0000000000
46867  -41.096  -35.052  69.888 0.0000000000
46913  -41.263  -34.425  68.032 0.0000000000
46954  -45.073  -36.059  66.477 0.0000000000
45944  -44.558  -36.405  66.569 0.0000000000
45956  -44.186  -36.237  66.006 0.0000000000
47014  -40.234  -35.665  62.302 0.0000000000
46997  -39.761  -35.616  62.771 0.0000000000
48046  -39.723  -34.931  63.387 0.0000000000
48063  -39.278  -35.096  62.741 0.0000000000
53499  -41.196  -29.611  59.694 0.0000000000
53509  -40.492  -29.636  59.215 0.0000000000
60362  -57.981  -22.697  62.418 0.0000000000
60350  -57.716  -22.845  62.819 0.0000000000
60361  -57.480  -23.320  62.389 0.0000000000
59188  -56.984  -23.908  62.093 0.0000000000
60376  -56.418  -23.454  61.437 0.0000000000
60386  -55.673  -23.367  60.890 0.0000000000
60387  -56.600  -23.016  60.904 0.0000000000
62514  -55.954  -20.969  56.752 0.0000000000
63577  -55.261  -20.522  56.330 0.0000000000
63576  -54.293  -20.764  56.218 0.0000000000
63600  -55.466  -19.987  56.126 0.0000000000
67546  -57.140  -16.067  61.555 0.0000000000
66587  -57.316  -17.342  59.744 0.0000000000
67579  -57.135  -16.379  59.712 0.0000000000
68679  -54.384  -15.902  56.402 0.0000000000
67638  -54.475  -16.887  56.486 0.0000000000
68696  -54.073  -16.233  55.808 0.0000000000
67653  -53.419  -16.668  55.356 0.0000000000
67669  -51.921  -16.642  54.665 0.0000000000
69900  -53.889  -13.774  52.263 0.0000000000
69899  -53.627  -13.824  51.842 0.0000000000
71057  -54.105  -13.640  51.500 0.0000000000
69849  -60.100  -14.494  54.047 0.0000000000
69848  -59.184  -14.146  53.610 0.0000000000
69862  -59.111  -14.176  52.614 0.0000000000
42732  -24.238  -39.008  77.306 0.0000000000
42808  -24.272  -39.389  72.647 0.0000000000
42823  -24.954  -39.127  71.195 0.0000000000
41911  -25.992  -40.257  66.322 0.0000000000
45853  -37.215  -36.212  71.482 0.0000000000
45883  -36.731  -36.174  70.780 0.0000000000
46948  -32.797  -35.134  66.913 0.0000000000
46927  -32.938  -35.188  67.834 0.0000000000
46947  -31.766  -35.131  66.397 0.0000000000
54460  -47.172  -27.921  65.578 0.0000000000
55558  -47.483  -27.547  65.047 0.0000000000
54446  -48.056  -28.150  65.579 0.0000000000
54447  -49.233  -28.403  65.616 0.0000000000
54448  -50.183  -28.427  65.765 0.0000000000
54449  -51.010  -28.346  66.025 0.0000000000
51118  -48.319  -31.034  70.323 0.0000000000
51117  -47.422  -31.429  70.025 0.0000000000
52305  -47.867  -30.559  69.664 0.0000000000
52350  -46.602  -30.317  68.035 0.0000000000
52395  -45.638  -30.544  66.167 0.0000000000
52396  -46.042  -29.796  65.874 0.0000000000
52419  -45.408  -29.837  64.914 0.0000000000
54445  -46.912  -28.274  65.986 0.0000000000
54459  -46.330  -28.153  65.408 0.0000000000
63635  -47.477  -20.296  52.868 0.0000000000
66684  -49.167  -17.346  52.419 0.0000000000
44699  -34.326  -37.051  76.836 0.0000000000
45771  -34.522  -36.640  75.074 0.0000000000
45787  -34.596  -36.294  74.232 0.0000000000
58054  -48.451  -24.273  60.562 0.0000000000
58067  -47.709  -24.372  60.009 0.0000000000
59213  -49.069  -24.313  60.381 0.0000000000
59269  -48.295  -24.813  57.645 0.0000000000
59270  -49.134  -24.804  57.833 0.0000000000
58081  -49.973  -24.629  58.028 0.0000000000
58070  -50.958  -23.710  59.147 0.0000000000
58097  -50.862  -23.480  58.403 0.0000000000
59253  -51.378  -23.224  58.865 0.0000000000
43734  -42.953  -37.773  74.243 0.0000000000
43735  -44.031  -37.536  73.865 0.0000000000
43778  -44.774  -37.131  71.859 0.0000000000
44782  -44.162  -36.904  72.468 0.0000000000
44802  -44.377  -36.795  71.815 0.0000000000
44818  -43.725  -35.942  71.002 0.0000000000
45889  -43.721  -35.978  70.595 0.0000000000
48049  -42.803  -34.803  63.795 0.0000000000
48064  -41.276  -34.695  62.212 0.0000000000
47028  -40.712  -35.084  61.867 0.0000000000
47037  -39.869  -34.810  60.918 0.0000000000
47036  -39.102  -35.205  60.851 0.0000000000
48083  -39.387  -34.243  60.889 0.0000000000
54510  -40.617  -28.438  58.956 0.0000000000
62434  -58.855  -21.750  61.448 0.0000000000
63517  -59.028  -20.193  59.254 0.0000000000
62460  -58.983  -20.584  59.507 0.0000000000
63516  -58.756  -20.457  58.954 0.0000000000
62497  -57.958  -20.646  57.773 0.0000000000
62498  -58.407  -20.347  58.042 0.0000000000
70890  -57.862  -13.669  60.210 0.0000000000
70877  -57.999  -13.534  61.296 0.0000000000
69743  -57.991  -13.772  60.931 0.0000000000
69762  -57.152  -14.647  59.846 0.0000000000
69797  -55.720  -14.318  57.766 0.0000000000
70945  -55.368  -14.136  57.089 0.0000000000
69814  -54.781  -14.503  56.596 0.0000000000
69832  -54.664  -14.360  55.809 0.0000000000
70975  -55.212  -13.979  56.000 0.0000000000
71006  -55.254  -13.518  53.876 0.0000000000
68746  -60.681  -15.248  51.370 0.0000000000
69903  -59.706  -14.765  51.228 0.0000000000
42734  -26.009  -39.014  77.414 0.0000000000
42749  -26.506  -39.073  76.767 0.0000000000
42784  -26.766  -39.206  75.620 0.0000000000
42796  -25.879  -38.984  74.139 0.0000000000
43743  -26.711  -38.714  74.303 0.0000000000
45898  -27.838  -36.752  69.519 0.0000000000
45925  -26.587  -36.804  66.593 0.0000000000
45911  -26.690  -36.820  67.473 0.0000000000
44862  -26.361  -37.619  66.166 0.0000000000
43823  -26.870  -38.718  65.152 0.0000000000
43833  -27.539  -38.620  64.027 0.0000000000
42868  -27.373  -39.259  64.178 0.0000000000
46909  -37.241  -35.362  68.861 0.0000000000
46908  -36.342  -35.553  68.882 0.0000000000
47997  -34.894  -34.508  66.458 0.0000000000
47982  -35.007  -34.716  67.218 0.0000000000
47996  -33.819  -34.619  66.543 0.0000000000
56825  -43.077  -26.438  60.953 0.0000000000
56826  -43.615  -26.060  61.018 0.0000000000
58018  -45.216  -25.886  62.761 0.0000000000
58020  -47.065  -25.547  62.382 0.0000000000
57999  -48.052  -25.935  63.122 0.0000000000
58021  -47.956  -25.300  62.533 0.0000000000
58038  -48.160  -24.555  61.640 0.0000000000
58002  -50.877  -25.149  63.940 0.0000000000
58023  -50.330  -24.597  62.917 0.0000000000
58040  -50.991  -24.514  62.309 0.0000000000
46844  -47.822  -35.838  71.836 0.0000000000
45861  -47.609  -36.410  71.526 0.0000000000
45862  -47.938  -36.068  71.241 0.0000000000
47971  -46.363  -35.089  68.714 0.0000000000
47972  -47.054  -35.727  68.950 0.0000000000
46916  -45.988  -35.476  67.841 0.0000000000
47989  -45.406  -34.794  67.155 0.0000000000
51139  -45.896  -31.723  68.733 0.0000000000
50055  -45.951  -32.952  69.221 0.0000000000
51138  -45.548  -32.584  68.377 0.0000000000
50088  -44.633  -32.914  65.349 0.0000000000
49071  -44.781  -33.314  65.794 0.0000000000
49056  -44.493  -33.986  65.938 0.0000000000
49083  -43.675  -33.785  64.781 0.0000000000
50108  -43.091  -32.563  62.940 0.0000000000
50120  -41.587  -32.124  60.494 0.0000000000
51208  -42.381  -31.605  61.301 0.0000000000
52426  -42.871  -30.664  61.631 0.0000000000
52430  -42.331  -30.709  60.814 0.0000000000
53489  -42.746  -29.811  61.260 0.0000000000
53480  -44.354  -29.610  63.451 0.0000000000
54485  -43.973  -29.140  62.569 0.0000000000
54494  -43.177  -28.491  61.221 0.0000000000
55606  -42.848  -28.183  61.044 0.0000000000
56819  -42.819  -27.129  61.223 0.0000000000
70967  -61.317  -13.630  56.364 0.0000000000
69816  -61.673  -14.156  56.002 0.0000000000
69835  -61.295  -14.462  55.419 0.0000000000
69836  -62.076  -14.216  55.377 0.0000000000
69851  -61.750  -14.415  54.414 0.0000000000
68722  -61.908  -14.607  52.780 0.0000000000
68721  -61.678  -14.678  52.774 0.0000000000
44671  -30.179  -38.279  77.859 0.0000000000
44694  -29.547  -38.197  77.054 0.0000000000
44695  -30.383  -37.827  76.943 0.0000000000
44754  -30.429  -37.124  73.991 0.0000000000
45769  -32.757  -36.892  75.364 0.0000000000
45768  -32.190  -37.007  75.495 0.0000000000
45820  -31.016  -36.503  72.866 0.0000000000
46880  -29.993  -36.083  69.241 0.0000000000
45900  -29.669  -36.244  69.747 0.0000000000
46901  -28.816  -35.786  67.887 0.0000000000
46902  -29.862  -35.978  68.614 0.0000000000
58063  -43.599  -25.330  60.026 0.0000000000
59226  -43.934  -24.789  59.391 0.0000000000
59245  -43.397  -24.503  58.565 0.0000000000
59248  -46.757  -24.558  58.498 0.0000000000
59286  -46.063  -24.292  56.627 0.0000000000
58124  -48.955  -23.809  56.591 0.0000000000
59306  -48.989  -23.623  56.243 0.0000000000
62538  -49.275  -21.403  55.101 0.0000000000
63616  -50.459  -19.844  55.540 0.0000000000
43716  -38.787  -37.725  76.232 0.0000000000
43730  -39.122  -37.667  75.516 0.0000000000
44741  -39.800  -37.474  74.182 0.0000000000
44740  -38.854  -37.337  74.633 0.0000000000
44758  -39.042  -37.044  73.591 0.0000000000
44776  -38.387  -36.594  72.860 0.0000000000
44777  -39.371  -36.619  72.849 0.0000000000
44761  -41.872  -37.202  73.224 0.0000000000
44779  -41.350  -36.620  72.934 0.0000000000
46843  -39.633  -35.541  70.765 0.0000000000
45856  -39.325  -35.698  71.411 0.0000000000
45855  -38.488  -35.801  71.171 0.0000000000
46842  -38.877  -35.662  70.822 0.0000000000
46888  -37.690  -35.519  69.553 0.0000000000
46889  -38.670  -35.281  69.498 0.0000000000
47986  -39.204  -34.265  67.414 0.0000000000
47967  -38.736  -34.697  68.101 0.0000000000
48000  -37.756  -34.285  66.666 0.0000000000
44831  -46.321  -37.286  70.211 0.0000000000
43794  -45.894  -37.526  70.405 0.0000000000
44842  -45.440  -37.287  69.057 0.0000000000
45928  -43.929  -36.297  67.587 0.0000000000
44840  -44.477  -36.512  68.139 0.0000000000
45915  -43.308  -35.667  68.087 0.0000000000
46980  -42.440  -35.465  64.573 0.0000000000
48031  -41.521  -34.962  64.880 0.0000000000
46964  -41.938  -35.325  65.257 0.0000000000
46963  -41.486  -35.035  65.546 0.0000000000
48003  -40.724  -34.750  66.597 0.0000000000
49095  -39.250  -33.916  63.914 0.0000000000
49082  -39.164  -33.932  64.502 0.0000000000
49094  -38.375  -33.720  63.806 0.0000000000
49081  -38.446  -33.750  64.739 0.0000000000
51225  -41.126  -31.663  59.796 0.0000000000
51242  -40.157  -31.486  59.317 0.0000000000
44637  -29.855  -38.176  79.498 0.0000000000
45730  -34.413  -36.740  78.852 0.0000000000
44680  -38.659  -36.847  77.641 0.0000000000
43668  -39.189  -36.714  77.728 0.0000000000
43686  -41.171  -37.728  77.358 0.0000000000
45750  -42.926  -36.282  77.672 0.0000000000
44704  -43.131  -36.987  76.774 0.0000000000
44703  -42.411  -37.459  77.160 0.0000000000
43706  -43.602  -37.819  76.086 0.0000000000
45773  -44.021  -35.874  75.555 0.0000000000
45774  -44.373  -36.306  74.998 0.0000000000
45789  -44.455  -35.781  74.801 0.0000000000
45790  -44.958  -36.047  74.158 0.0000000000
47903  -45.705  -34.261  73.685 0.0000000000
47904  -46.661  -34.594  73.332 0.0000000000
46817  -47.446  -35.356  72.647 0.0000000000
48972  -47.321  -33.886  73.293 0.0000000000
49994  -48.611  -33.015  72.600 0.0000000000
49002  -48.729  -33.793  72.102 0.0000000000
53376  -51.943  -29.619  68.915 0.0000000000
53394  -52.233  -28.883  68.409 0.0000000000
54412  -52.977  -27.609  67.736 0.0000000000
54410  -52.187  -28.459  67.381 0.0000000000
54429  -52.814  -28.111  67.171 0.0000000000
55519  -52.448  -27.998  66.207 0.0000000000
55520  -52.980  -27.934  66.566 0.0000000000
56747  -54.499  -26.917  66.199 0.0000000000
56726  -54.766  -26.707  66.649 0.0000000000
56746  -53.637  -27.115  65.610 0.0000000000
56773  -53.325  -26.703  64.867 0.0000000000
58026  -53.415  -25.232  62.621 0.0000000000
60348  -56.700  -23.007  63.500 0.0000000000
59169  -56.680  -24.580  63.350 0.0000000000
59186  -55.343  -24.600  62.205 0.0000000000
58029  -55.712  -24.685  62.660 0.0000000000
58044  -53.941  -24.920  61.661 0.0000000000
59217  -52.527  -24.287  60.353 0.0000000000
60395  -54.219  -23.089  59.584 0.0000000000
60394  -53.688  -23.425  60.005 0.0000000000
60405  -53.015  -22.991  59.146 0.0000000000
60404  -52.271  -22.855  59.024 0.0000000000
62458  -57.455  -21.822  59.571 0.0000000000
61433  -56.694  -22.272  59.819 0.0000000000
62456  -56.064  -21.948  59.235 0.0000000000
62494  -54.227  -21.961  57.281 0.0000000000
61458  -54.384  -22.232  57.958 0.0000000000
62493  -53.707  -22.077  57.138 0.0000000000
61457  -53.481  -22.268  57.632 0.0000000000
61471  -52.930  -22.188  57.369 0.0000000000
62511  -52.013  -21.417  56.897 0.0000000000
63618  -52.036  -19.473  56.091 0.0000000000
63617  -51.310  -19.460  55.946 0.0000000000
65639  -57.358  -18.236  58.157 0.0000000000
65640  -57.866  -18.393  58.625 0.0000000000
65654  -57.618  -18.732  58.001 0.0000000000
64669  -57.197  -19.349  57.373 0.0000000000
68650  -56.217  -15.904  58.579 0.0000000000
67601  -56.645  -16.754  58.736 0.0000000000
67600  -56.138  -16.421  58.254 0.0000000000
66624  -55.309  -17.881  56.625 0.0000000000
66610  -55.492  -17.582  56.959 0.0000000000
65667  -55.493  -18.353  56.390 0.0000000000
65685  -55.603  -18.823  56.128 0.0000000000
65684  -55.147  -18.569  56.095 0.0000000000
64703  -54.523  -19.295  55.896 0.0000000000
65683  -54.028  -18.531  55.854 0.0000000000
66638  -52.743  -17.848  55.427 0.0000000000
65699  -51.542  -18.316  55.078 0.0000000000
65716  -50.302  -18.062  54.352 0.0000000000
66676  -50.919  -17.463  54.233 0.0000000000
67668  -51.373  -16.292  54.091 0.0000000000
67682  -50.850  -16.626  53.493 0.0000000000
67694  -50.491  -16.422  52.921 0.0000000000
67693  -50.000  -16.470  52.458 0.0000000000
69845  -53.379  -14.509  54.666 0.0000000000
69844  -52.491  -14.787  54.287 0.0000000000
69861  -53.191  -14.145  53.826 0.0000000000
69878  -51.618  -14.566  51.975 0.0000000000
69859  -51.601  -14.730  53.033 0.0000000000
68744  -50.729  -14.906  51.460 0.0000000000
68743  -49.958  -15.801  51.776 0.0000000000
71008  -57.480  -13.159  53.343 0.0000000000
71023  -56.541  -13.278  52.513 0.0000000000
69901  -58.049  -14.286  50.945 0.0000000000
71046  -58.383  -14.048  51.476 0.0000000000
71061  -57.378  -14.022  50.685 0.0000000000
69912  -56.016  -13.947  50.171 0.0000000000
71058  -54.727  -13.520  51.180 0.0000000000
42765  -24.647  -39.272  75.583 0.0000000000
42781  -24.449  -39.209  74.627 0.0000000000
42793  -23.352  -39.233  73.325 0.0000000000
42821  -23.079  -39.828  69.983 0.0000000000
42825  -23.510  -39.979  68.942 0.0000000000
42834  -23.836  -40.310  68.554 0.0000000000
44733  -28.814  -38.079  75.413 0.0000000000
43714  -28.165  -38.521  75.915 0.0000000000
43729  -28.075  -38.346  74.887 0.0000000000
43777  -26.992  -38.583  72.509 0.0000000000
44827  -27.070  -37.274  69.899 0.0000000000
44826  -26.394  -37.543  69.519 0.0000000000
44814  -25.897  -37.879  69.945 0.0000000000
43785  -24.851  -39.178  69.703 0.0000000000
41006  -27.735  -40.775  65.447 0.0000000000
44739  -37.766  -37.363  74.730 0.0000000000
44738  -36.877  -37.150  74.945 0.0000000000
45805  -35.884  -36.744  73.334 0.0000000000
45824  -35.050  -36.424  72.360 0.0000000000
45823  -33.852  -36.195  72.484 0.0000000000
45850  -34.367  -36.246  71.405 0.0000000000
46907  -35.389  -35.719  68.787 0.0000000000
45903  -35.142  -36.418  69.916 0.0000000000
46884  -33.827  -35.815  69.422 0.0000000000
46883  -32.881  -35.586  69.555 0.0000000000
45879  -33.312  -35.962  70.617 0.0000000000
46882  -31.602  -35.780  69.899 0.0000000000
46946  -30.757  -35.715  66.308 0.0000000000
48026  -32.526  -33.763  64.141 0.0000000000
48011  -32.636  -34.214  65.177 0.0000000000
48024  -30.821  -34.654  64.019 0.0000000000
45972  -29.121  -36.425  62.654 0.0000000000
46992  -28.905  -36.168  62.971 0.0000000000
45971  -28.393  -36.698  63.005 0.0000000000
54424  -48.660  -28.685  66.243 0.0000000000
52328  -48.265  -30.061  68.907 0.0000000000
52374  -47.293  -29.358  67.454 0.0000000000
53427  -47.000  -29.211  67.043 0.0000000000
63636  -48.196  -19.951  53.565 0.0000000000
64742  -47.715  -19.264  52.262 0.0000000000
65721  -48.869  -18.118  53.210 0.0000000000
44700  -35.352  -36.922  76.808 0.0000000000
44737  -36.011  -36.818  74.993 0.0000000000
59243  -41.131  -24.641  58.026 0.0000000000
59214  -49.745  -24.343  60.626 0.0000000000
59252  -50.180  -24.357  58.726 0.0000000000
58069  -50.494  -24.028  59.116 0.0000000000
43736  -44.756  -37.079  73.696 0.0000000000
43749  -44.423  -37.573  72.947 0.0000000000
43750  -44.952  -37.585  73.074 0.0000000000
43766  -45.121  -37.568  72.329 0.0000000000
44820  -45.067  -36.892  70.961 0.0000000000
49108  -41.930  -33.791  62.379 0.0000000000
48078  -41.528  -34.096  62.225 0.0000000000
48085  -40.556  -33.735  61.247 0.0000000000
48084  -40.070  -33.907  60.964 0.0000000000
48100  -39.616  -33.522  60.860 0.0000000000
49135  -38.271  -33.322  59.965 0.0000000000
56823  -41.680  -27.251  60.209 0.0000000000
70909  -57.659  -13.603  59.285 0.0000000000
70908  -56.702  -14.057  59.013 0.0000000000
70946  -56.160  -13.726  57.215 0.0000000000
70962  -55.767  -13.754  56.474 0.0000000000
70963  -56.663  -13.528  56.419 0.0000000000
70977  -57.072  -13.421  55.481 0.0000000000
42736  -27.239  -38.930  77.743 0.0000000000
42750  -27.097  -38.997  77.001 0.0000000000
43728  -27.278  -39.017  75.238 0.0000000000
45912  -27.505  -36.236  68.111 0.0000000000
44875  -27.159  -37.649  64.950 0.0000000000
43834  -28.001  -38.504  63.389 0.0000000000
47984  -36.925  -34.867  67.415 0.0000000000
47983  -35.930  -34.855  67.319 0.0000000000
56810  -44.348  -26.826  62.471 0.0000000000
58017  -44.750  -26.340  62.687 0.0000000000
55560  -49.450  -27.419  64.667 0.0000000000
56769  -48.972  -26.804  64.271 0.0000000000
56798  -49.339  -26.126  63.884 0.0000000000
47941  -48.058  -34.903  71.184 0.0000000000
46869  -47.946  -35.781  70.900 0.0000000000
47940  -47.632  -34.964  70.537 0.0000000000
47953  -46.490  -34.522  69.167 0.0000000000
51174  -45.333  -31.389  66.669 0.0000000000
50089  -44.917  -32.524  65.656 0.0000000000
50095  -44.255  -32.591  64.989 0.0000000000
50109  -43.550  -32.087  63.163 0.0000000000
51204  -43.424  -31.560  62.820 0.0000000000
53469  -44.653  -29.313  63.874 0.0000000000
54472  -44.758  -28.808  63.839 0.0000000000
54490  -44.035  -28.331  62.503 0.0000000000
55600  -43.239  -27.779  61.438 0.0000000000
45877  -30.625  -36.141  71.064 0.0000000000
45902  -31.017  -35.950  70.524 0.0000000000
59290  -50.152  -23.590  57.344 0.0000000000
59289  -49.669  -23.327  56.783 0.0000000000
61478  -49.512  -22.402  55.726 0.0000000000
61479  -49.858  -21.842  56.055 0.0000000000
62525  -50.570  -21.321  56.341 0.0000000000
43717  -39.711  -38.042  76.107 0.0000000000
44742  -40.342  -37.522  73.866 0.0000000000
45858  -42.055  -35.590  71.894 0.0000000000
45831  -41.705  -36.125  72.577 0.0000000000
45886  -40.925  -35.265  70.427 0.0000000000
46866  -40.244  -35.218  70.181 0.0000000000
46890  -39.679  -35.036  69.396 0.0000000000
47968  -39.599  -34.386  68.027 0.0000000000
45929  -45.561  -36.717  67.558 0.0000000000
44855  -45.380  -37.091  68.127 0.0000000000
44864  -44.710  -36.766  67.149 0.0000000000
44863  -44.409  -36.633  66.911 0.0000000000
45942  -43.371  -36.085  66.138 0.0000000000
46999  -41.343  -35.712  63.473 0.0000000000
46978  -40.904  -35.612  63.839 0.0000000000
48030  -40.805  -34.838  64.505 0.0000000000
52450  -41.039  -30.911  59.446 0.0000000000
44660  -39.781  -36.860  78.092 0.0000000000
45736  -40.099  -36.409  78.437 0.0000000000
45759  -43.546  -36.201  76.218 0.0000000000
46780  -43.484  -35.241  76.992 0.0000000000
54386  -52.362  -28.059  68.887 0.0000000000
54387  -52.682  -27.451  68.552 0.0000000000
54399  -52.775  -27.480  68.213 0.0000000000
55502  -53.496  -27.357  67.839 0.0000000000
56748  -55.039  -26.339  66.315 0.0000000000
56775  -55.092  -26.428  65.610 0.0000000000
57982  -55.304  -26.033  64.541 0.0000000000
61392  -57.443  -22.518  63.223 0.0000000000
60349  -57.238  -23.347  63.155 0.0000000000
59155  -57.044  -24.070  63.449 0.0000000000
59205  -56.317  -23.848  61.837 0.0000000000
59204  -55.430  -24.006  61.567 0.0000000000
59219  -54.538  -24.032  60.819 0.0000000000
59220  -55.085  -23.796  60.882 0.0000000000
61423  -55.163  -22.834  60.028 0.0000000000
66599  -57.111  -17.786  58.359 0.0000000000
68664  -55.218  -16.180  57.624 0.0000000000
66658  -52.921  -17.294  55.253 0.0000000000
66657  -52.076  -17.519  55.107 0.0000000000
66677  -51.476  -17.308  54.616 0.0000000000
68708  -51.444  -15.913  54.041 0.0000000000
71020  -53.784  -13.735  53.592 0.0000000000
69879  -52.571  -14.205  52.401 0.0000000000
69897  -51.665  -14.367  50.897 0.0000000000
69833  -59.314  -14.120  54.711 0.0000000000
69929  -57.121  -14.586  49.811 0.0000000000
69913  -56.873  -14.230  50.212 0.0000000000
42795  -25.153  -39.146  73.952 0.0000000000
44751  -28.044  -38.070  73.933 0.0000000000
44796  -27.069  -37.837  71.336 0.0000000000
44837  -25.869  -38.170  68.461 0.0000000000
43802  -24.809  -39.299  68.428 0.0000000000
41910  -25.369  -40.405  66.856 0.0000000000
40990  -25.887  -40.751  66.750 0.0000000000
40991  -26.515  -40.910  66.616 0.0000000000
40992  -27.667  -41.119  66.214 0.0000000000
45806  -36.878  -36.754  73.027 0.0000000000
46928  -34.015  -34.858  67.751 0.0000000000
47007  -30.709  -36.015  62.569 0.0000000000
47006  -30.213  -36.299  62.517 0.0000000000
56766  -46.174  -27.021  64.455 0.0000000000
55559  -48.535  -27.403  64.731 0.0000000000
55541  -48.911  -27.951  65.038 0.0000000000
55562  -51.411  -27.404  65.026 0.0000000000
50042  -47.439  -32.662  70.401 0.0000000000
52327  -47.181  -30.379  68.920 0.0000000000
52326  -46.384  -30.826  68.561 0.0000000000
51159  -45.838  -30.925  67.673 0.0000000000
52424  -44.441  -30.299  64.173 0.0000000000
52418  -44.874  -30.184  64.566 0.0000000000
53471  -45.500  -29.153  64.906 0.0000000000
54474  -45.676  -28.221  64.945 0.0000000000
65719  -47.676  -18.662  51.749 0.0000000000
44698  -33.357  -37.194  76.858 0.0000000000
45770  -33.628  -36.800  75.210 0.0000000000
44719  -34.486  -36.978  75.951 0.0000000000
46813  -33.338  -36.089  73.191 0.0000000000
46826  -33.352  -36.075  72.703 0.0000000000
58066  -46.922  -24.475  60.203 0.0000000000
59230  -48.084  -24.408  59.296 0.0000000000
58106  -48.501  -24.119  56.426 0.0000000000
58095  -50.074  -24.180  57.652 0.0000000000
58109  -50.005  -23.906  57.457 0.0000000000
59271  -50.715  -23.366  57.778 0.0000000000
60415  -51.162  -23.078  57.930 0.0000000000
43720  -42.422  -37.926  75.140 0.0000000000
43733  -41.959  -37.928  74.416 0.0000000000
43747  -42.413  -37.608  73.611 0.0000000000
44762  -42.735  -37.216  72.991 0.0000000000
44781  -43.562  -36.811  72.606 0.0000000000
44800  -42.810  -35.811  72.256 0.0000000000
45859  -42.975  -35.563  71.813 0.0000000000
45888  -43.124  -35.609  70.881 0.0000000000
46893  -42.416  -35.134  69.191 0.0000000000
48033  -43.426  -34.856  64.609 0.0000000000
46982  -43.551  -35.443  65.154 0.0000000000
48032  -43.070  -35.128  64.281 0.0000000000
47001  -42.725  -35.377  64.230 0.0000000000
48065  -41.945  -34.628  62.651 0.0000000000
47016  -41.832  -35.437  63.115 0.0000000000
47026  -39.073  -35.696  61.416 0.0000000000
47048  -38.167  -34.606  60.011 0.0000000000
54500  -40.954  -28.970  59.531 0.0000000000
54509  -39.866  -29.036  58.681 0.0000000000
54522  -39.515  -28.571  57.991 0.0000000000
55629  -39.878  -27.643  57.877 0.0000000000
55628  -39.206  -27.803  57.486 0.0000000000
61404  -58.431  -22.264  62.057 0.0000000000
61403  -57.854  -22.753  61.815 0.0000000000
60388  -57.171  -22.747  60.854 0.0000000000
61427  -57.859  -22.106  60.846 0.0000000000
62444  -57.738  -21.890  60.137 0.0000000000
62446  -59.195  -20.995  60.083 0.0000000000
62459  -58.475  -21.101  59.300 0.0000000000
62515  -56.664  -20.398  56.831 0.0000000000
68619  -57.250  -15.511  60.421 0.0000000000
68634  -57.054  -15.570  59.873 0.0000000000
69779  -55.842  -14.906  58.616 0.0000000000
69778  -55.371  -15.258  58.227 0.0000000000
69795  -54.609  -15.471  57.281 0.0000000000
69813  -54.441  -15.310  56.895 0.0000000000
69846  -54.021  -14.495  55.210 0.0000000000
70991  -54.016  -14.104  54.634 0.0000000000
71021  -54.381  -13.604  53.080 0.0000000000
71042  -54.420  -13.722  52.069 0.0000000000
69883  -59.850  -14.394  52.050 0.0000000000
69902  -58.830  -14.490  51.109 0.0000000000
69915  -58.569  -14.823  50.601 0.0000000000
42733  -25.186  -39.007  77.348 0.0000000000
42766  -25.571  -39.082  75.763 0.0000000000
42767  -26.375  -39.056  75.996 0.0000000000
42810  -25.607  -39.028  73.532 0.0000000000
43761  -25.725  -38.957  72.263 0.0000000000
42853  -26.586  -39.374  65.398 0.0000000000
43826  -27.208  -38.725  64.614 0.0000000000
42860  -27.462  -39.875  64.179 0.0000000000
46863  -37.197  -35.887  70.254 0.0000000000
46862  -36.352  -36.160  70.143 0.0000000000
46929  -35.122  -35.186  67.982 0.0000000000
56832  -41.954  -26.154  60.128 0.0000000000
58061  -41.897  -25.672  59.600 0.0000000000
58062  -42.618  -25.729  60.100 0.0000000000
58050  -44.422  -25.482  60.825 0.0000000000
58051  -45.727  -25.113  60.881 0.0000000000
56795  -46.484  -26.379  63.944 0.0000000000
56813  -46.806  -26.027  63.074 0.0000000000
58039  -49.032  -24.282  61.306 0.0000000000
59183  -49.863  -24.329  62.385 0.0000000000
59198  -49.808  -24.285  61.720 0.0000000000
44784  -46.938  -36.962  72.162 0.0000000000
44805  -46.880  -37.289  71.606 0.0000000000
45860  -47.224  -36.816  71.905 0.0000000000
44832  -46.953  -37.045  70.501 0.0000000000
45918  -46.662  -36.685  69.179 0.0000000000
46868  -47.452  -35.695  70.304 0.0000000000
46918  -46.958  -36.407  69.012 0.0000000000
45917  -46.397  -36.797  68.657 0.0000000000
46937  -46.164  -36.395  67.803 0.0000000000
46936  -45.526  -35.920  67.125 0.0000000000
50041  -46.827  -33.134  69.793 0.0000000000
49035  -45.953  -34.001  68.793 0.0000000000
49034  -45.492  -33.687  68.097 0.0000000000
49047  -45.382  -33.758  67.338 0.0000000000
48021  -43.972  -34.898  65.342 0.0000000000
49097  -43.236  -34.112  64.092 0.0000000000
50102  -43.216  -32.975  63.339 0.0000000000
49109  -42.392  -33.535  62.764 0.0000000000
49118  -42.059  -33.292  62.322 0.0000000000
50113  -41.190  -32.509  60.980 0.0000000000
50119  -41.145  -32.413  60.567 0.0000000000
51212  -41.521  -32.018  60.219 0.0000000000
51226  -41.729  -31.209  59.902 0.0000000000
52439  -41.487  -30.603  59.771 0.0000000000
53485  -43.373  -29.844  62.008 0.0000000000
54501  -41.671  -28.685  59.827 0.0000000000
55613  -42.144  -28.089  59.993 0.0000000000
55612  -41.670  -27.722  59.725 0.0000000000
55599  -42.735  -27.733  61.085 0.0000000000
55604  -41.979  -27.630  60.273 0.0000000000
70949  -59.308  -13.310  57.692 0.0000000000
70950  -60.046  -13.086  57.959 0.0000000000
70980  -60.563  -14.180  55.936 0.0000000000
69837  -62.323  -13.960  55.117 0.0000000000
69864  -60.775  -14.562  53.301 0.0000000000
69885  -61.177  -14.615  52.770 0.0000000000
68735  -61.037  -14.934  51.932 0.0000000000
68747  -61.605  -15.753  51.659 0.0000000000
67704  -61.421  -16.138  50.944 0.0000000000
43699  -29.149  -38.474  77.345 0.0000000000
44693  -29.041  -38.412  76.966 0.0000000000
44798  -29.027  -37.162  71.900 0.0000000000
45783  -31.175  -37.016  74.555 0.0000000000
45800  -30.974  -36.992  73.879 0.0000000000
44775  -29.558  -37.122  72.633 0.0000000000
45875  -28.857  -36.803  70.730 0.0000000000
45913  -28.675  -36.297  68.834 0.0000000000
49078  -35.656  -33.295  64.091 0.0000000000
59266  -45.277  -24.508  57.546 0.0000000000
63629  -49.202  -20.089  54.578 0.0000000000
64720  -49.656  -19.467  55.015 0.0000000000
43700  -38.073  -37.459  77.204 0.0000000000
45807  -37.580  -36.604  72.773 0.0000000000
45827  -37.784  -36.322  72.140 0.0000000000
45854  -37.938  -36.016  71.476 0.0000000000
44760  -40.876  -37.275  73.510 0.0000000000
45830  -40.958  -35.956  72.428 0.0000000000
45885  -38.038  -35.876  71.027 0.0000000000
46932  -37.630  -35.219  68.300 0.0000000000
49068  -37.421  -33.813  65.311 0.0000000000
43790  -46.224  -37.751  70.852 0.0000000000
44821  -45.435  -37.304  70.736 0.0000000000
44841  -44.910  -36.947  68.656 0.0000000000
44828  -44.539  -36.268  69.265 0.0000000000
45907  -43.689  -36.037  69.904 0.0000000000
46915  -42.599  -35.194  68.571 0.0000000000
46966  -43.450  -35.800  65.449 0.0000000000
45954  -43.418  -35.968  65.699 0.0000000000
46952  -42.681  -35.770  66.563 0.0000000000
46934  -41.997  -35.210  67.171 0.0000000000
47988  -40.743  -34.591  67.343 0.0000000000
47987  -40.090  -34.448  67.299 0.0000000000
48018  -39.805  -34.467  65.522 0.0000000000
48017  -38.654  -33.961  65.532 0.0000000000
49069  -37.996  -33.810  65.413 0.0000000000
49079  -36.599  -33.439  64.329 0.0000000000
53508  -39.884  -29.748  58.678 0.0000000000
53391  -50.016  -29.668  68.370 0.0000000000
53392  -50.734  -29.633  68.212 0.0000000000
52331  -51.268  -29.916  68.667 0.0000000000
42720  -26.282  -38.747  78.105 0.0000000000
43663  -26.565  -38.413  78.690 0.0000000000
42721  -26.936  -38.867  78.171 0.0000000000
42722  -27.298  -38.795  78.140 0.0000000000
43678  -27.662  -38.696  78.073 0.0000000000
43679  -28.301  -38.586  77.962 0.0000000000
43666  -28.780  -38.539  78.624 0.0000000000
43680  -29.072  -38.587  77.948 0.0000000000
44651  -30.724  -38.180  78.774 0.0000000000
44653  -32.848  -37.330  78.873 0.0000000000
44654  -33.855  -37.149  78.469 0.0000000000
44678  -37.350  -37.248  77.537 0.0000000000
44658  -37.730  -36.772  78.170 0.0000000000
43682  -38.050  -37.235  77.524 0.0000000000
43683  -38.478  -37.025  77.389 0.0000000000
43703  -40.625  -38.099  76.781 0.0000000000
42751  -41.501  -38.225  76.234 0.0000000000
42752  -42.265  -38.390  76.269 0.0000000000
43687  -41.954  -37.842  77.189 0.0000000000
43705  -42.612  -37.954  76.673 0.0000000000
42754  -43.471  -38.184  75.762 0.0000000000
43707  -43.969  -37.354  75.375 0.0000000000
45760  -44.064  -36.476  75.573 0.0000000000
44706  -44.227  -36.654  75.226 0.0000000000
44743  -44.580  -36.837  74.382 0.0000000000
44744  -45.077  -36.615  73.753 0.0000000000
46804  -44.821  -35.040  74.216 0.0000000000
46815  -45.755  -35.315  73.487 0.0000000000
45809  -46.669  -36.301  72.756 0.0000000000
46827  -47.227  -35.881  72.565 0.0000000000
46828  -47.688  -35.583  72.231 0.0000000000
46829  -48.010  -35.306  71.930 0.0000000000
48973  -47.993  -33.797  73.013 0.0000000000
47906  -48.022  -34.359  72.665 0.0000000000
47929  -48.233  -34.706  71.769 0.0000000000
50010  -48.736  -32.937  71.844 0.0000000000
50011  -49.021  -32.201  72.099 0.0000000000
51097  -48.634  -31.552  70.998 0.0000000000
53412  -50.993  -29.254  67.508 0.0000000000
53431  -50.923  -28.955  66.878 0.0000000000
53414  -52.250  -28.476  67.885 0.0000000000
54409  -51.577  -28.825  67.105 0.0000000000
54427  -51.272  -28.602  66.555 0.0000000000
54450  -51.540  -28.323  66.257 0.0000000000
55544  -51.799  -27.948  65.820 0.0000000000
55489  -53.738  -27.167  68.023 0.0000000000
55504  -54.632  -26.878  67.201 0.0000000000
55522  -54.598  -27.076  66.972 0.0000000000
55563  -52.232  -27.407  65.316 0.0000000000
56772  -52.178  -26.761  64.792 0.0000000000
58003  -52.075  -25.346  63.690 0.0000000000
58025  -52.411  -25.112  62.777 0.0000000000
58042  -52.552  -25.080  61.843 0.0000000000
59201  -52.587  -24.880  60.997 0.0000000000
58006  -55.327  -25.371  63.361 0.0000000000
58007  -55.944  -24.841  63.142 0.0000000000
58028  -55.324  -24.994  62.635 0.0000000000
58027  -54.428  -25.172  62.363 0.0000000000
59235  -52.256  -23.503  59.776 0.0000000000
60384  -54.063  -23.778  60.398 0.0000000000
59236  -52.957  -23.408  59.800 0.0000000000
59254  -51.927  -22.969  59.192 0.0000000000
59273  -51.555  -23.061  58.785 0.0000000000
60416  -51.953  -22.777  58.590 0.0000000000
61455  -51.712  -22.526  57.794 0.0000000000
61431  -54.828  -22.652  59.175 0.0000000000
61445  -55.241  -22.219  58.651 0.0000000000
61444  -54.522  -22.500  58.530 0.0000000000
61456  -52.547  -22.405  57.897 0.0000000000
61469  -51.356  -21.983  57.315 0.0000000000
62510  -51.000  -21.454  56.843 0.0000000000
62527  -52.512  -20.818  56.330 0.0000000000
63595  -50.892  -20.405  56.085 0.0000000000
64721  -50.099  -19.240  55.181 0.0000000000
63558  -58.191  -20.055  57.754 0.0000000000
63579  -56.763  -19.973  56.686 0.0000000000
67602  -57.041  -16.717  59.221 0.0000000000
66612  -56.449  -17.448  57.960 0.0000000000
67621  -55.862  -16.791  57.743 0.0000000000
66611  -55.929  -17.819  57.134 0.0000000000
65652  -56.283  -18.340  57.071 0.0000000000
65669  -56.501  -18.903  56.970 0.0000000000
64685  -56.139  -19.339  56.309 0.0000000000
63599  -54.859  -20.022  55.983 0.0000000000
65682  -53.003  -18.514  55.705 0.0000000000
64723  -52.122  -18.949  55.639 0.0000000000
64739  -51.073  -18.525  54.893 0.0000000000
64738  -50.555  -18.633  54.819 0.0000000000
66685  -49.935  -17.132  52.934 0.0000000000
67692  -49.461  -16.727  51.919 0.0000000000
68709  -51.817  -15.705  54.300 0.0000000000
68733  -50.222  -15.970  52.298 0.0000000000
68742  -49.593  -15.945  51.489 0.0000000000
70994  -57.337  -13.223  54.409 0.0000000000
71025  -58.497  -13.607  52.078 0.0000000000
72106  -57.482  -12.940  51.795 0.0000000000
71060  -56.681  -13.608  50.730 0.0000000000
71044  -56.538  -13.226  51.530 0.0000000000
42746  -23.899  -39.244  76.393 0.0000000000
41885  -22.352  -40.194  69.734 0.0000000000
42835  -24.338  -39.842  68.463 0.0000000000
41915  -26.440  -39.841  65.884 0.0000000000
45788  -35.458  -36.579  74.174 0.0000000000
45882  -35.825  -36.399  70.488 0.0000000000
45904  -35.357  -36.447  70.114 0.0000000000
45881  -34.820  -36.458  70.402 0.0000000000
46860  -34.111  -36.217  69.981 0.0000000000
45880  -33.895  -36.091  70.619 0.0000000000
46840  -32.471  -35.899  71.031 0.0000000000
46857  -32.093  -35.765  70.819 0.0000000000
49065  -34.756  -33.598  64.756 0.0000000000
48012  -33.684  -33.955  65.195 0.0000000000
48010  -31.649  -34.557  65.199 0.0000000000
46961  -30.643  -35.244  65.182 0.0000000000
46960  -29.575  -35.632  65.027 0.0000000000
46976  -29.421  -35.415  63.956 0.0000000000
46959  -28.544  -35.900  64.781 0.0000000000
45953  -28.015  -36.225  64.804 0.0000000000
45970  -27.816  -37.132  63.681 0.0000000000
44880  -28.110  -37.672  63.150 0.0000000000
42771  -42.707  -38.328  75.623 0.0000000000
42772  -43.178  -38.314  75.620 0.0000000000
42820  -22.243  -39.943  70.112 0.0000000000
43669  -39.466  -36.848  77.764 0.0000000000
43715  -38.191  -37.853  76.688 0.0000000000
43745  -28.073  -38.174  74.420 0.0000000000
43751  -45.442  -37.183  72.937 0.0000000000
43764  -43.973  -37.084  72.738 0.0000000000
43779  -45.183  -37.360  71.573 0.0000000000
43781  -46.481  -37.681  71.234 0.0000000000
43788  -45.335  -37.341  71.012 0.0000000000
43789  -45.655  -37.652  70.828 0.0000000000
43795  -46.081  -37.631  70.555 0.0000000000
44724  -44.251  -36.879  75.041 0.0000000000
44736  -31.275  -37.004  74.941 0.0000000000
44783  -46.289  -37.209  72.388 0.0000000000
44799  -29.507  -36.956  72.170 0.0000000000
44803  -44.897  -37.044  71.575 0.0000000000
44806  -47.363  -36.906  71.188 0.0000000000
44823  -47.172  -37.138  70.957 0.0000000000
44830  -45.618  -37.263  70.157 0.0000000000
44843  -46.037  -37.258  69.295 0.0000000000
44853  -44.405  -36.659  67.304 0.0000000000
44865  -45.096  -36.889  67.491 0.0000000000
44870  -27.101  -38.318  64.950 0.0000000000
44879  -27.667  -37.836  63.878 0.0000000000
45799  -30.350  -37.073  73.675 0.0000000000
45833  -47.620  -36.082  71.953 0.0000000000
45891  -47.837  -36.216  71.091 0.0000000000
45905  -42.241  -35.185  69.546 0.0000000000
45908  -46.457  -36.941  69.386 0.0000000000
45909  -46.826  -36.649  69.801 0.0000000000
45930  -45.998  -37.058  68.007 0.0000000000
45943  -43.983  -36.453  66.615 0.0000000000
45951  -27.082  -37.248  64.990 0.0000000000
45964  -27.254  -37.509  64.766 0.0000000000
45976  -29.823  -36.697  62.403 0.0000000000
46814  -33.489  -36.128  72.951 0.0000000000
46825  -33.196  -36.025  72.946 0.0000000000
46841  -38.518  -35.735  70.838 0.0000000000
46861  -35.961  -36.296  70.103 0.0000000000
46894  -47.169  -36.035  69.690 0.0000000000
46912  -40.120  -34.476  68.603 0.0000000000
46914  -42.149  -34.907  68.068 0.0000000000
46950  -41.373  -35.130  66.009 0.0000000000
46958  -27.994  -36.118  65.085 0.0000000000
46967  -43.961  -35.835  65.536 0.0000000000
47905  -47.508  -34.676  72.950 0.0000000000
47918  -48.160  -34.635  72.262 0.0000000000
47966  -38.342  -34.964  68.090 0.0000000000
48020  -41.531  -34.981  65.301 0.0000000000
48099  -39.029  -33.562  60.647 0.0000000000
48991  -48.699  -33.168  72.344 0.0000000000
49013  -47.848  -34.245  70.874 0.0000000000
49117  -41.591  -33.276  61.932 0.0000000000
49974  -47.129  -33.282  73.491 0.0000000000
50066  -45.493  -33.013  67.739 0.0000000000
52304  -47.245  -30.796  69.569 0.0000000000
52372  -45.737  -30.644  66.664 0.0000000000
52417  -44.336  -30.594  64.277 0.0000000000
52449  -40.569  -30.687  59.233 0.0000000000
53362  -52.320  -28.705  69.407 0.0000000000
54411  -52.558  -28.002  67.636 0.0000000000
54430  -53.018  -27.804  67.436 0.0000000000
54493  -42.752  -28.815  60.787 0.0000000000
55476  -52.709  -27.430  68.831 0.0000000000
55488  -53.130  -27.215  68.277 0.0000000000
55523  -54.753  -26.794  67.004 0.0000000000
55547  -54.178  -27.290  66.706 0.0000000000
55581  -45.237  -27.915  63.890 0.0000000000
56705  -53.699  -26.647  67.936 0.0000000000
56818  -42.512  -27.437  60.915 0.0000000000
57978  -50.917  -25.913  64.327 0.0000000000
58071  -51.555  -23.442  59.410 0.0000000000
58072  -51.844  -23.188  59.457 0.0000000000
58083  -50.755  -23.623  58.562 0.0000000000
58085  -51.657  -23.177  59.264 0.0000000000
59206  -56.760  -23.654  61.742 0.0000000000
60339  -56.767  -23.605  63.607 0.0000000000
61391  -56.943  -22.742  63.306 0.0000000000
61416  -57.595  -22.522  61.151 0.0000000000
61425  -56.928  -22.610  60.331 0.0000000000
61426  -57.516  -22.209  60.407 0.0000000000
61459  -54.909  -22.214  58.202 0.0000000000
62457  -56.453  -21.903  59.282 0.0000000000
62476  -55.927  -21.843  58.867 0.0000000000
62479  -58.431  -20.705  58.413 0.0000000000
63559  -58.482  -20.105  58.051 0.0000000000
64701  -52.850  -19.060  55.935 0.0000000000
65668  -55.978  -18.612  56.579 0.0000000000
67578  -56.912  -16.404  59.266 0.0000000000
69847  -54.404  -14.428  55.509 0.0000000000
69881  -54.028  -13.707  52.505 0.0000000000
69884  -60.724  -14.652  52.262 0.0000000000
70981  -61.968  -13.850  56.025 0.0000000000
70990  -53.713  -14.193  54.503 0.0000000000
72105  -56.864  -12.855  51.948 0.0000000000
72120  -57.024  -13.062  51.491 0.0000000000
72121  -57.255  -13.069  51.577 0.0000000000
