#!ascii label  , from subject 3702 vox2ras=TkReg
800
44744  27.046  -37.160  81.011 0.0000000000
67205  43.190  -16.013  66.477 0.0000000000
69250  47.470  -13.229  64.410 0.0000000000
56754  47.053  -25.829  72.042 0.0000000000
52082  30.707  -29.373  77.260 0.0000000000
45736  30.923  -35.328  79.670 0.0000000000
69224  45.349  -14.516  65.912 0.0000000000
67171  49.284  -15.706  69.247 0.0000000000
55614  43.456  -26.612  75.795 0.0000000000
54322  35.329  -28.132  80.954 0.0000000000
71426  56.791  -11.498  56.214 0.0000000000
72402  51.863  -10.641  63.618 0.0000000000
57866  44.798  -24.483  70.321 0.0000000000
63330  47.018  -19.739  70.131 0.0000000000
47677  29.225  -33.830  79.258 0.0000000000
42592  29.729  -37.268  81.906 0.0000000000
68245  44.410  -15.031  67.177 0.0000000000
70182  47.171  -12.899  68.510 0.0000000000
67174  45.968  -15.418  69.553 0.0000000000
49800  44.119  -31.053  75.505 0.0000000000
49749  31.932  -31.095  78.009 0.0000000000
54381  31.990  -28.315  79.025 0.0000000000
52061  34.735  -29.967  78.786 0.0000000000
72505  55.211  -10.613  56.957 0.0000000000
69356  56.503  -13.819  57.752 0.0000000000
71356  55.178  -11.573  59.675 0.0000000000
71303  46.883  -12.113  64.374 0.0000000000
72433  48.344  -10.892  61.786 0.0000000000
71286  50.265  -11.437  65.190 0.0000000000
68298  51.748  -13.963  62.414 0.0000000000
69281  48.976  -13.927  62.601 0.0000000000
55629  46.579  -26.406  73.786 0.0000000000
56746  44.641  -25.179  73.647 0.0000000000
58950  46.059  -23.458  72.852 0.0000000000
61251  45.437  -21.317  71.085 0.0000000000
60105  47.800  -22.945  71.076 0.0000000000
61260  49.406  -22.093  68.853 0.0000000000
56784  48.540  -25.176  69.128 0.0000000000
48737  30.598  -32.499  78.746 0.0000000000
70267  45.348  -13.134  63.473 0.0000000000
70234  46.180  -13.771  65.429 0.0000000000
68252  46.635  -14.619  66.743 0.0000000000
67202  47.855  -15.930  67.021 0.0000000000
54372  40.090  -27.454  78.342 0.0000000000
53177  42.670  -28.069  76.759 0.0000000000
52102  45.348  -29.353  75.055 0.0000000000
53257  46.960  -28.816  72.181 0.0000000000
53295  47.562  -28.724  69.914 0.0000000000
54376  36.699  -27.930  78.763 0.0000000000
52031  38.673  -28.999  80.110 0.0000000000
70395  57.294  -12.667  54.209 0.0000000000
72441  52.896  -10.937  60.668 0.0000000000
68311  54.246  -13.544  61.648 0.0000000000
68347  51.788  -14.252  59.923 0.0000000000
65214  45.167  -17.407  68.384 0.0000000000
65203  47.787  -17.497  69.559 0.0000000000
62341  50.012  -20.628  67.555 0.0000000000
42612  26.991  -38.248  81.451 0.0000000000
43747  28.434  -37.440  81.681 0.0000000000
42610  28.767  -38.461  81.554 0.0000000000
68246  43.873  -15.637  66.794 0.0000000000
68236  44.781  -14.653  68.301 0.0000000000
67185  44.077  -15.848  68.071 0.0000000000
50880  33.817  -30.075  78.277 0.0000000000
72488  54.379  -10.129  57.811 0.0000000000
71373  55.386  -11.426  58.862 0.0000000000
72469  54.015  -10.594  58.872 0.0000000000
70247  48.009  -12.454  65.167 0.0000000000
71287  48.364  -10.964  64.808 0.0000000000
70246  49.049  -12.329  64.603 0.0000000000
69264  50.028  -13.213  63.478 0.0000000000
56745  46.777  -25.874  72.864 0.0000000000
57821  46.119  -24.927  73.687 0.0000000000
57830  46.980  -25.054  72.590 0.0000000000
60069  47.314  -23.411  72.696 0.0000000000
58969  47.980  -23.920  71.832 0.0000000000
58983  48.355  -23.630  70.445 0.0000000000
56764  48.101  -25.256  70.882 0.0000000000
48713  30.303  -32.983  79.712 0.0000000000
47675  31.027  -33.465  79.534 0.0000000000
47689  31.691  -33.599  78.638 0.0000000000
69253  44.933  -13.987  64.326 0.0000000000
69268  44.848  -13.654  63.466 0.0000000000
69267  45.288  -13.496  64.022 0.0000000000
70266  45.796  -13.027  64.205 0.0000000000
69239  45.839  -14.217  65.421 0.0000000000
69238  46.015  -14.319  65.744 0.0000000000
69222  46.455  -14.005  66.555 0.0000000000
69169  48.219  -13.956  69.293 0.0000000000
68242  48.161  -14.498  67.855 0.0000000000
67193  49.187  -15.677  67.933 0.0000000000
65232  48.774  -17.639  66.411 0.0000000000
65222  49.610  -17.451  67.594 0.0000000000
53165  40.574  -28.330  78.279 0.0000000000
53164  41.257  -28.109  77.689 0.0000000000
52069  42.054  -29.324  77.307 0.0000000000
50919  44.836  -30.038  75.711 0.0000000000
53221  46.592  -29.216  74.154 0.0000000000
54342  34.112  -28.222  79.865 0.0000000000
54359  34.598  -28.007  79.535 0.0000000000
54339  36.365  -27.745  80.285 0.0000000000
54337  38.302  -26.963  80.353 0.0000000000
53137  36.923  -28.301  81.170 0.0000000000
73543  55.991  -9.596  56.052 0.0000000000
70377  56.799  -12.680  55.489 0.0000000000
69332  55.699  -13.706  58.682 0.0000000000
72418  49.790  -10.344  62.588 0.0000000000
71327  49.840  -11.574  61.004 0.0000000000
72431  50.437  -10.883  61.691 0.0000000000
72442  52.061  -11.128  60.262 0.0000000000
72429  52.863  -10.764  61.811 0.0000000000
72427  54.141  -11.074  62.136 0.0000000000
71315  53.538  -11.639  62.766 0.0000000000
68316  50.840  -14.479  61.529 0.0000000000
68333  51.827  -14.493  60.824 0.0000000000
55615  42.701  -26.550  75.576 0.0000000000
55633  42.734  -26.664  74.697 0.0000000000
56766  44.636  -24.912  71.995 0.0000000000
55672  44.447  -25.901  72.188 0.0000000000
62301  46.398  -20.567  70.588 0.0000000000
62316  45.424  -21.031  69.346 0.0000000000
63332  45.817  -19.805  69.656 0.0000000000
63348  45.386  -18.993  68.271 0.0000000000
63339  46.181  -18.817  69.474 0.0000000000
65204  46.934  -17.423  69.633 0.0000000000
64259  47.571  -19.166  69.788 0.0000000000
60141  49.970  -22.644  68.413 0.0000000000
62328  49.616  -20.822  68.159 0.0000000000
60158  50.369  -22.122  67.589 0.0000000000
61304  49.972  -21.340  66.965 0.0000000000
45718  29.858  -35.647  80.554 0.0000000000
44755  30.080  -36.524  80.650 0.0000000000
42621  30.803  -37.959  79.849 0.0000000000
42622  30.168  -38.062  80.650 0.0000000000
68255  44.782  -14.839  65.909 0.0000000000
69208  46.336  -13.448  67.041 0.0000000000
69210  45.015  -14.130  67.751 0.0000000000
69172  46.116  -13.998  69.174 0.0000000000
68198  47.938  -14.552  69.975 0.0000000000
50883  31.290  -30.688  78.044 0.0000000000
53186  31.411  -29.090  78.261 0.0000000000
52049  32.244  -29.614  79.098 0.0000000000
52048  32.990  -29.241  79.326 0.0000000000
52036  34.511  -29.200  80.063 0.0000000000
52034  36.577  -29.817  80.426 0.0000000000
50865  36.170  -30.821  79.317 0.0000000000
71409  56.241  -11.470  56.713 0.0000000000
70345  57.024  -12.873  57.239 0.0000000000
71389  56.395  -11.913  57.712 0.0000000000
70314  56.113  -12.773  59.059 0.0000000000
69312  55.456  -13.449  59.787 0.0000000000
71317  46.553  -11.941  63.075 0.0000000000
72406  48.334  -10.843  63.366 0.0000000000
72405  49.134  -10.628  63.805 0.0000000000
72362  51.138  -10.736  65.197 0.0000000000
70242  52.297  -12.332  63.360 0.0000000000
70262  50.873  -12.456  63.840 0.0000000000
68300  49.912  -14.402  62.189 0.0000000000
55631  44.530  -26.441  74.998 0.0000000000
55648  44.338  -26.002  74.215 0.0000000000
56737  44.895  -25.369  74.144 0.0000000000
57832  44.855  -24.350  73.196 0.0000000000
58952  44.843  -23.390  72.607 0.0000000000
60106  44.730  -22.419  71.117 0.0000000000
60088  45.450  -22.372  72.315 0.0000000000
61237  46.802  -21.783  71.813 0.0000000000
61249  47.418  -21.744  70.895 0.0000000000
62299  47.993  -21.040  69.878 0.0000000000
61248  48.228  -22.192  70.214 0.0000000000
58996  49.022  -23.663  69.537 0.0000000000
56797  49.333  -24.748  68.329 0.0000000000
48762  29.611  -32.578  77.200 0.0000000000
49770  29.812  -31.688  77.540 0.0000000000
50884  30.632  -31.055  78.115 0.0000000000
49750  31.508  -31.513  78.036 0.0000000000
48760  32.034  -32.709  77.214 0.0000000000
70279  46.347  -12.517  63.901 0.0000000000
71289  46.985  -12.499  64.930 0.0000000000
70248  46.825  -13.117  65.162 0.0000000000
69251  46.275  -14.039  64.980 0.0000000000
68268  45.615  -14.984  65.419 0.0000000000
67204  46.116  -15.532  66.058 0.0000000000
70212  46.829  -13.183  66.907 0.0000000000
67203  47.082  -15.535  66.807 0.0000000000
53179  38.985  -28.109  77.191 0.0000000000
54389  40.740  -27.155  77.129 0.0000000000
55586  42.015  -27.217  76.757 0.0000000000
54402  43.575  -27.493  76.400 0.0000000000
50906  43.945  -29.910  76.818 0.0000000000
52076  44.462  -28.484  76.267 0.0000000000
54414  44.520  -27.240  75.837 0.0000000000
54427  45.775  -27.837  74.695 0.0000000000
55659  46.490  -27.648  72.839 0.0000000000
54483  47.147  -27.932  71.915 0.0000000000
54504  47.539  -27.822  70.594 0.0000000000
53271  47.458  -28.888  70.984 0.0000000000
55573  38.904  -27.191  78.864 0.0000000000
54354  39.617  -27.710  79.580 0.0000000000
52058  39.894  -29.643  78.504 0.0000000000
50862  38.030  -30.483  79.544 0.0000000000
50877  39.578  -30.379  78.660 0.0000000000
71450  57.814  -12.395  53.681 0.0000000000
72454  52.912  -10.709  59.560 0.0000000000
72452  54.079  -10.846  60.032 0.0000000000
70299  55.101  -12.735  60.624 0.0000000000
68344  54.668  -13.994  60.674 0.0000000000
68296  53.039  -13.379  62.407 0.0000000000
68331  53.678  -14.090  61.238 0.0000000000
69315  52.766  -13.970  59.286 0.0000000000
54464  43.272  -27.015  73.319 0.0000000000
65224  43.928  -17.483  67.467 0.0000000000
66180  43.991  -16.605  67.742 0.0000000000
66169  45.233  -16.469  68.725 0.0000000000
66159  47.409  -16.388  69.714 0.0000000000
66157  48.797  -16.261  69.477 0.0000000000
63338  48.451  -20.142  69.417 0.0000000000
64278  49.459  -19.136  68.628 0.0000000000
65212  49.631  -17.768  68.140 0.0000000000
63362  49.719  -19.581  66.889 0.0000000000
55704  48.134  -26.478  69.450 0.0000000000
55722  48.594  -25.993  68.369 0.0000000000
43749  26.464  -37.595  81.256 0.0000000000
43748  27.931  -37.756  81.628 0.0000000000
67197  43.848  -15.816  67.357 0.0000000000
72470  53.474  -10.462  58.790 0.0000000000
69249  48.277  -12.700  64.540 0.0000000000
69265  48.848  -13.027  63.570 0.0000000000
58949  47.330  -24.266  72.575 0.0000000000
57840  47.598  -24.894  72.011 0.0000000000
57851  47.966  -24.745  71.550 0.0000000000
56765  47.765  -25.618  71.213 0.0000000000
45724  30.384  -35.365  80.090 0.0000000000
47665  30.590  -34.066  79.994 0.0000000000
46706  30.927  -34.359  79.780 0.0000000000
45746  31.339  -35.553  78.724 0.0000000000
69240  45.152  -14.346  64.989 0.0000000000
69252  45.523  -13.749  64.675 0.0000000000
69223  45.918  -14.385  66.452 0.0000000000
68216  48.602  -14.604  69.382 0.0000000000
69187  48.617  -14.379  68.822 0.0000000000
67183  49.367  -15.470  68.524 0.0000000000
66177  49.412  -16.737  67.647 0.0000000000
67182  49.683  -16.210  68.414 0.0000000000
50875  40.910  -29.680  77.872 0.0000000000
52056  41.304  -29.018  77.823 0.0000000000
50892  41.539  -30.213  77.534 0.0000000000
54341  34.677  -28.251  80.263 0.0000000000
54360  33.929  -27.858  79.346 0.0000000000
54358  35.549  -27.923  79.558 0.0000000000
54340  35.427  -27.961  80.365 0.0000000000
54320  37.084  -27.710  80.832 0.0000000000
53138  35.991  -28.489  81.215 0.0000000000
72520  56.724  -10.590  55.893 0.0000000000
71425  57.080  -11.672  55.623 0.0000000000
72403  51.175  -10.290  63.456 0.0000000000
72417  50.904  -10.514  62.614 0.0000000000
72416  51.922  -10.786  62.712 0.0000000000
72430  51.763  -10.962  61.555 0.0000000000
72415  52.824  -10.783  62.762 0.0000000000
72401  52.655  -11.116  63.382 0.0000000000
68335  49.767  -14.692  60.366 0.0000000000
68334  50.791  -14.454  60.616 0.0000000000
55632  43.528  -26.320  74.960 0.0000000000
57852  44.515  -24.217  71.391 0.0000000000
63331  46.242  -19.485  69.886 0.0000000000
63340  45.920  -19.097  69.184 0.0000000000
64260  46.934  -19.041  69.760 0.0000000000
57895  50.008  -23.415  67.901 0.0000000000
59006  50.217  -22.973  67.944 0.0000000000
57914  49.880  -23.302  67.736 0.0000000000
59025  49.736  -23.179  67.579 0.0000000000
44733  29.487  -36.961  81.269 0.0000000000
44742  29.229  -36.516  80.606 0.0000000000
44741  29.779  -36.438  80.783 0.0000000000
45717  29.964  -35.561  80.620 0.0000000000
43746  29.963  -36.915  81.106 0.0000000000
43763  30.214  -37.111  80.712 0.0000000000
42608  29.920  -37.465  81.486 0.0000000000
68270  44.184  -15.416  65.119 0.0000000000
68244  45.256  -14.563  66.845 0.0000000000
68219  44.990  -15.039  68.768 0.0000000000
68235  45.259  -14.198  68.541 0.0000000000
68218  45.516  -14.572  69.008 0.0000000000
69156  47.024  -14.086  69.876 0.0000000000
68217  46.516  -14.506  69.570 0.0000000000
50882  31.786  -30.715  78.310 0.0000000000
50869  31.675  -30.253  78.648 0.0000000000
50868  32.066  -30.293  78.893 0.0000000000
50866  33.363  -29.663  78.907 0.0000000000
52047  34.044  -29.407  79.127 0.0000000000
52046  35.066  -29.765  79.430 0.0000000000
52045  35.710  -30.344  79.551 0.0000000000
72506  54.499  -9.851  56.800 0.0000000000
72504  56.030  -10.576  56.387 0.0000000000
71410  55.778  -11.430  57.301 0.0000000000
71390  55.610  -11.359  57.965 0.0000000000
71372  56.112  -11.960  58.567 0.0000000000
71355  55.811  -11.969  59.260 0.0000000000
69311  56.047  -13.297  59.072 0.0000000000
70315  55.510  -12.383  59.833 0.0000000000
71316  47.255  -11.436  62.472 0.0000000000
71302  47.623  -11.356  63.794 0.0000000000
72364  49.528  -10.900  65.347 0.0000000000
72387  49.174  -10.781  64.832 0.0000000000
72386  50.030  -10.429  64.621 0.0000000000
71269  50.957  -11.188  65.580 0.0000000000
71284  51.254  -11.469  64.669 0.0000000000
70244  50.946  -11.890  64.208 0.0000000000
69280  49.930  -13.867  62.950 0.0000000000
68301  48.992  -14.607  62.004 0.0000000000
55630  45.788  -26.887  74.177 0.0000000000
56736  45.544  -25.575  74.224 0.0000000000
58914  46.053  -24.383  73.366 0.0000000000
57822  45.417  -24.650  73.659 0.0000000000
58933  45.733  -24.006  73.092 0.0000000000
58934  45.221  -23.885  72.950 0.0000000000
58951  45.489  -23.386  72.768 0.0000000000
60072  45.208  -22.797  72.548 0.0000000000
60071  45.879  -22.790  72.605 0.0000000000
60087  47.534  -22.955  72.078 0.0000000000
61225  47.153  -22.462  72.539 0.0000000000
61236  47.369  -22.314  71.822 0.0000000000
61250  46.796  -21.209  71.012 0.0000000000
57865  48.535  -24.446  69.865 0.0000000000
57880  49.292  -24.190  68.906 0.0000000000
47691  28.838  -34.023  78.857 0.0000000000
47704  29.332  -33.453  77.671 0.0000000000
48738  29.748  -32.788  78.587 0.0000000000
49752  30.278  -31.712  78.196 0.0000000000
49751  30.934  -31.670  78.301 0.0000000000
70280  45.867  -12.597  63.093 0.0000000000
70249  46.082  -13.401  65.073 0.0000000000
70265  46.482  -12.760  64.736 0.0000000000
70233  46.342  -13.840  65.297 0.0000000000
68253  46.111  -14.662  66.185 0.0000000000
70199  46.117  -13.116  67.675 0.0000000000
70198  46.844  -12.816  67.565 0.0000000000
67194  48.466  -15.618  67.534 0.0000000000
68243  47.365  -14.468  67.243 0.0000000000
67195  47.796  -15.178  67.304 0.0000000000
66187  47.510  -16.652  66.416 0.0000000000
54373  39.253  -27.416  78.338 0.0000000000
54390  39.648  -27.485  77.462 0.0000000000
54371  40.827  -27.657  77.745 0.0000000000
53178  41.986  -28.325  77.189 0.0000000000
54388  41.550  -27.458  77.197 0.0000000000
54387  42.293  -27.525  76.811 0.0000000000
54403  42.986  -27.488  76.548 0.0000000000
49782  43.475  -30.909  76.639 0.0000000000
49781  44.296  -30.396  76.359 0.0000000000
50905  44.482  -29.487  76.372 0.0000000000
52089  45.032  -28.967  75.873 0.0000000000
53191  44.373  -27.748  76.169 0.0000000000
53223  45.385  -28.354  75.231 0.0000000000
54428  45.092  -27.456  75.107 0.0000000000
53222  46.151  -28.707  74.670 0.0000000000
53238  46.788  -29.145  72.690 0.0000000000
54442  46.478  -28.211  73.611 0.0000000000
53258  46.736  -28.699  72.765 0.0000000000
54462  46.736  -28.080  72.509 0.0000000000
53272  47.307  -28.732  71.421 0.0000000000
54382  31.670  -28.668  78.624 0.0000000000
54396  31.567  -28.428  78.066 0.0000000000
54395  31.901  -27.762  77.993 0.0000000000
53168  36.028  -28.454  78.130 0.0000000000
53182  36.295  -28.754  77.389 0.0000000000
53166  37.654  -28.150  78.033 0.0000000000
54374  38.378  -27.624  78.479 0.0000000000
54355  37.942  -27.334  79.041 0.0000000000
53148  39.158  -28.010  80.496 0.0000000000
54336  39.118  -27.178  80.222 0.0000000000
53156  39.423  -28.555  79.504 0.0000000000
52042  39.903  -28.886  78.751 0.0000000000
52043  39.245  -29.512  79.164 0.0000000000
50854  37.268  -30.460  79.842 0.0000000000
49743  39.822  -30.941  78.280 0.0000000000
71436  57.586  -11.944  54.488 0.0000000000
70415  56.977  -12.913  53.703 0.0000000000
69355  57.044  -13.541  57.773 0.0000000000
72434  47.686  -11.138  61.908 0.0000000000
71329  47.903  -11.464  61.261 0.0000000000
72453  53.547  -10.638  59.833 0.0000000000
72440  53.580  -10.875  60.894 0.0000000000
70289  54.340  -12.352  61.851 0.0000000000
71338  54.539  -11.573  61.065 0.0000000000
70288  54.696  -12.937  61.362 0.0000000000
69301  55.028  -13.549  60.987 0.0000000000
68329  54.516  -13.750  61.342 0.0000000000
69277  52.292  -13.282  62.799 0.0000000000
69276  52.636  -13.074  62.835 0.0000000000
68297  52.529  -13.684  62.401 0.0000000000
68332  52.801  -14.320  61.029 0.0000000000
68346  52.823  -14.277  60.165 0.0000000000
55649  43.535  -26.653  73.981 0.0000000000
55660  44.354  -25.952  73.353 0.0000000000
61239  45.080  -21.832  71.400 0.0000000000
62315  45.562  -20.022  69.029 0.0000000000
64279  45.636  -18.216  68.621 0.0000000000
64288  44.463  -18.152  67.734 0.0000000000
65223  44.510  -17.435  67.939 0.0000000000
66179  44.690  -16.813  68.173 0.0000000000
65213  45.689  -17.410  69.014 0.0000000000
66158  48.134  -16.557  69.599 0.0000000000
65202  48.448  -17.456  69.262 0.0000000000
62314  48.517  -20.930  69.328 0.0000000000
62313  49.065  -20.868  68.731 0.0000000000
62327  49.916  -20.704  67.805 0.0000000000
63347  49.481  -20.040  68.333 0.0000000000
63346  49.817  -19.443  68.106 0.0000000000
64277  49.540  -18.433  68.422 0.0000000000
64287  49.977  -18.796  67.894 0.0000000000
64295  49.828  -18.766  67.391 0.0000000000
63361  49.898  -19.682  67.467 0.0000000000
61305  49.366  -21.348  66.610 0.0000000000
55687  47.766  -26.801  70.260 0.0000000000
54522  47.713  -27.833  69.818 0.0000000000
44734  28.986  -37.143  81.481 0.0000000000
43730  29.413  -37.168  81.909 0.0000000000
42609  29.581  -38.133  81.697 0.0000000000
42594  28.946  -38.060  82.218 0.0000000000
42611  28.027  -38.332  81.562 0.0000000000
68256  43.950  -15.502  66.176 0.0000000000
67196  44.152  -15.273  67.986 0.0000000000
67184  44.709  -15.563  68.437 0.0000000000
49768  32.041  -31.589  77.480 0.0000000000
50881  32.473  -30.553  77.948 0.0000000000
50896  32.732  -31.097  76.869 0.0000000000
50895  33.522  -30.673  77.265 0.0000000000
72487  54.856  -10.799  58.328 0.0000000000
72468  54.570  -11.148  59.289 0.0000000000
71288  47.639  -11.948  65.173 0.0000000000
71272  48.237  -11.991  65.541 0.0000000000
70232  48.636  -12.014  65.398 0.0000000000
70231  49.333  -11.675  65.162 0.0000000000
70263  50.063  -12.611  63.997 0.0000000000
70264  49.512  -12.758  63.899 0.0000000000
55628  46.809  -26.236  73.689 0.0000000000
56735  46.334  -25.763  73.909 0.0000000000
57820  46.608  -25.101  73.221 0.0000000000
58912  46.572  -24.682  73.092 0.0000000000
58931  46.760  -24.418  73.014 0.0000000000
60070  46.639  -23.058  72.953 0.0000000000
60053  47.102  -23.944  72.963 0.0000000000
58984  48.017  -23.700  71.117 0.0000000000
58968  48.103  -24.015  71.116 0.0000000000
57850  48.177  -24.644  70.980 0.0000000000
56775  48.115  -25.569  70.328 0.0000000000
48714  29.798  -33.226  79.757 0.0000000000
47666  30.173  -33.776  80.051 0.0000000000
47676  30.507  -33.552  79.868 0.0000000000
48712  30.792  -32.871  79.232 0.0000000000
48736  31.282  -32.595  78.609 0.0000000000
68279  44.651  -14.471  63.843 0.0000000000
70181  47.868  -12.991  68.733 0.0000000000
70197  47.694  -12.898  67.968 0.0000000000
69188  48.256  -13.934  68.715 0.0000000000
68241  48.746  -15.054  67.926 0.0000000000
66186  48.414  -16.673  66.897 0.0000000000
66185  49.022  -16.991  67.043 0.0000000000
65231  49.366  -17.702  67.012 0.0000000000
64296  49.542  -18.678  66.738 0.0000000000
52068  42.789  -29.063  76.749 0.0000000000
52101  45.976  -29.699  74.384 0.0000000000
52100  46.566  -29.803  73.704 0.0000000000
52111  46.654  -29.668  72.841 0.0000000000
54361  33.034  -28.371  79.504 0.0000000000
54380  32.794  -27.923  78.797 0.0000000000
54393  33.692  -28.056  77.677 0.0000000000
54378  34.609  -28.145  78.611 0.0000000000
54377  35.747  -28.043  78.794 0.0000000000
54357  36.550  -27.739  79.519 0.0000000000
54356  37.395  -27.426  79.346 0.0000000000
54338  37.384  -27.233  80.109 0.0000000000
53136  37.812  -28.048  81.163 0.0000000000
52022  38.501  -28.386  80.953 0.0000000000
72519  57.243  -10.690  55.326 0.0000000000
72432  49.303  -10.801  61.707 0.0000000000
71326  50.963  -11.392  60.736 0.0000000000
72428  53.640  -10.778  61.957 0.0000000000
72413  53.906  -11.221  62.438 0.0000000000
70278  53.892  -12.579  62.401 0.0000000000
68315  51.810  -14.347  61.694 0.0000000000
55604  41.962  -26.644  76.093 0.0000000000
56755  44.525  -25.008  72.849 0.0000000000
55689  44.339  -26.220  71.229 0.0000000000
62290  45.841  -21.014  71.109 0.0000000000
62303  45.397  -21.218  69.986 0.0000000000
62302  45.670  -20.632  70.220 0.0000000000
63355  45.265  -19.260  67.862 0.0000000000
64270  46.072  -18.239  69.191 0.0000000000
65205  46.178  -17.438  69.481 0.0000000000
64269  46.535  -18.414  69.507 0.0000000000
64268  47.355  -18.392  69.595 0.0000000000
64267  48.202  -18.830  69.510 0.0000000000
61272  49.912  -21.618  68.159 0.0000000000
61271  50.306  -21.646  67.811 0.0000000000
61286  50.263  -21.361  67.677 0.0000000000
61303  50.185  -21.418  67.367 0.0000000000
60178  50.316  -21.948  67.232 0.0000000000
46708  28.931  -34.646  79.252 0.0000000000
45726  29.433  -35.556  80.091 0.0000000000
46700  29.931  -34.768  80.313 0.0000000000
46692  29.924  -35.080  80.656 0.0000000000
45725  30.061  -35.742  80.495 0.0000000000
44754  30.500  -36.295  80.169 0.0000000000
44769  31.038  -36.591  79.319 0.0000000000
43762  30.652  -37.291  80.051 0.0000000000
42623  29.362  -38.339  80.972 0.0000000000
68269  44.728  -14.741  64.713 0.0000000000
68254  45.348  -14.595  66.302 0.0000000000
69209  45.695  -13.817  67.350 0.0000000000
70183  46.472  -12.986  68.167 0.0000000000
69190  45.797  -13.653  68.445 0.0000000000
69189  46.606  -13.250  68.597 0.0000000000
69170  47.800  -13.500  69.631 0.0000000000
69154  48.086  -13.962  69.998 0.0000000000
68197  48.416  -14.635  69.662 0.0000000000
49762  42.475  -30.861  77.004 0.0000000000
52070  30.998  -29.849  77.704 0.0000000000
53202  31.036  -28.896  77.487 0.0000000000
52062  31.443  -29.798  78.543 0.0000000000
53172  31.745  -29.040  78.921 0.0000000000
53158  32.257  -28.903  79.203 0.0000000000
50867  32.752  -29.909  78.812 0.0000000000
53157  32.863  -28.752  79.560 0.0000000000
53151  33.301  -28.730  79.804 0.0000000000
53149  34.378  -28.678  80.244 0.0000000000
52026  35.017  -29.168  80.762 0.0000000000
52025  35.831  -29.252  80.985 0.0000000000
52035  35.678  -29.847  80.196 0.0000000000
50856  36.169  -30.479  79.746 0.0000000000
49735  36.801  -31.179  78.947 0.0000000000
71408  56.783  -12.129  56.555 0.0000000000
71388  56.709  -12.228  57.217 0.0000000000
70346  57.012  -12.480  57.760 0.0000000000
70330  57.021  -13.094  58.000 0.0000000000
70331  56.620  -12.615  58.274 0.0000000000
69331  56.386  -13.335  58.398 0.0000000000
69313  54.782  -13.829  59.671 0.0000000000
72420  47.943  -10.924  62.641 0.0000000000
71301  48.372  -11.001  63.970 0.0000000000
72419  48.759  -10.571  62.607 0.0000000000
72404  50.311  -10.071  63.591 0.0000000000
73480  50.777  -10.033  64.022 0.0000000000
72383  51.912  -10.896  64.186 0.0000000000
71300  52.577  -11.557  63.394 0.0000000000
71283  51.923  -11.466  63.850 0.0000000000
70261  51.615  -12.478  63.578 0.0000000000
69278  51.679  -13.447  62.921 0.0000000000
69263  50.875  -13.112  63.455 0.0000000000
69279  50.855  -13.745  63.021 0.0000000000
68299  50.848  -14.219  62.368 0.0000000000
68317  49.849  -14.702  61.344 0.0000000000
57823  44.930  -24.834  73.729 0.0000000000
57841  44.593  -24.131  72.337 0.0000000000
58970  44.516  -23.256  71.768 0.0000000000
58985  44.627  -23.374  70.669 0.0000000000
60089  44.867  -22.406  72.088 0.0000000000
61226  46.393  -22.298  72.420 0.0000000000
61238  45.753  -21.798  71.808 0.0000000000
62289  46.296  -21.256  71.302 0.0000000000
62300  47.249  -20.648  70.435 0.0000000000
61261  48.699  -21.678  69.422 0.0000000000
60104  48.339  -22.879  70.314 0.0000000000
60123  49.021  -22.769  69.640 0.0000000000
60122  49.571  -22.733  68.944 0.0000000000
58995  49.645  -23.336  68.896 0.0000000000
57879  49.814  -23.841  68.455 0.0000000000
52083  30.295  -29.891  77.037 0.0000000000
50910  29.852  -30.819  76.839 0.0000000000
50898  30.164  -30.795  77.672 0.0000000000
52071  30.527  -30.268  77.564 0.0000000000
50897  30.724  -30.529  77.861 0.0000000000
49769  31.714  -32.263  77.912 0.0000000000
69221  47.065  -13.679  66.945 0.0000000000
69207  47.582  -13.619  67.602 0.0000000000
53195  39.452  -28.118  76.459 0.0000000000
55588  41.338  -26.883  76.418 0.0000000000
55587  41.704  -27.010  76.701 0.0000000000
55603  42.577  -26.916  76.394 0.0000000000
55613  44.005  -26.875  76.078 0.0000000000
50891  42.574  -30.025  77.137 0.0000000000
50890  43.284  -30.015  76.917 0.0000000000
52078  43.362  -28.895  76.623 0.0000000000
52077  43.889  -28.896  76.608 0.0000000000
53193  43.316  -28.229  76.565 0.0000000000
53192  43.923  -27.995  76.345 0.0000000000
54401  44.041  -27.362  76.258 0.0000000000
55647  46.076  -27.354  73.851 0.0000000000
53240  46.595  -28.593  74.064 0.0000000000
54443  46.144  -27.856  74.033 0.0000000000
55646  46.377  -27.319  73.461 0.0000000000
55658  46.774  -26.982  72.545 0.0000000000
55671  47.154  -26.835  71.542 0.0000000000
55688  47.461  -26.848  70.839 0.0000000000
54505  47.364  -27.848  71.197 0.0000000000
53284  47.482  -28.501  70.942 0.0000000000
53283  47.528  -28.675  70.491 0.0000000000
52128  47.222  -29.253  71.045 0.0000000000
52136  47.221  -29.282  70.505 0.0000000000
53180  38.162  -28.261  77.438 0.0000000000
54391  38.914  -27.733  77.821 0.0000000000
55572  39.592  -27.212  78.836 0.0000000000
55553  38.456  -27.010  79.253 0.0000000000
55552  39.275  -27.011  79.392 0.0000000000
54353  40.009  -27.620  79.025 0.0000000000
53155  40.010  -28.092  78.983 0.0000000000
52057  40.496  -29.296  78.226 0.0000000000
52024  36.729  -29.083  80.955 0.0000000000
52032  37.957  -29.624  80.022 0.0000000000
52044  38.516  -29.794  79.563 0.0000000000
50861  38.844  -30.465  79.181 0.0000000000
70413  58.283  -12.504  52.943 0.0000000000
72451  54.558  -11.228  60.180 0.0000000000
72439  54.270  -11.138  61.011 0.0000000000
72438  54.530  -11.303  60.564 0.0000000000
71337  54.869  -11.678  60.530 0.0000000000
71282  52.649  -11.944  63.360 0.0000000000
69259  53.146  -12.886  62.702 0.0000000000
68312  53.907  -13.583  61.978 0.0000000000
68314  52.711  -14.094  61.825 0.0000000000
68313  53.448  -13.853  61.944 0.0000000000
68330  54.302  -13.899  61.395 0.0000000000
68345  53.802  -14.093  60.411 0.0000000000
69314  53.820  -13.927  59.518 0.0000000000
69335  52.619  -13.499  58.442 0.0000000000
67206  42.711  -16.432  66.201 0.0000000000
63356  44.838  -18.950  67.563 0.0000000000
65225  43.320  -17.537  67.008 0.0000000000
66181  43.477  -16.944  67.206 0.0000000000
66189  43.446  -16.404  67.092 0.0000000000
66170  44.501  -16.236  68.233 0.0000000000
67175  45.306  -15.521  69.037 0.0000000000
66168  45.769  -16.778  69.375 0.0000000000
66160  46.349  -16.434  69.679 0.0000000000
67162  47.732  -15.408  69.787 0.0000000000
66149  48.232  -15.864  69.721 0.0000000000
67172  49.003  -15.771  69.512 0.0000000000
63329  47.810  -19.809  69.887 0.0000000000
64258  47.901  -19.254  69.751 0.0000000000
63337  48.990  -19.534  68.985 0.0000000000
64266  48.945  -18.373  68.896 0.0000000000
64265  49.076  -17.998  68.670 0.0000000000
65200  49.273  -17.542  68.553 0.0000000000
67170  49.557  -16.488  68.698 0.0000000000
65221  49.712  -17.845  67.771 0.0000000000
65230  49.660  -18.105  67.348 0.0000000000
63370  49.377  -19.469  66.274 0.0000000000
62353  49.883  -20.550  67.125 0.0000000000
62354  49.494  -20.418  66.449 0.0000000000
56776  47.786  -26.196  70.652 0.0000000000
54539  47.914  -27.355  68.765 0.0000000000
41473  28.273  -38.657  81.346 0.0000000000
42593  29.486  -37.607  82.112 0.0000000000
42595  28.424  -38.168  82.015 0.0000000000
43729  29.735  -37.046  81.512 0.0000000000
43731  28.789  -37.513  82.030 0.0000000000
43732  28.522  -37.896  82.146 0.0000000000
44735  28.630  -37.297  81.648 0.0000000000
46691  29.986  -35.301  80.661 0.0000000000
46698  30.547  -34.723  79.931 0.0000000000
46707  29.494  -34.647  79.728 0.0000000000
47678  28.815  -34.209  79.031 0.0000000000
47690  29.021  -33.785  78.475 0.0000000000
48692  30.015  -33.269  79.968 0.0000000000
48693  29.979  -33.416  79.956 0.0000000000
49726  36.934  -30.832  79.456 0.0000000000
49732  38.456  -30.952  79.115 0.0000000000
49736  36.287  -31.253  78.871 0.0000000000
49761  43.001  -30.491  76.915 0.0000000000
50853  37.604  -30.058  79.884 0.0000000000
50855  36.629  -30.466  79.884 0.0000000000
50864  36.585  -30.748  79.496 0.0000000000
50879  35.124  -30.676  78.378 0.0000000000
52023  37.747  -28.883  80.840 0.0000000000
52027  34.615  -28.951  80.522 0.0000000000
52033  37.308  -29.649  80.331 0.0000000000
52037  33.603  -29.031  79.750 0.0000000000
52038  32.936  -29.153  79.769 0.0000000000
52050  31.777  -29.795  79.017 0.0000000000
52067  43.483  -29.389  76.746 0.0000000000
52127  47.406  -29.114  70.670 0.0000000000
52135  47.417  -29.111  70.258 0.0000000000
53135  38.471  -27.837  80.938 0.0000000000
53139  35.245  -28.634  81.055 0.0000000000
53140  34.788  -28.646  80.680 0.0000000000
53150  33.858  -28.766  79.938 0.0000000000
53159  31.974  -29.352  79.049 0.0000000000
53167  36.904  -28.274  78.061 0.0000000000
53170  34.578  -28.435  78.060 0.0000000000
53171  32.005  -28.738  79.014 0.0000000000
53206  44.869  -27.989  75.839 0.0000000000
53239  46.824  -28.974  73.427 0.0000000000
54318  38.606  -27.474  80.604 0.0000000000
54319  37.935  -27.439  80.787 0.0000000000
54321  36.131  -27.884  80.982 0.0000000000
54323  34.939  -28.317  80.874 0.0000000000
54343  33.503  -28.556  79.800 0.0000000000
54362  32.536  -28.570  79.303 0.0000000000
54375  37.516  -27.787  78.642 0.0000000000
54392  34.271  -28.336  77.966 0.0000000000
54444  43.219  -26.922  73.765 0.0000000000
54463  46.467  -28.203  73.059 0.0000000000
55535  38.699  -26.806  79.845 0.0000000000
55536  38.054  -26.814  79.806 0.0000000000
55537  37.676  -27.029  79.702 0.0000000000
55551  39.689  -27.423  79.150 0.0000000000
55554  37.902  -27.029  79.443 0.0000000000
55571  39.881  -27.395  78.856 0.0000000000
55601  43.733  -27.179  76.289 0.0000000000
55602  43.394  -27.061  76.292 0.0000000000
55645  46.598  -26.410  73.322 0.0000000000
55650  43.047  -26.796  74.257 0.0000000000
56734  46.837  -25.938  73.616 0.0000000000
56778  44.268  -25.901  70.540 0.0000000000
57831  45.306  -24.214  73.249 0.0000000000
57897  49.678  -24.178  68.369 0.0000000000
58913  46.423  -24.556  73.218 0.0000000000
58932  46.366  -23.941  73.094 0.0000000000
59007  49.989  -23.396  68.294 0.0000000000
59024  50.102  -22.870  67.714 0.0000000000
60054  46.866  -23.722  73.104 0.0000000000
60140  50.354  -22.201  67.972 0.0000000000
60159  50.253  -22.425  67.403 0.0000000000
61227  45.863  -22.287  72.306 0.0000000000
63349  44.872  -18.554  67.949 0.0000000000
63354  49.878  -19.835  67.786 0.0000000000
64280  44.956  -18.146  68.154 0.0000000000
65201  48.878  -17.357  68.871 0.0000000000
66148  48.554  -15.668  69.655 0.0000000000
66150  47.911  -16.018  69.731 0.0000000000
66155  49.418  -17.048  68.449 0.0000000000
66156  49.151  -16.750  68.964 0.0000000000
66161  45.666  -16.125  69.383 0.0000000000
66167  49.666  -16.907  68.127 0.0000000000
66176  49.675  -16.827  67.925 0.0000000000
66178  48.950  -16.345  67.426 0.0000000000
67159  49.021  -15.342  69.456 0.0000000000
67160  48.833  -15.426  69.562 0.0000000000
67161  48.301  -15.217  69.738 0.0000000000
67173  46.873  -15.451  69.753 0.0000000000
67192  49.756  -16.073  68.003 0.0000000000
68196  48.919  -15.006  69.471 0.0000000000
68199  47.297  -14.608  69.862 0.0000000000
68215  48.920  -14.661  69.073 0.0000000000
68233  48.801  -14.655  68.407 0.0000000000
68234  48.306  -14.133  68.342 0.0000000000
68285  53.106  -13.111  62.538 0.0000000000
68286  52.852  -13.082  62.679 0.0000000000
68295  53.428  -13.318  62.284 0.0000000000
68343  55.045  -13.971  60.970 0.0000000000
69155  47.531  -13.939  70.005 0.0000000000
69168  48.509  -14.263  68.991 0.0000000000
69171  46.913  -13.589  69.283 0.0000000000
69191  45.143  -14.092  68.297 0.0000000000
69206  48.081  -13.580  68.162 0.0000000000
69247  52.564  -12.678  63.221 0.0000000000
69248  52.502  -12.669  63.212 0.0000000000
69260  52.731  -12.841  62.968 0.0000000000
69261  52.227  -12.949  63.129 0.0000000000
69262  51.668  -12.978  63.346 0.0000000000
69275  53.606  -13.127  62.391 0.0000000000
69290  54.536  -13.455  61.444 0.0000000000
69291  54.239  -13.150  61.952 0.0000000000
69330  56.968  -13.417  58.105 0.0000000000
70167  48.068  -13.545  69.149 0.0000000000
70168  47.984  -13.288  69.189 0.0000000000
70169  47.621  -13.123  69.128 0.0000000000
70180  48.093  -13.360  68.936 0.0000000000
70196  48.036  -13.237  68.520 0.0000000000
70211  47.243  -13.076  67.304 0.0000000000
70230  49.759  -11.489  65.151 0.0000000000
70241  52.584  -12.602  63.185 0.0000000000
70243  51.631  -11.965  63.696 0.0000000000
70245  50.064  -11.691  64.659 0.0000000000
70258  53.417  -12.700  62.656 0.0000000000
70259  53.064  -12.474  63.057 0.0000000000
70260  52.099  -12.539  63.369 0.0000000000
71267  51.662  -11.128  64.432 0.0000000000
71268  51.410  -11.130  64.857 0.0000000000
71270  49.991  -11.292  65.380 0.0000000000
71271  48.809  -11.483  65.321 0.0000000000
71285  50.613  -11.430  65.128 0.0000000000
71298  53.503  -12.150  62.758 0.0000000000
71299  53.148  -11.650  63.160 0.0000000000
71314  53.960  -11.686  62.383 0.0000000000
71324  54.629  -12.135  61.152 0.0000000000
71325  54.354  -11.591  61.613 0.0000000000
72361  51.476  -10.892  64.682 0.0000000000
72363  50.429  -10.756  65.436 0.0000000000
72365  48.924  -10.982  65.207 0.0000000000
72384  51.268  -10.517  64.414 0.0000000000
72385  50.767  -10.363  64.890 0.0000000000
72400  53.154  -11.252  63.132 0.0000000000
72414  53.507  -11.151  62.723 0.0000000000
73471  51.062  -10.242  64.201 0.0000000000
73472  50.920  -10.182  64.384 0.0000000000
73473  50.596  -10.208  64.433 0.0000000000
73479  51.118  -10.203  63.944 0.0000000000
73481  50.426  -10.091  64.177 0.0000000000
