#!ascii label  , from subject 3702 vox2ras=TkReg
571
59769  21.574  -23.521  8.426 0.1428571492
58683  21.046  -23.940  8.582 0.1428571492
60922  21.546  -22.177  7.614 0.1428571492
59768  22.627  -23.279  8.565 0.1428571492
60921  22.025  -22.052  7.612 0.2857142985
60905  21.028  -22.758  7.797 0.1428571492
60903  23.096  -22.567  8.345 0.1428571492
63064  21.854  -20.791  7.340 0.5714285970
62007  23.466  -21.932  8.073 0.1428571492
62027  24.381  -20.918  7.916 0.2857142985
62028  23.697  -21.154  7.882 0.2857142985
63061  25.150  -20.578  7.920 0.1428571492
63062  24.156  -20.440  7.617 0.2857142985
65887  25.201  -18.017  5.745 0.2857142985
64972  25.419  -18.296  6.589 0.1428571492
64955  24.921  -18.895  6.841 0.2857142985
66894  26.289  -16.771  4.753 0.2857142985
65886  26.086  -17.696  6.177 0.2857142985
67946  26.612  -16.480  3.417 0.2857142985
67981  27.778  -15.228  2.371 0.2857142985
70044  28.380  -13.802  1.214 0.8571428657
69019  27.860  -14.238  1.479 0.4285714328
67964  27.427  -15.823  2.788 0.2857142985
71074  29.060  -12.155  0.760 0.7142857313
71061  28.782  -12.920  0.889 0.7142857313
70045  27.621  -13.497  1.427 0.7142857313
72134  29.334  -11.245  0.666 0.8571428657
72135  28.245  -11.454  0.743 0.8571428657
71075  28.487  -12.326  0.800 0.7142857313
71062  27.872  -12.594  0.971 0.7142857313
73189  30.772  -10.109  0.514 0.4285714328
73190  29.713  -10.242  0.605 0.7142857313
75245  31.290  -7.894  -0.411 0.2857142985
74229  30.031  -9.229  0.399 0.8571428657
74228  31.040  -9.085  0.123 0.7142857313
74230  29.141  -9.366  0.714 0.8571428657
76270  31.636  -7.034  -1.299 0.1428571492
75257  31.933  -7.771  -0.818 0.1428571492
76259  30.844  -7.165  -1.030 0.4285714328
75246  30.323  -8.106  0.234 0.5714285970
127628  30.151  -5.470  -3.076 0.1428571492
77321  32.234  -6.554  -2.197 0.1428571492
76271  30.876  -6.306  -1.395 0.1428571492
76261  29.587  -7.355  0.493 0.8571428657
80382  30.185  -3.573  -3.136 0.1428571492
127635  29.903  -4.381  -2.868 0.1428571492
127630  30.437  -5.498  -2.039 0.1428571492
80375  30.947  -5.439  -0.853 0.4285714328
76260  30.397  -6.834  -0.348 0.5714285970
80381  30.084  -3.625  -2.717 0.1428571492
81443  30.225  -2.858  -2.535 0.1428571492
80374  30.271  -4.129  -1.857 0.1428571492
77300  30.280  -5.674  0.116 0.8571428657
77301  29.692  -6.321  0.548 0.8571428657
82523  30.392  -1.837  -3.259 0.1428571492
82519  31.077  -2.079  -2.181 0.2857142985
81438  30.528  -2.833  -1.468 0.1428571492
79318  30.671  -4.833  0.248 0.8571428657
80361  30.531  -3.864  0.637 0.8571428657
84463  31.434  -0.125  -2.691 0.1428571492
84472  32.056  0.643  -3.547 0.1428571492
83509  31.539  -1.073  -1.547 0.4285714328
83480  31.263  -1.562  0.319 0.8571428657
82493  31.195  -2.057  -0.034 0.8571428657
81424  30.752  -2.934  0.272 0.8571428657
83518  31.691  -0.385  -2.137 0.4285714328
82494  30.872  -2.056  0.769 0.8571428657
84462  32.133  0.370  -2.419 0.1428571492
85380  32.950  1.811  -2.583 0.2857142985
84451  32.708  0.628  -1.079 0.8571428657
83508  32.330  -0.286  -1.279 0.8571428657
83494  31.812  -0.806  -0.100 0.8571428657
83495  31.183  -0.170  0.471 0.8571428657
83481  30.677  -0.841  0.757 0.8571428657
86335  33.356  2.420  -2.505 0.2857142985
86323  33.297  2.381  -1.509 0.7142857313
85381  32.822  1.437  -1.977 0.5714285970
85366  32.781  1.645  -1.110 0.8571428657
84433  31.545  0.469  0.424 0.8571428657
85352  30.958  1.494  0.663 0.8571428657
86307  32.874  2.157  -0.635 0.8571428657
87355  33.005  2.971  -0.511 0.8571428657
85351  31.999  1.435  0.297 0.8571428657
86310  30.293  2.628  0.549 0.7142857313
87373  33.534  3.451  -1.203 0.8571428657
88425  32.881  4.095  -0.642 0.8571428657
86309  31.575  2.480  0.479 0.8571428657
88426  31.856  4.446  -0.100 0.8571428657
87357  31.082  3.598  0.380 0.7142857313
90498  33.352  6.358  -1.394 0.7142857313
89496  32.672  5.332  -0.703 0.8571428657
90487  32.920  6.401  -0.828 0.8571428657
90488  32.106  6.454  -0.320 0.8571428657
92253  32.681  8.526  -1.006 0.7142857313
87356  32.269  3.358  0.148 0.8571428657
89497  31.396  5.499  -0.222 0.8571428657
92287  32.648  8.467  -5.241 0.1428571492
91405  33.145  6.914  -1.077 0.8571428657
92252  32.921  8.142  -1.614 0.7142857313
92272  32.691  8.704  -1.824 0.7142857313
91406  32.724  7.475  -0.680 0.8571428657
94201  31.632  10.120  -6.531 0.1428571492
93221  32.840  9.387  -3.647 0.5714285970
94189  32.562  10.333  -4.137 0.5714285970
95122  31.988  11.074  -3.651 0.5714285970
94194  32.546  10.304  -5.174 0.1428571492
95150  31.021  11.161  -7.525 0.1428571492
96050  31.805  11.808  -3.658 0.5714285970
96094  30.644  12.353  -7.463 0.1428571492
96099  29.805  12.429  -8.808 0.1428571492
95137  31.537  11.644  -5.859 0.1428571492
96972  29.313  13.431  -8.922 0.1428571492
96062  31.968  11.592  -4.046 0.5714285970
96967  29.752  13.419  -7.987 0.1428571492
96959  30.084  13.645  -6.768 0.1428571492
97914  28.888  15.317  -8.852 0.1428571492
96960  29.480  14.366  -7.480 0.1428571492
59745  22.244  -24.049  8.817 0.1428571492
58664  21.319  -24.413  8.986 0.1428571492
62008  22.824  -22.181  8.033 0.2857142985
64954  25.649  -18.821  7.256 0.2857142985
67965  26.522  -16.330  2.752 0.2857142985
69018  28.158  -14.482  1.522 0.4285714328
69004  27.658  -14.892  1.788 0.5714285970
72133  30.351  -11.122  0.632 0.2857142985
71063  27.181  -12.750  1.481 0.7142857313
81447  30.209  -2.564  -3.227 0.1428571492
80359  30.639  -3.432  -1.037 0.8571428657
80360  30.881  -3.943  -0.380 0.8571428657
79319  30.088  -4.670  0.885 0.8571428657
81425  30.226  -2.882  0.972 0.8571428657
87372  33.725  2.990  -1.980 0.8571428657
89506  33.570  5.205  -1.665 0.8571428657
93209  33.266  8.788  -2.877 0.7142857313
93225  32.666  9.386  -4.673 0.2857142985
95136  32.115  11.036  -5.722 0.1428571492
96093  31.220  11.689  -7.053 0.1428571492
96110  28.786  13.495  -10.797 0.1428571492
58684  20.782  -24.025  8.781 0.1428571492
63063  23.126  -20.615  7.425 0.4285714328
64027  23.772  -19.819  7.106 0.2857142985
64026  24.827  -19.599  7.360 0.1428571492
65903  26.704  -17.048  5.688 0.2857142985
65904  25.808  -17.484  5.248 0.2857142985
70026  27.302  -14.074  1.877 0.7142857313
127634  30.652  -5.652  -3.166 0.1428571492
80388  30.431  -3.283  -3.519 0.1428571492
83519  31.284  -0.967  -2.821 0.1428571492
84473  31.235  0.069  -3.468 0.1428571492
82508  31.052  -1.887  -0.939 0.8571428657
78297  29.762  -5.428  0.787 0.8571428657
78298  28.970  -5.743  1.036 1.0000000000
85391  32.533  1.250  -3.018 0.1428571492
85390  32.906  1.861  -3.332 0.1428571492
85353  29.587  1.509  0.572 0.8571428657
88437  33.765  3.957  -1.955 0.5714285970
90514  33.622  6.367  -2.297 0.5714285970
92271  33.255  8.324  -2.373 0.7142857313
92280  33.102  8.801  -3.611 0.4285714328
91448  33.563  7.342  -3.840 0.2857142985
92285  32.998  8.468  -4.258 0.2857142985
95143  31.871  10.593  -6.218 0.1428571492
96948  30.916  13.124  -5.256 0.2857142985
95144  31.525  11.070  -6.591 0.1428571492
96083  30.720  12.798  -6.232 0.1428571492
96949  30.553  13.540  -5.761 0.1428571492
97905  30.138  14.169  -6.112 0.1428571492
95151  30.284  11.255  -8.371 0.1428571492
97911  28.927  15.417  -7.719 0.1428571492
98881  28.544  16.261  -8.966 0.1428571492
88452  33.842  4.367  -2.902 0.4285714328
89517  33.553  5.397  -3.043 0.4285714328
90531  33.625  6.378  -3.474 0.4285714328
91438  33.714  7.402  -2.811 0.5714285970
92279  33.474  8.322  -3.384 0.5714285970
62030  21.755  -21.667  7.537 0.4285714328
62009  20.832  -21.591  7.739 0.2857142985
62029  22.603  -21.618  7.751 0.5714285970
72122  27.565  -11.718  0.972 0.7142857313
127632  29.917  -4.948  -2.533 0.2857142985
127629  30.847  -6.088  -2.488 0.1428571492
127631  30.755  -5.793  -1.480 0.1428571492
81423  30.805  -2.824  -0.545 0.8571428657
85350  32.644  1.430  -0.352 0.8571428657
84432  32.385  0.469  -0.166 0.8571428657
84434  30.502  0.447  0.676 0.8571428657
86308  32.523  2.311  0.093 0.8571428657
88438  33.427  4.299  -1.271 0.8571428657
89507  33.162  4.742  -1.055 0.8571428657
93228  32.364  9.339  -5.632 0.1428571492
95130  32.141  11.206  -4.603 0.5714285970
94182  32.434  10.273  -3.136 0.5714285970
96063  31.620  12.146  -4.324 0.4285714328
96082  31.240  12.038  -6.460 0.1428571492
96100  28.952  12.965  -9.393 0.1428571492
96968  29.241  14.351  -8.471 0.1428571492
64953  26.624  -18.906  7.381 0.1428571492
64028  22.709  -19.865  6.796 0.4285714328
66895  25.464  -17.287  4.416 0.5714285970
96937  30.613  13.631  -4.858 0.1428571492
66896  24.934  -17.496  4.371 0.5714285970
65927  23.927  -17.393  4.362 0.5714285970
66897  23.004  -16.381  5.034 0.2857142985
66935  25.072  -16.390  3.257 0.5714285970
66936  24.216  -16.461  3.518 0.5714285970
65907  23.162  -17.509  5.078 0.4285714328
66916  24.729  -17.183  3.810 0.5714285970
66918  23.453  -16.225  4.274 0.4285714328
67966  25.491  -15.593  2.929 0.5714285970
67967  24.428  -15.671  3.412 0.5714285970
68988  23.382  -14.822  3.732 0.4285714328
67983  26.392  -15.485  2.458 0.5714285970
69006  25.848  -14.541  2.668 0.5714285970
68987  24.659  -14.728  3.412 0.4285714328
70028  25.548  -13.544  2.750 0.4285714328
70027  26.386  -13.619  2.292 0.4285714328
67968  23.713  -15.861  3.780 0.4285714328
67948  22.696  -15.413  4.536 0.2857142985
67929  22.378  -15.502  5.017 0.2857142985
69005  26.815  -14.777  2.160 0.7142857313
71044  26.469  -12.447  2.049 0.7142857313
72106  25.704  -11.617  2.480 0.4285714328
72105  26.279  -11.470  2.024 0.7142857313
73160  25.805  -10.916  2.247 0.5714285970
73178  26.425  -10.589  1.858 0.7142857313
74194  25.376  -10.173  2.037 0.2857142985
70046  27.016  -13.290  1.821 0.5714285970
73177  27.345  -10.897  1.221 0.7142857313
74214  25.796  -9.372  1.882 0.7142857313
75230  26.038  -8.396  1.582 0.7142857313
75231  25.044  -8.435  1.545 0.4285714328
76247  25.218  -7.461  1.443 0.4285714328
73192  27.833  -10.174  0.937 0.5714285970
74232  27.673  -9.515  1.199 0.5714285970
75229  26.990  -8.290  1.395 0.7142857313
77284  27.317  -6.238  1.491 0.7142857313
76246  26.171  -7.329  1.472 0.7142857313
77285  26.360  -6.337  1.347 0.5714285970
78283  26.631  -5.428  1.359 0.5714285970
75247  29.408  -8.408  0.564 0.7142857313
75248  28.759  -8.616  1.006 0.5714285970
74212  27.593  -8.981  1.306 0.5714285970
75228  28.004  -8.189  1.377 0.7142857313
77283  28.169  -6.040  1.254 0.8571428657
77286  25.304  -6.373  0.884 0.4285714328
78282  27.504  -5.328  1.440 0.7142857313
79304  27.779  -4.474  1.362 0.7142857313
79306  26.151  -4.599  1.085 0.5714285970
80348  26.529  -4.198  1.209 0.7142857313
76245  27.160  -7.245  1.439 0.7142857313
78281  28.286  -5.161  1.331 0.8571428657
80346  27.588  -3.895  1.265 0.7142857313
80364  27.271  -3.400  1.154 0.5714285970
81428  26.818  -2.594  0.777 0.2857142985
79321  28.349  -4.389  1.306 0.7142857313
83483  28.092  -0.625  0.931 0.7142857313
79320  28.965  -4.710  1.139 0.7142857313
80363  28.313  -3.756  1.241 0.8571428657
83482  29.364  -0.754  1.150 0.8571428657
81426  29.117  -2.767  1.192 0.8571428657
82497  27.398  -1.623  0.923 0.5714285970
82496  28.632  -1.695  1.205 0.8571428657
80362  29.593  -3.788  1.103 0.8571428657
82495  29.910  -1.830  1.149 0.8571428657
84417  28.799  0.269  0.824 0.8571428657
84416  29.806  -0.026  0.873 0.8571428657
84435  29.531  0.645  0.690 0.8571428657
85339  28.910  0.950  0.476 0.7142857313
88427  30.610  4.646  0.055 0.7142857313
88428  29.401  4.751  -0.274 0.7142857313
89498  30.205  5.598  -0.281 0.7142857313
90489  30.925  6.513  -0.201 0.8571428657
91408  30.421  7.485  -0.410 0.7142857313
90490  29.822  6.500  -0.635 0.7142857313
92240  29.944  8.378  -0.879 0.7142857313
93182  29.551  9.070  -1.398 0.7142857313
92241  28.801  8.246  -1.554 0.5714285970
92238  32.027  8.432  -0.413 0.7142857313
93181  30.453  9.456  -0.891 0.7142857313
94143  29.220  9.497  -1.519 0.5714285970
93190  30.664  10.118  -1.164 0.4285714328
94142  29.623  9.727  -1.290 0.5714285970
94151  28.803  10.029  -1.637 0.5714285970
93180  31.551  9.203  -0.650 0.5714285970
92254  28.397  8.699  -2.037 0.5714285970
94150  30.008  10.435  -1.298 0.5714285970
95095  29.192  11.214  -1.642 0.5714285970
93192  28.168  9.184  -2.342 0.4285714328
93193  27.262  9.142  -2.696 0.5714285970
95097  27.409  10.774  -2.516 0.5714285970
94152  27.724  10.008  -2.419 0.5714285970
95094  30.373  11.511  -1.795 0.5714285970
93194  26.530  9.205  -1.961 0.4285714328
92256  26.826  8.205  -2.429 0.4285714328
94168  25.770  10.947  -2.547 0.4285714328
74231  28.271  -9.323  1.097 0.5714285970
94167  26.102  11.048  -2.725 0.2857142985
94153  26.613  10.326  -2.495 0.4285714328
94154  25.705  10.312  -1.795 0.2857142985
65906  24.055  -18.050  4.837 0.5714285970
64992  23.444  -18.195  5.336 0.5714285970
66915  25.915  -16.685  3.656 0.2857142985
65928  23.483  -16.903  4.494 0.5714285970
66934  25.744  -16.342  3.044 0.5714285970
65908  22.585  -16.846  5.615 0.2857142985
70008  25.045  -13.878  3.268 0.5714285970
68969  22.322  -14.903  4.326 0.2857142985
71045  25.510  -12.601  2.653 0.5714285970
71060  29.580  -12.683  1.081 0.2857142985
73162  24.036  -10.822  2.369 0.2857142985
81427  27.888  -2.628  1.216 0.7142857313
87358  29.763  3.761  0.218 0.7142857313
91409  29.355  7.393  -0.959 0.7142857313
93188  32.150  9.409  -1.452 0.5714285970
94148  31.595  10.198  -1.685 0.5714285970
94165  32.119  10.218  -2.237 0.5714285970
95093  31.042  11.205  -1.879 0.5714285970
95096  28.155  10.861  -1.964 0.5714285970
95108  27.836  11.494  -2.407 0.2857142985
71032  24.319  -13.034  3.146 0.4285714328
73191  28.736  -10.311  0.727 0.7142857313
72123  26.964  -11.806  1.404 0.5714285970
77302  28.902  -6.711  0.961 0.7142857313
76262  28.806  -7.726  0.964 0.7142857313
91407  31.567  7.500  -0.220 0.8571428657
66917  23.863  -16.841  3.917 0.5714285970
65926  24.530  -17.569  4.472 0.4285714328
67928  22.982  -15.764  4.651 0.4285714328
65889  22.875  -18.135  5.659 0.5714285970
67947  23.084  -15.439  4.192 0.4285714328
68986  25.274  -14.689  3.091 0.5714285970
70009  23.985  -13.771  3.453 0.4285714328
73161  25.025  -10.851  2.354 0.4285714328
72107  24.738  -11.649  2.670 0.4285714328
74195  24.412  -10.067  1.974 0.2857142985
74213  26.991  -9.535  1.466 0.7142857313
76244  28.084  -7.030  1.323 0.5714285970
78284  25.793  -5.437  0.849 0.2857142985
81429  25.941  -2.667  0.213 0.2857142985
92239  30.981  8.500  -0.275 0.8571428657
70010  22.972  -13.583  3.548 0.1428571492
71033  23.379  -12.662  3.227 0.4285714328
63043  21.090  -20.744  7.614 0.4285714328
66893  27.178  -16.282  5.158 0.1428571492
66914  26.756  -16.254  4.181 0.1428571492
69003  28.399  -14.696  2.174 0.1428571492
66913  27.610  -15.721  4.394 0.1428571492
67963  28.218  -15.039  3.199 0.1428571492
66933  28.120  -15.258  4.052 0.1428571492
70025  28.464  -14.329  1.573 0.1428571492
99739  29.095  17.716  -7.231 0.1428571492
85354  28.189  1.538  0.138 0.4285714328
99730  29.026  17.482  -6.574 0.1428571492
97906  29.406  14.954  -6.439 0.1428571492
86324  28.019  3.164  -0.449 0.4285714328
88429  28.260  4.873  -0.661 0.4285714328
98834  27.415  15.585  -4.056 0.2857142985
96902  28.103  13.264  -2.667 0.2857142985
96025  29.527  11.918  -1.921 0.2857142985
96901  29.481  13.455  -2.825 0.2857142985
88439  26.878  4.570  -1.825 0.1428571492
89499  29.109  5.607  -0.786 0.5714285970
96924  27.537  13.624  -3.058 0.2857142985
95106  30.670  12.018  -2.244 0.4285714328
89501  27.186  5.245  -1.551 0.4285714328
91410  28.448  7.246  -1.463 0.5714285970
90515  27.077  6.008  -1.832 0.4285714328
90499  27.183  6.335  -1.923 0.2857142985
96041  26.377  12.306  -3.125 0.1428571492
96040  27.407  12.298  -2.564 0.1428571492
90500  26.550  6.308  -2.193 0.1428571492
92255  27.771  8.224  -2.182 0.4285714328
95110  25.676  11.704  -3.039 0.1428571492
96904  26.244  13.047  -3.323 0.1428571492
91424  26.283  7.303  -2.279 0.2857142985
94144  25.899  10.731  -0.594 0.1428571492
95111  25.339  12.348  -3.160 0.1428571492
96042  25.558  12.776  -3.358 0.1428571492
95098  25.185  11.450  -2.334 0.1428571492
96028  24.909  12.543  -2.345 0.1428571492
96043  24.956  12.840  -3.113 0.1428571492
96027  25.348  12.257  -1.380 0.1428571492
63065  21.200  -20.241  7.456 0.4285714328
64957  21.619  -18.784  7.063 0.2857142985
70024  28.945  -14.116  1.692 0.1428571492
86311  28.816  2.767  0.239 0.2857142985
93210  32.772  9.290  -2.578 0.4285714328
96052  30.650  12.751  -2.943 0.2857142985
96925  26.761  13.719  -3.259 0.2857142985
97868  29.144  14.409  -3.557 0.2857142985
96926  25.771  13.673  -3.546 0.2857142985
64958  20.686  -18.598  7.569 0.2857142985
64025  25.900  -19.617  7.647 0.1428571492
65885  27.097  -17.651  6.428 0.1428571492
71073  29.959  -12.004  0.728 0.1428571492
70043  29.245  -13.433  1.329 0.1428571492
95105  31.206  11.644  -2.413 0.4285714328
97870  26.500  14.632  -3.609 0.2857142985
97869  27.813  14.353  -3.440 0.2857142985
96922  30.554  13.425  -3.660 0.2857142985
97867  29.877  14.164  -3.889 0.2857142985
98833  28.531  15.261  -4.067 0.2857142985
98850  28.281  16.420  -4.879 0.1428571492
96054  25.072  13.278  -3.430 0.2857142985
98864  28.966  16.161  -5.920 0.1428571492
97895  30.142  14.307  -5.469 0.1428571492
97896  29.641  15.061  -5.205 0.1428571492
72132  31.441  -11.033  0.596 0.2857142985
96921  31.224  12.784  -3.935 0.4285714328
97884  30.093  14.225  -4.562 0.2857142985
97885  29.525  14.728  -4.332 0.1428571492
64029  21.714  -19.765  7.043 0.4285714328
94166  31.455  10.821  -2.062 0.4285714328
96051  31.308  12.379  -3.289 0.2857142985
87359  28.506  3.899  -0.360 0.4285714328
90491  28.825  6.431  -1.211 0.5714285970
96037  30.853  12.308  -2.598 0.2857142985
95109  26.714  11.393  -2.680 0.2857142985
91422  27.743  7.200  -1.881 0.5714285970
96026  29.035  11.772  -1.941 0.2857142985
96039  28.774  12.302  -2.297 0.2857142985
67980  28.141  -15.043  2.518 0.1428571492
69002  29.311  -14.182  2.544 0.1428571492
87374  27.621  3.686  -0.656 0.2857142985
97849  28.018  13.759  -3.076 0.2857142985
96900  30.240  13.056  -2.917 0.2857142985
89500  27.982  5.598  -1.246 0.4285714328
90492  27.920  6.421  -1.600 0.4285714328
89509  26.745  5.441  -1.989 0.2857142985
91423  27.050  7.257  -2.253 0.4285714328
64030  20.973  -19.509  7.477 0.2857142985
70023  29.672  -13.609  2.116 0.1428571492
86312  27.863  2.487  -0.340 0.2857142985
98832  29.093  14.968  -4.141 0.2857142985
98849  29.084  15.515  -4.688 0.2857142985
80365  26.222  -3.621  0.827 0.2857142985
98836  25.201  16.043  -3.866 0.1428571492
98835  26.149  15.698  -4.209 0.1428571492
99709  24.998  17.334  -4.131 0.1428571492
97839  25.001  14.450  -2.150 0.1428571492
99700  25.012  16.977  -3.060 0.1428571492
97850  24.490  14.325  -2.955 0.1428571492
97872  24.846  14.604  -3.388 0.1428571492
99692  25.467  16.336  -2.356 0.1428571492
96927  25.058  13.829  -3.625 0.1428571492
98817  24.829  15.430  -2.876 0.1428571492
99691  26.129  16.510  -1.459 0.1428571492
98806  25.577  15.487  -1.817 0.1428571492
99699  25.953  17.383  -2.108 0.1428571492
67982  27.142  -15.751  2.050 0.2857142985
97871  25.470  14.701  -3.724 0.1428571492
98852  26.017  16.815  -4.740 0.1428571492
98805  26.270  15.677  -0.876 0.1428571492
64974  23.316  -18.620  5.948 0.4285714328
64973  24.386  -18.582  6.185 0.2857142985
65888  24.524  -18.247  5.365 0.2857142985
64042  23.549  -19.216  6.513 0.2857142985
64041  24.295  -19.223  6.794 0.1428571492
65905  24.986  -17.862  4.844 0.2857142985
64991  23.940  -18.399  5.475 0.2857142985
88430  27.329  4.824  -1.081 0.2857142985
64956  22.223  -19.237  6.657 0.2857142985
64043  22.824  -19.107  6.410 0.2857142985
64975  22.417  -18.507  6.340 0.2857142985
71031  25.017  -13.069  3.008 0.2857142985
71046  24.521  -12.406  2.927 0.2857142985
74215  24.757  -9.302  1.689 0.1428571492
75232  24.128  -8.393  1.516 0.1428571492
80376  25.418  -3.515  -0.184 0.1428571492
82498  26.365  -1.660  0.320 0.1428571492
83484  26.958  -0.656  0.504 0.1428571492
82509  25.893  -1.383  -0.263 0.1428571492
84418  27.594  0.488  0.379 0.1428571492
84419  26.537  0.022  -0.048 0.1428571492
86325  27.124  3.061  -0.662 0.1428571492
87360  27.664  4.274  -0.732 0.1428571492
87376  26.498  3.717  -1.984 0.1428571492
87375  26.890  3.972  -1.095 0.1428571492
91425  25.483  7.376  -2.007 0.1428571492
93195  25.631  9.021  -1.202 0.1428571492
85340  28.375  0.821  0.442 0.2857142985
84437  26.877  0.822  -0.475 0.1428571492
63044  20.523  -20.317  7.992 0.2857142985
71047  23.940  -12.458  3.036 0.2857142985
72108  23.531  -11.807  2.768 0.2857142985
76248  24.379  -7.603  1.391 0.1428571492
78299  25.028  -5.358  0.485 0.1428571492
79323  24.578  -4.681  0.121 0.1428571492
79322  25.322  -4.357  0.369 0.1428571492
80377  24.936  -3.358  -0.533 0.1428571492
81439  25.383  -2.639  -0.392 0.1428571492
82510  25.396  -1.667  -0.678 0.1428571492
83496  25.827  -0.775  -0.610 0.1428571492
84436  27.431  1.197  -0.158 0.1428571492
86326  26.447  3.130  -1.324 0.1428571492
92257  26.149  8.149  -1.878 0.1428571492
72090  23.193  -12.160  3.019 0.2857142985
73163  23.019  -10.668  2.380 0.1428571492
83485  26.219  -0.777  -0.045 0.1428571492
81440  24.789  -2.512  -0.629 0.1428571492
64010  20.397  -19.318  7.983 0.1428571492
64011  19.977  -19.614  8.706 0.1428571492
65890  22.293  -17.572  6.017 0.1428571492
88463  33.924  4.753  -3.659 0.1428571492
62010  19.982  -21.071  8.356 0.1428571492
64976  21.827  -17.979  6.740 0.1428571492
65876  21.196  -17.970  7.213 0.1428571492
66898  22.251  -16.157  5.568 0.1428571492
87389  33.790  3.570  -3.283 0.1428571492
89530  33.886  5.338  -4.261 0.1428571492
86345  33.117  2.495  -3.617 0.1428571492
73188  32.058  -9.975  0.430 0.1428571492
68968  22.888  -15.102  3.997 0.1428571492
60904  22.163  -22.585  7.907 0.2857142985
66937  23.796  -16.388  3.814 0.4285714328
67944  27.624  -15.515  3.581 0.1428571492
77303  24.792  -5.859  0.494 0.1428571492
78296  30.269  -5.181  0.549 0.8571428657
79303  28.337  -4.673  1.331 0.7142857313
79305  26.909  -4.661  1.363 0.7142857313
80347  27.029  -4.012  1.256 0.7142857313
80392  30.847  -3.348  -4.065 0.1428571492
81444  29.930  -3.031  -2.779 0.1428571492
81448  30.253  -2.872  -3.424 0.1428571492
82499  25.744  -1.999  -0.155 0.1428571492
83492  32.662  0.149  -0.705 0.8571428657
83493  32.518  -0.063  -0.592 0.8571428657
83507  32.794  0.060  -0.921 0.8571428657
84431  32.616  0.377  -0.621 0.8571428657
84450  32.717  0.334  -0.851 0.8571428657
86322  33.535  2.583  -1.971 0.2857142985
86336  33.120  2.021  -2.129 0.2857142985
87390  33.688  3.348  -3.008 0.1428571492
87399  33.764  3.566  -3.611 0.1428571492
88451  33.921  3.779  -3.315 0.1428571492
88462  34.162  4.009  -3.836 0.1428571492
89495  33.198  5.825  -1.096 0.8571428657
89508  27.289  5.810  -1.691 0.4285714328
89518  26.965  5.792  -1.888 0.4285714328
89519  26.834  5.645  -1.911 0.4285714328
90516  26.882  5.922  -1.924 0.4285714328
91420  33.283  7.376  -1.644 0.8571428657
91421  32.996  7.916  -1.168 0.7142857313
92242  28.141  7.753  -1.720 0.5714285970
92284  33.331  7.916  -4.027 0.2857142985
93179  32.193  8.975  -0.757 0.7142857313
93189  31.237  9.857  -1.182 0.5714285970
93191  28.850  9.120  -1.808 0.5714285970
93220  33.133  8.958  -3.216 0.7142857313
93232  31.930  9.363  -6.390 0.1428571492
94149  30.937  10.634  -1.511 0.5714285970
94183  31.782  10.929  -2.778 0.4285714328
94200  32.104  10.135  -5.955 0.1428571492
95099  25.162  12.139  -2.880 0.1428571492
95107  28.579  11.544  -2.034 0.2857142985
95123  31.659  11.585  -3.133 0.4285714328
95131  31.628  11.645  -5.160 0.1428571492
96038  30.119  12.492  -2.340 0.2857142985
96053  25.309  13.358  -3.506 0.1428571492
96072  31.199  12.411  -5.429 0.1428571492
96073  30.827  12.945  -5.656 0.1428571492
96105  28.715  13.206  -10.146 0.1428571492
96106  28.356  13.678  -10.720 0.1428571492
96111  28.406  13.820  -11.004 0.1428571492
96903  26.990  13.068  -2.865 0.2857142985
96923  29.836  13.922  -3.418 0.2857142985
96936  31.113  12.979  -4.569 0.4285714328
97848  28.538  13.895  -3.041 0.2857142985
127627  31.321  -5.834  -3.037 0.1428571492
127633  30.380  -5.833  -2.901 0.1428571492
127636  30.545  -5.845  -3.027 0.1428571492
