#!ascii label  , from subject 3758 vox2ras=TkReg
428
24411  42.540  -48.315  15.303 0.0000000000
19561  41.441  -53.714  1.548 0.0000000000
21312  49.919  -51.519  9.614 0.0000000000
22322  44.271  -51.352  8.303 0.0000000000
17739  47.207  -55.786  2.265 0.0000000000
19491  49.581  -54.123  6.580 0.0000000000
16796  48.559  -56.304  3.884 0.0000000000
18605  42.729  -54.388  5.813 0.0000000000
22307  40.572  -50.051  8.301 0.0000000000
24471  46.937  -49.571  11.866 0.0000000000
22318  47.176  -51.024  8.165 0.0000000000
18587  46.008  -54.293  5.977 0.0000000000
18652  44.747  -54.456  2.306 0.0000000000
16843  45.498  -56.155  -0.951 0.0000000000
21198  44.721  -51.007  16.886 0.0000000000
22238  43.624  -50.147  13.095 0.0000000000
20306  47.988  -52.099  12.680 0.0000000000
25660  40.662  -48.340  12.000 0.0000000000
17704  49.366  -55.717  5.505 0.0000000000
19549  42.414  -54.351  3.282 0.0000000000
19511  40.798  -54.051  5.822 0.0000000000
23349  47.869  -50.867  10.680 0.0000000000
22303  48.960  -51.051  9.127 0.0000000000
18599  48.498  -54.530  4.823 0.0000000000
19493  47.602  -53.986  6.582 0.0000000000
18618  46.617  -54.729  4.050 0.0000000000
18619  45.562  -54.480  4.185 0.0000000000
18651  45.764  -54.979  2.129 0.0000000000
18696  45.482  -54.927  -1.765 0.0000000000
21276  44.459  -51.306  12.206 0.0000000000
21253  46.101  -51.160  12.550 0.0000000000
20334  45.751  -52.833  11.892 0.0000000000
24547  44.641  -49.824  9.143 0.0000000000
25720  42.766  -48.531  8.532 0.0000000000
24539  38.945  -48.827  9.009 0.0000000000
25681  39.401  -48.115  10.222 0.0000000000
19467  51.272  -53.552  8.071 0.0000000000
21325  50.429  -52.163  7.895 0.0000000000
18582  50.198  -54.624  6.440 0.0000000000
18615  49.304  -55.305  4.463 0.0000000000
17737  48.038  -55.970  2.833 0.0000000000
20397  43.576  -52.706  7.783 0.0000000000
23413  42.012  -50.590  8.505 0.0000000000
21334  41.517  -52.729  7.417 0.0000000000
22344  39.696  -51.482  7.527 0.0000000000
19593  41.766  -53.089  -0.755 0.0000000000
25633  45.443  -48.129  12.937 0.0000000000
24532  45.975  -49.736  9.126 0.0000000000
22320  45.875  -50.905  8.159 0.0000000000
20386  48.691  -52.626  7.554 0.0000000000
20388  46.693  -52.502  7.572 0.0000000000
19479  45.365  -53.171  7.380 0.0000000000
18589  44.106  -54.477  6.397 0.0000000000
18640  43.913  -54.485  3.594 0.0000000000
18666  43.554  -54.184  2.076 0.0000000000
17753  45.966  -55.948  0.952 0.0000000000
18676  45.404  -55.110  -0.042 0.0000000000
19575  44.499  -54.321  0.549 0.0000000000
19592  42.972  -53.401  -0.623 0.0000000000
22166  46.444  -50.747  17.236 0.0000000000
23254  43.064  -49.562  16.223 0.0000000000
22203  43.029  -50.447  16.083 0.0000000000
23284  43.937  -49.055  14.113 0.0000000000
24432  45.890  -49.132  12.964 0.0000000000
23299  47.608  -50.581  12.460 0.0000000000
21293  49.865  -51.620  11.231 0.0000000000
20304  49.866  -53.097  12.335 0.0000000000
19451  50.858  -53.285  10.264 0.0000000000
25697  40.766  -48.798  9.991 0.0000000000
24396  42.953  -48.490  16.169 0.0000000000
25569  43.394  -47.375  16.133 0.0000000000
25583  42.855  -47.534  15.413 0.0000000000
19550  41.534  -54.053  2.774 0.0000000000
19538  41.484  -54.199  3.960 0.0000000000
21305  49.402  -51.429  10.145 0.0000000000
23365  48.188  -51.300  9.718 0.0000000000
22302  49.524  -51.326  9.346 0.0000000000
18636  48.075  -55.171  3.440 0.0000000000
18617  47.777  -54.646  3.945 0.0000000000
18637  46.883  -55.324  3.060 0.0000000000
17794  44.727  -55.943  -2.299 0.0000000000
20335  44.809  -52.470  11.859 0.0000000000
23398  44.303  -50.085  8.582 0.0000000000
25719  43.140  -49.163  9.132 0.0000000000
23399  43.231  -50.029  8.564 0.0000000000
26787  38.564  -46.625  9.349 0.0000000000
18575  50.705  -54.405  7.548 0.0000000000
18576  50.349  -54.696  7.076 0.0000000000
16795  49.066  -56.126  4.412 0.0000000000
17703  49.727  -55.336  5.106 0.0000000000
17727  49.202  -55.926  4.006 0.0000000000
18634  49.014  -55.676  3.878 0.0000000000
16807  48.024  -56.206  3.060 0.0000000000
18590  43.248  -54.325  6.385 0.0000000000
20398  42.577  -52.903  7.415 0.0000000000
19498  42.416  -53.866  6.587 0.0000000000
21348  40.187  -52.174  7.259 0.0000000000
21349  39.296  -51.915  6.818 0.0000000000
21335  38.908  -51.187  7.374 0.0000000000
25632  46.119  -48.614  12.418 0.0000000000
25655  45.192  -48.200  12.131 0.0000000000
24472  46.301  -49.191  11.672 0.0000000000
23396  46.058  -50.041  8.390 0.0000000000
22337  46.437  -51.272  7.951 0.0000000000
19474  50.211  -53.458  7.014 0.0000000000
20385  49.814  -52.737  7.505 0.0000000000
19475  49.215  -53.454  7.139 0.0000000000
18586  46.993  -54.405  5.858 0.0000000000
19477  47.162  -53.270  7.227 0.0000000000
19478  46.240  -53.208  7.299 0.0000000000
20389  45.889  -52.429  7.631 0.0000000000
19495  45.680  -53.867  6.789 0.0000000000
19496  44.741  -53.882  6.962 0.0000000000
18588  45.082  -54.493  6.213 0.0000000000
18639  44.753  -54.416  3.354 0.0000000000
18620  44.622  -54.359  4.379 0.0000000000
18654  43.284  -54.399  2.898 0.0000000000
18653  43.971  -54.273  2.526 0.0000000000
13917  44.086  -59.280  -1.247 0.0000000000
16856  45.353  -56.601  -1.535 0.0000000000
15859  45.569  -57.712  -1.024 0.0000000000
16855  45.860  -57.045  -0.956 0.0000000000
17771  45.853  -56.049  -0.001 0.0000000000
17764  45.758  -55.755  0.327 0.0000000000
17772  45.574  -55.781  -0.486 0.0000000000
19605  45.165  -54.489  -1.731 0.0000000000
19590  45.052  -54.496  -0.837 0.0000000000
19591  44.079  -53.826  -0.680 0.0000000000
19576  43.487  -53.682  0.587 0.0000000000
21178  46.975  -51.306  17.473 0.0000000000
21197  45.286  -50.777  17.001 0.0000000000
22185  44.853  -50.256  16.823 0.0000000000
22204  42.403  -50.345  15.419 0.0000000000
23305  42.539  -49.723  14.073 0.0000000000
23286  42.471  -49.540  14.791 0.0000000000
23303  44.518  -49.422  13.585 0.0000000000
24433  45.426  -48.728  13.465 0.0000000000
23302  45.473  -49.581  13.070 0.0000000000
21252  46.902  -51.426  12.814 0.0000000000
22235  46.592  -50.623  12.691 0.0000000000
22233  47.967  -51.118  12.629 0.0000000000
23297  48.597  -51.229  12.056 0.0000000000
21249  48.914  -51.639  12.331 0.0000000000
18523  49.267  -54.546  11.915 0.0000000000
18521  49.981  -54.053  11.571 0.0000000000
20352  50.476  -52.914  11.192 0.0000000000
23401  41.552  -49.998  8.563 0.0000000000
23386  42.021  -49.395  8.914 0.0000000000
24522  40.679  -49.116  9.612 0.0000000000
26763  39.651  -47.091  11.491 0.0000000000
19537  42.265  -54.376  4.388 0.0000000000
19510  41.728  -54.184  5.933 0.0000000000
24495  47.282  -50.339  11.384 0.0000000000
24496  46.619  -50.087  11.412 0.0000000000
23366  47.419  -50.868  10.107 0.0000000000
22304  48.269  -50.871  8.659 0.0000000000
18584  49.084  -54.468  5.743 0.0000000000
19492  48.634  -54.146  6.584 0.0000000000
18585  48.049  -54.606  5.813 0.0000000000
18600  47.404  -54.505  4.878 0.0000000000
18601  46.324  -54.454  5.015 0.0000000000
18602  45.343  -54.422  5.198 0.0000000000
18638  45.715  -54.738  3.187 0.0000000000
17779  45.415  -55.705  -1.408 0.0000000000
17793  45.321  -55.591  -2.329 0.0000000000
18714  45.186  -55.031  -2.833 0.0000000000
22250  43.889  -50.719  12.497 0.0000000000
22237  44.702  -50.358  12.741 0.0000000000
21254  45.327  -50.940  12.385 0.0000000000
21274  46.342  -51.938  12.418 0.0000000000
20308  46.858  -51.981  12.565 0.0000000000
25678  42.538  -48.623  10.664 0.0000000000
25679  41.554  -48.827  10.736 0.0000000000
23388  39.631  -49.557  8.653 0.0000000000
24523  39.583  -48.667  9.627 0.0000000000
25698  38.838  -47.769  9.495 0.0000000000
27831  39.150  -45.556  10.679 0.0000000000
20377  51.352  -52.542  8.635 0.0000000000
21318  51.086  -51.954  8.212 0.0000000000
20383  51.274  -52.743  7.784 0.0000000000
19473  51.062  -53.697  7.058 0.0000000000
19490  50.323  -54.142  6.641 0.0000000000
18597  49.975  -54.915  5.247 0.0000000000
18598  49.438  -54.620  4.912 0.0000000000
18616  48.704  -54.886  4.154 0.0000000000
18635  48.726  -55.423  3.713 0.0000000000
21332  43.923  -52.008  8.267 0.0000000000
22340  43.497  -51.248  8.375 0.0000000000
21345  43.035  -52.049  7.997 0.0000000000
21346  42.119  -52.103  7.852 0.0000000000
23415  40.788  -50.583  8.161 0.0000000000
19499  41.356  -53.577  6.715 0.0000000000
22323  40.440  -50.473  8.215 0.0000000000
22309  39.309  -50.103  8.336 0.0000000000
23389  38.789  -49.489  8.340 0.0000000000
19577  42.291  -53.526  0.523 0.0000000000
25598  43.477  -47.872  14.239 0.0000000000
25599  42.913  -47.676  14.637 0.0000000000
25634  44.508  -47.672  12.784 0.0000000000
23397  45.302  -50.230  8.584 0.0000000000
22321  44.936  -50.940  8.282 0.0000000000
21327  47.920  -51.607  7.739 0.0000000000
19476  48.170  -53.306  7.083 0.0000000000
20387  47.619  -52.490  7.475 0.0000000000
21328  46.971  -51.859  7.698 0.0000000000
21329  46.185  -51.943  7.728 0.0000000000
21330  45.639  -51.598  7.887 0.0000000000
21331  44.721  -51.774  8.050 0.0000000000
19480  44.522  -53.127  7.516 0.0000000000
19497  43.638  -53.613  7.161 0.0000000000
18604  43.512  -54.521  5.601 0.0000000000
18603  44.410  -54.514  5.407 0.0000000000
18622  42.913  -54.479  4.929 0.0000000000
18641  43.084  -54.575  3.923 0.0000000000
19560  42.815  -54.160  1.912 0.0000000000
17750  47.810  -56.109  2.249 0.0000000000
14889  45.117  -58.562  -1.238 0.0000000000
16831  46.534  -56.665  0.852 0.0000000000
17752  46.641  -56.078  1.382 0.0000000000
18650  46.406  -55.562  1.857 0.0000000000
18664  45.659  -55.375  1.064 0.0000000000
18665  45.035  -54.673  1.384 0.0000000000
18687  45.290  -55.218  -0.934 0.0000000000
19574  45.126  -54.580  0.058 0.0000000000
19558  44.389  -54.317  1.690 0.0000000000
19559  43.870  -54.005  1.655 0.0000000000
22164  48.335  -50.557  17.167 0.0000000000
21177  47.960  -51.262  17.267 0.0000000000
23250  46.668  -49.917  17.005 0.0000000000
23252  45.364  -49.559  16.985 0.0000000000
23253  44.148  -49.295  16.604 0.0000000000
21235  41.975  -50.702  15.266 0.0000000000
22202  43.441  -50.735  16.320 0.0000000000
23270  42.984  -49.977  16.033 0.0000000000
24423  42.353  -48.967  15.198 0.0000000000
24422  42.845  -48.534  14.685 0.0000000000
24434  44.586  -48.547  13.840 0.0000000000
24450  45.880  -48.678  12.883 0.0000000000
24449  46.302  -49.129  12.499 0.0000000000
22236  45.762  -50.368  12.624 0.0000000000
23300  46.990  -50.211  12.568 0.0000000000
23315  47.248  -49.924  12.210 0.0000000000
23330  47.871  -50.534  11.458 0.0000000000
22265  49.132  -51.227  11.035 0.0000000000
21304  49.809  -51.553  10.375 0.0000000000
21270  49.945  -52.313  12.066 0.0000000000
20354  50.339  -52.153  11.107 0.0000000000
20371  51.262  -52.437  9.703 0.0000000000
23400  42.520  -49.660  8.653 0.0000000000
25709  42.655  -48.968  9.013 0.0000000000
24501  40.056  -48.623  10.009 0.0000000000
13916  44.596  -59.161  -1.077 0.0000000000
16757  49.062  -56.005  5.480 0.0000000000
16775  49.032  -56.076  5.036 0.0000000000
16820  47.493  -56.555  1.841 0.0000000000
16842  45.830  -56.550  -0.308 0.0000000000
16870  45.190  -56.160  -2.181 0.0000000000
17684  50.054  -54.864  7.481 0.0000000000
17685  49.819  -55.088  7.014 0.0000000000
17715  49.564  -55.372  4.745 0.0000000000
17716  49.325  -55.694  4.711 0.0000000000
17728  48.678  -55.904  3.429 0.0000000000
17729  48.202  -55.695  3.179 0.0000000000
17763  46.052  -56.215  0.542 0.0000000000
17808  44.910  -55.330  -2.815 0.0000000000
18502  50.097  -53.720  11.738 0.0000000000
18503  49.849  -54.004  12.133 0.0000000000
18504  49.511  -54.396  12.634 0.0000000000
18520  50.247  -53.654  11.395 0.0000000000
18522  49.666  -54.219  11.891 0.0000000000
18537  50.360  -53.473  11.181 0.0000000000
18581  50.735  -54.386  6.924 0.0000000000
18583  49.799  -54.612  5.951 0.0000000000
18614  49.740  -55.153  4.835 0.0000000000
18621  43.741  -54.478  4.623 0.0000000000
18663  46.163  -55.776  1.300 0.0000000000
18667  43.431  -54.281  2.322 0.0000000000
18677  45.177  -54.770  0.596 0.0000000000
18697  45.223  -54.556  -2.178 0.0000000000
18705  45.370  -54.905  -2.457 0.0000000000
19400  50.014  -53.585  12.090 0.0000000000
19421  50.327  -53.319  11.533 0.0000000000
19439  50.514  -53.258  10.901 0.0000000000
19450  50.751  -52.993  10.683 0.0000000000
19481  44.003  -53.030  7.674 0.0000000000
19482  41.935  -53.291  7.122 0.0000000000
19483  41.571  -53.237  7.126 0.0000000000
19489  50.655  -54.204  6.733 0.0000000000
19494  46.610  -53.875  6.670 0.0000000000
19500  40.556  -53.496  6.445 0.0000000000
19501  40.285  -53.574  6.043 0.0000000000
19509  42.245  -54.275  5.937 0.0000000000
19521  42.219  -54.323  5.321 0.0000000000
19547  44.375  -54.276  2.052 0.0000000000
19548  44.174  -54.176  2.065 0.0000000000
20303  50.202  -53.196  12.060 0.0000000000
20305  49.522  -52.979  12.445 0.0000000000
20307  47.323  -52.045  12.639 0.0000000000
20327  50.411  -52.933  11.630 0.0000000000
20328  50.235  -52.685  11.989 0.0000000000
20333  46.817  -52.668  12.327 0.0000000000
20353  50.413  -52.618  11.287 0.0000000000
20363  50.560  -52.865  10.897 0.0000000000
20364  50.703  -52.503  10.587 0.0000000000
20365  50.319  -51.905  10.679 0.0000000000
20384  50.753  -52.797  7.440 0.0000000000
20390  45.081  -52.393  7.700 0.0000000000
20391  44.311  -52.509  7.874 0.0000000000
20392  42.019  -52.970  7.358 0.0000000000
20393  41.701  -52.988  7.311 0.0000000000
20399  41.321  -53.002  7.248 0.0000000000
20400  40.699  -52.974  7.010 0.0000000000
21179  45.751  -51.343  17.381 0.0000000000
21218  43.616  -50.897  16.432 0.0000000000
21220  42.422  -50.970  16.193 0.0000000000
21248  49.158  -51.635  12.197 0.0000000000
21250  48.347  -51.657  12.587 0.0000000000
21251  47.669  -51.490  12.781 0.0000000000
21271  49.482  -51.857  12.136 0.0000000000
21272  48.806  -52.063  12.469 0.0000000000
21273  48.405  -52.100  12.592 0.0000000000
21275  45.483  -51.750  12.220 0.0000000000
21292  50.149  -52.165  11.682 0.0000000000
21303  50.680  -51.782  10.061 0.0000000000
21311  50.997  -51.691  9.148 0.0000000000
21313  49.564  -51.461  9.961 0.0000000000
21321  48.227  -51.191  8.216 0.0000000000
21324  51.041  -52.298  7.727 0.0000000000
21333  41.854  -52.666  7.513 0.0000000000
21341  47.208  -51.452  7.766 0.0000000000
21342  46.934  -51.499  7.777 0.0000000000
21343  46.459  -51.537  7.794 0.0000000000
21344  46.000  -51.577  7.800 0.0000000000
21347  41.216  -52.280  7.569 0.0000000000
22165  47.240  -50.416  17.138 0.0000000000
22183  46.455  -50.263  17.107 0.0000000000
22184  45.756  -50.403  17.115 0.0000000000
22186  43.790  -50.414  16.445 0.0000000000
22187  43.233  -50.123  16.162 0.0000000000
22231  48.975  -51.463  12.093 0.0000000000
22232  48.509  -51.337  12.358 0.0000000000
22234  47.337  -50.860  12.830 0.0000000000
22247  49.154  -51.361  11.559 0.0000000000
22248  48.870  -51.126  11.284 0.0000000000
22249  44.359  -50.756  12.440 0.0000000000
22264  49.418  -51.388  11.166 0.0000000000
22278  49.479  -51.407  10.849 0.0000000000
22279  49.161  -51.327  10.482 0.0000000000
22291  49.537  -51.380  9.585 0.0000000000
22292  49.196  -51.320  9.794 0.0000000000
22305  47.574  -50.738  8.536 0.0000000000
22306  47.007  -50.686  8.485 0.0000000000
22308  40.072  -50.078  8.348 0.0000000000
22317  47.772  -51.077  8.136 0.0000000000
22319  46.551  -50.842  8.229 0.0000000000
22324  39.647  -50.732  7.985 0.0000000000
22325  38.697  -50.326  7.747 0.0000000000
22335  47.391  -51.313  7.909 0.0000000000
22336  47.015  -51.267  7.976 0.0000000000
22338  46.107  -51.355  7.908 0.0000000000
22339  44.150  -50.820  8.403 0.0000000000
22341  42.506  -51.341  8.315 0.0000000000
22342  41.576  -51.372  8.144 0.0000000000
22343  40.576  -51.222  7.933 0.0000000000
23232  45.890  -49.406  17.253 0.0000000000
23251  46.106  -49.856  17.168 0.0000000000
23255  42.690  -49.324  15.973 0.0000000000
23271  42.644  -49.665  15.683 0.0000000000
23285  43.168  -49.187  14.386 0.0000000000
23298  48.152  -50.991  12.209 0.0000000000
23301  46.221  -49.788  12.602 0.0000000000
23304  43.316  -49.582  13.750 0.0000000000
23312  48.813  -51.283  11.844 0.0000000000
23313  48.485  -51.026  11.655 0.0000000000
23314  47.816  -50.513  11.984 0.0000000000
23316  46.705  -49.662  12.377 0.0000000000
23329  48.630  -50.941  10.954 0.0000000000
23331  47.483  -50.093  11.881 0.0000000000
23348  48.564  -51.298  10.303 0.0000000000
23350  47.079  -50.510  10.808 0.0000000000
23351  46.464  -50.379  10.891 0.0000000000
23369  44.016  -49.480  8.799 0.0000000000
23370  43.918  -49.689  8.866 0.0000000000
23371  41.875  -49.307  9.188 0.0000000000
23372  41.431  -49.435  9.237 0.0000000000
23383  44.145  -49.719  8.942 0.0000000000
23384  43.810  -49.850  8.713 0.0000000000
23385  42.734  -49.029  8.849 0.0000000000
23387  40.757  -49.706  8.767 0.0000000000
23402  40.905  -50.148  8.219 0.0000000000
23411  43.635  -50.538  8.490 0.0000000000
23412  42.906  -50.544  8.494 0.0000000000
23414  41.210  -50.615  8.244 0.0000000000
24397  42.733  -49.078  16.087 0.0000000000
24412  42.572  -48.962  15.745 0.0000000000
24421  43.759  -48.429  14.264 0.0000000000
24448  46.727  -49.409  12.178 0.0000000000
24470  47.362  -50.161  11.673 0.0000000000
24500  40.458  -48.722  10.022 0.0000000000
24519  43.953  -49.323  8.951 0.0000000000
24520  43.681  -49.652  8.808 0.0000000000
24521  41.685  -49.237  9.432 0.0000000000
24534  43.878  -49.618  8.951 0.0000000000
24535  43.474  -49.581  8.773 0.0000000000
24536  42.780  -48.736  8.622 0.0000000000
24537  42.235  -49.163  9.098 0.0000000000
24538  39.895  -49.229  9.168 0.0000000000
24540  38.403  -48.508  8.174 0.0000000000
24548  43.797  -49.538  9.116 0.0000000000
24549  42.871  -49.229  8.804 0.0000000000
24550  42.683  -48.653  8.347 0.0000000000
25613  45.080  -48.179  13.587 0.0000000000
25614  44.428  -47.849  13.706 0.0000000000
25631  46.475  -49.033  12.137 0.0000000000
25653  46.395  -48.820  12.034 0.0000000000
25654  45.938  -48.497  12.122 0.0000000000
25680  40.319  -48.446  10.570 0.0000000000
25694  43.063  -48.803  10.019 0.0000000000
25695  42.425  -48.894  9.854 0.0000000000
25696  41.555  -49.026  9.830 0.0000000000
25706  44.242  -49.443  9.652 0.0000000000
25707  43.451  -49.137  9.616 0.0000000000
25708  42.929  -48.891  9.269 0.0000000000
25710  42.093  -49.118  9.355 0.0000000000
25718  43.843  -49.476  9.351 0.0000000000
25721  42.709  -48.337  8.355 0.0000000000
26776  39.489  -47.674  10.717 0.0000000000
26777  39.188  -46.808  10.297 0.0000000000
