#!ascii label  , from subject 3160 vox2ras=TkReg
1973
76467  -43.863  -14.025  52.283 0.0000000000
93911  -54.661  2.070  44.172 0.0000000000
83470  -50.644  -6.976  46.973 0.0000000000
52982  -14.011  -33.668  79.198 0.0000000000
76367  -40.245  -11.967  59.253 0.0000000000
60936  -33.282  -26.193  75.964 0.0000000000
153358  -42.374  -28.024  70.746 0.0000000000
67754  -44.518  -20.096  66.759 0.0000000000
73726  -43.975  -14.524  64.622 0.0000000000
55459  -23.915  -31.943  73.339 0.0000000000
57694  -29.185  -28.255  79.299 0.0000000000
58851  -28.349  -28.544  71.858 0.0000000000
153384  -36.136  -28.223  67.388 0.0000000000
63099  -39.537  -24.381  66.873 0.0000000000
79871  -43.574  -10.503  58.996 0.0000000000
78802  -47.994  -10.583  56.007 0.0000000000
88046  -53.412  -2.374  45.444 0.0000000000
78893  -47.082  -10.432  49.305 0.0000000000
91550  -53.035  0.011  39.925 0.0000000000
50693  -9.747  -35.919  80.874 0.0000000000
79798  -41.330  -10.075  63.598 0.0000000000
76429  -40.050  -12.168  55.635 0.0000000000
58892  -30.928  -28.434  69.451 0.0000000000
153379  -37.273  -30.618  74.214 0.0000000000
79938  -53.721  -8.788  53.308 0.0000000000
94025  -59.816  1.484  36.264 0.0000000000
65355  -41.963  -21.332  64.509 0.0000000000
70247  -42.690  -18.623  62.675 0.0000000000
56589  -26.087  -30.763  72.656 0.0000000000
64197  -37.529  -25.345  64.240 0.0000000000
64200  -39.930  -24.165  64.036 0.0000000000
64173  -42.657  -22.527  66.675 0.0000000000
77598  -43.727  -11.919  55.850 0.0000000000
78774  -45.898  -11.005  58.050 0.0000000000
77617  -45.831  -11.904  54.354 0.0000000000
90303  -53.941  -0.037  44.457 0.0000000000
90245  -55.322  -1.386  48.866 0.0000000000
96201  -55.749  3.887  44.150 0.0000000000
49696  -12.891  -36.403  76.265 0.0000000000
51804  -12.331  -35.002  80.044 0.0000000000
75079  -42.493  -13.471  60.738 0.0000000000
76289  -42.626  -11.577  63.819 0.0000000000
77483  -39.520  -11.129  61.856 0.0000000000
81016  -39.201  -9.318  59.894 0.0000000000
78753  -38.907  -10.250  57.376 0.0000000000
153515  -30.589  -26.635  77.325 0.0000000000
58741  -32.086  -27.549  80.899 0.0000000000
59854  -32.422  -27.648  77.661 0.0000000000
58784  -35.345  -28.078  77.003 0.0000000000
61057  -28.104  -26.684  67.180 0.0000000000
60027  -29.682  -28.061  65.777 0.0000000000
153366  -40.100  -28.991  70.166 0.0000000000
153375  -36.600  -30.288  70.089 0.0000000000
56594  -41.370  -30.346  72.753 0.0000000000
55439  -41.478  -29.741  75.275 0.0000000000
54211  -18.869  -33.473  76.960 0.0000000000
54160  -20.772  -32.479  80.561 0.0000000000
55316  -20.665  -31.186  83.482 0.0000000000
81120  -48.935  -8.468  48.449 0.0000000000
78876  -50.360  -10.133  50.601 0.0000000000
81097  -51.970  -8.688  49.955 0.0000000000
92810  -61.147  0.662  35.841 0.0000000000
54135  -13.246  -32.330  82.517 0.0000000000
68978  -44.474  -19.056  68.884 0.0000000000
72491  -45.087  -15.589  67.639 0.0000000000
70229  -44.653  -17.838  65.264 0.0000000000
72538  -43.267  -16.184  61.979 0.0000000000
54212  -23.838  -32.436  77.433 0.0000000000
56494  -26.305  -29.465  80.042 0.0000000000
55438  -26.695  -30.471  75.967 0.0000000000
56571  -28.604  -29.454  74.129 0.0000000000
59891  -29.962  -26.722  73.622 0.0000000000
58983  -32.654  -27.689  64.399 0.0000000000
153399  -34.624  -25.611  64.335 0.0000000000
62103  -37.726  -25.340  66.764 0.0000000000
62091  -39.396  -24.910  69.335 0.0000000000
64132  -41.193  -23.647  69.967 0.0000000000
65277  -43.670  -21.398  69.303 0.0000000000
53077  -21.374  -32.987  73.270 0.0000000000
153444  -43.859  -8.920  62.934 0.0000000000
82089  -47.763  -6.189  64.075 0.0000000000
80989  -46.662  -8.804  60.752 0.0000000000
83297  -48.570  -7.852  58.432 0.0000000000
85761  -52.313  -5.137  46.910 0.0000000000
84559  -53.371  -5.875  49.760 0.0000000000
86833  -54.553  -4.072  49.376 0.0000000000
45512  -6.229  -39.420  80.498 0.0000000000
77663  -45.680  -12.526  51.131 0.0000000000
81135  -45.079  -9.017  46.523 0.0000000000
85789  -49.303  -4.695  45.051 0.0000000000
88059  -50.269  -2.167  44.063 0.0000000000
91483  -50.450  0.087  43.328 0.0000000000
93919  -52.139  1.715  43.415 0.0000000000
95081  -53.183  2.668  42.382 0.0000000000
91547  -50.467  0.208  39.710 0.0000000000
52927  -11.015  -34.063  82.917 0.0000000000
51765  -8.372  -35.567  81.828 0.0000000000
48559  -7.279  -37.750  80.004 0.0000000000
79771  -42.945  -9.403  68.543 0.0000000000
75034  -44.595  -13.567  66.310 0.0000000000
78652  -43.659  -10.343  65.781 0.0000000000
78649  -42.215  -8.727  65.053 0.0000000000
153478  -41.701  -9.161  61.665 0.0000000000
78797  -41.542  -11.924  57.326 0.0000000000
76443  -42.311  -13.710  54.147 0.0000000000
153477  -28.849  -27.045  82.062 0.0000000000
59945  -29.455  -27.528  70.538 0.0000000000
59931  -32.039  -27.699  72.461 0.0000000000
57816  -34.084  -29.409  68.501 0.0000000000
56616  -33.647  -30.484  71.609 0.0000000000
57695  -35.300  -28.437  75.415 0.0000000000
57649  -37.932  -29.430  76.309 0.0000000000
50735  -14.539  -34.664  75.824 0.0000000000
53025  -16.647  -33.650  76.859 0.0000000000
54189  -16.168  -32.505  79.271 0.0000000000
78842  -48.092  -11.475  52.491 0.0000000000
154342  -50.929  -9.422  54.488 0.0000000000
154375  -52.353  -5.918  55.560 0.0000000000
82237  -55.301  -7.118  52.394 0.0000000000
96233  -55.120  2.969  41.786 0.0000000000
96236  -57.096  4.130  40.484 0.0000000000
97409  -59.347  4.200  38.955 0.0000000000
93999  -58.122  2.048  37.361 0.0000000000
96268  -60.364  3.595  38.093 0.0000000000
65385  -41.362  -21.398  62.367 0.0000000000
67817  -41.755  -20.381  61.950 0.0000000000
66606  -40.438  -20.753  60.927 0.0000000000
64217  -38.490  -23.728  63.196 0.0000000000
64218  -39.880  -22.692  63.223 0.0000000000
63149  -41.190  -23.021  63.982 0.0000000000
76445  -44.238  -13.386  54.242 0.0000000000
77616  -44.553  -12.394  55.221 0.0000000000
75226  -45.184  -13.652  53.283 0.0000000000
91488  -54.684  0.823  44.580 0.0000000000
91464  -55.696  0.336  45.919 0.0000000000
92667  -56.064  1.067  45.871 0.0000000000
93902  -56.485  2.275  45.534 0.0000000000
96200  -54.621  3.166  43.485 0.0000000000
50719  -13.698  -34.804  77.892 0.0000000000
49677  -12.455  -36.157  78.332 0.0000000000
51805  -12.886  -34.490  79.576 0.0000000000
154310  -40.981  -12.755  59.924 0.0000000000
76312  -41.412  -12.116  61.455 0.0000000000
76332  -39.825  -11.731  60.561 0.0000000000
78703  -39.012  -10.642  59.968 0.0000000000
153517  -38.612  -10.867  58.514 0.0000000000
56462  -23.347  -31.100  82.365 0.0000000000
61989  -31.741  -25.014  76.998 0.0000000000
60899  -31.738  -26.844  77.984 0.0000000000
60908  -32.892  -26.974  77.162 0.0000000000
58782  -34.015  -27.849  77.345 0.0000000000
59863  -34.754  -26.807  76.984 0.0000000000
153362  -41.125  -27.907  70.103 0.0000000000
56621  -40.923  -29.552  70.787 0.0000000000
57752  -42.201  -28.749  70.885 0.0000000000
57715  -41.961  -29.410  73.254 0.0000000000
54193  -22.936  -32.413  79.194 0.0000000000
54162  -22.649  -32.227  80.663 0.0000000000
55334  -22.483  -31.350  82.132 0.0000000000
84346  -45.632  -6.449  68.331 0.0000000000
82290  -50.072  -7.790  48.097 0.0000000000
81110  -50.297  -8.458  49.191 0.0000000000
82249  -51.103  -7.133  49.630 0.0000000000
68989  -44.827  -19.358  67.910 0.0000000000
70207  -44.859  -17.862  67.474 0.0000000000
69010  -44.667  -18.699  66.035 0.0000000000
70257  -43.058  -17.622  62.525 0.0000000000
71436  -42.617  -16.782  60.392 0.0000000000
72589  -42.487  -15.047  59.928 0.0000000000
54251  -24.040  -32.046  75.345 0.0000000000
55400  -25.443  -31.579  76.834 0.0000000000
55436  -25.228  -31.012  75.170 0.0000000000
56590  -27.676  -30.213  72.725 0.0000000000
56570  -26.941  -30.052  74.187 0.0000000000
56591  -28.564  -29.462  72.687 0.0000000000
153537  -29.520  -27.469  74.668 0.0000000000
153559  -28.835  -27.796  72.499 0.0000000000
61112  -33.250  -25.576  63.616 0.0000000000
64169  -38.239  -24.476  65.546 0.0000000000
63113  -37.666  -25.190  65.394 0.0000000000
62116  -38.908  -24.747  67.136 0.0000000000
61062  -39.128  -25.667  68.256 0.0000000000
62105  -39.338  -24.902  68.098 0.0000000000
63062  -40.234  -24.428  69.847 0.0000000000
63074  -40.355  -23.771  68.769 0.0000000000
65308  -43.442  -21.716  67.153 0.0000000000
64144  -43.382  -22.366  68.107 0.0000000000
66504  -44.147  -20.785  67.855 0.0000000000
67688  -44.221  -19.667  69.580 0.0000000000
54287  -22.208  -32.483  73.327 0.0000000000
78704  -44.584  -10.077  61.121 0.0000000000
153462  -45.600  -8.975  61.399 0.0000000000
78721  -44.859  -10.404  60.072 0.0000000000
79903  -47.283  -10.150  56.968 0.0000000000
79882  -47.188  -9.659  58.761 0.0000000000
81038  -48.091  -8.767  56.967 0.0000000000
83315  -48.390  -6.852  57.271 0.0000000000
81048  -48.508  -8.314  56.169 0.0000000000
86868  -52.935  -3.729  46.907 0.0000000000
86850  -53.191  -4.094  48.434 0.0000000000
88014  -54.225  -3.138  48.118 0.0000000000
88001  -57.005  -2.366  49.500 0.0000000000
88042  -48.899  -2.875  44.574 0.0000000000
89195  -48.078  -1.739  43.541 0.0000000000
91500  -49.337  0.371  43.076 0.0000000000
92695  -49.643  0.398  42.657 0.0000000000
93906  -50.918  1.117  43.373 0.0000000000
93942  -50.433  0.336  42.056 0.0000000000
93943  -51.221  0.811  42.262 0.0000000000
48562  -10.119  -36.628  79.427 0.0000000000
50692  -8.959  -35.880  80.689 0.0000000000
54108  -12.435  -32.162  83.963 0.0000000000
52928  -11.764  -32.858  82.642 0.0000000000
52909  -10.638  -32.732  84.045 0.0000000000
153076  -9.226  -35.762  82.298 0.0000000000
153080  -8.302  -35.963  81.353 0.0000000000
46575  -7.270  -37.278  79.300 0.0000000000
48535  -7.746  -36.686  81.509 0.0000000000
47535  -7.060  -37.815  81.325 0.0000000000
72500  -44.322  -15.723  65.814 0.0000000000
73709  -44.791  -14.621  66.910 0.0000000000
73715  -44.020  -14.652  65.717 0.0000000000
77470  -41.911  -11.004  63.474 0.0000000000
77464  -42.693  -11.326  64.540 0.0000000000
77463  -41.901  -10.549  64.705 0.0000000000
77455  -42.275  -9.623  65.651 0.0000000000
78661  -41.570  -8.972  64.034 0.0000000000
78632  -42.019  -8.654  62.880 0.0000000000
153485  -40.767  -9.088  62.196 0.0000000000
78795  -39.813  -10.631  58.418 0.0000000000
78783  -41.144  -11.088  58.089 0.0000000000
77595  -41.273  -11.447  56.167 0.0000000000
77613  -41.842  -11.972  54.802 0.0000000000
76430  -40.947  -12.568  54.953 0.0000000000
56522  -27.666  -29.335  79.675 0.0000000000
59838  -27.378  -28.003  81.124 0.0000000000
56439  -29.290  -27.120  80.954 0.0000000000
59983  -29.867  -27.475  68.694 0.0000000000
61033  -28.483  -26.695  68.817 0.0000000000
59968  -30.062  -27.864  69.764 0.0000000000
59929  -31.054  -27.082  71.764 0.0000000000
57780  -31.744  -28.608  71.166 0.0000000000
58965  -34.004  -27.652  65.805 0.0000000000
58945  -33.346  -28.566  66.686 0.0000000000
58926  -34.409  -28.633  67.442 0.0000000000
153388  -37.887  -31.187  72.399 0.0000000000
55518  -35.410  -30.766  71.088 0.0000000000
55463  -35.549  -30.958  72.812 0.0000000000
57733  -34.284  -29.618  73.647 0.0000000000
56561  -36.303  -30.172  74.462 0.0000000000
58815  -36.201  -28.547  75.780 0.0000000000
153374  -38.102  -29.524  75.334 0.0000000000
64100  -41.322  -23.445  72.517 0.0000000000
54228  -17.928  -33.500  76.559 0.0000000000
54208  -17.079  -33.175  77.966 0.0000000000
54207  -16.290  -33.078  78.338 0.0000000000
55276  -20.202  -31.240  84.715 0.0000000000
78871  -46.210  -11.155  50.071 0.0000000000
77664  -46.702  -12.386  51.188 0.0000000000
77665  -47.748  -12.169  50.963 0.0000000000
154335  -50.910  -10.137  51.884 0.0000000000
154332  -50.242  -10.632  53.804 0.0000000000
154354  -51.924  -8.631  54.679 0.0000000000
82195  -51.770  -7.695  55.342 0.0000000000
154362  -52.608  -7.712  54.554 0.0000000000
83422  -55.705  -6.407  50.460 0.0000000000
83421  -54.785  -7.303  50.596 0.0000000000
83385  -56.306  -6.581  52.156 0.0000000000
93960  -53.461  1.357  41.743 0.0000000000
95082  -53.688  3.039  41.248 0.0000000000
92737  -54.437  0.872  40.857 0.0000000000
93970  -56.154  1.603  39.840 0.0000000000
95100  -57.108  2.772  39.478 0.0000000000
97400  -58.208  4.101  39.986 0.0000000000
95107  -57.440  2.470  38.380 0.0000000000
91609  -58.616  0.755  36.226 0.0000000000
91591  -58.020  0.755  36.564 0.0000000000
94013  -59.285  1.768  36.523 0.0000000000
96280  -58.945  3.329  37.013 0.0000000000
96283  -60.329  3.290  37.313 0.0000000000
94014  -60.610  2.359  37.324 0.0000000000
91593  -61.546  0.210  36.430 0.0000000000
65337  -43.795  -21.090  65.094 0.0000000000
67796  -43.856  -19.695  64.336 0.0000000000
67794  -42.545  -20.106  63.726 0.0000000000
69066  -42.431  -18.960  61.832 0.0000000000
55479  -25.182  -31.333  72.776 0.0000000000
64216  -37.050  -23.938  62.795 0.0000000000
64199  -39.006  -24.852  63.875 0.0000000000
64184  -39.672  -24.144  65.363 0.0000000000
64171  -40.808  -23.702  66.492 0.0000000000
64185  -41.039  -24.186  65.222 0.0000000000
65335  -41.992  -22.077  65.419 0.0000000000
78786  -43.560  -11.101  56.763 0.0000000000
78758  -45.142  -10.541  58.635 0.0000000000
78787  -44.498  -11.180  56.355 0.0000000000
78800  -45.417  -11.174  55.428 0.0000000000
77600  -46.494  -11.591  55.122 0.0000000000
90286  -53.708  -1.298  44.904 0.0000000000
88031  -54.711  -2.607  46.886 0.0000000000
89168  -55.355  -1.178  46.054 0.0000000000
90246  -55.632  -0.814  49.125 0.0000000000
97350  -56.059  5.206  43.832 0.0000000000
48574  -11.288  -36.611  78.096 0.0000000000
49649  -11.022  -36.027  80.307 0.0000000000
73743  -43.684  -14.183  62.239 0.0000000000
75042  -43.924  -13.317  64.265 0.0000000000
76314  -43.191  -12.627  62.357 0.0000000000
77485  -41.672  -11.375  62.340 0.0000000000
78672  -40.519  -10.256  62.825 0.0000000000
79819  -39.718  -9.293  62.044 0.0000000000
78685  -38.889  -10.017  60.695 0.0000000000
78736  -39.317  -10.514  58.546 0.0000000000
153541  -39.387  -10.365  56.878 0.0000000000
57693  -29.326  -28.835  77.745 0.0000000000
60882  -30.455  -26.911  79.677 0.0000000000
60890  -31.096  -27.210  78.954 0.0000000000
58769  -31.553  -28.172  79.474 0.0000000000
56526  -35.412  -29.730  76.753 0.0000000000
61059  -28.989  -27.956  66.641 0.0000000000
57826  -30.783  -28.577  67.756 0.0000000000
59998  -37.442  -27.988  67.716 0.0000000000
57799  -36.320  -29.571  69.020 0.0000000000
153367  -39.422  -30.221  70.448 0.0000000000
57783  -39.026  -31.006  71.227 0.0000000000
153383  -39.468  -30.838  72.941 0.0000000000
153395  -39.915  -29.601  74.937 0.0000000000
55504  -41.137  -30.537  73.658 0.0000000000
54247  -19.713  -33.153  75.442 0.0000000000
53026  -20.081  -33.397  76.399 0.0000000000
54159  -19.674  -32.648  80.299 0.0000000000
55344  -19.393  -31.941  82.119 0.0000000000
55346  -21.168  -32.022  82.008 0.0000000000
79969  -48.131  -9.628  48.967 0.0000000000
77683  -48.671  -10.986  50.120 0.0000000000
79953  -49.225  -9.216  49.827 0.0000000000
79955  -51.155  -9.457  50.530 0.0000000000
81080  -53.616  -9.263  52.296 0.0000000000
92761  -52.345  0.978  38.479 0.0000000000
91551  -54.031  -0.084  39.987 0.0000000000
92762  -53.299  0.492  38.226 0.0000000000
92807  -59.015  0.519  35.833 0.0000000000
94026  -60.278  1.453  36.314 0.0000000000
92819  -59.417  0.440  34.533 0.0000000000
92821  -61.331  0.649  34.506 0.0000000000
54154  -14.776  -31.903  81.060 0.0000000000
51792  -13.617  -33.284  80.140 0.0000000000
71343  -44.541  -16.328  69.389 0.0000000000
70200  -44.872  -17.462  68.253 0.0000000000
71363  -44.657  -16.657  65.943 0.0000000000
71373  -44.518  -16.243  65.314 0.0000000000
70240  -44.387  -18.105  63.945 0.0000000000
71394  -43.790  -16.517  63.294 0.0000000000
72530  -43.972  -15.604  63.080 0.0000000000
73759  -43.167  -14.364  61.294 0.0000000000
75092  -41.856  -14.094  60.078 0.0000000000
54181  -23.934  -31.565  78.940 0.0000000000
56492  -24.992  -30.670  79.925 0.0000000000
55374  -25.555  -30.618  79.188 0.0000000000
55402  -26.676  -30.139  77.982 0.0000000000
56535  -27.798  -30.089  77.183 0.0000000000
55462  -26.153  -30.655  74.242 0.0000000000
56559  -27.351  -30.429  75.364 0.0000000000
57711  -29.805  -27.700  76.384 0.0000000000
60914  -30.375  -26.655  76.089 0.0000000000
60934  -31.808  -26.731  75.730 0.0000000000
60042  -33.580  -26.887  64.208 0.0000000000
153396  -35.475  -26.657  65.507 0.0000000000
63128  -36.672  -24.748  64.315 0.0000000000
153398  -36.375  -25.927  65.771 0.0000000000
59997  -36.572  -26.533  66.241 0.0000000000
59999  -38.771  -26.644  68.174 0.0000000000
58928  -39.600  -27.119  69.074 0.0000000000
59933  -40.750  -26.141  70.889 0.0000000000
61018  -41.478  -26.030  71.677 0.0000000000
62059  -40.541  -24.917  71.564 0.0000000000
63046  -40.849  -23.904  71.599 0.0000000000
64119  -41.573  -22.968  71.568 0.0000000000
64142  -41.685  -23.330  68.554 0.0000000000
64134  -42.328  -22.752  69.511 0.0000000000
65246  -42.796  -22.017  71.593 0.0000000000
66461  -43.604  -20.532  70.961 0.0000000000
53058  -21.213  -32.809  74.895 0.0000000000
153455  -44.630  -8.299  65.320 0.0000000000
80939  -45.863  -8.717  62.986 0.0000000000
153463  -47.407  -7.923  62.086 0.0000000000
83279  -48.476  -7.630  61.326 0.0000000000
78740  -46.442  -9.877  59.848 0.0000000000
81004  -47.115  -8.579  59.752 0.0000000000
84590  -51.473  -5.727  47.094 0.0000000000
84557  -51.590  -6.143  49.390 0.0000000000
86831  -52.808  -4.926  48.930 0.0000000000
85731  -54.026  -5.055  49.166 0.0000000000
84562  -56.242  -5.426  50.262 0.0000000000
87998  -55.017  -2.590  48.999 0.0000000000
85746  -56.181  -3.909  49.358 0.0000000000
76488  -43.526  -13.510  50.347 0.0000000000
76468  -44.605  -13.700  51.671 0.0000000000
76509  -44.363  -12.787  49.938 0.0000000000
77715  -44.899  -11.236  48.798 0.0000000000
77716  -45.451  -10.930  48.653 0.0000000000
79980  -46.040  -9.751  47.638 0.0000000000
81137  -46.919  -8.817  47.293 0.0000000000
81153  -48.492  -8.558  46.514 0.0000000000
83468  -48.578  -7.083  46.038 0.0000000000
84608  -50.827  -6.446  46.168 0.0000000000
84624  -51.279  -5.577  45.234 0.0000000000
85802  -51.218  -4.125  44.301 0.0000000000
86909  -52.263  -3.054  44.597 0.0000000000
90298  -48.946  -1.117  43.660 0.0000000000
90299  -49.919  -0.817  43.486 0.0000000000
89184  -52.617  -1.740  44.127 0.0000000000
91485  -52.296  0.282  43.788 0.0000000000
92685  -52.685  1.314  44.159 0.0000000000
95051  -52.812  2.644  43.592 0.0000000000
96207  -53.372  3.316  43.174 0.0000000000
95070  -52.471  2.339  42.937 0.0000000000
92719  -52.241  0.567  42.066 0.0000000000
91548  -51.340  0.222  39.776 0.0000000000
92760  -51.392  1.085  38.460 0.0000000000
51784  -12.726  -33.184  81.158 0.0000000000
51789  -11.313  -34.931  80.736 0.0000000000
51782  -10.848  -34.506  81.289 0.0000000000
51753  -9.965  -34.174  83.332 0.0000000000
51766  -9.787  -34.618  82.542 0.0000000000
51780  -9.130  -35.313  81.284 0.0000000000
51772  -8.252  -36.129  81.020 0.0000000000
153088  -6.890  -36.832  80.214 0.0000000000
47547  -7.236  -37.923  78.056 0.0000000000
47542  -7.010  -38.471  79.409 0.0000000000
153447  -43.805  -8.182  68.228 0.0000000000
76258  -44.067  -12.127  68.019 0.0000000000
76279  -43.922  -12.107  65.049 0.0000000000
76280  -44.538  -12.129  65.930 0.0000000000
78635  -42.807  -9.630  67.569 0.0000000000
78650  -42.787  -8.899  66.615 0.0000000000
79785  -43.386  -8.707  66.003 0.0000000000
78633  -43.148  -8.610  63.632 0.0000000000
80952  -42.697  -8.937  62.491 0.0000000000
79880  -43.028  -10.555  59.624 0.0000000000
153501  -39.992  -9.149  60.794 0.0000000000
78769  -41.473  -9.843  59.022 0.0000000000
78770  -42.241  -10.377  58.060 0.0000000000
77597  -43.046  -12.273  56.502 0.0000000000
77631  -42.576  -13.122  54.724 0.0000000000
76455  -42.687  -13.751  53.492 0.0000000000
153528  -37.892  -11.441  58.331 0.0000000000
78767  -37.735  -10.495  57.268 0.0000000000
76427  -38.453  -11.466  56.122 0.0000000000
75190  -39.350  -13.472  55.043 0.0000000000
73876  -40.034  -14.268  54.578 0.0000000000
73888  -40.725  -14.723  53.886 0.0000000000
75222  -41.287  -14.381  52.299 0.0000000000
73916  -42.164  -14.205  51.737 0.0000000000
55282  -30.004  -26.942  81.728 0.0000000000
57779  -27.431  -28.578  69.903 0.0000000000
153582  -27.969  -27.176  69.534 0.0000000000
153566  -28.893  -27.485  71.895 0.0000000000
153539  -29.678  -27.383  72.557 0.0000000000
60959  -30.734  -26.894  73.246 0.0000000000
59903  -32.418  -27.360  74.281 0.0000000000
57865  -31.136  -28.685  64.818 0.0000000000
57845  -31.513  -28.791  66.674 0.0000000000
57814  -32.333  -28.948  68.355 0.0000000000
57798  -35.243  -29.725  69.283 0.0000000000
56654  -33.729  -30.238  69.714 0.0000000000
57782  -32.973  -29.122  71.180 0.0000000000
57749  -33.034  -29.223  72.821 0.0000000000
59905  -33.461  -27.872  73.811 0.0000000000
59880  -33.799  -26.783  75.505 0.0000000000
59873  -35.738  -27.044  76.231 0.0000000000
57648  -36.531  -28.927  77.055 0.0000000000
49697  -13.562  -35.613  76.128 0.0000000000
51832  -14.175  -34.629  77.471 0.0000000000
53056  -17.062  -33.601  75.344 0.0000000000
53055  -16.454  -33.803  74.919 0.0000000000
51862  -15.542  -34.099  75.752 0.0000000000
51834  -15.635  -33.937  77.636 0.0000000000
52983  -14.681  -33.604  78.973 0.0000000000
54155  -15.720  -32.220  80.850 0.0000000000
55330  -18.911  -32.251  82.893 0.0000000000
76459  -46.405  -13.240  52.544 0.0000000000
77635  -46.940  -12.304  53.235 0.0000000000
77619  -48.652  -11.427  54.305 0.0000000000
78843  -48.884  -10.972  52.263 0.0000000000
154323  -49.014  -10.604  53.600 0.0000000000
154361  -49.777  -10.573  56.458 0.0000000000
81064  -50.022  -8.358  55.070 0.0000000000
83419  -52.580  -6.753  49.887 0.0000000000
82253  -54.430  -8.236  51.513 0.0000000000
82220  -54.536  -7.382  53.440 0.0000000000
96217  -54.104  3.049  42.632 0.0000000000
97360  -55.422  4.299  42.715 0.0000000000
97371  -55.893  4.656  42.217 0.0000000000
92738  -55.142  1.137  40.480 0.0000000000
96234  -55.809  3.423  41.316 0.0000000000
97382  -56.826  4.831  41.657 0.0000000000
98510  -58.231  5.237  40.973 0.0000000000
98511  -58.918  5.141  40.950 0.0000000000
93981  -57.173  1.667  37.935 0.0000000000
95109  -58.781  3.270  38.121 0.0000000000
97411  -60.615  4.663  39.267 0.0000000000
94015  -60.625  1.615  37.176 0.0000000000
65384  -40.764  -21.534  62.029 0.0000000000
66585  -41.281  -20.785  61.936 0.0000000000
64238  -39.129  -23.344  61.952 0.0000000000
65369  -40.490  -22.108  62.568 0.0000000000
65370  -40.748  -21.845  62.893 0.0000000000
76456  -43.337  -13.699  53.055 0.0000000000
75225  -44.690  -13.433  53.621 0.0000000000
76457  -44.498  -13.881  53.007 0.0000000000
93921  -54.245  1.726  43.919 0.0000000000
92688  -55.025  1.331  44.592 0.0000000000
93912  -55.318  1.896  44.640 0.0000000000
92676  -56.203  1.622  45.491 0.0000000000
93900  -55.174  2.526  44.620 0.0000000000
95046  -55.422  2.886  44.712 0.0000000000
95054  -54.892  3.038  44.370 0.0000000000
51820  -13.874  -34.294  78.614 0.0000000000
51819  -13.328  -34.858  78.993 0.0000000000
51806  -13.575  -33.742  79.626 0.0000000000
76350  -40.387  -11.903  59.966 0.0000000000
76333  -40.419  -12.200  60.649 0.0000000000
77521  -39.988  -11.632  60.046 0.0000000000
153526  -39.329  -11.178  59.494 0.0000000000
56463  -24.409  -30.017  82.564 0.0000000000
56473  -23.960  -30.461  81.303 0.0000000000
62007  -32.233  -26.206  76.600 0.0000000000
60917  -32.318  -25.102  77.272 0.0000000000
61991  -32.904  -25.497  76.818 0.0000000000
60919  -34.253  -26.773  77.190 0.0000000000
60926  -33.321  -26.056  76.494 0.0000000000
153359  -41.734  -27.389  70.398 0.0000000000
57769  -41.325  -28.802  70.385 0.0000000000
57739  -42.705  -27.638  71.709 0.0000000000
55348  -22.844  -31.531  81.469 0.0000000000
83448  -50.523  -7.311  47.759 0.0000000000
82268  -50.357  -7.687  48.523 0.0000000000
83438  -50.678  -6.861  48.835 0.0000000000
67738  -44.371  -19.956  67.466 0.0000000000
67739  -44.406  -19.539  67.039 0.0000000000
67755  -44.602  -19.572  66.353 0.0000000000
70291  -42.380  -17.319  59.895 0.0000000000
71417  -42.534  -17.014  61.334 0.0000000000
54252  -24.818  -31.623  75.256 0.0000000000
55448  -24.296  -31.772  74.059 0.0000000000
56613  -28.044  -29.644  71.781 0.0000000000
57748  -28.598  -28.994  72.319 0.0000000000
57732  -29.259  -28.532  73.260 0.0000000000
153565  -28.415  -28.051  72.159 0.0000000000
63114  -38.890  -24.163  65.870 0.0000000000
63098  -38.371  -24.439  66.278 0.0000000000
62117  -39.390  -24.600  67.524 0.0000000000
63086  -39.636  -24.167  68.038 0.0000000000
63087  -40.210  -23.778  67.776 0.0000000000
66519  -44.211  -20.799  66.891 0.0000000000
67726  -44.322  -19.887  68.337 0.0000000000
54288  -23.078  -32.260  73.393 0.0000000000
54271  -23.591  -32.077  74.355 0.0000000000
79857  -44.115  -10.623  59.700 0.0000000000
79904  -47.841  -9.734  56.523 0.0000000000
79894  -47.844  -9.477  57.391 0.0000000000
81039  -48.416  -8.185  56.779 0.0000000000
81047  -48.168  -8.819  56.364 0.0000000000
86881  -53.102  -3.047  46.394 0.0000000000
88020  -53.003  -3.210  47.706 0.0000000000
86869  -53.547  -3.302  46.688 0.0000000000
86854  -57.527  -3.402  49.619 0.0000000000
89179  -47.736  -2.220  44.039 0.0000000000
93930  -50.006  0.294  42.270 0.0000000000
92716  -49.394  -0.349  41.200 0.0000000000
91522  -49.746  -0.368  40.901 0.0000000000
48547  -10.186  -36.470  79.900 0.0000000000
48546  -9.720  -36.571  79.857 0.0000000000
49647  -9.092  -36.406  80.234 0.0000000000
52910  -11.210  -32.495  83.922 0.0000000000
52894  -11.240  -32.777  84.498 0.0000000000
48560  -7.755  -36.856  80.574 0.0000000000
47526  -7.640  -36.739  81.595 0.0000000000
72511  -44.117  -15.576  65.006 0.0000000000
78663  -41.537  -10.384  63.873 0.0000000000
78662  -41.504  -9.660  64.377 0.0000000000
153472  -41.441  -9.508  63.505 0.0000000000
79784  -41.534  -9.099  63.439 0.0000000000
153482  -41.018  -9.251  62.895 0.0000000000
76410  -40.009  -10.943  56.686 0.0000000000
77594  -40.288  -11.223  56.669 0.0000000000
77611  -40.281  -11.616  56.041 0.0000000000
77612  -40.811  -11.678  55.597 0.0000000000
56537  -28.193  -29.184  79.017 0.0000000000
57679  -28.130  -28.743  80.177 0.0000000000
58891  -30.422  -27.830  69.052 0.0000000000
59969  -30.666  -28.285  70.381 0.0000000000
59947  -30.823  -28.298  70.860 0.0000000000
58872  -31.332  -28.497  70.644 0.0000000000
58946  -35.245  -28.065  66.785 0.0000000000
56575  -36.811  -31.397  73.072 0.0000000000
56574  -35.932  -30.744  73.747 0.0000000000
153380  -36.618  -29.906  75.054 0.0000000000
153386  -38.399  -30.179  75.004 0.0000000000
64101  -42.521  -23.254  72.300 0.0000000000
54158  -18.650  -32.373  80.509 0.0000000000
78872  -46.948  -10.877  50.027 0.0000000000
77681  -46.899  -11.724  50.478 0.0000000000
77682  -47.873  -11.572  50.035 0.0000000000
154355  -52.706  -9.124  53.522 0.0000000000
154349  -52.942  -8.235  54.113 0.0000000000
83423  -56.330  -6.027  50.777 0.0000000000
83403  -56.338  -6.390  51.351 0.0000000000
91537  -52.929  0.176  40.771 0.0000000000
92736  -53.671  0.751  41.317 0.0000000000
91538  -53.643  0.308  40.623 0.0000000000
93971  -56.638  1.683  39.228 0.0000000000
93980  -56.996  1.884  38.470 0.0000000000
92795  -58.730  1.142  36.474 0.0000000000
95140  -59.836  2.581  36.643 0.0000000000
95142  -60.383  2.776  37.146 0.0000000000
95153  -60.236  2.261  36.709 0.0000000000
65356  -43.176  -21.147  64.395 0.0000000000
66567  -42.544  -20.461  64.125 0.0000000000
66566  -42.088  -20.490  63.746 0.0000000000
67827  -41.245  -19.911  61.735 0.0000000000
67818  -42.403  -19.954  62.133 0.0000000000
69077  -41.328  -19.297  61.264 0.0000000000
64220  -41.926  -22.506  63.855 0.0000000000
64202  -41.909  -22.369  64.826 0.0000000000
65336  -42.942  -21.650  65.165 0.0000000000
77586  -43.419  -11.488  56.461 0.0000000000
77587  -43.879  -11.240  56.048 0.0000000000
78815  -44.839  -11.343  54.871 0.0000000000
90287  -54.206  -0.791  45.040 0.0000000000
89167  -54.875  -1.469  45.752 0.0000000000
91422  -56.214  -0.033  49.002 0.0000000000
90247  -56.309  -0.606  49.289 0.0000000000
91423  -56.819  0.144  48.996 0.0000000000
96202  -56.537  4.961  44.429 0.0000000000
50717  -12.508  -35.931  78.794 0.0000000000
49685  -11.877  -36.437  78.001 0.0000000000
49676  -11.711  -36.386  78.795 0.0000000000
49665  -11.452  -36.088  79.707 0.0000000000
50695  -11.679  -35.409  80.310 0.0000000000
75061  -43.252  -13.209  61.591 0.0000000000
75062  -43.594  -13.202  62.430 0.0000000000
77484  -40.726  -11.274  61.704 0.0000000000
78688  -41.032  -10.876  62.350 0.0000000000
78687  -40.396  -10.712  62.409 0.0000000000
78686  -39.674  -10.241  62.267 0.0000000000
77482  -38.960  -10.718  61.562 0.0000000000
153509  -39.215  -10.424  59.189 0.0000000000
153540  -39.278  -9.997  56.882 0.0000000000
60889  -30.933  -26.717  78.006 0.0000000000
59848  -31.829  -27.483  78.221 0.0000000000
58770  -31.472  -27.843  79.099 0.0000000000
58780  -31.870  -28.158  78.360 0.0000000000
58783  -34.922  -27.844  77.460 0.0000000000
57646  -34.550  -28.410  77.094 0.0000000000
57667  -35.615  -29.053  76.868 0.0000000000
61075  -29.167  -27.917  66.224 0.0000000000
58923  -30.401  -28.453  67.256 0.0000000000
56620  -40.650  -29.913  71.140 0.0000000000
57785  -39.786  -30.427  70.665 0.0000000000
56640  -40.117  -30.515  71.134 0.0000000000
153377  -39.693  -30.896  71.881 0.0000000000
56618  -40.226  -30.878  73.005 0.0000000000
57699  -42.066  -29.249  74.153 0.0000000000
53027  -21.035  -33.293  76.432 0.0000000000
53008  -20.579  -33.253  77.390 0.0000000000
52951  -21.211  -32.669  79.957 0.0000000000
54143  -20.417  -32.280  81.267 0.0000000000
54144  -21.303  -32.015  81.185 0.0000000000
56447  -22.473  -30.943  82.941 0.0000000000
79983  -48.459  -9.224  48.513 0.0000000000
78895  -48.599  -9.811  49.510 0.0000000000
79970  -48.717  -9.128  49.141 0.0000000000
81096  -50.799  -8.314  49.796 0.0000000000
79954  -50.168  -9.360  50.048 0.0000000000
79956  -52.079  -9.342  50.486 0.0000000000
79957  -52.330  -9.337  50.913 0.0000000000
81098  -52.734  -8.803  50.639 0.0000000000
92818  -58.379  0.876  34.568 0.0000000000
92808  -60.028  0.789  35.480 0.0000000000
54153  -14.096  -32.018  81.377 0.0000000000
55285  -13.301  -31.541  85.624 0.0000000000
68962  -44.463  -18.504  70.142 0.0000000000
68963  -44.656  -17.587  69.777 0.0000000000
68979  -45.138  -18.040  69.169 0.0000000000
70217  -44.789  -17.781  66.522 0.0000000000
71362  -44.526  -16.164  65.739 0.0000000000
71374  -44.591  -16.937  65.048 0.0000000000
69039  -43.328  -19.163  63.226 0.0000000000
69040  -43.836  -19.131  63.765 0.0000000000
70239  -43.701  -18.691  63.447 0.0000000000
72537  -42.836  -16.733  61.890 0.0000000000
71393  -43.466  -17.349  62.928 0.0000000000
71404  -43.693  -16.120  62.559 0.0000000000
72539  -43.601  -15.279  62.353 0.0000000000
72555  -43.468  -14.785  61.775 0.0000000000
72554  -43.128  -15.602  61.368 0.0000000000
73774  -42.379  -14.586  60.249 0.0000000000
55373  -24.834  -31.060  79.250 0.0000000000
54195  -24.301  -31.805  78.188 0.0000000000
55419  -26.087  -30.963  76.468 0.0000000000
55401  -26.183  -31.103  77.499 0.0000000000
55420  -27.101  -30.748  77.038 0.0000000000
55421  -27.388  -30.174  77.629 0.0000000000
55461  -25.555  -31.038  73.697 0.0000000000
56569  -26.212  -30.696  73.698 0.0000000000
56560  -28.347  -29.736  75.560 0.0000000000
153524  -29.676  -27.239  75.423 0.0000000000
60924  -29.887  -26.707  75.117 0.0000000000
62005  -31.015  -26.386  75.881 0.0000000000
60932  -30.341  -26.494  74.322 0.0000000000
153400  -34.283  -25.611  64.117 0.0000000000
61099  -33.385  -25.963  63.834 0.0000000000
61100  -34.503  -26.083  64.501 0.0000000000
60043  -34.627  -27.088  64.549 0.0000000000
61101  -35.184  -26.653  64.842 0.0000000000
63146  -36.638  -24.251  63.476 0.0000000000
63145  -35.356  -24.072  63.616 0.0000000000
63085  -37.476  -25.246  66.285 0.0000000000
62126  -36.817  -25.640  65.720 0.0000000000
61076  -36.852  -25.773  66.219 0.0000000000
61060  -37.366  -26.180  66.741 0.0000000000
61061  -38.140  -26.127  67.503 0.0000000000
61046  -38.883  -25.144  69.112 0.0000000000
59984  -39.391  -26.311  68.603 0.0000000000
61045  -39.678  -25.801  69.321 0.0000000000
153368  -40.310  -26.851  69.779 0.0000000000
58856  -40.392  -26.203  70.031 0.0000000000
60998  -40.595  -25.686  70.940 0.0000000000
62071  -40.399  -25.174  70.669 0.0000000000
63063  -40.576  -23.913  69.744 0.0000000000
63054  -40.989  -24.219  70.595 0.0000000000
64126  -41.230  -23.832  70.422 0.0000000000
64109  -40.928  -23.119  72.089 0.0000000000
64127  -41.530  -23.190  70.636 0.0000000000
64156  -41.977  -23.411  67.465 0.0000000000
65290  -43.368  -22.078  68.757 0.0000000000
65276  -43.021  -22.047  69.488 0.0000000000
65262  -42.602  -21.998  70.523 0.0000000000
65263  -43.432  -21.356  70.283 0.0000000000
65247  -43.278  -21.355  71.283 0.0000000000
67669  -43.973  -19.630  70.600 0.0000000000
54268  -21.221  -32.613  74.423 0.0000000000
53030  -23.442  -32.635  76.939 0.0000000000
153435  -46.147  -7.276  64.715 0.0000000000
82120  -46.225  -8.831  61.844 0.0000000000
82121  -47.084  -8.514  61.551 0.0000000000
82128  -47.567  -8.668  60.781 0.0000000000
78759  -46.038  -10.636  59.074 0.0000000000
81024  -47.018  -8.034  58.567 0.0000000000
81023  -46.752  -8.680  58.917 0.0000000000
82141  -47.868  -8.360  59.557 0.0000000000
83277  -48.421  -7.943  60.315 0.0000000000
83290  -48.748  -8.095  59.265 0.0000000000
83298  -49.020  -7.095  58.815 0.0000000000
83316  -49.319  -6.784  57.427 0.0000000000
84609  -51.613  -5.485  46.178 0.0000000000
85754  -51.927  -5.260  47.870 0.0000000000
86832  -53.967  -4.503  48.760 0.0000000000
85732  -54.771  -4.655  49.463 0.0000000000
85733  -55.646  -4.455  49.666 0.0000000000
89145  -54.769  -1.871  48.240 0.0000000000
88015  -54.700  -2.478  48.435 0.0000000000
89121  -55.393  -1.907  48.677 0.0000000000
85747  -56.701  -3.662  49.489 0.0000000000
46569  -6.529  -39.052  79.806 0.0000000000
46572  -5.790  -38.542  79.132 0.0000000000
45516  -5.817  -39.608  79.705 0.0000000000
78891  -44.190  -10.924  48.916 0.0000000000
78904  -44.720  -10.465  48.319 0.0000000000
79979  -45.103  -9.738  47.516 0.0000000000
81117  -45.865  -9.594  46.956 0.0000000000
79999  -46.512  -9.385  47.329 0.0000000000
81136  -46.130  -9.198  46.481 0.0000000000
82310  -47.763  -8.163  46.094 0.0000000000
83467  -47.485  -6.765  45.728 0.0000000000
82311  -48.971  -8.020  46.211 0.0000000000
84622  -48.841  -5.904  44.748 0.0000000000
84623  -50.049  -5.657  45.249 0.0000000000
88043  -49.938  -2.753  44.289 0.0000000000
86895  -50.562  -3.676  44.393 0.0000000000
88044  -50.660  -3.103  44.376 0.0000000000
86908  -51.660  -3.147  44.482 0.0000000000
88060  -50.972  -2.534  44.269 0.0000000000
91501  -49.871  0.185  43.107 0.0000000000
90300  -51.063  -0.638  43.847 0.0000000000
89183  -51.557  -1.612  44.092 0.0000000000
90301  -52.048  -0.682  43.876 0.0000000000
91502  -51.599  0.067  43.788 0.0000000000
93907  -51.647  1.281  43.588 0.0000000000
92684  -51.833  1.066  43.904 0.0000000000
93908  -52.418  1.829  43.718 0.0000000000
93909  -53.068  2.074  43.834 0.0000000000
95061  -52.559  2.529  43.336 0.0000000000
95060  -52.149  1.844  43.158 0.0000000000
91524  -50.766  0.005  41.076 0.0000000000
92718  -51.418  0.352  41.698 0.0000000000
91535  -51.214  0.183  40.669 0.0000000000
92734  -51.938  0.417  41.358 0.0000000000
153081  -7.291  -36.033  80.371 0.0000000000
52936  -13.118  -33.097  81.910 0.0000000000
51791  -12.948  -33.508  80.519 0.0000000000
51775  -11.290  -33.835  82.114 0.0000000000
51776  -11.853  -33.461  82.118 0.0000000000
51774  -10.252  -34.425  82.152 0.0000000000
50643  -10.279  -34.008  84.095 0.0000000000
51752  -9.743  -34.738  82.328 0.0000000000
51781  -9.736  -35.103  81.543 0.0000000000
51773  -8.879  -35.228  81.576 0.0000000000
46571  -7.733  -37.428  79.331 0.0000000000
46579  -6.885  -36.653  79.757 0.0000000000
46578  -7.097  -37.201  79.377 0.0000000000
46574  -7.522  -37.681  78.487 0.0000000000
47543  -7.534  -38.137  79.016 0.0000000000
46560  -7.753  -38.136  81.445 0.0000000000
71349  -44.889  -16.470  68.401 0.0000000000
72485  -44.889  -15.431  68.737 0.0000000000
73700  -44.935  -14.436  68.043 0.0000000000
75024  -44.630  -13.386  67.443 0.0000000000
76300  -43.515  -12.437  63.030 0.0000000000
76290  -43.356  -12.159  64.168 0.0000000000
77456  -43.204  -10.791  65.194 0.0000000000
77457  -44.148  -10.931  65.713 0.0000000000
77448  -43.959  -10.930  66.799 0.0000000000
78636  -43.575  -10.256  66.383 0.0000000000
77447  -43.548  -10.468  67.654 0.0000000000
77454  -42.047  -9.093  65.693 0.0000000000
82101  -41.656  -8.942  62.254 0.0000000000
82102  -42.112  -9.145  61.964 0.0000000000
80965  -42.542  -9.748  61.264 0.0000000000
153487  -39.129  -9.141  61.191 0.0000000000
77584  -41.226  -11.207  58.257 0.0000000000
77585  -41.435  -10.873  57.970 0.0000000000
78755  -42.111  -9.836  58.098 0.0000000000
78784  -41.810  -10.996  57.461 0.0000000000
78785  -42.730  -11.045  56.946 0.0000000000
78798  -42.292  -11.957  57.125 0.0000000000
77630  -42.103  -13.009  54.571 0.0000000000
77614  -42.740  -12.422  55.313 0.0000000000
76444  -43.108  -13.735  54.187 0.0000000000
79870  -37.510  -10.901  57.571 0.0000000000
79879  -37.400  -10.904  56.917 0.0000000000
75188  -37.864  -12.420  55.679 0.0000000000
75189  -38.510  -12.806  55.417 0.0000000000
73875  -39.444  -14.404  54.502 0.0000000000
73887  -39.620  -14.967  54.054 0.0000000000
73903  -39.900  -14.978  53.094 0.0000000000
56493  -25.552  -30.262  79.741 0.0000000000
56484  -25.808  -29.661  80.832 0.0000000000
57623  -26.435  -29.262  80.500 0.0000000000
153484  -27.887  -27.607  81.377 0.0000000000
58725  -31.341  -27.693  81.347 0.0000000000
58870  -28.831  -27.531  69.874 0.0000000000
153583  -28.306  -26.917  69.264 0.0000000000
59944  -28.542  -27.447  70.011 0.0000000000
153574  -28.397  -27.266  70.747 0.0000000000
153575  -29.138  -27.253  71.301 0.0000000000
59930  -31.724  -27.222  72.019 0.0000000000
59912  -30.922  -26.401  71.988 0.0000000000
60976  -31.208  -27.100  72.788 0.0000000000
60977  -31.331  -27.380  73.630 0.0000000000
59914  -32.005  -27.790  73.382 0.0000000000
57879  -32.125  -28.389  64.362 0.0000000000
58925  -33.700  -28.871  67.348 0.0000000000
58944  -32.058  -28.666  66.193 0.0000000000
57829  -33.061  -28.957  67.597 0.0000000000
57828  -32.213  -28.875  67.581 0.0000000000
57815  -33.148  -29.561  68.273 0.0000000000
55502  -34.757  -31.397  71.699 0.0000000000
56638  -35.099  -30.412  70.478 0.0000000000
56637  -34.082  -30.557  70.462 0.0000000000
56636  -33.194  -29.823  70.582 0.0000000000
56615  -33.150  -29.640  71.316 0.0000000000
57768  -33.353  -29.871  72.526 0.0000000000
58834  -34.623  -28.644  74.729 0.0000000000
58833  -33.766  -28.728  74.202 0.0000000000
58823  -34.361  -28.066  74.802 0.0000000000
59894  -33.894  -27.523  74.748 0.0000000000
59895  -34.515  -27.628  75.171 0.0000000000
59881  -35.021  -27.055  75.636 0.0000000000
58814  -35.497  -28.052  75.671 0.0000000000
59883  -36.445  -28.465  76.152 0.0000000000
153378  -39.542  -29.561  75.515 0.0000000000
55428  -40.751  -30.212  75.652 0.0000000000
60979  -41.212  -25.460  72.251 0.0000000000
51848  -14.184  -34.802  76.815 0.0000000000
51849  -14.793  -34.543  76.531 0.0000000000
54229  -18.560  -33.296  76.330 0.0000000000
54245  -18.106  -33.274  75.543 0.0000000000
54227  -17.205  -33.505  76.918 0.0000000000
54244  -17.450  -33.511  75.838 0.0000000000
53041  -16.821  -33.560  76.031 0.0000000000
53040  -16.189  -33.715  76.318 0.0000000000
53024  -16.160  -33.688  77.438 0.0000000000
53005  -15.500  -33.629  78.263 0.0000000000
52984  -15.486  -33.002  79.062 0.0000000000
52966  -15.514  -32.660  79.818 0.0000000000
54174  -16.105  -32.494  80.148 0.0000000000
55331  -19.965  -31.691  82.853 0.0000000000
55315  -19.696  -31.301  83.590 0.0000000000
82061  -47.197  -5.696  65.551 0.0000000000
77662  -45.138  -13.139  51.039 0.0000000000
76469  -45.456  -12.837  51.890 0.0000000000
76470  -46.237  -12.653  51.792 0.0000000000
77650  -47.395  -11.967  52.103 0.0000000000
77636  -47.715  -11.569  53.196 0.0000000000
77618  -47.031  -11.272  54.067 0.0000000000
78855  -49.444  -10.545  51.039 0.0000000000
154330  -49.906  -10.963  51.944 0.0000000000
154340  -50.029  -10.279  55.097 0.0000000000
154337  -49.659  -11.200  55.413 0.0000000000
79917  -49.423  -9.148  55.374 0.0000000000
81058  -50.404  -8.933  54.920 0.0000000000
83342  -51.726  -6.663  55.458 0.0000000000
82194  -51.184  -7.555  55.515 0.0000000000
84487  -51.667  -5.683  55.723 0.0000000000
84558  -52.371  -6.026  49.537 0.0000000000
83418  -51.733  -6.633  49.595 0.0000000000
83420  -53.707  -6.996  49.997 0.0000000000
83402  -55.571  -7.075  51.669 0.0000000000
83401  -54.865  -7.504  51.499 0.0000000000
82236  -54.806  -7.534  52.269 0.0000000000
95071  -52.792  3.346  42.947 0.0000000000
96208  -54.036  2.933  42.857 0.0000000000
96223  -53.332  3.470  42.650 0.0000000000
96232  -54.319  3.225  41.357 0.0000000000
96225  -55.088  3.341  42.064 0.0000000000
97370  -55.389  4.132  42.122 0.0000000000
96226  -55.415  3.663  41.742 0.0000000000
92749  -54.851  0.469  40.207 0.0000000000
95093  -56.817  3.139  40.330 0.0000000000
95092  -56.131  2.563  40.503 0.0000000000
96235  -56.545  3.681  40.727 0.0000000000
97391  -56.203  4.050  41.152 0.0000000000
97392  -56.658  4.370  40.990 0.0000000000
98509  -57.755  5.349  41.341 0.0000000000
97393  -57.740  4.760  40.724 0.0000000000
96244  -58.550  4.014  39.659 0.0000000000
98522  -58.658  4.850  40.401 0.0000000000
98523  -59.255  4.706  40.032 0.0000000000
98512  -59.561  4.480  40.515 0.0000000000
97402  -59.886  4.574  39.341 0.0000000000
92794  -58.278  1.307  36.919 0.0000000000
92793  -57.898  0.870  37.128 0.0000000000
92780  -57.357  0.949  37.554 0.0000000000
93998  -57.562  1.913  37.725 0.0000000000
95124  -57.835  2.510  37.881 0.0000000000
95125  -58.546  2.893  37.450 0.0000000000
96267  -60.105  3.707  37.709 0.0000000000
96252  -59.650  3.928  38.286 0.0000000000
96253  -60.263  4.087  38.615 0.0000000000
97412  -60.880  5.127  39.063 0.0000000000
96254  -60.703  4.426  38.985 0.0000000000
92809  -60.684  0.807  35.628 0.0000000000
94027  -60.444  1.738  36.702 0.0000000000
94028  -60.593  1.112  36.679 0.0000000000
65371  -41.827  -21.505  63.173 0.0000000000
66577  -42.282  -20.546  62.908 0.0000000000
66586  -41.918  -20.814  62.349 0.0000000000
64237  -37.579  -23.345  62.103 0.0000000000
64201  -40.607  -23.542  64.131 0.0000000000
64219  -41.058  -22.636  63.560 0.0000000000
77633  -44.095  -13.241  55.289 0.0000000000
76432  -45.233  -12.963  54.564 0.0000000000
76433  -45.950  -12.910  54.341 0.0000000000
91487  -54.085  0.737  44.427 0.0000000000
91475  -55.157  0.571  45.072 0.0000000000
92659  -56.941  1.566  47.279 0.0000000000
93892  -56.973  2.273  46.301 0.0000000000
95041  -57.238  3.123  46.159 0.0000000000
95048  -56.681  3.005  45.693 0.0000000000
95047  -56.204  3.092  44.795 0.0000000000
49687  -13.426  -35.987  76.955 0.0000000000
49686  -12.683  -36.315  77.500 0.0000000000
50725  -13.333  -35.766  77.544 0.0000000000
50709  -13.045  -35.129  79.178 0.0000000000
76335  -41.723  -12.941  61.070 0.0000000000
76334  -41.086  -12.636  60.771 0.0000000000
77503  -40.649  -12.111  61.248 0.0000000000
77502  -39.879  -11.748  61.220 0.0000000000
77501  -39.047  -11.201  60.712 0.0000000000
153508  -39.231  -10.937  59.766 0.0000000000
56448  -23.288  -30.385  83.225 0.0000000000
61980  -31.181  -25.661  77.028 0.0000000000
61969  -31.381  -26.327  77.564 0.0000000000
61982  -31.823  -25.953  77.329 0.0000000000
60907  -32.237  -26.022  77.268 0.0000000000
59849  -32.529  -27.324  77.623 0.0000000000
58781  -32.810  -28.047  77.271 0.0000000000
59855  -33.396  -27.464  77.310 0.0000000000
60910  -34.842  -26.978  78.073 0.0000000000
59857  -35.310  -27.149  77.887 0.0000000000
57786  -40.685  -28.277  70.009 0.0000000000
57751  -41.406  -29.284  70.821 0.0000000000
56577  -41.684  -29.808  72.093 0.0000000000
57736  -41.859  -29.671  72.639 0.0000000000
57737  -42.048  -29.361  71.972 0.0000000000
57716  -42.450  -29.245  73.013 0.0000000000
52952  -22.061  -32.692  80.108 0.0000000000
54161  -21.690  -32.415  80.667 0.0000000000
54145  -22.039  -31.843  81.085 0.0000000000
82266  -49.230  -8.045  48.143 0.0000000000
81108  -49.134  -8.666  49.196 0.0000000000
82259  -50.115  -8.017  48.780 0.0000000000
82260  -50.551  -7.699  49.147 0.0000000000
82250  -51.833  -7.559  49.697 0.0000000000
68990  -45.137  -18.477  68.175 0.0000000000
69000  -44.554  -18.801  67.137 0.0000000000
70256  -42.596  -18.228  62.398 0.0000000000
71402  -42.676  -17.378  62.047 0.0000000000
71418  -42.769  -16.355  61.074 0.0000000000
72570  -42.434  -16.047  60.139 0.0000000000
54232  -23.877  -32.671  76.313 0.0000000000
54213  -24.650  -32.108  77.152 0.0000000000
54233  -24.750  -31.958  76.109 0.0000000000
55418  -25.333  -31.256  75.898 0.0000000000
55437  -25.873  -30.780  75.538 0.0000000000
153523  -29.658  -27.437  75.508 0.0000000000
153551  -29.409  -27.810  73.425 0.0000000000
153538  -29.538  -27.324  73.398 0.0000000000
64198  -38.253  -25.460  64.046 0.0000000000
64181  -37.303  -25.418  64.551 0.0000000000
64168  -37.847  -24.675  65.645 0.0000000000
63097  -37.659  -24.977  66.024 0.0000000000
62104  -38.563  -25.243  67.413 0.0000000000
61063  -38.801  -25.002  68.767 0.0000000000
62092  -38.927  -24.613  69.101 0.0000000000
63061  -39.857  -24.686  69.514 0.0000000000
63073  -39.591  -24.135  69.055 0.0000000000
63064  -40.987  -23.747  69.399 0.0000000000
65307  -42.785  -22.145  66.890 0.0000000000
64157  -42.816  -22.539  67.355 0.0000000000
64158  -43.393  -22.084  67.710 0.0000000000
65291  -43.751  -21.617  68.266 0.0000000000
66471  -43.996  -20.574  69.988 0.0000000000
66487  -44.129  -20.542  68.912 0.0000000000
67708  -44.290  -19.774  68.926 0.0000000000
54269  -21.918  -32.896  74.066 0.0000000000
54270  -22.666  -32.647  74.201 0.0000000000
54250  -23.031  -32.449  75.352 0.0000000000
80953  -43.900  -9.521  62.351 0.0000000000
79832  -45.343  -9.272  60.742 0.0000000000
79842  -45.801  -9.286  60.447 0.0000000000
78789  -46.633  -10.648  57.358 0.0000000000
78775  -46.662  -10.416  58.435 0.0000000000
79893  -47.433  -10.109  57.901 0.0000000000
81030  -47.936  -8.526  57.907 0.0000000000
82154  -47.754  -7.903  58.284 0.0000000000
83305  -48.294  -7.461  57.632 0.0000000000
82160  -48.307  -7.628  57.086 0.0000000000
82169  -48.415  -7.517  56.667 0.0000000000
82179  -48.807  -7.629  56.054 0.0000000000
85762  -52.704  -4.609  46.526 0.0000000000
86860  -52.624  -4.520  47.561 0.0000000000
86861  -52.820  -3.703  47.934 0.0000000000
88013  -53.256  -3.187  48.180 0.0000000000
87981  -54.337  -3.824  48.810 0.0000000000
89123  -55.984  -1.522  49.242 0.0000000000
88000  -56.399  -2.358  49.236 0.0000000000
98491  -58.349  5.233  42.314 0.0000000000
82285  -45.877  -8.239  46.160 0.0000000000
86893  -48.582  -3.734  44.772 0.0000000000
88041  -47.998  -2.772  44.685 0.0000000000
89164  -48.314  -2.226  44.624 0.0000000000
89180  -48.544  -1.668  44.027 0.0000000000
92682  -50.336  0.591  43.072 0.0000000000
92683  -50.971  0.894  43.743 0.0000000000
93917  -50.555  0.827  42.836 0.0000000000
93931  -50.886  0.968  42.498 0.0000000000
95069  -51.848  1.331  42.856 0.0000000000
92717  -50.588  -0.023  41.629 0.0000000000
49662  -7.915  -36.196  80.488 0.0000000000
50668  -8.193  -36.008  80.805 0.0000000000
54122  -12.653  -31.939  83.019 0.0000000000
54121  -11.843  -32.154  83.328 0.0000000000
52919  -11.218  -32.558  83.508 0.0000000000
52918  -10.510  -32.985  83.157 0.0000000000
50642  -10.070  -35.021  82.514 0.0000000000
153086  -8.094  -36.567  80.263 0.0000000000
48544  -7.539  -37.198  80.715 0.0000000000
47534  -7.022  -37.518  80.995 0.0000000000
47527  -7.795  -36.978  81.707 0.0000000000
72501  -44.832  -15.754  66.612 0.0000000000
73708  -44.370  -15.069  66.267 0.0000000000
73716  -44.489  -14.509  66.254 0.0000000000
77462  -41.511  -9.386  65.363 0.0000000000
78648  -41.655  -8.798  63.361 0.0000000000
153473  -41.368  -8.988  62.471 0.0000000000
83260  -40.979  -8.992  62.103 0.0000000000
78796  -40.737  -11.562  57.458 0.0000000000
77596  -42.152  -12.207  56.350 0.0000000000
76442  -41.711  -13.276  54.510 0.0000000000
56505  -27.039  -29.503  79.715 0.0000000000
57625  -27.048  -29.021  80.273 0.0000000000
57663  -27.585  -28.992  80.224 0.0000000000
57595  -31.966  -28.112  80.988 0.0000000000
59982  -29.016  -27.330  68.297 0.0000000000
61034  -28.602  -26.946  68.526 0.0000000000
59967  -29.095  -27.243  69.222 0.0000000000
59928  -30.319  -27.570  71.654 0.0000000000
59946  -30.411  -28.059  71.119 0.0000000000
58852  -30.962  -27.857  71.489 0.0000000000
58854  -32.366  -27.939  71.932 0.0000000000
58984  -33.714  -27.525  64.823 0.0000000000
58964  -32.545  -28.004  65.369 0.0000000000
57831  -34.593  -28.798  68.171 0.0000000000
153389  -37.674  -31.342  71.338 0.0000000000
153376  -36.760  -30.782  70.678 0.0000000000
153393  -36.796  -31.046  71.694 0.0000000000
55482  -35.680  -31.418  72.140 0.0000000000
55481  -34.921  -31.216  72.476 0.0000000000
56592  -33.907  -30.620  72.822 0.0000000000
56573  -34.873  -30.317  73.108 0.0000000000
57734  -35.046  -29.532  74.194 0.0000000000
57713  -35.819  -29.568  74.933 0.0000000000
57696  -35.707  -28.783  75.457 0.0000000000
57697  -36.366  -29.212  75.427 0.0000000000
153381  -37.362  -29.400  75.455 0.0000000000
53006  -18.746  -33.341  77.741 0.0000000000
54210  -18.320  -33.485  77.167 0.0000000000
54192  -18.152  -33.353  77.912 0.0000000000
54209  -17.705  -33.388  77.519 0.0000000000
54190  -16.974  -32.640  78.861 0.0000000000
55294  -21.396  -30.786  83.917 0.0000000000
55293  -20.449  -30.819  84.109 0.0000000000
77680  -45.769  -11.987  50.275 0.0000000000
77651  -48.123  -11.677  51.747 0.0000000000
154348  -51.078  -8.713  55.056 0.0000000000
83357  -52.242  -6.598  55.293 0.0000000000
84573  -54.747  -6.179  49.584 0.0000000000
83431  -54.493  -6.705  49.873 0.0000000000
83432  -55.098  -6.591  49.892 0.0000000000
83384  -55.686  -6.639  52.819 0.0000000000
93946  -53.523  2.190  41.789 0.0000000000
93961  -53.951  2.053  41.110 0.0000000000
95090  -54.380  2.921  40.988 0.0000000000
95099  -56.505  2.192  39.753 0.0000000000
96242  -57.080  3.527  40.266 0.0000000000
96243  -57.927  3.602  40.238 0.0000000000
95101  -58.119  2.959  39.644 0.0000000000
96250  -58.448  3.458  39.444 0.0000000000
92806  -58.018  0.798  35.442 0.0000000000
91608  -58.290  0.719  36.092 0.0000000000
91592  -58.390  0.914  36.469 0.0000000000
94012  -58.667  2.033  36.855 0.0000000000
95139  -59.101  2.781  36.773 0.0000000000
96282  -60.032  3.369  37.052 0.0000000000
95126  -60.559  3.043  37.582 0.0000000000
66535  -44.505  -20.506  65.909 0.0000000000
66551  -44.515  -19.942  65.481 0.0000000000
66550  -43.930  -20.234  65.016 0.0000000000
67795  -42.993  -19.690  63.842 0.0000000000
67808  -42.931  -19.480  63.243 0.0000000000
69052  -42.533  -19.012  62.610 0.0000000000
70265  -42.339  -18.057  61.447 0.0000000000
55460  -24.725  -31.591  73.430 0.0000000000
56612  -26.643  -29.890  71.085 0.0000000000
57763  -27.899  -29.095  70.847 0.0000000000
64215  -35.796  -24.058  62.768 0.0000000000
63129  -37.500  -24.849  63.814 0.0000000000
63148  -38.350  -24.461  63.453 0.0000000000
64183  -38.590  -24.610  64.848 0.0000000000
63115  -39.524  -24.242  66.116 0.0000000000
64170  -39.975  -24.088  66.366 0.0000000000
63100  -40.245  -23.776  67.024 0.0000000000
64172  -42.018  -23.087  66.338 0.0000000000
63117  -41.722  -24.096  64.849 0.0000000000
64186  -41.920  -23.129  65.409 0.0000000000
65319  -42.017  -22.525  65.879 0.0000000000
65320  -42.663  -22.156  66.193 0.0000000000
65321  -43.569  -21.307  66.084 0.0000000000
78756  -43.688  -11.002  58.450 0.0000000000
79872  -44.043  -10.471  58.901 0.0000000000
78772  -44.010  -11.375  57.595 0.0000000000
78773  -44.950  -11.257  57.689 0.0000000000
78788  -45.728  -11.242  56.819 0.0000000000
78799  -44.591  -11.178  55.452 0.0000000000
78801  -46.808  -10.783  56.129 0.0000000000
77601  -47.660  -11.611  55.344 0.0000000000
89185  -53.419  -1.934  44.696 0.0000000000
88030  -53.843  -2.644  46.288 0.0000000000
89153  -54.418  -2.020  46.301 0.0000000000
89154  -55.274  -1.797  46.797 0.0000000000
90263  -55.439  -1.198  48.451 0.0000000000
90278  -55.508  -0.668  46.483 0.0000000000
90273  -55.580  -0.955  47.494 0.0000000000
89124  -56.673  -1.476  49.305 0.0000000000
96183  -57.151  3.483  45.889 0.0000000000
97351  -57.008  5.886  44.076 0.0000000000
97362  -56.793  5.063  43.284 0.0000000000
48582  -12.217  -36.600  76.818 0.0000000000
48580  -10.688  -37.382  77.749 0.0000000000
49675  -10.825  -36.395  79.213 0.0000000000
49664  -10.673  -36.378  79.867 0.0000000000
49648  -10.208  -36.298  80.365 0.0000000000
73735  -44.306  -14.498  63.326 0.0000000000
75050  -44.221  -13.125  63.104 0.0000000000
75051  -43.960  -12.898  62.786 0.0000000000
76313  -42.469  -12.402  61.653 0.0000000000
76299  -42.644  -11.830  62.752 0.0000000000
78673  -41.037  -10.632  63.209 0.0000000000
79806  -40.852  -10.307  63.456 0.0000000000
153481  -40.537  -9.854  62.990 0.0000000000
78671  -40.302  -10.076  62.648 0.0000000000
80987  -39.007  -9.169  60.370 0.0000000000
79855  -38.793  -9.785  59.940 0.0000000000
79856  -39.166  -9.903  59.308 0.0000000000
153516  -39.297  -10.557  58.104 0.0000000000
77583  -39.624  -10.508  56.880 0.0000000000
76416  -39.550  -11.273  56.485 0.0000000000
59829  -31.603  -27.110  80.116 0.0000000000
59839  -31.355  -27.511  79.125 0.0000000000
58757  -31.810  -27.741  80.169 0.0000000000
57609  -31.514  -28.310  80.138 0.0000000000
57645  -33.386  -28.468  77.047 0.0000000000
61058  -28.498  -27.516  67.036 0.0000000000
59996  -29.504  -27.750  67.564 0.0000000000
58908  -30.520  -28.213  68.308 0.0000000000
58909  -31.274  -28.625  68.577 0.0000000000
153372  -38.147  -30.519  70.489 0.0000000000
56641  -40.146  -30.109  70.520 0.0000000000
153369  -38.969  -30.455  70.591 0.0000000000
56657  -38.787  -31.062  72.124 0.0000000000
153394  -38.460  -30.984  72.684 0.0000000000
153387  -38.683  -30.806  73.551 0.0000000000
153392  -39.091  -30.214  74.402 0.0000000000
153390  -39.920  -30.476  74.187 0.0000000000
56543  -40.861  -29.590  74.830 0.0000000000
57698  -41.600  -29.590  74.073 0.0000000000
57680  -41.606  -29.573  74.528 0.0000000000
54230  -19.240  -33.174  76.325 0.0000000000
53007  -19.531  -33.290  77.362 0.0000000000
52988  -20.174  -32.874  78.293 0.0000000000
54177  -18.808  -32.501  79.675 0.0000000000
54142  -19.448  -32.369  81.370 0.0000000000
55345  -20.203  -32.006  82.091 0.0000000000
55332  -20.931  -31.669  82.774 0.0000000000
55317  -21.665  -31.330  83.357 0.0000000000
78894  -47.928  -10.334  49.291 0.0000000000
77703  -48.257  -11.085  49.458 0.0000000000
77704  -48.552  -10.540  49.618 0.0000000000
78874  -49.077  -10.234  50.008 0.0000000000
78875  -49.677  -10.007  50.205 0.0000000000
81095  -49.992  -8.999  49.301 0.0000000000
154346  -51.855  -9.660  51.036 0.0000000000
81079  -52.548  -9.361  51.687 0.0000000000
91560  -52.457  0.357  39.222 0.0000000000
91561  -53.139  0.087  39.056 0.0000000000
91562  -54.058  -0.088  38.892 0.0000000000
92820  -60.457  0.439  34.421 0.0000000000
52964  -14.038  -33.226  79.678 0.0000000000
52947  -13.878  -32.681  80.702 0.0000000000
52937  -13.710  -32.429  81.506 0.0000000000
54098  -12.954  -31.822  84.992 0.0000000000
70193  -44.567  -17.141  69.103 0.0000000000
71354  -45.140  -16.813  67.233 0.0000000000
67773  -44.318  -19.505  65.034 0.0000000000
70228  -44.502  -18.429  64.723 0.0000000000
70249  -43.760  -17.373  63.552 0.0000000000
70241  -44.582  -17.305  64.647 0.0000000000
71384  -44.417  -16.708  64.331 0.0000000000
72522  -44.372  -15.579  63.928 0.0000000000
73760  -43.471  -14.448  61.755 0.0000000000
72571  -42.590  -15.329  60.486 0.0000000000
75078  -41.580  -13.346  60.181 0.0000000000
154302  -41.375  -12.653  59.482 0.0000000000
56482  -24.184  -30.566  80.722 0.0000000000
56503  -25.849  -30.398  79.147 0.0000000000
55385  -25.223  -31.398  77.914 0.0000000000
55386  -25.936  -30.692  78.595 0.0000000000
56504  -26.404  -30.094  79.147 0.0000000000
56521  -27.296  -29.863  78.788 0.0000000000
56536  -28.038  -29.870  78.000 0.0000000000
56550  -28.781  -29.198  78.225 0.0000000000
55449  -24.968  -31.423  74.429 0.0000000000
55450  -25.652  -30.833  74.671 0.0000000000
55451  -26.477  -30.629  74.980 0.0000000000
56548  -27.722  -30.208  76.349 0.0000000000
56549  -28.799  -29.628  77.050 0.0000000000
153507  -29.888  -26.868  75.906 0.0000000000
61987  -30.483  -26.644  76.533 0.0000000000
61995  -31.065  -26.204  76.278 0.0000000000
62006  -31.411  -26.429  76.190 0.0000000000
61111  -32.716  -25.655  63.199 0.0000000000
61098  -32.765  -26.192  63.558 0.0000000000
58985  -34.675  -27.574  65.037 0.0000000000
58966  -35.133  -27.684  65.635 0.0000000000
60013  -35.647  -26.994  66.118 0.0000000000
153401  -34.526  -24.472  63.636 0.0000000000
63127  -35.162  -25.289  64.291 0.0000000000
63112  -37.043  -25.568  65.072 0.0000000000
63111  -36.165  -25.719  65.253 0.0000000000
63110  -35.522  -26.207  65.409 0.0000000000
153365  -40.613  -27.611  69.958 0.0000000000
153361  -41.016  -27.298  70.236 0.0000000000
59949  -41.739  -26.330  71.066 0.0000000000
59948  -40.992  -26.108  71.362 0.0000000000
60999  -40.804  -25.603  71.582 0.0000000000
62044  -40.833  -24.880  72.305 0.0000000000
62083  -40.379  -24.653  70.315 0.0000000000
63045  -40.664  -24.375  71.692 0.0000000000
63038  -40.694  -23.757  72.387 0.0000000000
64110  -41.797  -23.109  72.090 0.0000000000
65245  -42.390  -22.674  71.776 0.0000000000
64155  -40.919  -23.495  67.603 0.0000000000
64141  -40.848  -23.579  68.317 0.0000000000
64133  -41.591  -23.347  69.616 0.0000000000
64143  -42.748  -22.761  68.481 0.0000000000
64128  -42.007  -22.739  70.301 0.0000000000
65261  -41.965  -22.400  71.105 0.0000000000
65231  -43.328  -21.440  72.170 0.0000000000
67652  -43.596  -19.695  71.575 0.0000000000
54267  -20.334  -32.864  74.528 0.0000000000
53042  -20.572  -33.119  75.527 0.0000000000
54249  -21.979  -32.685  74.866 0.0000000000
53028  -21.962  -32.966  76.482 0.0000000000
54180  -23.548  -31.891  79.541 0.0000000000
153432  -45.735  -6.834  65.639 0.0000000000
83268  -48.342  -6.964  62.374 0.0000000000
78737  -44.582  -10.125  59.120 0.0000000000
78722  -45.528  -10.101  60.427 0.0000000000
79843  -46.149  -9.163  60.197 0.0000000000
79873  -46.676  -9.383  59.393 0.0000000000
81017  -46.710  -8.748  59.508 0.0000000000
80990  -47.181  -8.835  60.304 0.0000000000
83276  -48.107  -8.530  60.650 0.0000000000
83278  -49.070  -7.258  60.517 0.0000000000
83307  -49.385  -6.466  58.188 0.0000000000
84589  -50.988  -6.418  47.392 0.0000000000
84580  -50.921  -6.121  48.448 0.0000000000
85744  -51.177  -5.572  48.925 0.0000000000
85729  -52.303  -5.758  49.126 0.0000000000
85730  -53.021  -5.204  49.462 0.0000000000
86849  -52.544  -4.654  48.288 0.0000000000
84560  -54.336  -5.577  49.457 0.0000000000
84561  -55.282  -5.608  49.662 0.0000000000
84545  -56.719  -5.683  51.166 0.0000000000
87997  -54.510  -3.247  48.710 0.0000000000
87983  -54.910  -3.264  49.588 0.0000000000
87999  -55.588  -2.730  49.168 0.0000000000
86835  -55.491  -3.512  49.465 0.0000000000
86834  -54.985  -3.740  49.701 0.0000000000
47546  -6.883  -38.255  78.112 0.0000000000
75240  -43.638  -13.971  51.534 0.0000000000
75254  -43.789  -13.718  50.938 0.0000000000
76489  -44.328  -13.299  50.515 0.0000000000
77679  -44.916  -12.559  50.428 0.0000000000
77701  -44.448  -11.989  49.378 0.0000000000
77702  -45.522  -11.408  49.306 0.0000000000
78892  -46.221  -10.734  49.190 0.0000000000
78905  -45.667  -10.250  48.351 0.0000000000
79967  -46.555  -10.080  48.557 0.0000000000
79968  -47.397  -9.919  48.727 0.0000000000
79982  -47.810  -9.456  48.246 0.0000000000
81119  -48.289  -9.012  47.889 0.0000000000
82286  -46.770  -8.265  46.675 0.0000000000
81138  -47.844  -8.792  47.018 0.0000000000
81139  -48.951  -8.604  47.410 0.0000000000
81140  -49.321  -8.262  47.096 0.0000000000
83447  -49.983  -7.515  47.361 0.0000000000
83469  -49.752  -7.243  46.780 0.0000000000
84606  -48.274  -6.590  45.224 0.0000000000
84607  -49.290  -6.294  45.927 0.0000000000
84625  -51.699  -5.104  45.660 0.0000000000
85790  -50.635  -4.755  44.545 0.0000000000
85791  -51.716  -4.414  45.170 0.0000000000
85792  -52.444  -3.828  45.334 0.0000000000
86897  -52.575  -3.225  45.053 0.0000000000
88062  -52.822  -2.607  44.589 0.0000000000
90297  -48.564  -1.374  43.574 0.0000000000
89182  -50.570  -1.595  43.932 0.0000000000
88061  -52.008  -2.473  44.332 0.0000000000
88063  -53.223  -2.473  44.930 0.0000000000
90302  -53.256  -0.726  44.268 0.0000000000
91486  -53.293  0.552  44.289 0.0000000000
92686  -53.629  1.443  44.146 0.0000000000
92696  -53.871  1.648  43.843 0.0000000000
93910  -53.938  1.892  43.511 0.0000000000
95053  -54.349  2.553  43.420 0.0000000000
95062  -52.926  3.301  43.315 0.0000000000
95080  -52.376  1.657  42.661 0.0000000000
95079  -51.841  1.140  42.651 0.0000000000
93945  -52.886  1.373  42.276 0.0000000000
92735  -52.854  0.433  41.717 0.0000000000
91536  -52.054  0.330  40.682 0.0000000000
91549  -52.154  0.295  39.768 0.0000000000
92747  -51.376  0.444  38.968 0.0000000000
92748  -51.958  0.760  39.030 0.0000000000
51790  -12.022  -34.480  80.577 0.0000000000
52935  -12.262  -33.357  82.090 0.0000000000
51783  -12.123  -33.679  81.464 0.0000000000
50694  -10.709  -35.476  80.741 0.0000000000
50682  -10.094  -35.328  81.179 0.0000000000
51755  -10.501  -33.165  84.252 0.0000000000
51754  -9.880  -33.340  84.065 0.0000000000
52908  -9.945  -33.354  83.655 0.0000000000
52916  -9.835  -34.252  83.054 0.0000000000
52926  -10.607  -34.174  82.761 0.0000000000
50681  -9.356  -35.448  81.051 0.0000000000
50680  -9.007  -35.627  80.880 0.0000000000
46568  -6.258  -38.555  79.359 0.0000000000
46566  -6.439  -38.499  81.034 0.0000000000
153417  -45.344  -7.250  69.068 0.0000000000
72479  -44.791  -15.404  69.767 0.0000000000
75033  -44.153  -13.402  65.294 0.0000000000
76270  -44.361  -12.235  66.994 0.0000000000
77436  -44.094  -11.233  67.473 0.0000000000
78621  -42.992  -10.020  68.331 0.0000000000
78651  -43.291  -9.681  66.087 0.0000000000
78634  -42.851  -8.802  67.597 0.0000000000
79786  -44.089  -8.390  66.705 0.0000000000
82119  -40.653  -9.169  61.797 0.0000000000
153479  -41.259  -9.519  61.001 0.0000000000
79881  -43.087  -10.803  58.605 0.0000000000
78771  -43.136  -11.075  57.719 0.0000000000
77615  -43.634  -12.538  55.445 0.0000000000
77632  -43.434  -13.221  54.972 0.0000000000
76366  -39.483  -11.650  58.888 0.0000000000
153527  -38.879  -11.384  58.723 0.0000000000
78768  -38.140  -10.311  57.300 0.0000000000
76415  -39.023  -11.060  56.541 0.0000000000
76428  -39.120  -12.227  56.140 0.0000000000
75205  -38.506  -13.734  54.762 0.0000000000
75191  -40.323  -13.324  54.910 0.0000000000
75206  -41.221  -13.848  54.412 0.0000000000
75207  -41.703  -14.059  53.569 0.0000000000
73904  -40.702  -14.821  52.905 0.0000000000
73889  -41.224  -14.690  53.150 0.0000000000
75223  -42.425  -13.883  52.764 0.0000000000
75224  -42.943  -13.842  52.639 0.0000000000
75239  -43.033  -13.980  52.095 0.0000000000
56474  -25.111  -29.633  81.635 0.0000000000
57593  -25.714  -28.697  81.623 0.0000000000
58754  -26.943  -28.454  80.985 0.0000000000
57762  -27.116  -29.315  69.934 0.0000000000
59910  -29.980  -27.538  71.952 0.0000000000
59902  -30.259  -26.914  72.755 0.0000000000
60943  -30.484  -26.697  73.493 0.0000000000
60944  -30.697  -26.764  74.168 0.0000000000
60945  -31.362  -26.818  74.739 0.0000000000
60947  -32.937  -26.606  75.488 0.0000000000
58962  -30.378  -28.359  65.514 0.0000000000
57866  -31.911  -28.676  64.806 0.0000000000
58943  -31.134  -28.639  66.184 0.0000000000
57827  -31.320  -28.778  67.382 0.0000000000
58910  -31.775  -28.777  68.521 0.0000000000
58893  -31.802  -28.738  69.018 0.0000000000
58927  -35.610  -28.514  67.923 0.0000000000
57817  -35.002  -28.993  68.885 0.0000000000
56639  -35.971  -30.485  70.550 0.0000000000
56655  -34.719  -30.131  69.807 0.0000000000
57796  -33.355  -30.139  68.894 0.0000000000
56653  -32.933  -30.023  69.704 0.0000000000
56635  -32.609  -29.627  70.092 0.0000000000
58873  -31.869  -28.597  69.806 0.0000000000
57781  -32.291  -28.997  70.661 0.0000000000
58855  -32.519  -28.560  72.024 0.0000000000
58840  -32.778  -28.402  72.687 0.0000000000
57750  -33.597  -29.598  73.327 0.0000000000
58841  -33.278  -28.735  73.291 0.0000000000
59915  -33.117  -27.640  73.093 0.0000000000
59904  -33.034  -27.554  74.009 0.0000000000
59893  -33.038  -26.910  74.848 0.0000000000
59879  -33.287  -26.624  75.484 0.0000000000
60938  -34.804  -26.727  76.225 0.0000000000
59872  -35.458  -26.791  76.530 0.0000000000
59858  -35.830  -27.356  77.308 0.0000000000
59882  -35.822  -27.671  76.106 0.0000000000
58785  -36.018  -28.364  76.517 0.0000000000
153373  -38.468  -29.563  75.445 0.0000000000
57651  -38.915  -29.736  76.666 0.0000000000
50726  -13.715  -35.184  77.164 0.0000000000
51821  -14.641  -34.018  78.460 0.0000000000
51861  -14.906  -34.491  75.419 0.0000000000
51850  -15.618  -34.095  76.951 0.0000000000
51833  -15.091  -34.406  77.892 0.0000000000
52965  -14.735  -32.868  79.733 0.0000000000
52948  -15.028  -32.470  80.423 0.0000000000
76458  -45.334  -13.513  52.508 0.0000000000
75227  -45.844  -13.668  52.886 0.0000000000
76447  -46.576  -12.950  53.594 0.0000000000
77649  -46.840  -12.642  52.106 0.0000000000
77666  -48.304  -11.145  51.070 0.0000000000
154333  -49.922  -10.844  52.637 0.0000000000
78830  -49.261  -10.586  53.128 0.0000000000
78816  -48.596  -10.873  53.610 0.0000000000
77602  -48.883  -11.429  55.871 0.0000000000
78803  -48.768  -10.723  56.347 0.0000000000
79905  -48.778  -9.456  56.102 0.0000000000
81056  -49.376  -8.364  55.162 0.0000000000
82192  -49.570  -7.656  55.465 0.0000000000
82208  -50.991  -8.138  55.389 0.0000000000
83355  -50.596  -7.566  55.518 0.0000000000
83417  -51.223  -6.474  49.608 0.0000000000
82251  -52.809  -7.876  49.977 0.0000000000
82252  -53.792  -8.149  50.506 0.0000000000
81099  -53.533  -8.773  51.425 0.0000000000
81100  -54.159  -8.948  51.960 0.0000000000
79929  -53.936  -8.500  53.228 0.0000000000
154364  -54.201  -7.768  53.579 0.0000000000
154357  -54.045  -8.044  53.782 0.0000000000
154366  -53.467  -7.795  54.217 0.0000000000
96199  -53.854  2.832  43.032 0.0000000000
96209  -54.830  3.669  43.097 0.0000000000
96224  -54.130  3.128  42.099 0.0000000000
96218  -54.934  3.475  42.493 0.0000000000
96210  -55.518  4.557  43.372 0.0000000000
97361  -55.923  4.923  42.996 0.0000000000
97372  -56.618  4.859  42.480 0.0000000000
93962  -55.034  1.974  40.959 0.0000000000
93963  -55.545  1.793  40.368 0.0000000000
95083  -55.473  2.285  40.806 0.0000000000
95091  -55.371  2.580  41.277 0.0000000000
97381  -55.836  4.287  41.564 0.0000000000
98488  -57.305  5.077  42.622 0.0000000000
98499  -57.429  5.361  41.917 0.0000000000
99594  -58.281  5.588  42.304 0.0000000000
98501  -58.363  5.257  41.591 0.0000000000
97394  -58.383  4.866  40.469 0.0000000000
98502  -58.823  4.617  41.436 0.0000000000
97384  -60.040  4.155  41.023 0.0000000000
92766  -56.919  1.186  38.010 0.0000000000
95108  -58.342  2.783  38.747 0.0000000000
96251  -58.882  3.805  38.781 0.0000000000
96265  -59.171  3.483  37.658 0.0000000000
97410  -59.796  4.453  38.940 0.0000000000
97403  -60.583  5.035  39.293 0.0000000000
92796  -60.730  0.719  36.923 0.0000000000
46570  -7.591  -38.059  78.620 0.0000000000
50708  -12.388  -35.507  79.389 0.0000000000
50718  -13.224  -35.470  78.407 0.0000000000
51767  -10.411  -34.359  82.683 0.0000000000
51897  -21.130  -33.335  72.915 0.0000000000
51898  -21.252  -33.218  73.069 0.0000000000
51913  -21.309  -33.214  72.827 0.0000000000
51914  -21.440  -33.069  73.006 0.0000000000
52893  -11.556  -32.252  85.135 0.0000000000
52907  -10.137  -34.125  83.546 0.0000000000
52917  -10.376  -34.205  83.193 0.0000000000
52929  -12.703  -32.578  82.571 0.0000000000
52946  -13.012  -32.908  80.981 0.0000000000
52949  -15.589  -32.487  80.327 0.0000000000
53004  -15.000  -33.924  78.429 0.0000000000
53043  -21.438  -32.968  75.440 0.0000000000
53057  -20.941  -32.893  74.939 0.0000000000
54087  -10.641  -32.022  85.867 0.0000000000
54088  -11.018  -31.893  85.557 0.0000000000
54096  -11.410  -32.614  84.602 0.0000000000
54097  -11.770  -32.456  84.597 0.0000000000
54107  -11.675  -32.410  83.859 0.0000000000
54226  -16.703  -33.434  77.540 0.0000000000
54248  -21.455  -32.760  74.871 0.0000000000
54272  -24.309  -31.739  74.698 0.0000000000
54286  -21.535  -32.717  73.685 0.0000000000
54305  -34.624  -31.314  72.312 0.0000000000
54306  -34.738  -31.465  72.156 0.0000000000
54324  -34.383  -31.311  72.289 0.0000000000
54325  -34.484  -31.462  72.117 0.0000000000
55333  -21.881  -31.416  82.500 0.0000000000
55347  -21.931  -31.639  81.718 0.0000000000
55372  -24.102  -31.429  79.524 0.0000000000
55387  -26.449  -30.260  78.557 0.0000000000
55403  -27.291  -29.880  78.020 0.0000000000
55464  -36.169  -31.192  72.702 0.0000000000
55480  -34.406  -31.102  72.494 0.0000000000
55501  -34.106  -31.242  72.181 0.0000000000
55503  -35.763  -31.179  71.501 0.0000000000
56461  -22.527  -31.189  82.522 0.0000000000
56475  -25.677  -29.328  81.377 0.0000000000
56483  -24.845  -30.486  80.634 0.0000000000
56485  -26.001  -29.404  80.783 0.0000000000
56495  -26.766  -29.313  80.005 0.0000000000
56506  -27.409  -29.267  79.929 0.0000000000
56520  -26.694  -30.075  78.584 0.0000000000
56551  -41.830  -29.650  74.883 0.0000000000
56572  -34.126  -30.089  73.328 0.0000000000
56576  -41.619  -29.981  72.545 0.0000000000
56593  -34.566  -30.789  72.749 0.0000000000
56595  -41.206  -30.040  72.007 0.0000000000
56596  -41.348  -29.690  71.425 0.0000000000
56614  -28.415  -29.329  72.112 0.0000000000
56617  -34.579  -30.803  71.017 0.0000000000
56619  -40.681  -30.558  72.176 0.0000000000
56656  -35.682  -30.073  69.860 0.0000000000
57596  -32.245  -27.813  80.780 0.0000000000
57606  -25.950  -29.222  81.277 0.0000000000
57607  -26.385  -29.017  81.043 0.0000000000
57608  -26.776  -28.864  80.733 0.0000000000
57610  -32.173  -28.082  80.603 0.0000000000
57624  -26.724  -29.132  80.372 0.0000000000
57641  -27.213  -29.193  79.856 0.0000000000
57642  -27.243  -29.161  80.107 0.0000000000
57647  -35.630  -28.673  77.036 0.0000000000
57664  -32.938  -29.088  76.856 0.0000000000
57665  -33.942  -29.054  76.819 0.0000000000
57666  -34.986  -29.037  76.768 0.0000000000
57712  -35.141  -28.908  75.109 0.0000000000
57714  -41.673  -29.905  73.220 0.0000000000
57735  -35.822  -29.940  74.279 0.0000000000
57753  -42.578  -28.245  71.243 0.0000000000
57764  -28.330  -29.142  71.726 0.0000000000
57765  -32.093  -28.478  71.438 0.0000000000
57766  -32.446  -28.752  71.540 0.0000000000
57767  -32.726  -29.374  71.982 0.0000000000
57784  -39.333  -30.670  70.848 0.0000000000
57787  -40.994  -28.475  70.142 0.0000000000
57795  -32.474  -29.313  69.340 0.0000000000
57797  -34.372  -29.867  69.092 0.0000000000
57812  -31.071  -28.662  68.035 0.0000000000
57813  -31.662  -28.783  68.082 0.0000000000
57830  -33.879  -29.078  67.849 0.0000000000
57846  -32.192  -28.815  66.927 0.0000000000
57847  -32.708  -28.796  67.186 0.0000000000
57867  -32.236  -28.346  64.787 0.0000000000
57880  -32.388  -28.107  64.714 0.0000000000
58740  -31.995  -27.712  81.220 0.0000000000
58755  -27.526  -28.355  80.744 0.0000000000
58756  -31.663  -28.007  80.025 0.0000000000
58767  -26.961  -28.858  80.564 0.0000000000
58768  -27.246  -28.831  80.506 0.0000000000
58824  -34.892  -28.101  75.276 0.0000000000
58839  -32.459  -27.950  72.702 0.0000000000
58853  -31.539  -27.981  71.523 0.0000000000
58869  -28.615  -27.374  69.632 0.0000000000
58871  -30.987  -28.215  71.198 0.0000000000
58889  -28.850  -27.351  69.502 0.0000000000
58890  -29.034  -27.534  69.733 0.0000000000
58924  -30.938  -28.681  66.783 0.0000000000
58942  -30.484  -28.489  66.441 0.0000000000
58963  -31.536  -28.665  65.482 0.0000000000
59856  -34.566  -27.300  77.787 0.0000000000
59864  -35.499  -26.708  77.410 0.0000000000
59865  -35.934  -27.337  76.684 0.0000000000
59871  -35.020  -26.814  76.808 0.0000000000
59892  -32.335  -27.093  74.676 0.0000000000
59911  -30.602  -26.795  72.075 0.0000000000
59913  -31.674  -27.508  72.638 0.0000000000
59916  -33.449  -28.055  73.256 0.0000000000
59917  -42.035  -26.038  71.983 0.0000000000
59932  -40.495  -25.819  70.501 0.0000000000
59966  -28.548  -26.971  69.269 0.0000000000
59995  -28.798  -27.494  67.718 0.0000000000
60011  -29.345  -27.882  65.920 0.0000000000
60012  -29.678  -28.184  66.424 0.0000000000
60044  -35.323  -27.142  65.125 0.0000000000
60898  -31.391  -26.613  77.896 0.0000000000
60900  -32.244  -27.065  77.872 0.0000000000
60906  -31.991  -25.422  77.367 0.0000000000
60909  -34.314  -27.077  77.637 0.0000000000
60915  -30.804  -26.342  76.228 0.0000000000
60916  -31.909  -25.027  77.343 0.0000000000
60918  -33.125  -25.835  76.955 0.0000000000
60920  -34.975  -26.756  77.894 0.0000000000
60925  -30.690  -26.455  75.807 0.0000000000
60927  -34.272  -26.592  76.590 0.0000000000
60928  -34.923  -26.770  76.524 0.0000000000
60933  -30.874  -26.565  75.251 0.0000000000
60935  -32.616  -26.561  75.974 0.0000000000
60937  -34.212  -26.285  75.959 0.0000000000
60946  -32.272  -26.762  75.085 0.0000000000
60958  -30.735  -26.779  72.738 0.0000000000
60960  -30.914  -27.176  73.885 0.0000000000
60961  -31.717  -27.277  74.308 0.0000000000
60962  -41.695  -25.378  72.300 0.0000000000
60974  -30.852  -26.516  72.278 0.0000000000
60975  -30.979  -26.557  72.495 0.0000000000
60978  -40.959  -25.438  72.099 0.0000000000
60996  -31.188  -26.524  72.085 0.0000000000
60997  -31.363  -26.767  72.034 0.0000000000
61000  -41.209  -25.773  71.934 0.0000000000
61016  -40.467  -25.509  70.637 0.0000000000
61017  -41.157  -26.013  71.586 0.0000000000
61035  -40.322  -25.566  70.114 0.0000000000
61043  -28.135  -26.695  68.150 0.0000000000
61044  -28.416  -27.159  67.873 0.0000000000
61958  -30.891  -26.312  77.378 0.0000000000
61959  -30.945  -26.495  77.589 0.0000000000
61968  -31.119  -26.001  77.248 0.0000000000
61970  -31.839  -26.306  77.525 0.0000000000
61979  -30.621  -26.301  76.979 0.0000000000
61981  -31.591  -25.538  77.235 0.0000000000
61988  -30.957  -25.966  76.631 0.0000000000
61990  -32.548  -25.055  76.895 0.0000000000
61996  -31.614  -25.820  76.706 0.0000000000
61997  -32.168  -25.023  76.608 0.0000000000
61998  -32.786  -25.562  76.596 0.0000000000
62008  -32.795  -26.151  76.371 0.0000000000
62045  -41.140  -25.052  72.374 0.0000000000
62058  -40.533  -25.363  71.084 0.0000000000
62072  -40.501  -24.799  70.817 0.0000000000
62082  -40.221  -24.987  69.859 0.0000000000
62102  -37.295  -25.512  66.393 0.0000000000
62114  -37.114  -25.510  66.098 0.0000000000
62115  -38.218  -24.899  66.710 0.0000000000
62127  -42.269  -24.017  64.685 0.0000000000
62128  -42.339  -23.782  64.607 0.0000000000
62137  -33.726  -25.205  63.736 0.0000000000
62138  -42.269  -23.838  64.502 0.0000000000
62139  -42.442  -23.649  64.508 0.0000000000
63037  -40.628  -24.337  72.413 0.0000000000
63053  -40.732  -24.522  70.810 0.0000000000
63072  -39.536  -24.511  69.344 0.0000000000
63075  -41.136  -23.658  68.913 0.0000000000
63084  -37.306  -25.378  66.183 0.0000000000
63096  -37.282  -25.409  65.898 0.0000000000
63116  -41.119  -24.160  64.619 0.0000000000
63118  -42.189  -23.708  64.904 0.0000000000
63130  -38.236  -25.058  63.424 0.0000000000
63131  -41.144  -23.522  64.289 0.0000000000
63132  -41.845  -23.789  64.360 0.0000000000
63133  -42.217  -23.526  64.428 0.0000000000
63147  -37.662  -24.280  63.413 0.0000000000
63150  -41.783  -23.205  63.986 0.0000000000
63151  -42.129  -23.345  63.909 0.0000000000
63163  -41.832  -23.335  63.751 0.0000000000
63164  -42.000  -23.454  63.739 0.0000000000
64088  -42.351  -23.649  72.423 0.0000000000
64118  -41.262  -23.608  71.235 0.0000000000
64182  -37.864  -25.252  64.876 0.0000000000
64187  -42.033  -23.085  64.836 0.0000000000
64203  -42.177  -22.979  64.191 0.0000000000
64221  -41.788  -23.088  63.945 0.0000000000
64239  -40.246  -22.603  61.948 0.0000000000
64241  -41.604  -23.289  63.847 0.0000000000
64242  -41.964  -23.319  63.528 0.0000000000
65357  -43.649  -20.775  64.598 0.0000000000
65383  -40.601  -22.138  62.106 0.0000000000
66536  -44.614  -19.869  65.866 0.0000000000
66568  -43.378  -20.370  64.299 0.0000000000
66594  -40.686  -20.612  61.537 0.0000000000
67774  -44.602  -19.401  65.670 0.0000000000
67807  -42.637  -19.813  63.144 0.0000000000
67828  -42.093  -19.472  61.510 0.0000000000
68999  -44.529  -19.412  67.382 0.0000000000
69024  -44.333  -18.973  64.449 0.0000000000
69025  -44.552  -18.806  65.200 0.0000000000
69053  -42.909  -19.120  62.796 0.0000000000
69078  -42.187  -18.949  61.057 0.0000000000
70248  -43.352  -18.286  62.957 0.0000000000
70277  -42.218  -17.684  60.540 0.0000000000
71385  -44.583  -16.954  64.682 0.0000000000
71403  -43.311  -16.876  62.396 0.0000000000
71437  -42.734  -16.030  60.680 0.0000000000
72553  -42.872  -16.375  61.560 0.0000000000
73742  -43.431  -13.741  61.890 0.0000000000
73773  -42.099  -14.415  59.747 0.0000000000
73791  -42.431  -14.819  59.863 0.0000000000
73877  -40.679  -14.006  54.612 0.0000000000
73890  -45.759  -13.895  53.381 0.0000000000
73891  -45.953  -13.970  53.139 0.0000000000
73892  -46.006  -14.007  53.029 0.0000000000
73905  -45.489  -13.730  53.395 0.0000000000
73906  -45.573  -13.889  53.027 0.0000000000
73907  -45.829  -13.918  52.931 0.0000000000
75063  -43.757  -12.941  62.659 0.0000000000
75192  -40.884  -13.383  54.710 0.0000000000
75193  -45.603  -13.349  54.289 0.0000000000
75194  -46.160  -13.512  54.161 0.0000000000
75195  -46.420  -13.367  53.874 0.0000000000
75208  -42.268  -13.764  53.435 0.0000000000
75209  -45.064  -13.362  54.001 0.0000000000
75210  -45.638  -13.679  53.783 0.0000000000
75211  -46.346  -13.906  53.399 0.0000000000
75212  -46.179  -14.006  53.257 0.0000000000
75228  -46.019  -13.880  53.113 0.0000000000
76301  -43.773  -12.727  62.792 0.0000000000
76315  -43.588  -12.768  62.631 0.0000000000
76349  -39.954  -11.682  60.276 0.0000000000
76409  -39.785  -11.003  56.612 0.0000000000
76417  -39.984  -11.406  56.382 0.0000000000
76431  -41.450  -12.692  54.736 0.0000000000
76434  -46.374  -13.072  54.084 0.0000000000
76441  -41.223  -13.126  54.615 0.0000000000
76446  -46.265  -12.541  54.026 0.0000000000
77520  -39.638  -11.481  60.185 0.0000000000
77542  -39.871  -11.583  59.649 0.0000000000
77564  -41.701  -10.101  58.123 0.0000000000
77565  -41.903  -10.217  57.945 0.0000000000
77575  -41.383  -10.390  58.044 0.0000000000
77576  -41.727  -10.411  57.848 0.0000000000
77588  -44.281  -11.208  55.821 0.0000000000
77599  -44.279  -11.546  55.636 0.0000000000
77634  -46.406  -12.303  53.761 0.0000000000
78723  -46.157  -9.822  60.269 0.0000000000
78738  -45.395  -10.431  59.592 0.0000000000
78739  -46.182  -10.426  59.960 0.0000000000
78754  -41.972  -9.831  58.351 0.0000000000
78757  -44.393  -10.892  58.440 0.0000000000
78760  -46.640  -10.207  59.357 0.0000000000
78776  -49.921  -10.407  56.442 0.0000000000
78790  -49.583  -10.619  56.343 0.0000000000
78814  -44.584  -11.538  55.286 0.0000000000
78828  -48.373  -11.111  53.173 0.0000000000
78829  -48.803  -10.680  53.182 0.0000000000
78873  -47.638  -10.998  49.474 0.0000000000
79761  -42.711  -9.676  68.230 0.0000000000
79799  -41.215  -10.411  63.567 0.0000000000
79807  -40.976  -10.495  63.574 0.0000000000
79858  -46.395  -9.264  59.890 0.0000000000
79883  -47.805  -9.414  58.209 0.0000000000
79895  -49.508  -9.890  56.448 0.0000000000
79896  -50.072  -10.389  56.379 0.0000000000
79906  -49.870  -9.755  56.198 0.0000000000
79907  -50.281  -10.114  55.903 0.0000000000
79916  -49.000  -8.847  55.450 0.0000000000
79981  -46.893  -9.328  48.071 0.0000000000
79998  -46.137  -9.617  46.958 0.0000000000
80007  -46.138  -9.522  46.717 0.0000000000
80008  -46.323  -9.456  46.895 0.0000000000
80978  -46.269  -8.823  61.271 0.0000000000
80988  -45.874  -8.877  60.787 0.0000000000
81000  -38.902  -9.425  60.342 0.0000000000
81001  -38.961  -9.274  60.163 0.0000000000
81002  -46.130  -8.878  60.402 0.0000000000
81003  -46.584  -8.856  60.108 0.0000000000
81015  -38.888  -9.454  59.941 0.0000000000
81018  -46.824  -7.996  59.193 0.0000000000
81019  -46.921  -7.552  58.976 0.0000000000
81025  -47.058  -7.663  58.662 0.0000000000
81029  -47.504  -9.072  58.590 0.0000000000
81031  -48.305  -8.101  57.308 0.0000000000
81055  -48.787  -8.394  55.596 0.0000000000
81057  -49.902  -8.803  54.937 0.0000000000
81065  -50.472  -8.530  55.094 0.0000000000
81081  -54.101  -8.547  52.758 0.0000000000
81094  -49.449  -8.862  49.322 0.0000000000
81109  -49.811  -8.509  48.906 0.0000000000
81116  -45.551  -9.525  47.053 0.0000000000
81118  -47.484  -9.018  47.780 0.0000000000
81121  -49.300  -8.408  48.794 0.0000000000
81150  -46.268  -9.368  46.648 0.0000000000
81151  -46.489  -9.245  46.840 0.0000000000
81152  -48.010  -8.560  46.481 0.0000000000
81154  -49.149  -8.422  46.668 0.0000000000
82114  -41.000  -9.175  61.798 0.0000000000
82129  -47.896  -8.790  60.177 0.0000000000
82149  -47.954  -8.247  58.892 0.0000000000
82150  -47.332  -7.739  58.807 0.0000000000
82155  -47.319  -7.864  58.607 0.0000000000
82159  -47.986  -7.554  57.450 0.0000000000
82168  -47.905  -7.169  56.954 0.0000000000
82180  -49.277  -7.460  55.834 0.0000000000
82181  -50.955  -6.876  55.762 0.0000000000
82182  -51.082  -7.023  55.601 0.0000000000
82183  -51.424  -7.071  55.462 0.0000000000
82191  -49.059  -7.835  55.489 0.0000000000
82193  -50.906  -7.263  55.606 0.0000000000
82206  -49.964  -7.977  55.229 0.0000000000
82207  -50.429  -8.195  55.268 0.0000000000
82221  -55.079  -7.087  52.834 0.0000000000
82267  -49.630  -8.039  48.463 0.0000000000
82287  -47.243  -8.371  46.940 0.0000000000
82288  -49.089  -8.095  47.948 0.0000000000
82289  -49.595  -7.877  47.615 0.0000000000
82312  -49.396  -7.971  46.822 0.0000000000
83236  -41.439  -8.884  62.255 0.0000000000
83249  -41.205  -8.938  62.187 0.0000000000
83267  -48.093  -8.402  61.062 0.0000000000
83306  -49.110  -7.345  57.878 0.0000000000
83314  -47.865  -6.944  57.197 0.0000000000
83325  -48.080  -6.846  56.850 0.0000000000
83338  -49.287  -7.196  56.318 0.0000000000
83339  -49.836  -7.133  56.020 0.0000000000
83340  -50.667  -6.878  55.830 0.0000000000
83354  -50.088  -7.468  55.507 0.0000000000
83356  -50.898  -7.685  55.528 0.0000000000
83367  -50.265  -8.001  55.304 0.0000000000
83368  -50.687  -8.101  55.386 0.0000000000
83369  -51.025  -7.916  55.480 0.0000000000
83430  -50.859  -6.639  49.444 0.0000000000
83433  -55.374  -6.221  49.837 0.0000000000
84435  -49.318  -6.908  60.755 0.0000000000
84531  -56.368  -6.004  52.747 0.0000000000
84556  -51.044  -6.176  49.633 0.0000000000
84570  -50.847  -5.925  49.349 0.0000000000
84571  -51.656  -5.885  49.105 0.0000000000
84572  -54.101  -6.265  49.662 0.0000000000
84574  -55.154  -6.177  49.662 0.0000000000
84581  -51.329  -5.808  47.887 0.0000000000
85745  -52.061  -5.546  48.646 0.0000000000
85753  -51.450  -5.645  48.405 0.0000000000
85775  -52.109  -4.830  46.082 0.0000000000
85776  -52.819  -4.357  45.815 0.0000000000
85803  -51.515  -3.735  44.621 0.0000000000
86851  -56.200  -3.188  49.309 0.0000000000
86867  -52.737  -4.545  47.009 0.0000000000
86880  -52.873  -3.373  45.811 0.0000000000
86894  -49.638  -3.727  44.721 0.0000000000
86896  -51.994  -3.547  44.912 0.0000000000
86907  -51.134  -3.441  44.321 0.0000000000
87982  -54.604  -3.586  49.182 0.0000000000
87984  -55.125  -3.237  49.680 0.0000000000
87996  -53.974  -3.739  48.453 0.0000000000
88021  -53.935  -3.272  47.270 0.0000000000
88022  -54.615  -2.375  47.719 0.0000000000
88023  -54.998  -2.009  47.454 0.0000000000
88029  -53.051  -2.697  45.934 0.0000000000
88032  -55.032  -2.302  47.227 0.0000000000
88045  -52.937  -2.764  45.288 0.0000000000
89122  -55.830  -1.907  48.975 0.0000000000
89138  -55.120  -1.867  48.552 0.0000000000
89139  -55.103  -1.572  48.208 0.0000000000
89146  -54.977  -1.591  47.851 0.0000000000
89152  -53.959  -2.015  46.193 0.0000000000
89163  -48.007  -2.341  44.579 0.0000000000
89165  -49.076  -2.098  44.621 0.0000000000
89166  -53.924  -1.753  45.640 0.0000000000
89181  -49.613  -1.698  44.082 0.0000000000
90262  -55.283  -1.481  48.610 0.0000000000
90315  -48.096  -1.028  43.294 0.0000000000
90317  -49.701  -0.088  43.186 0.0000000000
90318  -51.542  -0.200  43.813 0.0000000000
90319  -51.848  -0.067  43.660 0.0000000000
91438  -56.153  -0.331  48.126 0.0000000000
91474  -54.592  0.122  44.786 0.0000000000
91482  -50.037  0.358  43.043 0.0000000000
91484  -51.380  0.286  43.918 0.0000000000
91503  -51.797  0.198  43.716 0.0000000000
92675  -55.669  1.274  45.154 0.0000000000
92687  -54.341  1.400  44.288 0.0000000000
92697  -54.046  1.552  43.995 0.0000000000
92781  -57.859  1.426  37.360 0.0000000000
93901  -55.861  2.213  44.875 0.0000000000
93918  -51.462  1.289  43.150 0.0000000000
93920  -54.062  1.706  43.743 0.0000000000
93944  -51.998  0.901  42.454 0.0000000000
93947  -55.271  2.146  40.869 0.0000000000
93948  -55.402  2.083  40.686 0.0000000000
93997  -57.243  2.148  38.040 0.0000000000
95042  -57.610  3.182  46.349 0.0000000000
95052  -53.360  2.817  43.372 0.0000000000
95055  -55.506  3.229  44.533 0.0000000000
95084  -55.618  2.198  40.582 0.0000000000
95123  -57.452  2.351  37.958 0.0000000000
95141  -60.238  2.893  36.907 0.0000000000
95152  -59.979  1.943  36.506 0.0000000000
95154  -60.310  2.518  36.869 0.0000000000
96198  -53.447  3.115  43.201 0.0000000000
96216  -53.252  3.694  42.985 0.0000000000
96266  -59.722  3.682  37.435 0.0000000000
96281  -59.473  3.317  36.994 0.0000000000
97380  -55.432  3.967  41.886 0.0000000000
97383  -57.451  5.137  41.389 0.0000000000
97401  -58.875  4.541  39.716 0.0000000000
97404  -60.847  4.840  39.445 0.0000000000
98489  -57.816  5.641  42.650 0.0000000000
98498  -57.039  5.064  42.116 0.0000000000
98500  -58.054  5.584  42.020 0.0000000000
98524  -59.979  4.382  39.698 0.0000000000
153078  -7.600  -36.176  80.609 0.0000000000
153084  -8.021  -36.975  80.243 0.0000000000
153360  -41.741  -28.240  70.276 0.0000000000
153363  -41.078  -27.538  70.186 0.0000000000
153364  -40.890  -26.838  70.370 0.0000000000
153370  -39.984  -26.489  69.542 0.0000000000
153382  -36.159  -30.843  71.084 0.0000000000
153385  -39.277  -29.794  74.949 0.0000000000
153391  -35.621  -26.571  65.674 0.0000000000
153397  -35.368  -26.614  65.236 0.0000000000
153493  -39.232  -9.095  60.471 0.0000000000
153494  -39.016  -9.153  60.709 0.0000000000
153525  -39.328  -10.223  57.186 0.0000000000
153591  -28.361  -26.672  69.119 0.0000000000
154324  -48.986  -10.515  53.298 0.0000000000
154336  -49.537  -11.315  56.044 0.0000000000
154338  -49.750  -11.113  56.059 0.0000000000
154339  -49.948  -10.656  56.038 0.0000000000
154341  -50.052  -9.490  55.042 0.0000000000
154347  -50.612  -9.146  54.838 0.0000000000
154356  -53.699  -8.453  53.572 0.0000000000
154363  -54.038  -8.081  53.328 0.0000000000
154365  -54.228  -7.640  54.046 0.0000000000
