#!ascii label  , from subject 3160 vox2ras=TkReg
2132
4952  -34.339  -83.285  -4.078 0.1000000015
4281  -32.785  -84.023  -4.007 0.1000000015
3605  -31.082  -85.204  -2.281 0.1000000015
4936  -31.856  -83.778  -3.840 0.1000000015
4922  -31.142  -83.615  -2.915 0.1000000015
5638  -31.196  -82.060  -3.502 0.1000000015
4902  -29.457  -82.972  -2.105 0.1000000015
7030  -29.305  -80.781  -3.160 0.1000000015
7042  -29.822  -79.963  -3.706 0.1000000015
6356  -28.355  -81.872  -3.541 0.1000000015
7041  -28.770  -80.649  -3.654 0.1000000015
7051  -29.550  -79.543  -4.298 0.1000000015
7050  -29.064  -79.800  -4.633 0.1000000015
6368  -28.327  -81.260  -4.845 0.1000000015
7826  -29.217  -79.409  -5.700 0.1000000015
8623  -31.489  -77.826  -7.507 0.1000000015
7057  -28.764  -80.366  -5.833 0.1000000015
7064  -29.452  -80.217  -7.546 0.1000000015
7063  -28.984  -80.592  -7.096 0.1000000015
6323  -33.583  -81.695  -1.933 0.1000000015
5652  -33.404  -83.237  -4.355 0.1000000015
5627  -34.191  -82.551  -3.787 0.1000000015
4949  -32.405  -83.425  -4.257 0.1000000015
6341  -32.164  -81.412  -2.711 0.1000000015
6360  -32.637  -82.567  -3.860 0.1000000015
5639  -32.125  -82.837  -4.162 0.1000000015
6359  -31.728  -81.545  -3.432 0.1000000015
6340  -30.411  -81.571  -3.130 0.1000000015
7043  -31.000  -80.371  -3.950 0.1000000015
7807  -30.631  -79.608  -4.216 0.1000000015
7827  -29.578  -79.149  -5.324 0.1000000015
11833  -38.951  -74.731  -6.001 0.1000000015
11019  -37.199  -75.849  -7.081 0.1000000015
10186  -36.360  -76.665  -7.588 0.1000000015
9383  -36.052  -77.374  -7.521 0.1000000015
8625  -33.474  -78.021  -7.473 0.1000000015
8624  -32.523  -77.948  -7.523 0.1000000015
8611  -32.009  -78.530  -6.945 0.1000000015
8610  -31.001  -78.308  -6.896 0.1000000015
8609  -30.239  -78.876  -6.973 0.1000000015
8608  -29.692  -79.250  -6.655 0.1000000015
6997  -34.660  -80.756  -0.644 0.1000000015
7749  -32.556  -79.343  -0.208 0.2000000030
6996  -33.201  -80.569  -0.647 0.2000000030
6307  -34.077  -81.243  -1.211 0.1000000015
8529  -31.875  -78.805  -0.992 0.1000000015
7769  -31.843  -80.212  -1.374 0.1000000015
7013  -33.384  -81.179  -1.276 0.1000000015
8543  -31.883  -79.016  -1.780 0.1000000015
7011  -31.877  -80.928  -1.917 0.1000000015
17889  -46.683  -67.507  2.064 0.1000000015
16140  -45.524  -70.120  0.995 0.1000000015
8555  -32.117  -78.742  -2.678 0.1000000015
7031  -31.777  -80.402  -3.103 0.1000000015
7044  -31.369  -80.249  -3.673 0.1000000015
16156  -45.017  -70.138  0.599 0.1000000015
15257  -45.353  -70.875  0.953 0.1000000015
14349  -43.809  -72.059  0.200 0.1000000015
13492  -42.951  -72.532  -0.617 0.1000000015
13508  -41.072  -73.232  -1.687 0.1000000015
12640  -40.836  -73.796  -2.950 0.1000000015
7800  -31.855  -79.421  -3.193 0.1000000015
8566  -32.070  -78.762  -3.824 0.1000000015
7818  -30.950  -79.342  -4.719 0.1000000015
13511  -43.132  -72.290  -0.757 0.1000000015
12642  -42.196  -72.919  -2.006 0.1000000015
11807  -39.843  -74.588  -4.191 0.1000000015
10990  -38.686  -75.579  -4.722 0.1000000015
10131  -37.183  -76.220  -4.342 0.1000000015
9346  -36.200  -77.391  -5.604 0.1000000015
8578  -31.588  -78.825  -4.874 0.1000000015
8577  -30.791  -78.935  -5.360 0.1000000015
12666  -41.288  -73.228  -3.335 0.1000000015
10992  -39.486  -75.045  -5.316 0.1000000015
10991  -39.008  -75.490  -5.123 0.1000000015
10164  -37.199  -77.249  -6.032 0.1000000015
9358  -35.144  -77.714  -5.761 0.1000000015
8612  -33.034  -78.709  -6.957 0.1000000015
10177  -38.079  -76.093  -6.391 0.1000000015
9371  -37.255  -76.940  -6.803 0.1000000015
9360  -36.593  -77.445  -6.219 0.1000000015
8613  -34.111  -78.302  -6.870 0.1000000015
8595  -32.339  -78.580  -5.963 0.1000000015
8593  -30.559  -78.654  -6.102 0.1000000015
8510  -32.406  -78.735  -0.109 0.1000000015
7750  -33.103  -79.617  -0.036 0.2000000030
6978  -34.591  -80.287  -0.046 0.1000000015
7752  -35.711  -79.639  0.227 0.2000000030
9299  -31.913  -77.661  -0.733 0.1000000015
21681  -47.620  -64.916  2.480 0.1000000015
18797  -47.130  -66.960  2.240 0.1000000015
8544  -32.052  -78.264  -1.709 0.1000000015
8567  -32.963  -78.103  -3.488 0.1000000015
15242  -45.477  -70.735  0.972 0.1000000015
13469  -43.298  -72.474  -0.127 0.1000000015
13468  -42.776  -72.553  -0.313 0.1000000015
13490  -41.023  -72.913  -0.991 0.1000000015
12618  -40.591  -73.498  -2.185 0.1000000015
11785  -39.093  -74.584  -2.960 0.1000000015
10975  -36.521  -75.767  -3.646 0.1000000015
9333  -35.477  -77.224  -4.735 0.1000000015
8580  -33.548  -78.003  -4.709 0.1000000015
8596  -33.342  -78.390  -5.872 0.1000000015
8594  -31.388  -78.557  -6.027 0.1000000015
10903  -33.146  -75.451  1.757 0.1000000015
10076  -33.024  -76.463  1.533 0.1000000015
10917  -32.639  -76.040  0.299 0.1000000015
10075  -32.621  -76.594  0.857 0.1000000015
9275  -32.878  -77.119  1.228 0.1000000015
8496  -33.619  -77.951  1.379 0.2000000030
8497  -34.346  -78.196  1.658 0.2000000030
9290  -33.187  -77.677  1.139 0.2000000030
8512  -34.971  -79.051  0.975 0.2000000030
8498  -35.636  -78.602  1.579 0.2000000030
10098  -32.390  -76.730  -1.100 0.1000000015
10926  -32.648  -76.053  -0.255 0.1000000015
10099  -33.079  -76.085  -1.312 0.1000000015
10110  -32.857  -76.744  -1.815 0.1000000015
20674  -46.839  -65.327  2.628 0.1000000015
17027  -45.013  -68.556  1.767 0.1000000015
17026  -44.147  -68.735  1.939 0.1000000015
16120  -43.396  -69.456  1.888 0.1000000015
9310  -32.404  -77.431  -1.727 0.1000000015
9321  -33.017  -77.257  -2.589 0.1000000015
22717  -47.875  -63.021  2.151 0.1000000015
22716  -47.290  -63.465  2.434 0.1000000015
17888  -45.726  -67.800  1.843 0.1000000015
17037  -44.819  -69.275  1.674 0.1000000015
14347  -41.973  -72.097  0.312 0.1000000015
13466  -40.949  -72.596  -0.063 0.1000000015
12616  -38.908  -73.561  -1.706 0.1000000015
11763  -37.578  -74.216  -2.109 0.1000000015
10974  -35.575  -75.770  -3.432 0.1000000015
10129  -34.756  -76.323  -3.418 0.1000000015
9330  -33.510  -77.442  -3.275 0.1000000015
23742  -48.946  -62.883  2.407 0.1000000015
12617  -39.764  -73.512  -1.994 0.1000000015
11804  -37.506  -74.861  -3.196 0.1000000015
9332  -34.876  -77.226  -4.136 0.1000000015
8568  -33.790  -77.644  -3.906 0.1000000015
23764  -48.973  -62.599  1.754 0.1000000015
24774  -49.915  -60.948  1.716 0.1000000015
23778  -48.080  -61.977  0.627 0.1000000015
25737  -49.991  -60.342  1.541 0.1000000015
12562  -34.572  -73.077  1.598 0.1000000015
10918  -33.012  -75.202  0.712 0.1000000015
12563  -35.368  -72.704  1.131 0.1000000015
12578  -35.024  -73.205  0.883 0.1000000015
11702  -33.487  -74.575  2.556 0.1000000015
9276  -33.571  -77.316  1.775 0.1000000015
9277  -34.360  -77.529  2.150 0.2000000030
12579  -35.756  -72.882  0.555 0.1000000015
11735  -33.635  -74.509  0.239 0.1000000015
8480  -35.160  -77.892  2.219 0.2000000030
13462  -36.688  -72.409  0.812 0.1000000015
11751  -34.645  -74.189  -0.277 0.1000000015
25686  -49.952  -60.160  3.308 0.1000000015
22675  -48.944  -61.990  3.487 0.1000000015
22697  -47.549  -62.542  2.858 0.1000000015
22695  -46.392  -63.174  2.699 0.1000000015
19740  -46.006  -66.030  2.507 0.1000000015
18795  -45.172  -66.920  2.103 0.1000000015
18803  -44.618  -66.952  1.918 0.1000000015
13444  -37.373  -72.037  1.129 0.1000000015
12580  -36.695  -72.956  0.269 0.1000000015
11759  -34.245  -74.591  -0.960 0.1000000015
21697  -47.028  -63.979  2.596 0.1000000015
16137  -42.651  -70.031  1.591 0.1000000015
15239  -41.636  -70.664  1.497 0.1000000015
14346  -40.859  -71.994  0.548 0.1000000015
11761  -35.882  -74.290  -1.344 0.1000000015
11781  -35.226  -74.746  -1.829 0.1000000015
10111  -33.572  -76.277  -2.298 0.1000000015
25724  -50.424  -59.459  2.435 0.1000000015
15240  -42.903  -70.830  1.102 0.1000000015
14331  -41.863  -71.480  0.927 0.1000000015
13465  -39.885  -72.523  0.203 0.1000000015
12615  -37.827  -73.609  -1.535 0.1000000015
11762  -36.830  -74.239  -1.778 0.1000000015
10953  -34.893  -75.335  -2.521 0.1000000015
10952  -34.114  -75.666  -2.310 0.1000000015
24715  -50.214  -60.721  3.395 0.1000000015
22720  -50.349  -61.980  2.878 0.1000000015
25709  -50.988  -60.165  2.887 0.1000000015
24761  -50.468  -60.985  2.182 0.1000000015
25736  -48.690  -59.931  0.489 0.1000000015
25735  -47.818  -60.194  0.000 0.1000000015
12546  -33.785  -73.593  2.153 0.1000000015
13461  -36.016  -72.423  1.115 0.1000000015
13442  -35.650  -72.092  1.678 0.1000000015
13441  -34.904  -72.246  2.138 0.1000000015
10885  -33.429  -75.518  2.616 0.1000000015
14327  -37.666  -71.420  1.545 0.1000000015
15235  -37.613  -70.662  2.038 0.1000000015
10059  -34.278  -76.625  2.813 0.1000000015
14328  -38.719  -71.358  1.479 0.1000000015
15236  -38.556  -70.715  1.893 0.1000000015
9257  -34.766  -77.191  2.550 0.2000000030
23714  -48.176  -61.408  3.664 0.1000000015
20673  -45.545  -64.778  2.617 0.1000000015
19739  -44.749  -65.838  2.303 0.1000000015
14329  -39.670  -71.360  1.357 0.1000000015
12581  -37.426  -72.900  0.010 0.1000000015
10038  -34.643  -76.286  3.405 0.1000000015
10871  -34.985  -75.995  3.848 0.2000000030
22674  -47.460  -62.070  3.788 0.1000000015
17886  -43.656  -67.663  1.938 0.1000000015
16119  -42.301  -69.334  2.054 0.1000000015
14330  -40.719  -71.388  1.181 0.1000000015
14345  -39.780  -71.840  0.704 0.1000000015
12598  -37.789  -73.035  -0.655 0.1000000015
25725  -50.813  -59.931  2.386 0.1000000015
26773  -51.519  -58.404  1.521 0.1000000015
27811  -51.680  -57.877  1.422 0.1000000015
26772  -50.254  -58.989  1.284 0.1000000015
27810  -50.913  -57.961  0.701 0.1000000015
27809  -49.617  -58.092  0.408 0.1000000015
15219  -38.416  -69.985  2.344 0.1000000015
15218  -37.489  -69.981  2.516 0.1000000015
15234  -36.889  -70.584  2.254 0.1000000015
16116  -39.163  -69.312  2.596 0.1000000015
14326  -36.654  -71.291  1.877 0.1000000015
14325  -35.887  -71.408  2.148 0.1000000015
13427  -35.349  -71.696  2.235 0.1000000015
10869  -33.605  -75.206  3.205 0.1000000015
16118  -41.183  -69.490  2.326 0.1000000015
15220  -39.350  -70.043  2.174 0.1000000015
12530  -33.830  -73.650  3.118 0.1000000015
24714  -48.870  -60.569  3.338 0.1000000015
24739  -47.957  -60.047  3.145 0.1000000015
23713  -47.010  -61.513  3.995 0.1000000015
22673  -46.386  -62.503  3.622 0.1000000015
20665  -44.452  -64.128  2.974 0.1000000015
18793  -42.978  -66.714  2.022 0.1000000015
17885  -42.394  -67.660  2.039 0.1000000015
17024  -41.813  -68.575  2.248 0.1000000015
15221  -40.300  -70.140  2.154 0.1000000015
25707  -49.095  -59.748  2.620 0.1000000015
18794  -44.162  -66.744  1.913 0.1000000015
17025  -42.970  -68.597  2.148 0.1000000015
15238  -40.481  -70.745  1.677 0.1000000015
10846  -34.637  -75.074  4.329 0.1000000015
26755  -50.171  -58.697  2.105 0.1000000015
27788  -50.881  -57.848  2.135 0.1000000015
26756  -51.240  -58.769  2.115 0.1000000015
28820  -51.713  -57.515  1.601 0.1000000015
29871  -51.291  -55.146  -0.572 0.1000000015
28819  -51.291  -56.723  0.404 0.1000000015
29870  -50.285  -55.601  -1.492 0.1000000015
17010  -38.928  -68.068  3.084 0.1000000015
16115  -38.297  -69.228  2.979 0.1000000015
16114  -37.320  -69.494  3.094 0.1000000015
17882  -39.483  -67.742  2.849 0.1000000015
15217  -36.511  -70.214  2.806 0.1000000015
17022  -39.802  -68.564  2.644 0.1000000015
18790  -40.022  -67.184  2.778 0.1000000015
15216  -35.826  -70.398  3.176 0.1000000015
12547  -34.330  -72.719  2.703 0.1000000015
17884  -41.295  -67.663  2.391 0.1000000015
17883  -40.338  -67.739  2.634 0.1000000015
14309  -34.915  -71.148  3.050 0.1000000015
26734  -48.091  -59.348  2.160 0.1000000015
20666  -45.210  -63.967  2.833 0.1000000015
18792  -41.861  -66.698  2.333 0.1000000015
13409  -34.597  -71.850  3.506 0.1000000015
11687  -33.780  -74.490  3.616 0.1000000015
27787  -49.515  -57.801  1.792 0.1000000015
24738  -47.396  -60.230  2.909 0.1000000015
24713  -47.187  -60.682  3.298 0.1000000015
22662  -46.702  -61.924  4.366 0.1000000015
21665  -44.888  -63.425  3.416 0.1000000015
19738  -43.532  -65.828  2.277 0.1000000015
12515  -33.920  -73.705  3.912 0.1000000015
28799  -50.122  -56.934  2.004 0.1000000015
29839  -50.670  -55.952  1.618 0.1000000015
28784  -50.681  -56.213  1.888 0.1000000015
29853  -50.257  -55.514  1.069 0.1000000015
29854  -50.954  -55.706  0.591 0.1000000015
30890  -50.929  -54.699  -0.321 0.1000000015
29890  -51.508  -54.524  -1.216 0.1000000015
30907  -51.462  -53.975  -0.744 0.1000000015
20663  -41.942  -64.599  3.203 0.1000000015
19729  -40.948  -65.153  3.158 0.1000000015
18783  -39.626  -66.595  3.104 0.1000000015
17008  -37.581  -68.329  3.482 0.1000000015
21663  -42.704  -63.722  3.811 0.1000000015
16099  -37.119  -69.015  3.532 0.1000000015
22660  -44.970  -62.596  4.272 0.1000000015
21664  -43.772  -63.597  3.610 0.1000000015
20664  -43.292  -64.323  3.137 0.1000000015
19736  -41.503  -65.679  2.698 0.1000000015
15204  -36.219  -69.971  3.435 0.1000000015
27786  -48.136  -57.666  1.578 0.1000000015
26733  -47.346  -58.952  2.067 0.1000000015
24693  -46.336  -61.066  3.932 0.1000000015
20671  -42.888  -65.083  2.661 0.1000000015
14296  -34.915  -70.901  3.672 0.1000000015
12531  -34.126  -72.897  3.743 0.1000000015
12516  -34.390  -73.409  4.682 0.1000000015
29824  -50.374  -55.850  2.047 0.1000000015
30875  -49.545  -55.180  1.126 0.1000000015
30888  -49.193  -54.500  0.560 0.1000000015
30889  -50.129  -54.571  0.188 0.1000000015
31985  -49.365  -53.326  0.164 0.1000000015
33123  -49.629  -51.669  0.210 0.1000000015
33138  -51.431  -52.270  -0.877 0.1000000015
17877  -38.827  -67.478  3.219 0.1000000015
17876  -38.016  -67.540  3.458 0.1000000015
17875  -37.266  -67.629  3.610 0.1000000015
25705  -46.620  -59.219  2.320 0.1000000015
24692  -45.599  -60.898  4.297 0.1000000015
22651  -45.475  -61.920  5.265 0.1000000015
21652  -43.297  -63.268  4.365 0.1000000015
28782  -49.363  -56.224  2.414 0.1000000015
28798  -48.838  -56.903  1.917 0.1000000015
26753  -47.285  -58.243  1.617 0.1000000015
25684  -46.269  -59.822  2.746 0.1000000015
22661  -46.059  -62.121  4.750 0.1000000015
15203  -35.557  -70.140  3.837 0.1000000015
29823  -49.657  -55.565  2.326 0.1000000015
30858  -49.526  -55.027  2.037 0.1000000015
30874  -48.748  -54.629  1.352 0.1000000015
31972  -48.755  -54.076  0.589 0.1000000015
31971  -48.236  -53.453  0.736 0.1000000015
31984  -48.937  -52.705  0.344 0.1000000015
33111  -47.600  -52.259  0.783 0.1000000015
33112  -48.672  -51.559  0.607 0.1000000015
34239  -49.302  -50.727  0.723 0.1000000015
21651  -42.436  -63.363  4.780 0.1000000015
20662  -40.593  -64.351  3.767 0.1000000015
19727  -39.130  -65.612  3.399 0.1000000015
18782  -38.453  -66.464  3.525 0.1000000015
20660  -38.919  -65.166  3.755 0.1000000015
22658  -43.067  -63.071  4.949 0.1000000015
22650  -45.054  -62.086  5.192 0.1000000015
30857  -48.756  -54.903  2.645 0.1000000015
28781  -48.201  -56.276  2.444 0.1000000015
30873  -47.924  -54.268  1.951 0.1000000015
31970  -47.337  -53.450  1.609 0.1000000015
34238  -48.352  -50.978  1.354 0.1000000015
35322  -48.966  -50.034  1.477 0.1000000015
21662  -41.666  -63.782  4.089 0.1000000015
20654  -40.437  -63.996  4.748 0.1000000015
22649  -44.004  -62.192  5.105 0.1000000015
28797  -47.617  -56.850  1.770 0.1000000015
27785  -47.040  -57.504  1.563 0.1000000015
26713  -46.121  -59.056  2.469 0.1000000015
24712  -45.903  -60.402  3.615 0.1000000015
23693  -44.761  -61.181  5.173 0.1000000015
34237  -47.055  -51.656  1.450 0.1000000015
34222  -47.603  -50.848  1.935 0.1000000015
35307  -48.341  -49.977  2.319 0.1000000015
36302  -48.287  -49.279  2.521 0.1000000015
23679  -43.266  -61.520  5.478 0.1000000015
25667  -44.494  -59.865  3.876 0.1000000015
24674  -44.184  -60.847  5.117 0.1000000015
24673  -43.489  -60.834  5.261 0.1000000015
28780  -47.036  -56.288  2.268 0.1000000015
26732  -46.236  -58.377  2.064 0.1000000015
26712  -45.504  -58.845  2.669 0.1000000015
25683  -45.103  -59.518  3.365 0.1000000015
29822  -48.610  -55.477  2.738 0.1000000015
35306  -47.019  -50.451  2.483 0.1000000015
36284  -46.945  -48.895  3.728 0.1000000015
35290  -47.492  -49.611  2.905 0.1000000015
25682  -44.215  -59.150  3.586 0.1000000015
28795  -46.040  -57.087  1.894 0.1000000015
26731  -45.151  -58.030  2.336 0.1000000015
30856  -47.694  -54.384  3.080 0.1000000015
33109  -46.000  -52.288  1.945 0.1000000015
34236  -46.353  -51.967  1.632 0.1000000015
35289  -46.148  -50.192  3.247 0.1000000015
36283  -46.016  -49.471  3.957 0.1000000015
30842  -48.409  -54.925  3.504 0.1000000015
31957  -47.017  -53.644  2.617 0.1000000015
33080  -45.990  -52.971  3.131 0.1000000015
33096  -45.797  -52.319  2.626 0.1000000015
35305  -46.335  -50.886  2.715 0.1000000015
36262  -45.377  -49.316  5.094 0.1000000015
35271  -45.277  -50.113  4.345 0.1000000015
31958  -47.237  -53.896  3.334 0.1000000015
34186  -45.388  -51.395  3.853 0.1000000015
35251  -44.826  -50.624  4.960 0.1000000015
4267  -32.315  -84.213  -3.619 0.1000000015
4252  -30.734  -84.471  -2.466 0.1000000015
5625  -31.398  -82.964  -3.541 0.1000000015
5624  -30.496  -82.530  -2.674 0.1000000015
6339  -29.576  -81.565  -2.739 0.1000000015
6338  -28.839  -81.946  -2.760 0.1000000015
6342  -33.019  -82.327  -2.998 0.1000000015
6322  -32.572  -81.526  -2.192 0.1000000015
5640  -33.018  -82.862  -4.313 0.1000000015
6358  -30.751  -80.993  -3.496 0.1000000015
7809  -31.568  -79.459  -3.903 0.1000000015
7808  -31.187  -79.716  -4.195 0.1000000015
11014  -38.562  -75.534  -6.291 0.1000000015
10184  -34.435  -76.798  -7.741 0.1000000015
9382  -34.939  -77.681  -7.429 0.1000000015
9381  -33.911  -77.366  -7.618 0.1000000015
6977  -33.947  -80.347  0.025 0.1000000015
6995  -32.218  -80.604  -1.124 0.1000000015
7788  -31.800  -79.756  -2.219 0.1000000015
15241  -44.261  -71.171  0.936 0.1000000015
11786  -39.928  -74.453  -3.325 0.1000000015
11808  -40.435  -74.259  -4.099 0.1000000015
10977  -38.412  -75.474  -4.226 0.1000000015
10149  -38.164  -76.073  -5.104 0.1000000015
10976  -37.494  -75.436  -3.813 0.1000000015
10147  -36.042  -77.197  -5.017 0.1000000015
9368  -35.089  -77.985  -6.523 0.1000000015
9345  -35.592  -77.455  -5.375 0.1000000015
9344  -34.940  -77.511  -5.035 0.1000000015
9289  -32.495  -77.466  0.492 0.1000000015
8511  -33.495  -78.584  0.811 0.2000000030
10082  -32.449  -76.667  0.371 0.1000000015
8556  -32.487  -77.963  -2.441 0.1000000015
14332  -42.986  -71.633  0.601 0.1000000015
12600  -39.829  -73.385  -1.205 0.1000000015
12638  -39.011  -74.068  -2.302 0.1000000015
10955  -36.870  -75.120  -3.291 0.1000000015
8579  -32.586  -78.362  -4.791 0.1000000015
10927  -33.072  -75.413  -0.433 0.1000000015
16138  -43.852  -70.314  1.570 0.1000000015
10128  -34.080  -76.563  -2.935 0.1000000015
22699  -49.790  -62.325  3.084 0.1000000015
13489  -39.923  -73.193  -0.367 0.1000000015
12599  -38.863  -73.202  -0.971 0.1000000015
12637  -38.259  -73.948  -2.087 0.1000000015
11782  -35.992  -74.843  -2.103 0.1000000015
9331  -34.126  -77.102  -3.508 0.1000000015
23777  -48.096  -62.657  0.849 0.1000000015
12561  -33.953  -73.660  1.627 0.1000000015
11736  -34.366  -73.804  0.802 0.1000000015
12596  -35.776  -73.556  -0.131 0.1000000015
9258  -35.723  -77.398  2.833 0.2000000030
11760  -34.836  -74.548  -1.229 0.1000000015
12614  -36.804  -73.597  -1.138 0.1000000015
12613  -36.108  -73.761  -0.749 0.1000000015
10934  -33.909  -75.150  -1.595 0.1000000015
15222  -41.078  -70.216  1.986 0.1000000015
13488  -38.912  -72.651  -0.310 0.1000000015
13464  -38.876  -72.331  0.407 0.1000000015
11688  -34.239  -74.765  4.195 0.1000000015
28818  -49.737  -57.056  0.146 0.1000000015
17023  -40.770  -68.589  2.527 0.1000000015
28800  -51.238  -56.869  1.697 0.1000000015
28838  -51.135  -55.804  -0.699 0.1000000015
19737  -42.466  -65.855  2.417 0.1000000015
31986  -50.256  -53.126  -0.465 0.1000000015
34251  -49.973  -50.595  0.239 0.1000000015
24711  -45.083  -60.331  3.885 0.1000000015
21551  -48.770  -63.741  12.175 0.5000000000
13344  -45.141  -72.585  8.078 0.5000000000
14232  -45.523  -71.506  8.549 0.5000000000
21568  -48.502  -64.040  11.579 0.5000000000
20580  -48.777  -64.936  10.716 0.5000000000
15132  -46.483  -70.699  8.615 0.5000000000
22549  -47.728  -63.211  13.637 0.5000000000
22550  -48.523  -63.460  13.551 0.5000000000
16028  -46.470  -69.899  8.440 0.5000000000
21536  -48.149  -63.755  12.858 0.5000000000
21550  -47.647  -63.918  11.832 0.5000000000
21535  -47.189  -63.574  12.826 0.4000000060
20539  -46.960  -63.918  11.599 0.4000000060
13359  -44.517  -72.234  6.767 0.5000000000
13376  -44.299  -72.976  6.536 0.5000000000
14250  -44.070  -71.677  7.392 0.5000000000
13358  -43.575  -72.704  6.952 0.5000000000
14248  -41.934  -71.666  8.043 0.5000000000
14230  -42.878  -70.965  8.015 0.5000000000
15126  -41.090  -70.435  8.370 0.4000000060
16022  -40.775  -69.622  8.657 0.4000000060
13307  -45.383  -73.061  12.144 0.1000000015
14213  -45.905  -71.369  9.854 0.5000000000
21537  -49.079  -63.663  13.001 0.5000000000
21552  -49.717  -63.773  12.437 0.5000000000
20559  -49.109  -64.454  11.268 0.5000000000
22540  -48.409  -63.213  14.354 0.5000000000
22532  -48.188  -62.941  15.300 0.5000000000
22528  -47.956  -62.717  15.941 0.5000000000
22531  -47.203  -62.580  15.667 0.5000000000
22539  -47.458  -62.762  14.600 0.5000000000
23537  -46.869  -62.433  16.181 0.4000000060
22548  -46.617  -62.937  13.657 0.4000000060
21549  -46.629  -63.844  12.080 0.4000000060
20578  -46.786  -64.635  10.397 0.6999999881
19638  -47.333  -65.342  9.807 0.5000000000
23547  -46.944  -62.508  15.930 0.3000000119
22530  -46.772  -62.443  15.539 0.3000000119
22563  -46.394  -63.313  12.740 0.4000000060
20556  -46.384  -63.978  11.226 0.5000000000
19637  -46.098  -65.562  9.727 0.6000000238
18694  -46.561  -66.934  9.252 0.6000000238
17804  -46.992  -67.921  9.096 0.6000000238
15131  -45.790  -70.706  8.055 0.5000000000
14265  -45.191  -71.942  6.612 0.3000000119
22538  -46.373  -62.440  14.972 0.3000000119
21565  -45.514  -63.625  11.688 0.4000000060
20577  -45.660  -64.669  10.502 0.5000000000
18693  -45.688  -66.696  9.513 0.6000000238
16923  -44.855  -68.285  8.914 0.6000000238
16051  -44.927  -70.192  7.728 0.5000000000
15153  -44.516  -70.735  7.680 0.5000000000
22547  -45.460  -62.634  13.899 0.4000000060
21547  -45.010  -63.151  12.235 0.4000000060
20555  -45.135  -64.105  11.151 0.5000000000
19636  -45.080  -65.515  10.386 0.5000000000
16947  -44.275  -68.812  8.367 0.5000000000
15152  -43.620  -70.933  7.848 0.5000000000
22546  -44.733  -62.390  14.125 0.4000000060
21564  -44.609  -63.539  11.622 0.5000000000
19635  -44.105  -65.616  10.850 0.5000000000
17775  -43.954  -67.139  10.027 0.4000000060
16922  -44.006  -68.364  9.109 0.5000000000
15128  -43.063  -70.460  8.182 0.5000000000
22573  -44.222  -63.024  12.063 0.4000000060
20554  -44.131  -64.050  11.154 0.5000000000
18672  -43.515  -66.575  10.695 0.5000000000
17800  -42.938  -68.002  9.591 0.4000000060
16945  -42.446  -68.962  8.897 0.4000000060
16024  -42.722  -69.635  8.479 0.5000000000
20574  -43.021  -64.888  11.491 0.5000000000
18671  -42.479  -66.728  10.897 0.4000000060
16920  -42.300  -68.362  9.623 0.4000000060
16944  -41.489  -68.955  9.098 0.4000000060
17773  -41.712  -67.552  10.500 0.4000000060
16899  -41.636  -67.983  10.269 0.3000000119
17799  -41.057  -67.697  10.318 0.3000000119
16943  -40.430  -68.874  9.023 0.3000000119
12400  -45.303  -73.470  13.295 0.1000000015
12416  -45.029  -73.781  12.580 0.1000000015
13292  -45.809  -72.814  13.358 0.1000000015
14189  -46.618  -71.877  11.830 0.4000000060
14200  -45.601  -72.041  11.078 0.4000000060
14201  -46.677  -71.315  10.591 0.4000000060
14234  -47.005  -70.890  9.550 0.5000000000
14233  -46.486  -71.094  9.215 0.5000000000
21538  -49.987  -63.686  13.255 0.5000000000
21553  -50.538  -63.780  12.639 0.5000000000
21569  -49.418  -64.018  11.808 0.5000000000
20581  -49.793  -64.924  10.732 0.4000000060
16000  -47.576  -69.473  9.294 0.5000000000
16029  -47.087  -70.064  8.901 0.5000000000
21524  -49.345  -63.427  14.961 0.5000000000
21529  -49.288  -63.454  13.887 0.5000000000
21516  -48.728  -63.298  16.051 0.5000000000
17805  -48.081  -67.582  8.906 0.6000000238
22527  -47.306  -62.770  16.322 0.4000000060
23532  -46.800  -62.413  16.576 0.2000000030
23531  -46.500  -61.927  16.977 0.2000000030
23536  -46.484  -62.000  16.344 0.3000000119
23561  -46.157  -62.110  15.478 0.3000000119
22537  -45.259  -62.336  14.597 0.4000000060
23545  -45.902  -61.887  15.878 0.3000000119
23535  -45.742  -61.640  16.584 0.3000000119
23544  -44.582  -61.433  15.773 0.4000000060
23559  -44.683  -62.054  14.682 0.4000000060
23573  -44.067  -62.176  13.941 0.4000000060
22572  -43.489  -62.859  12.160 0.4000000060
23558  -43.830  -61.712  14.573 0.3000000119
23572  -43.323  -62.110  13.878 0.3000000119
22571  -42.843  -62.751  12.182 0.3000000119
20553  -43.325  -64.222  11.592 0.4000000060
21546  -42.505  -62.887  12.195 0.3000000119
20552  -42.410  -64.505  11.689 0.3000000119
19633  -42.162  -66.108  11.169 0.4000000060
18670  -41.588  -66.654  11.086 0.3000000119
21545  -41.978  -63.023  12.240 0.2000000030
21561  -41.780  -63.813  12.035 0.2000000030
20551  -41.428  -64.615  11.778 0.3000000119
17772  -40.884  -67.223  10.646 0.3000000119
23584  -40.919  -61.491  12.515 0.1000000015
20538  -40.704  -63.890  12.158 0.2000000030
18669  -40.573  -66.477  11.184 0.4000000060
26575  -39.229  -58.441  13.373 0.1000000015
14172  -46.885  -71.661  12.935 0.1000000015
13293  -46.233  -72.376  12.775 0.1000000015
14173  -47.587  -71.230  12.143 0.2000000030
15091  -48.235  -70.533  11.411 0.5000000000
15098  -47.964  -70.542  10.585 0.4000000060
15109  -48.212  -70.113  10.183 0.4000000060
21554  -51.109  -63.922  12.683 0.5000000000
20561  -50.994  -64.580  11.759 0.4000000060
20583  -51.202  -65.244  10.979 0.4000000060
19662  -50.558  -65.893  10.133 0.4000000060
16927  -49.497  -68.101  9.865 0.5000000000
16001  -48.449  -69.319  9.868 0.5000000000
21530  -50.276  -63.511  14.168 0.5000000000
21539  -50.831  -63.643  13.419 0.4000000060
16926  -48.657  -68.309  9.524 0.4000000060
21502  -48.203  -63.486  17.194 0.4000000060
21515  -47.871  -63.161  16.323 0.5000000000
21501  -47.530  -63.148  16.730 0.4000000060
22522  -47.914  -62.973  17.985 0.3000000119
22521  -47.114  -62.819  17.301 0.3000000119
22520  -46.334  -62.261  17.608 0.3000000119
23530  -45.678  -61.818  17.509 0.2000000030
22507  -46.090  -62.360  18.185 0.1000000015
23529  -44.874  -61.338  18.140 0.1000000015
23534  -44.831  -61.455  17.090 0.3000000119
24562  -44.092  -60.966  16.772 0.3000000119
24553  -44.205  -60.825  17.755 0.2000000030
24572  -43.990  -60.842  16.166 0.2000000030
23543  -43.333  -61.364  15.169 0.2000000030
23571  -42.631  -61.803  13.497 0.2000000030
24560  -42.798  -60.259  16.184 0.2000000030
24583  -42.177  -61.112  14.619 0.2000000030
24570  -42.575  -60.850  15.413 0.2000000030
25565  -41.618  -60.530  15.089 0.1000000015
23585  -41.808  -61.683  12.614 0.2000000030
22558  -41.418  -62.355  12.458 0.2000000030
26566  -41.174  -59.655  15.467 0.1000000015
25564  -40.854  -60.064  14.648 0.1000000015
22557  -40.406  -62.256  12.434 0.1000000015
26565  -40.425  -59.198  15.056 0.1000000015
25563  -40.373  -59.452  14.158 0.1000000015
24597  -40.366  -60.743  12.750 0.1000000015
26576  -39.750  -58.952  13.801 0.1000000015
25570  -39.540  -59.239  13.143 0.1000000015
27606  -39.084  -57.750  13.481 0.1000000015
28652  -39.706  -56.231  13.188 0.1000000015
15080  -47.939  -70.417  12.346 0.3000000119
15081  -48.480  -69.940  11.676 0.3000000119
17757  -48.170  -67.674  11.449 0.3000000119
16889  -48.490  -68.585  11.506 0.3000000119
15986  -48.733  -69.193  11.207 0.3000000119
15993  -48.834  -69.342  10.611 0.3000000119
15099  -48.530  -70.034  10.617 0.4000000060
18655  -50.014  -66.678  11.519 0.3000000119
17759  -50.127  -67.270  10.742 0.3000000119
16903  -49.541  -68.070  10.353 0.5000000000
15994  -49.280  -68.827  10.143 0.5000000000
20532  -51.434  -64.487  13.750 0.4000000060
19600  -51.149  -65.063  11.974 0.5000000000
18676  -51.088  -65.673  10.914 0.4000000060
19642  -50.865  -65.698  10.659 0.4000000060
17807  -49.981  -67.320  9.844 0.5000000000
20489  -50.332  -64.404  16.941 0.4000000060
21517  -49.905  -63.787  15.829 0.4000000060
21525  -50.602  -63.587  15.038 0.5000000000
21531  -51.114  -63.621  14.295 0.5000000000
21488  -49.163  -64.103  18.008 0.4000000060
21503  -49.555  -64.009  16.859 0.4000000060
21487  -48.336  -63.498  18.439 0.4000000060
21473  -49.128  -63.938  19.159 0.4000000060
21472  -48.389  -63.615  19.444 0.3000000119
22510  -47.920  -63.093  18.416 0.3000000119
22499  -47.427  -63.096  19.059 0.3000000119
22509  -47.440  -62.942  18.430 0.3000000119
22498  -46.803  -62.840  19.309 0.3000000119
23513  -46.087  -62.066  19.638 0.1000000015
23521  -45.530  -61.931  18.655 0.1000000015
23520  -44.771  -61.216  19.244 0.1000000015
24547  -44.348  -60.531  18.788 0.1000000015
24552  -43.531  -60.330  17.395 0.2000000030
24546  -43.693  -59.961  18.389 0.1000000015
25547  -42.901  -59.862  17.007 0.2000000030
25546  -42.089  -59.592  16.671 0.1000000015
26554  -41.744  -58.980  16.032 0.1000000015
26543  -41.190  -58.185  16.461 0.1000000015
26564  -40.074  -58.560  14.470 0.1000000015
28625  -40.846  -56.663  15.822 0.1000000015
27587  -40.364  -57.246  15.337 0.1000000015
29646  -40.352  -55.929  14.797 0.1000000015
29647  -40.894  -55.033  14.855 0.1000000015
29656  -40.096  -55.691  13.724 0.1000000015
30676  -41.150  -54.210  14.087 0.1000000015
31798  -41.587  -53.575  13.160 0.1000000015
31811  -42.194  -53.311  12.414 0.1000000015
31813  -44.057  -53.537  12.326 0.1000000015
16887  -46.900  -68.841  12.034 0.3000000119
15971  -46.869  -69.815  12.845 0.2000000030
18654  -48.781  -66.469  11.550 0.3000000119
19598  -50.309  -65.787  12.251 0.4000000060
19597  -49.318  -65.669  12.399 0.3000000119
20490  -50.993  -64.882  16.742 0.3000000119
21504  -50.329  -64.275  16.407 0.3000000119
21518  -50.788  -64.314  15.684 0.4000000060
21527  -51.532  -64.230  14.801 0.4000000060
19584  -50.141  -65.472  13.394 0.3000000119
20474  -50.452  -65.148  18.025 0.3000000119
20473  -50.214  -64.502  17.623 0.3000000119
19558  -51.217  -65.349  15.190 0.4000000060
19572  -50.803  -65.491  14.350 0.4000000060
19571  -50.045  -65.578  14.518 0.3000000119
20450  -49.579  -64.430  20.218 0.3000000119
20462  -49.767  -64.807  18.838 0.3000000119
21458  -48.940  -63.906  19.974 0.3000000119
21457  -48.379  -63.654  20.530 0.3000000119
21486  -47.855  -63.260  18.891 0.3000000119
21471  -47.542  -63.376  19.769 0.3000000119
21470  -46.930  -63.076  20.269 0.2000000030
23505  -46.254  -61.268  20.465 0.1000000015
24529  -46.485  -60.335  21.153 0.1000000015
23512  -45.452  -61.145  19.924 0.1000000015
25531  -45.840  -59.601  20.661 0.1000000015
24537  -44.818  -60.276  19.826 0.1000000015
25529  -44.984  -59.060  19.993 0.1000000015
25536  -44.174  -59.293  19.408 0.1000000015
25539  -43.062  -59.477  17.913 0.2000000030
25535  -43.467  -58.834  18.740 0.2000000030
26532  -42.892  -58.431  18.147 0.2000000030
26531  -42.212  -58.020  17.668 0.1000000015
27556  -42.785  -57.316  18.404 0.1000000015
27555  -41.984  -56.909  17.921 0.1000000015
27574  -41.184  -57.165  16.513 0.1000000015
28586  -42.167  -55.949  17.382 0.1000000015
27554  -41.581  -56.653  17.129 0.1000000015
28609  -41.399  -56.238  16.480 0.1000000015
29635  -41.119  -55.640  15.680 0.1000000015
30675  -40.565  -55.106  14.166 0.1000000015
31773  -41.818  -53.416  13.969 0.1000000015
31774  -42.511  -53.203  14.277 0.1000000015
31799  -42.392  -53.166  13.401 0.1000000015
31812  -43.236  -53.102  12.818 0.1000000015
30693  -44.668  -54.324  12.025 0.1000000015
15970  -45.892  -69.801  12.530 0.2000000030
15078  -46.396  -70.295  13.471 0.2000000030
16870  -45.150  -68.816  12.302 0.2000000030
18652  -47.019  -67.228  11.787 0.3000000119
18633  -44.920  -66.588  12.566 0.2000000030
18635  -46.786  -66.625  12.179 0.3000000119
18636  -47.873  -66.150  12.109 0.3000000119
20491  -51.182  -65.380  16.274 0.3000000119
20508  -51.341  -65.176  15.883 0.3000000119
19583  -49.225  -65.422  13.588 0.3000000119
19544  -51.144  -65.666  15.989 0.3000000119
19557  -50.665  -65.629  15.382 0.3000000119
20451  -50.314  -65.344  20.031 0.3000000119
20463  -50.288  -65.453  18.971 0.3000000119
19556  -49.845  -65.605  15.551 0.3000000119
19570  -49.079  -65.320  14.683 0.2000000030
19582  -48.198  -65.344  13.730 0.2000000030
19475  -50.266  -65.792  20.877 0.2000000030
20449  -49.012  -64.030  20.613 0.3000000119
21456  -47.522  -62.969  20.928 0.2000000030
22488  -46.813  -62.357  20.477 0.1000000015
22489  -47.233  -62.302  21.181 0.2000000030
23506  -47.150  -61.375  21.358 0.1000000015
25516  -47.297  -59.286  21.514 0.1000000015
26489  -48.232  -58.452  20.944 0.1000000015
26509  -49.052  -58.112  20.013 0.1000000015
25515  -46.328  -59.322  21.052 0.1000000015
26488  -47.152  -58.580  20.773 0.1000000015
26508  -47.967  -58.022  20.117 0.1000000015
27514  -48.720  -57.523  19.366 0.1000000015
27515  -49.713  -57.758  19.107 0.1000000015
27536  -51.507  -57.959  18.382 0.1000000015
25530  -45.453  -59.315  20.404 0.1000000015
26506  -45.778  -58.225  20.287 0.1000000015
27513  -47.714  -57.449  19.549 0.1000000015
27558  -50.125  -57.183  17.814 0.1000000015
26505  -44.849  -58.162  19.865 0.1000000015
26520  -43.561  -57.710  18.710 0.2000000030
27528  -43.676  -56.703  18.593 0.1000000015
28585  -41.696  -56.157  16.977 0.1000000015
29615  -42.086  -55.300  16.794 0.1000000015
30656  -41.518  -54.476  15.420 0.1000000015
31747  -42.776  -53.452  15.056 0.1000000015
31746  -41.921  -53.656  14.784 0.1000000015
31800  -43.164  -52.880  13.819 0.1000000015
32937  -44.034  -52.653  13.445 0.1000000015
32957  -43.938  -52.922  12.800 0.1000000015
19578  -43.736  -65.548  13.571 0.2000000030
18634  -45.841  -66.345  12.573 0.2000000030
19596  -48.394  -65.581  12.746 0.3000000119
19566  -44.619  -65.075  14.699 0.2000000030
19579  -44.949  -65.425  13.589 0.2000000030
18625  -45.903  -65.807  13.014 0.2000000030
19594  -46.484  -65.763  12.929 0.3000000119
19595  -47.431  -65.686  12.830 0.3000000119
18583  -50.207  -66.235  17.978 0.3000000119
18595  -50.176  -66.010  17.249 0.3000000119
18608  -50.030  -66.007  17.036 0.3000000119
19542  -49.506  -65.742  16.382 0.3000000119
18571  -50.254  -66.405  18.972 0.3000000119
18582  -49.547  -66.622  18.435 0.3000000119
18607  -49.704  -66.018  16.959 0.3000000119
18606  -49.243  -65.943  16.878 0.3000000119
19555  -48.830  -65.449  15.667 0.3000000119
18542  -49.790  -66.370  21.131 0.2000000030
18557  -50.256  -66.420  20.066 0.3000000119
19569  -47.972  -65.207  14.756 0.2000000030
20436  -50.179  -64.831  21.621 0.2000000030
20435  -49.368  -64.113  21.279 0.3000000119
20434  -48.827  -63.807  21.084 0.3000000119
21441  -47.951  -62.882  21.532 0.2000000030
21426  -49.112  -62.883  22.398 0.2000000030
22477  -48.580  -62.357  22.245 0.2000000030
23496  -47.762  -61.466  21.954 0.2000000030
24517  -47.873  -60.677  22.117 0.1000000015
27531  -46.542  -56.970  18.920 0.1000000015
27532  -47.470  -57.024  18.930 0.1000000015
28566  -48.162  -56.734  18.347 0.1000000015
28593  -48.998  -56.531  17.731 0.1000000015
27510  -44.924  -57.399  19.396 0.1000000015
28592  -48.008  -56.288  17.914 0.1000000015
27530  -45.614  -56.873  18.885 0.1000000015
28563  -45.464  -56.164  18.249 0.1000000015
28590  -46.358  -56.053  17.693 0.1000000015
29595  -47.040  -55.672  17.330 0.1000000015
27529  -44.535  -56.934  18.873 0.1000000015
28562  -44.412  -56.039  18.398 0.1000000015
29593  -45.286  -55.571  17.699 0.1000000015
30619  -44.968  -54.873  17.485 0.1000000015
28588  -43.844  -55.885  18.304 0.1000000015
29592  -44.179  -55.360  17.792 0.1000000015
30637  -44.387  -54.469  17.079 0.1000000015
29617  -43.553  -54.890  17.233 0.1000000015
29616  -42.817  -54.975  16.949 0.1000000015
30636  -43.380  -54.408  16.586 0.1000000015
30657  -42.268  -53.888  15.552 0.1000000015
31775  -43.147  -52.967  14.598 0.1000000015
20526  -43.211  -64.423  15.074 0.3000000119
19552  -45.512  -65.159  15.795 0.3000000119
19567  -45.768  -64.966  14.681 0.2000000030
19568  -46.864  -65.140  14.731 0.2000000030
19581  -47.140  -65.296  13.748 0.2000000030
19553  -46.601  -65.348  15.746 0.3000000119
17695  -49.182  -67.136  19.050 0.3000000119
18592  -47.985  -66.373  18.078 0.3000000119
19540  -47.427  -65.691  16.631 0.3000000119
19554  -47.702  -65.524  15.699 0.3000000119
18541  -49.098  -66.918  21.231 0.2000000030
17694  -48.768  -67.322  19.272 0.3000000119
18569  -48.249  -67.359  19.392 0.3000000119
18530  -49.588  -66.482  21.921 0.2000000030
19463  -50.099  -65.635  22.333 0.2000000030
21444  -50.404  -64.337  22.617 0.2000000030
21427  -49.607  -63.186  22.670 0.2000000030
30638  -45.449  -54.362  16.908 0.1000000015
31730  -45.020  -53.615  16.467 0.1000000015
31729  -44.004  -53.654  16.246 0.1000000015
31728  -43.027  -53.730  15.921 0.1000000015
21520  -41.554  -63.626  15.808 0.1000000015
21521  -42.478  -63.577  15.851 0.2000000030
20515  -42.953  -63.941  15.275 0.3000000119
20516  -43.755  -64.275  15.601 0.3000000119
20505  -44.504  -64.622  16.737 0.3000000119
19538  -45.256  -64.923  16.928 0.3000000119
18591  -47.170  -66.484  18.278 0.3000000119
19522  -46.232  -65.814  18.037 0.3000000119
18555  -48.445  -67.362  20.302 0.3000000119
18568  -47.433  -67.278  19.725 0.3000000119
18579  -46.809  -66.560  19.100 0.3000000119
18540  -48.167  -66.812  21.356 0.2000000030
18529  -48.882  -66.630  22.025 0.2000000030
19462  -49.489  -66.022  22.490 0.1000000015
20420  -50.723  -64.656  23.256 0.2000000030
19449  -50.048  -65.528  23.267 0.1000000015
19450  -50.626  -65.180  23.620 0.2000000030
20421  -51.129  -64.036  23.735 0.3000000119
20486  -43.994  -64.323  17.163 0.3000000119
20506  -44.819  -64.823  17.205 0.3000000119
19520  -44.887  -65.091  17.968 0.3000000119
18566  -46.042  -66.347  20.619 0.3000000119
19498  -46.294  -66.438  19.517 0.3000000119
19509  -46.096  -66.174  19.028 0.3000000119
18553  -46.581  -66.488  21.017 0.2000000030
18539  -47.184  -66.494  21.785 0.2000000030
19460  -47.611  -66.007  22.377 0.1000000015
19448  -49.244  -65.428  22.960 0.1000000015
20399  -49.680  -65.156  23.692 0.1000000015
19441  -50.374  -65.172  24.061 0.1000000015
20400  -51.149  -64.691  24.003 0.1000000015
20471  -43.907  -64.295  18.076 0.3000000119
20460  -43.772  -64.198  19.266 0.2000000030
19507  -44.915  -65.183  18.351 0.3000000119
19508  -45.528  -65.633  18.724 0.3000000119
19496  -44.988  -65.300  19.245 0.3000000119
18552  -45.966  -66.251  21.239 0.2000000030
19472  -45.647  -65.994  21.620 0.2000000030
20416  -45.234  -64.779  22.382 0.1000000015
20417  -46.398  -64.794  22.292 0.1000000015
21424  -45.980  -63.788  22.263 0.1000000015
20418  -47.645  -64.815  22.603 0.1000000015
20398  -48.789  -64.507  23.386 0.1000000015
21425  -46.974  -64.065  22.418 0.1000000015
20397  -48.154  -64.322  22.905 0.1000000015
20384  -49.245  -64.230  23.943 0.1000000015
20448  -44.236  -64.640  20.106 0.2000000030
20461  -44.511  -64.784  19.547 0.2000000030
19471  -44.723  -65.685  21.307 0.2000000030
19485  -44.743  -65.334  20.348 0.2000000030
19457  -44.846  -65.481  22.009 0.1000000015
21403  -46.833  -63.361  22.595 0.1000000015
21404  -47.888  -63.634  22.930 0.1000000015
21385  -48.454  -63.167  23.581 0.1000000015
21386  -49.109  -63.570  24.144 0.1000000015
22457  -45.450  -62.746  22.096 0.1000000015
22458  -46.312  -62.898  22.453 0.1000000015
22436  -47.124  -62.420  22.698 0.1000000015
22437  -47.980  -62.405  23.381 0.1000000015
23476  -45.548  -61.233  21.991 0.1000000015
23458  -46.718  -61.201  22.481 0.1000000015
20558  -48.223  -64.322  11.110 0.5000000000
21567  -47.954  -63.967  11.305 0.5000000000
20579  -47.811  -64.757  10.539 0.4000000060
20557  -47.448  -63.957  10.956 0.5000000000
18696  -48.583  -66.791  9.198 0.5000000000
19661  -50.070  -65.918  9.703 0.4000000060
13361  -45.359  -72.418  7.450 0.5000000000
19660  -49.044  -66.069  9.689 0.4000000060
19658  -46.966  -66.123  9.359 0.5000000000
16950  -47.165  -69.337  8.736 0.5000000000
19659  -47.984  -66.107  9.535 0.6000000238
16027  -45.585  -69.820  8.056 0.5000000000
14252  -45.343  -71.631  7.339 0.3000000119
13377  -44.916  -72.397  6.544 0.5000000000
16924  -47.156  -68.387  8.846 0.5000000000
13343  -44.440  -72.743  8.523 0.5000000000
16949  -46.586  -68.805  8.622 0.5000000000
21566  -46.102  -63.713  11.790 0.4000000060
14251  -44.913  -71.614  6.902 0.4000000060
15151  -43.117  -70.953  7.942 0.5000000000
15127  -42.099  -70.304  8.268 0.4000000060
14228  -41.677  -70.979  8.302 0.4000000060
16023  -41.752  -69.603  8.529 0.4000000060
14188  -45.993  -72.450  11.772 0.2000000030
20560  -50.085  -64.476  11.411 0.5000000000
19639  -48.399  -65.447  10.088 0.4000000060
21548  -45.881  -63.408  12.233 0.3000000119
23546  -46.635  -62.282  15.799 0.3000000119
22562  -45.619  -62.915  12.921 0.4000000060
18674  -45.303  -66.165  9.959 0.6000000238
17803  -45.817  -67.811  8.975 0.6000000238
17820  -46.363  -68.215  8.812 0.6000000238
18695  -47.550  -66.874  9.078 0.6000000238
15154  -45.210  -70.764  7.566 0.5000000000
20576  -44.584  -64.693  10.697 0.5000000000
17802  -44.738  -67.584  9.637 0.6000000238
18692  -44.999  -66.773  9.907 0.5000000000
16948  -45.393  -68.778  8.452 0.5000000000
15130  -44.462  -70.227  7.942 0.5000000000
22536  -44.871  -62.281  14.484 0.4000000060
18673  -44.541  -66.410  10.315 0.5000000000
16025  -43.694  -69.659  8.381 0.5000000000
22561  -44.270  -62.501  12.989 0.4000000060
21563  -43.746  -63.490  11.719 0.5000000000
16921  -43.091  -68.368  9.174 0.4000000060
16946  -43.350  -68.906  8.635 0.5000000000
20575  -43.631  -64.756  10.983 0.5000000000
17774  -42.829  -67.582  10.205 0.4000000060
19613  -42.568  -65.117  11.431 0.4000000060
19634  -42.954  -65.671  11.213 0.4000000060
16900  -41.972  -68.065  10.239 0.4000000060
21571  -50.830  -63.956  12.235 0.5000000000
19641  -50.343  -65.463  10.302 0.4000000060
16901  -48.097  -68.169  9.054 0.5000000000
17806  -48.962  -67.588  9.337 0.5000000000
23560  -45.532  -61.979  15.221 0.4000000060
24571  -43.526  -60.798  15.818 0.3000000119
22560  -43.088  -62.482  12.617 0.3000000119
23588  -43.699  -62.262  13.482 0.3000000119
21562  -42.772  -63.434  11.982 0.3000000119
23587  -43.209  -62.274  13.223 0.3000000119
23557  -42.830  -61.621  14.360 0.2000000030
23586  -42.560  -61.912  12.823 0.3000000119
19612  -41.939  -65.439  11.396 0.4000000060
18650  -41.374  -66.076  11.417 0.4000000060
21544  -40.939  -63.274  12.314 0.2000000030
21560  -41.070  -63.985  11.964 0.3000000119
19611  -40.808  -65.498  11.647 0.2000000030
24598  -41.334  -60.916  12.732 0.2000000030
24596  -39.344  -60.320  12.474 0.1000000015
27607  -39.439  -57.938  14.042 0.1000000015
20541  -51.375  -64.473  12.774 0.4000000060
21540  -51.318  -63.933  13.546 0.4000000060
19617  -51.196  -65.382  11.181 0.5000000000
17780  -50.447  -66.862  10.306 0.4000000060
18697  -49.599  -66.687  9.570 0.5000000000
22508  -46.695  -62.584  18.242 0.3000000119
22519  -45.808  -62.219  17.882 0.2000000030
23522  -46.252  -62.346  18.789 0.1000000015
24561  -43.491  -60.510  16.528 0.2000000030
23542  -42.705  -61.320  14.911 0.2000000030
24590  -42.046  -61.283  13.798 0.2000000030
25554  -42.126  -59.907  15.721 0.1000000015
23570  -42.055  -61.283  13.030 0.2000000030
24582  -41.542  -60.612  14.126 0.2000000030
24589  -41.512  -60.682  13.320 0.2000000030
26553  -40.923  -58.670  15.734 0.1000000015
25572  -40.933  -60.100  13.726 0.1000000015
24588  -40.718  -60.374  13.137 0.1000000015
23583  -39.826  -61.346  12.612 0.1000000015
26552  -40.438  -58.159  15.189 0.1000000015
25571  -40.161  -59.753  13.506 0.1000000015
25577  -39.828  -60.057  13.009 0.1000000015
27599  -39.981  -57.594  14.675 0.1000000015
28642  -39.788  -56.822  13.977 0.1000000015
15067  -47.248  -70.574  13.103 0.3000000119
15973  -48.330  -69.515  12.058 0.3000000119
17756  -47.181  -67.844  11.579 0.3000000119
16873  -48.018  -69.126  12.235 0.3000000119
17758  -49.202  -67.516  11.239 0.3000000119
16890  -49.210  -68.234  10.881 0.3000000119
18656  -50.819  -66.106  11.176 0.3000000119
19616  -51.108  -65.488  11.359 0.3000000119
19614  -49.758  -66.190  11.891 0.3000000119
18639  -50.659  -65.876  11.747 0.3000000119
17760  -50.561  -66.558  10.626 0.3000000119
21532  -51.473  -64.040  14.356 0.4000000060
19573  -51.320  -65.034  14.196 0.4000000060
19585  -50.879  -65.349  13.215 0.4000000060
19586  -51.388  -65.057  12.994 0.4000000060
21526  -51.393  -63.960  15.039 0.4000000060
23504  -45.874  -61.001  20.302 0.1000000015
25538  -42.269  -59.139  17.542 0.1000000015
26544  -41.592  -58.714  17.058 0.1000000015
27575  -41.568  -57.615  17.152 0.1000000015
27588  -40.743  -57.691  15.911 0.1000000015
28624  -40.414  -56.545  15.298 0.1000000015
28632  -40.031  -56.802  14.886 0.1000000015
15984  -46.498  -69.371  12.263 0.2000000030
17755  -46.448  -68.131  11.663 0.2000000030
15079  -46.706  -70.268  13.468 0.2000000030
18637  -48.550  -65.889  12.103 0.3000000119
19526  -50.960  -65.525  16.545 0.3000000119
20518  -51.294  -64.430  15.392 0.4000000060
21455  -47.076  -62.798  20.561 0.1000000015
24528  -45.957  -60.651  20.452 0.1000000015
24539  -46.057  -60.012  20.676 0.1000000015
24538  -45.557  -60.196  20.385 0.1000000015
25514  -45.846  -59.098  20.825 0.1000000015
26521  -44.158  -58.012  19.282 0.1000000015
28587  -43.088  -56.145  18.220 0.1000000015
30634  -41.590  -55.005  16.241 0.1000000015
16886  -46.038  -68.865  11.819 0.2000000030
17740  -44.532  -67.727  12.306 0.2000000030
17741  -45.748  -67.572  12.051 0.2000000030
19510  -50.391  -65.828  18.470 0.3000000119
19525  -50.568  -65.674  17.356 0.3000000119
19543  -50.377  -65.832  16.491 0.3000000119
19487  -50.554  -65.934  20.131 0.3000000119
19499  -50.545  -65.949  19.453 0.3000000119
22476  -47.820  -62.315  21.760 0.2000000030
24530  -47.299  -60.291  21.639 0.1000000015
26487  -46.279  -58.594  20.715 0.1000000015
26507  -46.941  -58.081  20.133 0.1000000015
27534  -49.295  -57.330  18.306 0.1000000015
27535  -50.389  -57.608  18.315 0.1000000015
27559  -51.114  -57.200  17.591 0.1000000015
27512  -46.704  -57.369  19.699 0.1000000015
27533  -48.369  -57.128  18.799 0.1000000015
28567  -48.716  -56.964  18.272 0.1000000015
27557  -49.597  -56.971  17.836 0.1000000015
27576  -51.366  -56.812  17.014 0.1000000015
27511  -45.716  -57.387  19.619 0.1000000015
30635  -42.342  -54.488  16.275 0.1000000015
18624  -45.400  -65.891  13.037 0.2000000030
19580  -46.048  -65.409  13.657 0.2000000030
18594  -49.817  -66.300  17.494 0.3000000119
18570  -49.617  -66.797  19.419 0.3000000119
19524  -48.062  -65.902  17.347 0.3000000119
18593  -48.970  -66.305  17.534 0.3000000119
19541  -48.576  -65.740  16.625 0.3000000119
18556  -49.364  -67.000  20.282 0.3000000119
21443  -49.927  -63.895  22.181 0.3000000119
21442  -48.645  -63.248  21.809 0.2000000030
23497  -48.449  -61.477  22.401 0.2000000030
28565  -47.294  -56.638  18.326 0.1000000015
28612  -49.650  -56.199  17.239 0.1000000015
28564  -46.422  -56.488  18.283 0.1000000015
28591  -47.163  -56.264  17.725 0.1000000015
29575  -44.737  -55.679  18.017 0.1000000015
30618  -44.514  -54.896  17.472 0.1000000015
19550  -43.934  -64.642  15.357 0.3000000119
19565  -43.445  -64.960  14.822 0.3000000119
19537  -44.737  -64.727  16.494 0.3000000119
19539  -46.402  -65.462  16.796 0.3000000119
18581  -48.646  -66.916  18.656 0.3000000119
18580  -47.734  -66.836  18.894 0.3000000119
19523  -47.197  -66.073  17.497 0.3000000119
17684  -48.644  -67.420  19.684 0.3000000119
21428  -50.598  -63.701  23.293 0.2000000030
22460  -49.412  -62.368  22.707 0.2000000030
20513  -40.650  -64.463  15.406 0.1000000015
21513  -42.913  -63.598  16.664 0.2000000030
21523  -43.759  -63.975  16.124 0.3000000119
19521  -45.177  -65.231  17.869 0.3000000119
18554  -47.372  -66.966  20.742 0.3000000119
18567  -46.526  -66.793  20.081 0.3000000119
18528  -48.004  -66.418  22.033 0.2000000030
19461  -48.619  -66.056  22.481 0.2000000030
21500  -43.367  -63.899  17.394 0.3000000119
20487  -44.637  -64.786  17.719 0.3000000119
19497  -45.723  -66.021  19.820 0.3000000119
18538  -46.274  -66.265  21.577 0.2000000030
19474  -46.949  -66.179  22.223 0.2000000030
18527  -47.577  -66.370  22.114 0.2000000030
20419  -48.388  -65.400  22.760 0.1000000015
19459  -46.788  -65.643  22.273 0.1000000015
20385  -49.686  -64.522  24.232 0.1000000015
20472  -44.482  -64.740  18.691 0.3000000119
19486  -45.396  -66.087  20.855 0.2000000030
19458  -45.850  -65.530  22.137 0.1000000015
21405  -48.553  -63.743  23.548 0.1000000015
20447  -43.559  -64.497  20.491 0.2000000030
19484  -44.159  -64.915  20.558 0.2000000030
20415  -44.038  -64.686  22.210 0.1000000015
23477  -46.245  -62.106  22.324 0.1000000015
11632  -44.348  -74.346  6.135 0.3000000119
10811  -42.513  -76.088  6.281 0.3000000119
10813  -43.908  -74.921  6.332 0.3000000119
6218  -37.969  -81.009  7.557 0.2000000030
6913  -36.301  -81.460  6.897 0.2000000030
9996  -41.002  -76.734  6.952 0.4000000060
8419  -40.107  -78.240  7.224 0.3000000119
10833  -44.081  -74.701  5.614 0.4000000060
9210  -41.143  -77.202  6.111 0.3000000119
8418  -39.843  -78.933  7.540 0.3000000119
12484  -44.154  -73.641  6.127 0.4000000060
9211  -41.767  -76.942  5.400 0.4000000060
7677  -39.357  -79.172  6.744 0.3000000119
6915  -37.719  -81.358  6.842 0.2000000030
11656  -43.945  -74.521  5.574 0.4000000060
10008  -42.679  -76.261  5.451 0.4000000060
8448  -40.376  -78.110  5.451 0.4000000060
12501  -43.803  -74.311  5.595 0.4000000060
9226  -41.437  -77.345  5.072 0.4000000060
7692  -39.670  -78.671  5.556 0.3000000119
6925  -37.651  -80.828  6.094 0.3000000119
11655  -43.355  -74.732  5.543 0.4000000060
10007  -42.182  -76.653  5.112 0.4000000060
8462  -40.387  -78.425  4.437 0.3000000119
7691  -38.813  -79.354  5.726 0.4000000060
12461  -42.676  -73.254  6.901 0.4000000060
9233  -41.668  -77.247  4.217 0.4000000060
7709  -39.542  -78.889  4.447 0.3000000119
14249  -42.991  -71.543  7.761 0.4000000060
11654  -42.278  -75.076  5.497 0.4000000060
10854  -42.233  -76.348  4.750 0.4000000060
8472  -41.499  -77.886  3.595 0.4000000060
12482  -42.200  -73.881  6.561 0.4000000060
9246  -41.592  -77.416  3.737 0.4000000060
8470  -40.231  -78.603  3.391 0.3000000119
13357  -42.373  -72.503  7.538 0.4000000060
10830  -41.673  -75.678  4.989 0.4000000060
10853  -41.918  -76.315  4.588 0.4000000060
8487  -41.355  -78.104  3.142 0.4000000060
11629  -41.616  -74.497  6.160 0.4000000060
11653  -41.076  -75.072  5.630 0.4000000060
10022  -41.326  -76.686  3.957 0.4000000060
10045  -41.494  -77.093  3.328 0.4000000060
8486  -40.843  -78.259  2.636 0.3000000119
12460  -41.704  -73.195  7.244 0.4000000060
10852  -41.011  -76.190  4.519 0.4000000060
10061  -41.120  -77.183  2.872 0.4000000060
7730  -39.041  -79.357  2.353 0.2000000030
13356  -41.278  -72.326  7.623 0.3000000119
12481  -41.055  -73.881  6.957 0.4000000060
11628  -40.425  -74.410  6.356 0.4000000060
10021  -40.471  -76.568  3.934 0.4000000060
9245  -40.507  -77.265  2.750 0.4000000060
8485  -39.783  -78.734  2.250 0.2000000030
8503  -40.107  -78.382  1.940 0.2000000030
6965  -38.142  -80.002  1.200 0.3000000119
14247  -40.892  -71.386  7.947 0.3000000119
12459  -40.656  -73.030  7.384 0.3000000119
12480  -39.811  -73.421  6.956 0.3000000119
10043  -40.006  -76.924  3.312 0.3000000119
9279  -39.873  -78.274  1.695 0.2000000030
9262  -40.176  -77.705  2.101 0.2000000030
7756  -39.216  -79.121  0.755 0.2000000030
6980  -37.544  -80.678  0.413 0.2000000030
12458  -40.046  -72.850  7.357 0.3000000119
11652  -39.884  -74.902  5.687 0.4000000060
9244  -39.567  -77.375  2.644 0.1000000015
15125  -40.246  -70.279  8.450 0.3000000119
13374  -39.644  -72.668  7.334 0.3000000119
11627  -39.255  -74.242  6.340 0.2000000030
10850  -38.847  -76.038  4.743 0.2000000030
8516  -38.864  -79.308  0.471 0.1000000015
6293  -37.407  -81.001  -0.201 0.2000000030
11626  -38.199  -74.119  6.238 0.2000000030
11651  -38.763  -74.782  5.734 0.2000000030
10019  -38.367  -76.600  4.232 0.1000000015
9261  -39.058  -77.979  1.727 0.1000000015
8530  -38.518  -79.436  -0.017 0.1000000015
7776  -38.702  -79.755  0.018 0.1000000015
13354  -39.344  -72.062  7.473 0.3000000119
13373  -38.990  -72.716  7.116 0.3000000119
17798  -40.423  -67.746  10.191 0.2000000030
16021  -39.691  -69.703  8.591 0.1000000015
15149  -39.515  -70.558  7.976 0.3000000119
13372  -38.144  -72.641  6.853 0.2000000030
10827  -38.260  -75.411  5.345 0.1000000015
9260  -37.901  -77.966  2.295 0.1000000015
8515  -38.309  -79.125  0.115 0.1000000015
7775  -38.149  -79.836  -0.445 0.1000000015
16942  -39.383  -68.815  8.900 0.2000000030
16049  -38.954  -69.988  8.039 0.2000000030
14244  -38.117  -71.348  7.444 0.2000000030
12478  -37.692  -73.343  6.479 0.1000000015
11650  -37.708  -74.654  5.762 0.1000000015
10018  -37.294  -76.545  4.328 0.1000000015
9242  -37.378  -77.488  3.083 0.1000000015
8500  -37.951  -78.482  0.903 0.1000000015
7754  -37.641  -79.458  -0.292 0.1000000015
6326  -36.728  -81.426  -1.739 0.1000000015
15148  -38.573  -70.607  7.715 0.1000000015
13352  -37.796  -72.062  7.268 0.2000000030
11625  -37.254  -74.045  6.227 0.1000000015
10848  -36.652  -75.876  4.856 0.1000000015
10040  -36.803  -77.008  3.771 0.1000000015
8482  -37.339  -78.280  1.792 0.1000000015
8499  -36.822  -78.625  1.240 0.1000000015
7016  -37.095  -80.520  -1.274 0.1000000015
6346  -36.498  -81.926  -2.277 0.1000000015
11649  -36.618  -74.344  5.768 0.1000000015
10039  -35.656  -76.690  3.603 0.1000000015
7772  -35.292  -80.186  -0.227 0.1000000015
7014  -35.447  -81.001  -1.468 0.1000000015
21406  -51.226  -63.370  23.729 0.2000000030
17771  -39.953  -67.169  10.623 0.2000000030
17797  -39.451  -67.776  10.073 0.1000000015
16020  -38.743  -69.385  8.442 0.1000000015
13371  -37.178  -72.535  6.842 0.1000000015
15147  -37.678  -70.635  7.598 0.1000000015
12476  -36.295  -73.233  6.361 0.1000000015
10825  -36.119  -75.102  5.220 0.1000000015
7773  -36.283  -80.009  -0.543 0.1000000015
7753  -36.786  -79.532  -0.082 0.1000000015
8481  -36.252  -78.196  2.119 0.1000000015
10847  -35.402  -75.516  4.492 0.1000000015
9997  -42.024  -76.513  6.172 0.3000000119
10812  -43.044  -75.698  6.016 0.4000000060
7676  -38.741  -79.949  7.002 0.3000000119
8431  -39.874  -78.444  6.521 0.3000000119
6926  -38.271  -80.220  6.347 0.3000000119
10024  -42.388  -76.342  4.900 0.4000000060
12483  -43.446  -73.862  6.146 0.4000000060
8463  -41.105  -77.778  4.436 0.4000000060
11630  -42.623  -74.442  5.953 0.4000000060
10829  -40.500  -75.544  5.060 0.4000000060
9263  -40.912  -77.670  2.613 0.2000000030
7739  -39.253  -79.243  1.337 0.2000000030
10020  -39.436  -76.544  4.044 0.2000000030
7755  -38.752  -79.562  0.578 0.2000000030
14246  -39.866  -71.374  7.738 0.3000000119
10042  -38.966  -77.006  3.439 0.2000000030
8501  -38.880  -78.687  0.934 0.1000000015
10828  -39.357  -75.487  5.226 0.4000000060
12479  -38.674  -73.386  6.590 0.2000000030
9243  -38.474  -77.458  2.777 0.1000000015
7000  -37.687  -80.557  -0.452 0.1000000015
10041  -37.891  -77.109  3.667 0.1000000015
8484  -38.558  -78.419  1.264 0.1000000015
14245  -38.979  -71.321  7.596 0.3000000119
10826  -37.176  -75.272  5.372 0.1000000015
8514  -37.346  -79.051  0.396 0.1000000015
7017  -37.493  -80.327  -0.831 0.1000000015
16917  -38.950  -68.304  9.475 0.1000000015
9259  -36.822  -77.828  2.594 0.1000000015
7015  -36.349  -80.840  -1.504 0.1000000015
10017  -36.327  -76.407  4.294 0.1000000015
6325  -35.971  -81.362  -2.154 0.1000000015
12499  -35.971  -73.520  6.091 0.1000000015
14243  -37.183  -71.513  7.307 0.1000000015
11589  -42.307  -74.437  9.943 0.3000000119
11588  -41.835  -75.060  9.295 0.2000000030
10768  -41.617  -75.909  9.763 0.3000000119
10784  -41.602  -75.884  8.827 0.2000000030
14212  -44.634  -71.716  9.911 0.4000000060
13341  -42.999  -72.883  9.535 0.2000000030
13334  -44.149  -72.183  9.202 0.4000000060
12445  -42.947  -73.156  8.861 0.3000000119
9951  -41.295  -76.400  9.392 0.2000000030
14231  -44.778  -72.093  8.766 0.4000000060
11600  -42.661  -74.017  8.391 0.2000000030
9970  -41.371  -76.434  9.009 0.2000000030
9165  -40.209  -77.340  9.253 0.1000000015
9969  -41.079  -76.856  8.965 0.2000000030
11601  -43.687  -73.870  7.871 0.3000000119
9164  -39.755  -77.672  9.126 0.1000000015
10783  -41.251  -76.210  8.430 0.2000000030
9163  -39.213  -77.924  8.852 0.1000000015
9176  -38.895  -78.507  8.653 0.1000000015
9177  -39.642  -78.528  8.921 0.1000000015
8404  -39.163  -79.178  8.524 0.1000000015
9191  -37.197  -78.113  7.649 0.1000000015
8417  -37.777  -78.774  7.914 0.1000000015
7652  -38.451  -79.609  8.103 0.1000000015
8416  -36.946  -79.156  7.362 0.1000000015
12462  -44.201  -73.703  7.675 0.3000000119
9985  -40.709  -76.633  7.996 0.2000000030
9178  -40.313  -77.765  8.746 0.2000000030
8405  -39.847  -79.097  8.425 0.2000000030
7663  -37.306  -80.196  7.460 0.1000000015
8429  -36.226  -78.925  6.433 0.1000000015
12463  -44.655  -73.550  7.176 0.2000000030
11612  -43.912  -74.346  7.236 0.3000000119
10796  -41.154  -76.058  7.763 0.2000000030
7654  -39.148  -79.594  8.194 0.2000000030
7664  -38.033  -79.862  7.808 0.1000000015
8447  -35.618  -79.423  5.801 0.1000000015
7675  -36.714  -80.057  7.191 0.1000000015
10798  -43.115  -75.309  6.900 0.3000000119
9193  -40.424  -77.509  7.384 0.3000000119
12464  -45.267  -73.024  6.932 0.2000000030
7666  -39.313  -79.588  7.716 0.2000000030
6907  -37.997  -80.788  7.581 0.1000000015
7689  -35.868  -80.107  6.113 0.1000000015
7674  -36.271  -80.544  6.775 0.1000000015
6216  -37.215  -81.232  7.490 0.1000000015
6935  -34.515  -81.127  5.065 0.1000000015
11631  -44.207  -74.462  6.541 0.2000000030
6228  -36.660  -81.734  7.004 0.1000000015
6229  -37.532  -81.372  7.247 0.1000000015
6923  -35.013  -81.683  5.597 0.1000000015
6227  -35.939  -82.173  6.819 0.1000000015
12486  -45.060  -72.796  6.703 0.2000000030
6237  -37.106  -81.595  6.464 0.1000000015
5496  -36.171  -82.323  6.541 0.1000000015
6247  -37.211  -81.339  5.465 0.1000000015
6257  -33.195  -81.878  3.944 0.1000000015
6234  -34.742  -82.550  5.677 0.1000000015
6235  -35.381  -82.499  6.063 0.1000000015
6236  -36.460  -82.134  6.392 0.1000000015
7690  -38.042  -79.865  5.273 0.3000000119
5509  -35.354  -83.351  5.787 0.1000000015
12448  -45.212  -73.043  7.461 0.3000000119
13342  -43.544  -72.631  8.977 0.3000000119
12446  -43.789  -73.371  8.300 0.2000000030
10797  -41.935  -75.707  7.237 0.3000000119
6906  -37.574  -80.782  7.589 0.1000000015
6924  -35.757  -81.315  6.281 0.1000000015
8406  -40.184  -78.441  7.996 0.2000000030
11599  -41.897  -74.889  7.955 0.2000000030
11610  -42.477  -75.185  7.369 0.3000000119
6245  -34.332  -82.197  5.125 0.1000000015
5495  -35.812  -82.638  6.236 0.1000000015
6947  -33.282  -80.794  3.846 0.1000000015
5508  -34.676  -83.278  5.653 0.1000000015
5538  -35.470  -83.237  4.295 0.1000000015
4819  -34.539  -84.175  4.421 0.1000000015
4180  -34.016  -84.492  4.108 0.1000000015
6936  -36.912  -81.320  4.647 0.2000000030
5539  -35.897  -82.377  3.658 0.2000000030
4838  -34.806  -83.648  3.784 0.2000000030
4197  -33.614  -84.489  3.439 0.1000000015
5550  -35.458  -82.746  2.840 0.2000000030
5563  -36.001  -82.084  2.186 0.1000000015
6937  -37.490  -80.472  4.515 0.2000000030
6948  -36.901  -80.846  3.484 0.1000000015
4853  -34.829  -83.307  2.636 0.1000000015
4866  -35.166  -82.854  1.838 0.1000000015
7707  -38.050  -79.654  4.226 0.2000000030
6949  -37.348  -80.128  3.382 0.2000000030
6269  -36.417  -81.572  2.675 0.1000000015
5562  -35.736  -82.215  1.333 0.1000000015
6963  -36.948  -80.942  1.464 0.1000000015
7723  -39.394  -79.124  3.335 0.2000000030
7721  -37.783  -79.700  3.491 0.2000000030
7729  -38.164  -79.518  2.592 0.2000000030
6280  -36.406  -81.560  1.244 0.1000000015
6954  -37.005  -80.737  2.333 0.1000000015
6964  -37.666  -80.244  1.517 0.1000000015
6279  -36.268  -81.826  0.474 0.1000000015
5525  -35.999  -82.707  4.896 0.1000000015
13333  -43.551  -72.388  9.997 0.2000000030
15972  -47.590  -69.851  12.642 0.2000000030
14130  -46.638  -71.530  14.388 0.1000000015
15968  -43.671  -69.632  13.055 0.1000000015
15969  -44.775  -70.026  12.879 0.1000000015
19577  -42.627  -65.700  13.781 0.2000000030
15967  -42.794  -69.332  13.353 0.1000000015
18623  -43.672  -66.179  12.927 0.1000000015
17739  -43.598  -67.836  12.459 0.1000000015
16869  -44.112  -68.811  12.528 0.1000000015
14199  -44.604  -72.282  10.964 0.2000000030
14152  -47.026  -71.301  13.654 0.1000000015
19592  -44.320  -65.990  12.937 0.1000000015
20525  -42.567  -64.572  14.886 0.2000000030
15066  -46.824  -70.684  13.845 0.1000000015
15957  -44.151  -70.408  13.587 0.1000000015
15956  -43.314  -70.236  13.790 0.1000000015
18632  -43.870  -66.844  12.601 0.1000000015
18622  -42.939  -66.619  12.979 0.1000000015
13322  -43.709  -73.281  11.096 0.1000000015
13332  -43.021  -73.250  10.315 0.1000000015
21469  -43.013  -63.509  19.014 0.1000000015
21484  -42.414  -63.307  18.380 0.1000000015
21498  -41.540  -62.918  17.621 0.1000000015
21510  -39.777  -63.569  16.579 0.1000000015
21485  -43.148  -63.837  18.264 0.1000000015
21499  -42.539  -63.540  17.503 0.1000000015
22485  -41.267  -62.538  20.065 0.1000000015
22495  -40.779  -62.623  19.112 0.1000000015
22504  -39.849  -62.877  18.328 0.1000000015
21495  -38.694  -63.526  17.797 0.1000000015
21468  -42.328  -63.108  19.266 0.1000000015
21483  -41.918  -62.839  18.658 0.1000000015
21497  -40.326  -62.979  17.445 0.1000000015
21496  -39.277  -63.365  17.346 0.1000000015
20501  -38.974  -65.026  16.662 0.1000000015
21454  -42.361  -63.236  20.119 0.1000000015
21479  -37.910  -63.811  19.092 0.1000000015
22484  -40.262  -62.533  19.905 0.1000000015
21466  -39.297  -62.905  19.352 0.1000000015
21480  -38.459  -63.436  18.584 0.1000000015
22486  -41.964  -62.744  19.965 0.1000000015
21481  -39.328  -63.117  18.313 0.1000000015
20469  -37.858  -64.406  18.220 0.1000000015
20446  -42.511  -63.987  20.835 0.1000000015
20432  -43.370  -64.583  21.454 0.1000000015
21450  -38.424  -63.248  20.578 0.1000000015
21465  -38.517  -63.279  19.703 0.1000000015
21451  -39.647  -63.009  20.710 0.1000000015
21452  -40.843  -63.134  20.819 0.1000000015
19470  -44.025  -65.201  21.011 0.1000000015
22461  -50.135  -62.784  23.311 0.1000000015
24496  -49.651  -60.659  23.089 0.1000000015
20431  -42.229  -64.118  21.638 0.1000000015
20433  -44.148  -65.236  21.646 0.1000000015
20401  -51.321  -64.149  23.957 0.1000000015
23498  -48.962  -61.976  22.422 0.1000000015
23478  -48.852  -61.307  22.618 0.1000000015
23460  -51.026  -62.193  23.813 0.1000000015
25501  -49.839  -59.488  21.983 0.1000000015
25474  -49.035  -60.432  22.611 0.1000000015
25475  -49.465  -60.011  22.602 0.1000000015
21464  -37.737  -63.790  19.874 0.1000000015
24518  -48.537  -60.660  22.476 0.1000000015
21511  -40.820  -63.415  16.419 0.1000000015
20503  -40.173  -63.991  16.134 0.1000000015
21512  -41.962  -63.450  16.645 0.1000000015
20459  -42.938  -63.778  19.863 0.1000000015
23479  -49.234  -61.486  22.765 0.1000000015
22518  -40.769  -62.698  17.897 0.1000000015
20485  -39.202  -63.915  16.756 0.1000000015
21453  -41.737  -63.308  20.608 0.1000000015
20445  -41.485  -63.919  21.251 0.1000000015
23480  -50.375  -61.749  23.628 0.1000000015
25500  -48.736  -59.866  22.206 0.1000000015
19632  -39.940  -65.858  11.302 0.1000000015
18668  -39.483  -66.405  10.855 0.1000000015
19610  -39.764  -65.191  11.728 0.1000000015
12433  -41.448  -74.421  10.643 0.1000000015
11569  -40.977  -75.167  10.331 0.1000000015
13319  -41.188  -73.368  10.733 0.1000000015
12432  -40.540  -74.149  10.359 0.1000000015
11568  -39.942  -74.908  9.988 0.1000000015
14197  -40.599  -72.662  10.658 0.1000000015
13320  -41.647  -74.058  11.059 0.1000000015
12434  -42.095  -74.509  11.070 0.1000000015
13317  -39.054  -72.679  10.357 0.1000000015
14195  -39.174  -71.881  10.799 0.1000000015
13302  -41.621  -72.910  11.124 0.1000000015
13301  -38.471  -72.046  10.722 0.1000000015
14185  -40.989  -72.264  11.291 0.1000000015
11477  -36.382  -74.835  18.976 0.1000000015
11458  -35.844  -74.156  19.865 0.1000000015
12358  -34.644  -73.622  17.046 0.1000000015
12367  -34.354  -73.679  16.347 0.1000000015
13245  -34.244  -72.767  15.785 0.1000000015
13244  -33.766  -72.986  15.267 0.1000000015
11570  -41.918  -75.003  10.341 0.1000000015
12378  -33.272  -73.560  15.086 0.1000000015
13255  -34.083  -72.372  14.987 0.1000000015
13300  -37.756  -71.962  10.980 0.1000000015
10750  -41.287  -75.919  10.142 0.1000000015
12388  -33.058  -73.165  14.363 0.1000000015
13287  -33.808  -72.154  12.812 0.1000000015
13288  -34.626  -71.888  12.428 0.1000000015
13299  -36.867  -72.071  11.174 0.1000000015
14182  -37.571  -71.468  11.737 0.1000000015
14184  -39.810  -71.658  11.462 0.1000000015
9933  -41.204  -76.287  9.814 0.1000000015
12387  -32.368  -73.271  13.872 0.1000000015
13296  -33.996  -72.379  12.004 0.1000000015
14181  -36.631  -71.443  11.909 0.1000000015
11476  -35.668  -74.107  19.065 0.1000000015
12352  -35.238  -74.057  18.083 0.1000000015
12413  -43.029  -74.765  12.138 0.1000000015
11553  -43.230  -74.970  11.608 0.1000000015
11552  -42.682  -74.728  11.098 0.1000000015
13240  -34.458  -72.811  16.635 0.1000000015
14163  -34.459  -71.657  13.198 0.1000000015
14164  -35.421  -71.273  12.878 0.1000000015
14180  -35.895  -71.482  12.159 0.1000000015
14183  -38.623  -71.551  11.483 0.1000000015
14165  -36.375  -71.048  12.597 0.1000000015
14167  -38.334  -71.265  12.549 0.1000000015
12323  -35.706  -73.348  20.071 0.1000000015
12333  -35.511  -73.557  19.447 0.1000000015
13214  -36.473  -72.633  20.936 0.1000000015
12308  -36.730  -73.086  21.231 0.1000000015
11555  -44.231  -74.337  12.259 0.1000000015
12344  -35.210  -73.441  18.601 0.1000000015
13231  -34.957  -72.758  18.081 0.1000000015
13303  -42.089  -73.644  11.346 0.1000000015
12415  -44.600  -74.117  12.054 0.1000000015
13237  -34.706  -72.816  17.365 0.1000000015
14186  -42.044  -72.642  11.559 0.1000000015
12414  -44.106  -74.301  11.363 0.1000000015
14102  -34.587  -72.003  16.243 0.1000000015
14120  -34.493  -71.777  14.579 0.1000000015
14142  -35.029  -71.326  13.944 0.1000000015
15076  -36.786  -70.622  12.919 0.1000000015
14166  -37.342  -70.934  12.684 0.1000000015
15074  -35.724  -70.839  13.684 0.1000000015
15075  -36.283  -70.698  13.230 0.1000000015
13203  -37.001  -72.397  21.382 0.1000000015
12397  -43.456  -74.243  12.352 0.1000000015
13213  -35.989  -72.596  20.391 0.1000000015
14043  -37.518  -71.688  21.344 0.1000000015
14171  -42.694  -72.687  12.283 0.1000000015
14187  -42.547  -73.111  11.670 0.1000000015
11546  -44.181  -74.204  12.482 0.1000000015
13232  -35.058  -72.432  18.782 0.1000000015
14056  -35.808  -71.884  19.967 0.1000000015
11571  -42.943  -74.705  10.928 0.1000000015
14082  -34.754  -72.081  17.662 0.1000000015
14083  -35.152  -71.726  18.274 0.1000000015
14169  -40.570  -71.679  12.499 0.1000000015
15060  -37.200  -70.608  13.553 0.1000000015
14111  -34.552  -71.859  15.434 0.1000000015
14121  -35.188  -71.180  15.039 0.1000000015
15058  -35.738  -70.757  14.449 0.1000000015
14057  -36.722  -71.599  20.660 0.1000000015
14072  -36.164  -71.177  19.581 0.1000000015
14170  -41.792  -71.992  12.402 0.1000000015
13323  -44.515  -72.896  11.410 0.1000000015
14144  -38.138  -70.940  13.413 0.1000000015
14145  -39.018  -71.225  13.474 0.1000000015
15041  -35.897  -70.663  15.168 0.1000000015
14103  -35.088  -71.475  16.665 0.1000000015
14112  -35.163  -71.417  15.936 0.1000000015
15031  -35.741  -70.805  15.812 0.1000000015
13275  -43.569  -72.484  13.572 0.1000000015
14146  -40.089  -71.403  13.664 0.1000000015
14071  -35.453  -71.756  19.186 0.1000000015
15044  -38.019  -70.721  14.220 0.1000000015
14093  -35.747  -71.205  17.927 0.1000000015
15042  -36.521  -70.571  14.882 0.1000000015
15043  -37.246  -70.641  14.562 0.1000000015
14092  -35.207  -71.435  17.400 0.1000000015
15032  -36.534  -70.526  15.688 0.1000000015
15020  -35.575  -70.954  16.524 0.1000000015
14148  -42.705  -72.036  13.547 0.1000000015
14149  -43.563  -72.148  14.153 0.1000000015
14123  -39.419  -71.434  14.497 0.1000000015
15034  -37.934  -70.974  15.194 0.1000000015
14113  -38.639  -71.330  14.952 0.1000000015
15012  -35.940  -70.821  17.273 0.1000000015
14125  -41.625  -71.852  14.889 0.1000000015
14114  -39.459  -71.662  15.541 0.1000000015
14124  -40.518  -71.922  15.020 0.1000000015
14972  -36.927  -70.707  19.796 0.1000000015
15022  -37.368  -70.617  16.321 0.1000000015
14126  -42.832  -71.753  14.763 0.1000000015
14084  -35.872  -71.114  18.667 0.1000000015
13204  -37.777  -72.504  21.944 0.1000000015
14045  -40.035  -71.220  21.760 0.1000000015
14961  -38.821  -71.076  21.191 0.1000000015
14044  -38.699  -71.617  21.913 0.1000000015
11502  -34.898  -74.148  17.305 0.1000000015
13254  -33.539  -72.749  14.624 0.1000000015
13274  -33.918  -72.194  14.255 0.1000000015
13273  -33.313  -72.460  13.700 0.1000000015
14141  -34.281  -71.844  13.861 0.1000000015
13289  -35.316  -71.766  12.104 0.1000000015
13298  -35.883  -72.076  11.556 0.1000000015
12410  -36.365  -72.808  11.055 0.1000000015
12343  -35.070  -73.250  18.130 0.1000000015
14168  -39.405  -71.366  12.513 0.1000000015
13222  -35.382  -72.690  19.563 0.1000000015
15059  -36.434  -70.607  14.052 0.1000000015
14147  -41.207  -71.947  13.715 0.1000000015
14122  -38.700  -71.042  14.133 0.1000000015
15023  -37.918  -70.741  15.890 0.1000000015
14031  -39.486  -71.811  22.427 0.1000000015
2546  -22.349  -87.438  2.163 0.1000000015
3016  -22.197  -86.719  2.987 0.1000000015
1353  -22.107  -90.418  -3.329 0.1000000015
983  -22.814  -91.056  -2.209 0.1000000015
1333  -23.376  -90.517  -1.263 0.1000000015
1322  -23.341  -90.380  -0.680 0.1000000015
2102  -21.704  -88.812  1.096 0.1000000015
1732  -22.059  -89.594  -3.704 0.1000000015
2645  -22.137  -87.998  -5.237 0.1000000015
3105  -22.419  -87.142  -4.687 0.1000000015
3029  -22.637  -86.748  2.462 0.1000000015
3557  -22.789  -86.209  2.763 0.1000000015
3541  -22.907  -85.428  3.398 0.1000000015
2547  -23.301  -87.505  1.665 0.1000000015
1685  -23.538  -89.998  0.016 0.1000000015
2103  -22.739  -88.647  0.942 0.1000000015
2086  -22.265  -88.241  1.558 0.1000000015
2996  -21.972  -86.497  3.695 0.1000000015
1722  -23.069  -89.866  -2.533 0.1000000015
2120  -22.208  -89.136  0.553 0.1000000015
1698  -22.580  -90.210  -0.437 0.1000000015
1733  -22.662  -89.487  -3.223 0.1000000015
2181  -22.764  -88.558  -4.830 0.1000000015
2646  -22.568  -87.694  -5.307 0.1000000015
3118  -23.119  -87.060  -5.158 0.1000000015
6932  -28.053  -80.354  4.540 0.1000000015
6240  -25.624  -82.071  5.309 0.1000000015
6243  -27.229  -80.827  4.197 0.1000000015
3558  -23.595  -85.779  2.517 0.1000000015
3542  -23.867  -85.057  3.082 0.1000000015
4171  -23.595  -84.482  3.809 0.1000000015
4828  -24.471  -83.522  3.813 0.1000000015
4814  -24.743  -83.123  4.618 0.1000000015
5519  -25.398  -82.394  4.748 0.1000000015
3030  -23.349  -86.765  2.008 0.1000000015
4813  -23.932  -83.741  4.295 0.1000000015
3046  -23.759  -87.353  1.628 0.1000000015
3522  -22.870  -85.176  4.390 0.1000000015
1671  -23.980  -89.521  0.543 0.1000000015
2104  -23.876  -88.864  1.017 0.1000000015
2170  -22.788  -88.805  -3.821 0.1000000015
6942  -28.707  -80.674  3.703 0.1000000015
6242  -26.657  -81.148  4.523 0.1000000015
6933  -29.236  -80.004  4.359 0.1000000015
4827  -24.089  -83.921  3.734 0.1000000015
4829  -25.341  -83.109  3.542 0.1000000015
4815  -25.237  -82.740  4.220 0.1000000015
4172  -24.664  -84.246  3.098 0.1000000015
3559  -24.675  -85.419  2.434 0.1000000015
1309  -23.852  -90.282  -0.049 0.1000000015
1323  -23.682  -90.177  -0.734 0.1000000015
1723  -23.707  -89.809  -1.710 0.1000000015
2162  -23.612  -88.922  -2.148 0.1000000015
2171  -23.620  -88.327  -3.113 0.1000000015
2560  -24.073  -87.982  1.394 0.1000000015
6920  -26.844  -80.648  5.687 0.1000000015
6250  -26.332  -81.716  4.275 0.1000000015
2105  -24.921  -88.799  1.404 0.1000000015
6233  -25.956  -81.768  5.691 0.1000000015
3031  -24.432  -86.394  1.973 0.1000000015
3048  -25.278  -87.137  1.672 0.1000000015
6909  -27.279  -80.990  6.557 0.1000000015
2562  -26.043  -87.885  1.797 0.1000000015
2087  -27.349  -87.973  2.360 0.1000000015
2089  -28.421  -88.368  2.156 0.1000000015
5530  -26.214  -82.279  3.769 0.1000000015
4173  -25.389  -83.801  2.913 0.1000000015
4188  -25.205  -84.895  2.490 0.1000000015
3032  -25.468  -86.339  2.012 0.1000000015
3561  -26.714  -85.748  2.571 0.1000000015
3049  -26.102  -87.100  1.706 0.1000000015
2548  -27.210  -87.340  2.292 0.1000000015
4189  -25.902  -84.557  2.587 0.1000000015
4830  -26.424  -82.993  3.110 0.1000000015
4845  -25.917  -83.600  2.871 0.1000000015
4190  -27.130  -84.952  2.559 0.1000000015
3560  -25.737  -85.589  2.384 0.1000000015
1675  -27.078  -88.851  1.621 0.1000000015
3033  -26.533  -86.612  2.127 0.1000000015
962  -23.194  -90.751  -1.228 0.1000000015
972  -23.093  -90.941  -1.657 0.1000000015
1308  -22.328  -90.176  -0.431 0.1000000015
1310  -23.974  -90.245  -0.270 0.1000000015
1321  -22.349  -90.527  -0.891 0.1000000015
1334  -23.566  -90.229  -1.105 0.1000000015
1341  -22.615  -90.725  -2.772 0.1000000015
1342  -23.331  -90.599  -1.984 0.1000000015
1343  -23.556  -90.245  -1.438 0.1000000015
1684  -22.518  -89.794  -0.070 0.1000000015
1686  -24.306  -89.741  0.186 0.1000000015
1699  -22.922  -90.210  -0.404 0.1000000015
1710  -23.811  -89.849  -1.042 0.1000000015
1721  -22.475  -90.069  -3.110 0.1000000015
1731  -21.558  -89.631  -3.885 0.1000000015
2088  -27.915  -88.288  2.378 0.1000000015
2107  -26.950  -88.452  1.951 0.1000000015
2108  -27.684  -88.647  1.741 0.1000000015
2119  -21.749  -89.125  0.719 0.1000000015
2121  -23.199  -89.297  0.443 0.1000000015
2161  -23.084  -89.050  -2.939 0.1000000015
2169  -22.250  -88.944  -4.383 0.1000000015
2189  -22.004  -88.261  -5.028 0.1000000015
2190  -22.428  -88.244  -5.264 0.1000000015
2191  -23.228  -88.165  -5.364 0.1000000015
2533  -21.739  -87.254  2.965 0.1000000015
2559  -23.101  -88.118  1.458 0.1000000015
2563  -26.725  -87.634  2.082 0.1000000015
2634  -21.787  -87.815  -4.764 0.1000000015
2635  -22.285  -87.476  -5.070 0.1000000015
3015  -21.700  -86.951  3.503 0.1000000015
3047  -24.337  -87.238  1.633 0.1000000015
3117  -22.537  -87.357  -5.120 0.1000000015
3520  -21.778  -86.311  4.430 0.1000000015
3521  -22.094  -85.965  4.192 0.1000000015
3540  -22.387  -86.151  3.430 0.1000000015
4253  -31.655  -84.428  -2.847 0.1000000015
4266  -31.921  -84.248  -3.561 0.1000000015
4282  -33.140  -83.899  -4.040 0.1000000015
4802  -34.671  -83.943  5.388 0.1000000015
4837  -34.404  -84.125  3.901 0.2000000030
4851  -33.597  -84.191  2.849 0.1000000015
4852  -34.163  -83.900  3.075 0.1000000015
4903  -29.624  -83.212  -2.028 0.1000000015
4920  -29.022  -83.471  -2.122 0.1000000015
4937  -32.445  -83.882  -4.098 0.1000000015
4939  -34.627  -83.406  -3.734 0.1000000015
4950  -32.940  -83.657  -4.249 0.1000000015
4951  -33.713  -83.581  -4.009 0.1000000015
5504  -24.898  -82.988  5.224 0.1000000015
5518  -25.026  -82.733  5.035 0.1000000015
5520  -25.915  -82.082  4.350 0.1000000015
5529  -25.602  -82.487  4.101 0.1000000015
5551  -35.982  -82.245  2.843 0.1000000015
5607  -29.557  -82.761  -2.169 0.1000000015
5608  -29.826  -82.858  -2.074 0.1000000015
5622  -28.483  -82.741  -2.804 0.1000000015
5623  -29.374  -82.566  -2.351 0.1000000015
5626  -33.382  -82.614  -3.998 0.1000000015
5630  -36.379  -82.160  -2.490 0.1000000015
5641  -33.853  -82.878  -4.263 0.1000000015
5650  -32.410  -83.170  -4.314 0.1000000015
5651  -32.690  -83.204  -4.355 0.1000000015
5653  -34.069  -83.203  -4.252 0.1000000015
6217  -37.666  -81.129  7.528 0.1000000015
6224  -27.012  -81.513  6.860 0.1000000015
6230  -37.899  -81.187  7.462 0.2000000030
6241  -26.051  -81.612  4.934 0.1000000015
6244  -33.744  -82.305  4.591 0.1000000015
6258  -36.378  -81.786  4.181 0.2000000030
6308  -34.772  -81.124  -1.326 0.1000000015
6310  -37.357  -81.062  -0.633 0.1000000015
6321  -32.195  -81.316  -2.284 0.1000000015
6327  -37.351  -80.897  -1.090 0.1000000015
6345  -36.309  -81.917  -2.474 0.1000000015
6357  -29.955  -80.897  -3.173 0.1000000015
6905  -37.062  -80.754  7.553 0.1000000015
6908  -26.660  -81.002  6.116 0.1000000015
6914  -36.666  -81.050  7.314 0.2000000030
6916  -38.168  -80.968  7.207 0.2000000030
6919  -26.371  -81.207  5.658 0.1000000015
6930  -26.595  -80.998  5.124 0.1000000015
6931  -27.039  -80.429  4.892 0.1000000015
6934  -33.873  -81.222  4.456 0.1000000015
6955  -37.319  -80.204  2.603 0.1000000015
6981  -38.263  -80.120  0.783 0.3000000119
6994  -31.948  -80.591  -1.443 0.1000000015
6998  -35.811  -80.489  -0.963 0.1000000015
6999  -36.615  -80.298  -1.139 0.1000000015
7001  -38.469  -80.261  -0.010 0.1000000015
7012  -32.750  -81.158  -1.443 0.1000000015
7029  -28.773  -81.188  -2.920 0.1000000015
7653  -38.681  -79.665  8.189 0.1000000015
7665  -38.558  -80.050  7.681 0.1000000015
7708  -38.744  -79.374  4.391 0.2000000030
7722  -38.555  -79.431  3.381 0.2000000030
7728  -37.583  -79.752  2.830 0.2000000030
7751  -34.445  -79.686  0.318 0.1000000015
7770  -32.250  -79.752  -0.545 0.2000000030
7771  -32.800  -79.993  -0.344 0.2000000030
7774  -37.258  -79.933  -0.846 0.1000000015
7789  -37.350  -80.188  -0.967 0.1000000015
7790  -37.548  -80.037  -0.783 0.1000000015
7816  -29.399  -79.304  -5.058 0.1000000015
7817  -29.928  -79.135  -4.768 0.1000000015
7819  -31.323  -79.308  -4.422 0.1000000015
7836  -29.192  -79.956  -6.424 0.1000000015
7837  -29.480  -79.824  -7.083 0.1000000015
7838  -29.808  -79.352  -7.289 0.1000000015
7848  -29.746  -79.856  -7.849 0.1000000015
8403  -38.477  -79.166  8.270 0.1000000015
8430  -36.563  -79.410  7.095 0.1000000015
8432  -40.454  -77.852  6.378 0.3000000119
8449  -40.854  -77.581  5.454 0.4000000060
8464  -41.602  -77.592  4.041 0.4000000060
8471  -41.080  -78.311  3.543 0.4000000060
8483  -38.190  -78.293  1.586 0.1000000015
8502  -39.481  -78.855  1.218 0.2000000030
8513  -36.249  -79.106  0.731 0.2000000030
8517  -39.253  -78.943  0.702 0.1000000015
8528  -31.833  -79.508  -1.345 0.1000000015
8531  -38.620  -79.546  -0.086 0.1000000015
8569  -34.300  -77.467  -3.977 0.1000000015
8576  -30.258  -78.874  -5.516 0.1000000015
8581  -34.308  -77.663  -4.543 0.1000000015
8591  -29.461  -79.166  -6.168 0.1000000015
8592  -29.797  -78.891  -5.878 0.1000000015
8597  -34.362  -77.983  -5.637 0.1000000015
8607  -29.395  -79.513  -6.417 0.1000000015
8626  -34.134  -77.927  -7.406 0.1000000015
9227  -41.808  -77.061  4.728 0.4000000060
9232  -41.563  -77.389  4.442 0.4000000060
9240  -35.876  -77.191  3.269 0.1000000015
9241  -36.351  -77.339  3.249 0.1000000015
9256  -34.050  -77.029  2.372 0.2000000030
9264  -41.475  -77.730  3.026 0.4000000060
9278  -39.370  -78.517  1.397 0.2000000030
9280  -40.466  -78.075  2.108 0.2000000030
9322  -33.590  -76.887  -2.979 0.1000000015
9359  -35.784  -77.696  -6.098 0.1000000015
9361  -37.141  -77.196  -6.458 0.1000000015
9369  -35.939  -77.785  -6.906 0.1000000015
9370  -36.692  -77.309  -6.999 0.1000000015
9384  -36.586  -77.130  -7.456 0.1000000015
9932  -40.979  -76.302  9.938 0.1000000015
9950  -40.671  -76.717  9.458 0.1000000015
9986  -41.304  -76.278  7.232 0.4000000060
9998  -42.674  -76.182  5.922 0.4000000060
10023  -41.857  -76.800  4.352 0.4000000060
10037  -33.837  -75.971  3.124 0.1000000015
10044  -40.911  -76.803  3.216 0.4000000060
10058  -33.491  -76.386  2.359 0.1000000015
10060  -34.983  -76.874  3.071 0.2000000030
10062  -41.308  -77.401  2.926 0.3000000119
10089  -32.344  -76.650  -0.218 0.1000000015
10090  -32.676  -76.173  -0.667 0.1000000015
10112  -34.292  -76.063  -2.664 0.1000000015
10130  -35.918  -76.611  -4.243 0.1000000015
10132  -37.831  -75.853  -4.349 0.1000000015
10148  -36.918  -76.942  -5.331 0.1000000015
10150  -38.708  -75.755  -5.567 0.1000000015
10165  -37.725  -76.742  -6.173 0.1000000015
10166  -38.617  -76.112  -6.021 0.1000000015
10175  -36.957  -76.831  -7.265 0.1000000015
10176  -37.449  -76.344  -6.855 0.1000000015
10185  -35.420  -76.881  -7.853 0.1000000015
10187  -36.956  -76.304  -7.328 0.1000000015
10799  -43.563  -74.911  6.958 0.3000000119
10814  -44.176  -74.717  5.805 0.4000000060
10831  -42.747  -75.754  5.124 0.4000000060
10832  -43.731  -74.985  5.637 0.4000000060
10849  -37.759  -76.004  4.875 0.1000000015
10851  -39.940  -76.081  4.597 0.4000000060
10870  -34.336  -75.431  3.809 0.1000000015
10902  -32.798  -75.920  1.044 0.1000000015
10935  -34.674  -74.910  -1.818 0.1000000015
10954  -36.100  -75.220  -2.952 0.1000000015
10978  -39.169  -75.292  -4.435 0.1000000015
10979  -39.552  -75.076  -4.797 0.1000000015
11004  -39.040  -75.407  -5.799 0.1000000015
11005  -39.343  -74.945  -5.673 0.1000000015
11018  -36.542  -75.873  -7.292 0.1000000015
11544  -43.482  -74.777  12.071 0.1000000015
11545  -43.882  -74.449  12.279 0.1000000015
11554  -43.899  -74.670  11.824 0.1000000015
11572  -43.625  -74.790  11.297 0.1000000015
11611  -42.971  -74.814  7.462 0.3000000119
11613  -44.394  -74.071  6.693 0.2000000030
11624  -36.740  -73.971  6.184 0.1000000015
11657  -44.216  -74.432  5.704 0.4000000060
11670  -34.115  -74.183  4.269 0.1000000015
11717  -33.583  -74.282  1.398 0.1000000015
11718  -34.093  -73.717  1.355 0.1000000015
11750  -33.799  -74.672  -0.647 0.1000000015
11752  -35.446  -74.104  -0.726 0.1000000015
11783  -36.976  -74.722  -2.563 0.1000000015
11784  -38.092  -74.491  -2.649 0.1000000015
11787  -40.426  -74.248  -3.695 0.1000000015
11805  -38.269  -74.889  -3.479 0.1000000015
11806  -39.131  -74.907  -3.758 0.1000000015
11822  -39.830  -74.565  -4.851 0.1000000015
11834  -39.576  -74.471  -5.283 0.1000000015
12351  -34.988  -73.598  17.772 0.1000000015
12399  -44.595  -73.910  12.772 0.1000000015
12412  -42.680  -74.551  11.612 0.1000000015
12435  -42.827  -74.033  10.538 0.1000000015
12436  -43.546  -74.385  10.922 0.1000000015
12440  -42.625  -73.565  9.589 0.3000000119
12447  -44.664  -73.203  7.848 0.3000000119
12477  -36.715  -73.425  6.385 0.1000000015
12485  -44.504  -73.416  6.596 0.2000000030
12500  -36.478  -73.853  6.140 0.1000000015
12502  -44.092  -74.104  5.634 0.4000000060
12503  -44.320  -74.019  5.928 0.4000000060
12595  -35.078  -73.494  0.331 0.1000000015
12597  -36.773  -73.366  -0.348 0.1000000015
12601  -40.474  -73.364  -1.585 0.1000000015
12619  -41.367  -73.291  -2.123 0.1000000015
12620  -42.015  -73.116  -1.915 0.1000000015
12639  -39.910  -74.055  -2.596 0.1000000015
12641  -41.636  -73.046  -2.416 0.1000000015
12665  -40.735  -73.788  -3.892 0.1000000015
13261  -46.463  -72.004  14.797 0.1000000015
13295  -33.463  -72.488  12.317 0.1000000015
13304  -42.849  -73.820  12.075 0.1000000015
13305  -44.165  -73.871  11.311 0.1000000015
13306  -44.452  -73.682  11.561 0.1000000015
13308  -46.087  -72.486  12.121 0.2000000030
13316  -37.977  -72.661  10.574 0.1000000015
13318  -40.136  -73.103  10.389 0.1000000015
13321  -43.281  -73.808  10.722 0.1000000015
13353  -38.533  -72.042  7.341 0.2000000030
13355  -40.216  -72.243  7.582 0.3000000119
13360  -44.906  -71.959  6.445 0.5000000000
13375  -43.903  -73.286  6.347 0.5000000000
13378  -45.311  -72.381  6.816 0.2000000030
13426  -34.877  -71.743  2.659 0.1000000015
13443  -36.671  -71.964  1.366 0.1000000015
13463  -37.752  -72.381  0.623 0.1000000015
13467  -42.017  -72.474  -0.325 0.1000000015
13487  -38.131  -72.547  -0.025 0.1000000015
13491  -42.220  -72.699  -0.878 0.1000000015
13493  -43.425  -72.307  -0.319 0.1000000015
13509  -41.758  -73.025  -1.524 0.1000000015
13510  -42.496  -72.588  -1.423 0.1000000015
14042  -37.038  -71.853  21.173 0.1000000015
14091  -34.597  -72.011  17.016 0.1000000015
14140  -33.859  -72.118  13.807 0.1000000015
14143  -37.626  -70.778  13.288 0.1000000015
14153  -47.318  -71.018  12.858 0.3000000119
14162  -33.933  -72.021  13.457 0.1000000015
14190  -47.446  -71.074  11.175 0.4000000060
14196  -39.982  -72.227  10.656 0.1000000015
14198  -44.104  -72.586  11.133 0.2000000030
14202  -47.402  -70.896  10.400 0.4000000060
14211  -43.992  -72.278  10.677 0.2000000030
14214  -46.678  -71.154  9.808 0.5000000000
14215  -47.163  -71.039  9.964 0.5000000000
14229  -42.435  -70.991  8.184 0.5000000000
14264  -45.051  -71.907  6.480 0.3000000119
14297  -35.306  -70.673  3.226 0.1000000015
14310  -35.544  -70.958  2.616 0.1000000015
14311  -36.286  -70.901  2.328 0.1000000015
14333  -43.600  -71.839  0.422 0.1000000015
14343  -38.072  -71.880  1.206 0.1000000015
14344  -38.813  -71.924  1.023 0.1000000015
14348  -43.048  -72.391  0.229 0.1000000015
15011  -35.407  -71.092  16.970 0.1000000015
15033  -37.294  -70.604  15.422 0.1000000015
15061  -37.770  -70.717  13.606 0.1000000015
15092  -48.646  -69.852  11.124 0.3000000119
15108  -47.563  -70.347  9.753 0.5000000000
15129  -44.047  -70.339  8.183 0.5000000000
15133  -46.921  -70.612  9.193 0.5000000000
15150  -40.302  -70.817  8.115 0.3000000119
15237  -39.522  -70.767  1.848 0.1000000015
15243  -45.766  -70.795  1.007 0.1000000015
15256  -44.139  -71.048  0.491 0.1000000015
15258  -45.841  -70.930  0.938 0.1000000015
15958  -46.944  -70.255  13.411 0.2000000030
15959  -47.083  -70.240  13.222 0.2000000030
15985  -46.820  -69.369  12.355 0.2000000030
15987  -49.137  -68.740  10.614 0.5000000000
16002  -49.102  -68.714  9.807 0.5000000000
16026  -44.620  -69.692  8.004 0.5000000000
16048  -38.165  -69.966  8.040 0.1000000015
16050  -44.679  -70.186  7.827 0.5000000000
16100  -37.785  -68.936  3.362 0.1000000015
16113  -36.688  -69.580  3.323 0.1000000015
16117  -40.107  -69.376  2.446 0.1000000015
16121  -44.283  -69.632  1.744 0.1000000015
16136  -41.748  -69.899  1.842 0.1000000015
16139  -44.958  -70.189  1.494 0.1000000015
16157  -45.830  -70.555  0.991 0.1000000015
16871  -47.067  -69.349  12.391 0.2000000030
16872  -47.412  -69.285  12.348 0.2000000030
16888  -47.719  -68.605  11.800 0.3000000119
16902  -48.234  -68.115  9.256 0.5000000000
16918  -39.977  -68.303  9.579 0.2000000030
16919  -41.222  -68.242  9.936 0.3000000119
16925  -47.804  -68.480  9.004 0.5000000000
17009  -38.398  -68.395  3.256 0.1000000015
17020  -38.574  -68.765  3.099 0.1000000015
17021  -38.956  -68.596  2.935 0.1000000015
17038  -45.441  -69.046  1.422 0.1000000015
17673  -48.754  -67.414  19.906 0.3000000119
17674  -48.945  -67.364  20.051 0.3000000119
17685  -49.073  -67.310  19.656 0.3000000119
17742  -46.603  -67.473  11.783 0.3000000119
17776  -44.567  -66.970  9.960 0.5000000000
17777  -48.271  -67.924  9.120 0.6000000238
17778  -48.514  -67.960  9.311 0.4000000060
17779  -50.128  -67.528  10.165 0.4000000060
17801  -43.606  -67.870  9.645 0.4000000060
17808  -50.360  -67.130  10.104 0.5000000000
17819  -46.033  -68.401  8.710 0.5000000000
17887  -44.696  -67.773  1.946 0.1000000015
17899  -44.302  -67.298  1.870 0.1000000015
17900  -44.662  -67.209  1.910 0.1000000015
17902  -47.040  -67.396  1.909 0.1000000015
18537  -45.949  -66.180  21.526 0.2000000030
18638  -50.429  -66.147  11.685 0.3000000119
18651  -41.800  -66.081  11.282 0.4000000060
18653  -47.618  -66.996  11.744 0.3000000119
18657  -51.232  -65.647  11.128 0.4000000060
18675  -50.737  -66.161  10.593 0.3000000119
18698  -50.492  -66.475  10.025 0.4000000060
18784  -40.288  -66.144  3.060 0.1000000015
18791  -40.674  -66.671  2.663 0.1000000015
18796  -46.421  -67.013  2.403 0.1000000015
18802  -44.392  -67.050  1.858 0.1000000015
19442  -50.870  -64.984  24.094 0.1000000015
19473  -46.402  -66.118  22.021 0.2000000030
19551  -44.499  -64.647  15.804 0.3000000119
19593  -44.892  -65.978  13.036 0.2000000030
19599  -50.868  -65.440  12.026 0.3000000119
19615  -50.162  -66.225  11.827 0.3000000119
19640  -49.454  -65.446  10.143 0.4000000060
19643  -51.195  -65.486  10.926 0.4000000060
19657  -46.323  -66.289  9.426 0.6000000238
19728  -40.065  -65.429  3.207 0.1000000015
19735  -40.689  -65.807  2.948 0.1000000015
19741  -47.026  -66.173  2.427 0.1000000015
19746  -47.284  -66.326  2.118 0.1000000015
20470  -38.319  -63.885  17.901 0.1000000015
20488  -44.958  -64.942  17.431 0.3000000119
20504  -44.008  -64.239  16.400 0.3000000119
20507  -51.232  -64.757  15.747 0.3000000119
20517  -44.224  -64.404  16.127 0.3000000119
20519  -51.535  -64.668  15.144 0.4000000060
20527  -51.495  -64.475  14.489 0.4000000060
20540  -47.134  -63.879  11.321 0.4000000060
20550  -40.518  -64.518  12.076 0.2000000030
20582  -50.724  -64.985  10.847 0.4000000060
20661  -39.437  -64.822  3.684 0.1000000015
20670  -42.176  -65.269  2.710 0.1000000015
20672  -44.054  -64.897  2.490 0.1000000015
21429  -51.184  -63.722  23.729 0.3000000119
21467  -41.997  -62.891  19.066 0.1000000015
21482  -39.814  -63.008  17.929 0.1000000015
21514  -43.614  -63.901  16.627 0.3000000119
21522  -43.341  -63.691  15.946 0.3000000119
21570  -50.328  -63.987  12.014 0.5000000000
21653  -44.120  -63.125  4.109 0.1000000015
21679  -46.051  -63.789  2.781 0.1000000015
21680  -46.922  -64.529  2.688 0.1000000015
21698  -47.953  -64.252  2.465 0.1000000015
22438  -51.020  -62.698  23.626 0.1000000015
22459  -48.912  -62.649  22.322 0.2000000030
22478  -48.981  -62.315  22.379 0.2000000030
22487  -42.238  -62.938  19.724 0.1000000015
22494  -39.952  -62.708  18.868 0.1000000015
22496  -41.691  -62.735  19.234 0.1000000015
22497  -42.071  -62.824  19.506 0.1000000015
22505  -40.373  -62.748  18.232 0.1000000015
22506  -41.184  -62.646  18.452 0.1000000015
22517  -40.473  -62.775  17.853 0.1000000015
22559  -42.327  -62.425  12.435 0.3000000119
22659  -43.690  -62.804  4.748 0.1000000015
22672  -45.734  -62.958  3.252 0.1000000015
22676  -49.838  -61.859  3.446 0.1000000015
22677  -50.117  -61.755  3.442 0.1000000015
22696  -46.786  -62.781  2.748 0.1000000015
22698  -48.695  -62.539  2.995 0.1000000015
22700  -50.246  -61.893  3.283 0.1000000015
22715  -46.706  -63.620  2.641 0.1000000015
22718  -48.369  -62.814  2.233 0.1000000015
22719  -50.107  -62.190  2.726 0.1000000015
22730  -48.395  -63.635  2.164 0.1000000015
23511  -44.929  -60.949  19.699 0.1000000015
23680  -44.284  -61.504  5.289 0.1000000015
23681  -45.043  -61.670  5.274 0.1000000015
23694  -45.427  -61.479  4.956 0.1000000015
23695  -46.183  -61.556  4.432 0.1000000015
23711  -45.880  -62.743  3.244 0.1000000015
23712  -46.082  -62.630  3.336 0.1000000015
23715  -49.407  -61.358  3.528 0.1000000015
23716  -50.201  -61.476  3.397 0.1000000015
23740  -46.147  -62.763  3.040 0.1000000015
23741  -46.334  -62.635  3.196 0.1000000015
23743  -49.343  -62.589  2.517 0.1000000015
23744  -50.630  -61.472  3.157 0.1000000015
23765  -49.919  -61.968  2.181 0.1000000015
23766  -50.604  -61.461  2.689 0.1000000015
23779  -49.103  -62.011  1.403 0.1000000015
24495  -48.904  -60.989  22.722 0.1000000015
24691  -44.591  -60.589  4.536 0.1000000015
24716  -50.633  -61.104  3.360 0.1000000015
24740  -50.715  -60.354  3.325 0.1000000015
24741  -50.865  -60.681  3.015 0.1000000015
24760  -49.932  -61.293  1.810 0.1000000015
24773  -49.196  -61.165  1.246 0.1000000015
25685  -47.028  -60.272  2.718 0.1000000015
25687  -50.471  -60.252  3.355 0.1000000015
25706  -47.429  -59.775  2.495 0.1000000015
25708  -50.670  -59.981  3.081 0.1000000015
25723  -49.618  -59.199  2.219 0.1000000015
25745  -47.796  -59.892  -0.124 0.1000000015
26486  -45.760  -58.749  20.632 0.1000000015
26752  -46.645  -57.948  1.618 0.1000000015
26754  -48.645  -58.788  1.786 0.1000000015
26757  -52.018  -58.315  1.854 0.1000000015
26758  -52.012  -58.089  1.675 0.1000000015
26771  -48.646  -58.718  0.292 0.1000000015
26774  -51.882  -58.290  1.609 0.1000000015
27767  -45.687  -57.461  2.042 0.1000000015
27784  -46.301  -57.532  1.748 0.1000000015
27789  -51.936  -57.901  2.158 0.1000000015
27790  -52.058  -57.912  1.800 0.1000000015
28561  -43.749  -56.182  18.431 0.1000000015
28595  -50.481  -56.881  17.498 0.1000000015
28610  -41.754  -55.831  16.841 0.1000000015
28641  -39.391  -57.380  13.626 0.1000000015
28783  -50.328  -56.215  2.095 0.1000000015
28796  -46.594  -56.896  1.768 0.1000000015
28801  -51.950  -57.580  1.875 0.1000000015
28853  -50.913  -55.672  -1.240 0.1000000015
28854  -51.274  -55.279  -1.107 0.1000000015
29576  -44.995  -55.846  18.108 0.1000000015
29590  -42.514  -55.393  17.189 0.1000000015
29591  -43.019  -55.397  17.536 0.1000000015
29597  -48.470  -56.055  17.580 0.1000000015
29614  -41.550  -55.585  16.445 0.1000000015
29634  -40.670  -56.175  15.429 0.1000000015
29805  -48.478  -55.098  3.206 0.1000000015
29838  -50.098  -55.477  1.837 0.1000000015
29872  -51.695  -54.282  -0.961 0.1000000015
29889  -50.778  -54.905  -1.603 0.1000000015
29891  -51.881  -54.082  -1.147 0.1000000015
30855  -47.368  -54.004  2.742 0.1000000015
30872  -47.380  -54.023  2.405 0.1000000015
30906  -50.774  -53.730  -0.586 0.1000000015
30908  -51.870  -53.789  -1.000 0.1000000015
30924  -51.701  -53.878  -1.375 0.1000000015
30925  -51.871  -53.822  -1.242 0.1000000015
31940  -46.654  -53.512  3.514 0.1000000015
31999  -50.780  -52.827  -0.622 0.1000000015
32000  -51.189  -52.916  -0.753 0.1000000015
32001  -51.603  -53.116  -0.929 0.1000000015
32013  -51.696  -53.316  -1.152 0.1000000015
32958  -44.581  -52.888  12.753 0.1000000015
33079  -45.537  -52.586  3.490 0.1000000015
33097  -46.237  -52.967  2.531 0.1000000015
33110  -46.627  -52.648  1.624 0.1000000015
33122  -48.580  -52.321  0.487 0.1000000015
33124  -50.083  -52.207  -0.269 0.1000000015
33137  -50.799  -51.911  -0.710 0.1000000015
33139  -51.647  -52.524  -0.986 0.1000000015
33152  -51.439  -52.605  -1.224 0.1000000015
34204  -45.808  -51.443  2.952 0.1000000015
34221  -46.447  -51.473  2.184 0.1000000015
34223  -48.268  -50.544  1.847 0.1000000015
34262  -51.034  -51.882  -1.162 0.1000000015
34263  -51.315  -51.891  -1.002 0.1000000015
34264  -51.537  -52.057  -0.903 0.1000000015
34274  -51.248  -52.029  -1.244 0.1000000015
34275  -51.472  -52.105  -1.105 0.1000000015
35270  -45.366  -49.563  4.838 0.1000000015
35291  -48.105  -49.415  2.664 0.1000000015
35321  -48.548  -50.363  1.747 0.1000000015
