#!ascii label  , from subject 3160 vox2ras=TkReg
700
122902  41.030  23.672  38.686 0.0000000000
119412  42.647  19.157  35.709 0.0000000000
123909  42.529  24.342  29.185 0.0000000000
115580  49.190  14.660  31.362 0.0000000000
118503  41.040  18.249  41.060 0.0000000000
124695  47.102  25.520  32.657 0.0000000000
116627  46.505  16.733  32.424 0.0000000000
119482  39.584  19.350  27.305 0.0000000000
122919  46.674  22.649  36.553 0.0000000000
121145  44.526  21.002  40.637 0.0000000000
116574  43.012  16.077  39.035 0.0000000000
123030  41.899  22.825  23.736 0.0000000000
119486  42.426  18.793  26.243 0.0000000000
122030  42.440  22.334  33.258 0.0000000000
119461  45.370  18.730  29.805 0.0000000000
122088  39.513  22.335  26.041 0.0000000000
123797  45.840  23.860  41.109 0.0000000000
122873  43.041  22.997  40.272 0.0000000000
117571  42.083  17.334  40.429 0.0000000000
124760  45.304  25.240  27.705 0.0000000000
123949  45.393  24.236  25.582 0.0000000000
123012  41.944  23.895  26.119 0.0000000000
121243  41.008  20.991  25.790 0.0000000000
121232  41.478  21.208  27.650 0.0000000000
121176  44.460  21.288  36.355 0.0000000000
122938  44.737  23.167  35.088 0.0000000000
120305  42.729  20.520  34.163 0.0000000000
117644  49.948  17.578  30.558 0.0000000000
118558  46.580  18.868  31.299 0.0000000000
117657  47.908  17.274  29.780 0.0000000000
116673  45.682  16.914  28.198 0.0000000000
115581  46.872  15.158  30.671 0.0000000000
112445  46.052  12.520  32.695 0.0000000000
121997  39.034  22.445  39.565 0.0000000000
121149  41.104  21.214  40.435 0.0000000000
124726  45.035  25.667  30.405 0.0000000000
116591  43.341  16.662  35.475 0.0000000000
117598  43.374  17.947  33.809 0.0000000000
115539  46.297  15.190  34.450 0.0000000000
115553  48.935  15.534  33.413 0.0000000000
122910  49.242  23.717  38.278 0.0000000000
122899  47.769  23.989  39.443 0.0000000000
122001  45.299  23.062  38.804 0.0000000000
121172  42.835  20.953  37.976 0.0000000000
120265  42.514  20.137  40.805 0.0000000000
119395  42.683  19.473  39.859 0.0000000000
117579  42.457  17.459  37.568 0.0000000000
115523  44.034  15.833  37.872 0.0000000000
122875  36.389  23.057  39.860 0.0000000000
123984  44.050  24.926  21.983 0.0000000000
123976  41.587  24.211  23.018 0.0000000000
121248  40.431  21.390  25.350 0.0000000000
118604  40.800  18.576  26.018 0.0000000000
116668  42.683  17.255  28.948 0.0000000000
122935  47.541  23.437  35.145 0.0000000000
124682  44.322  25.179  33.413 0.0000000000
123883  42.651  24.300  31.320 0.0000000000
119423  43.423  19.370  32.580 0.0000000000
120335  43.983  20.313  31.479 0.0000000000
121220  42.032  21.266  29.813 0.0000000000
119471  43.448  18.600  27.892 0.0000000000
116675  43.819  16.682  28.180 0.0000000000
123007  39.717  23.241  26.893 0.0000000000
123014  40.350  23.662  25.161 0.0000000000
123810  43.557  23.855  39.790 0.0000000000
122887  42.535  23.342  39.733 0.0000000000
123908  43.232  24.770  28.685 0.0000000000
124762  43.565  25.118  26.972 0.0000000000
123005  41.965  23.914  27.488 0.0000000000
123006  41.482  23.101  27.074 0.0000000000
122075  41.354  22.388  28.216 0.0000000000
120296  44.039  20.718  36.072 0.0000000000
121185  43.604  20.772  35.172 0.0000000000
119411  42.954  19.510  35.140 0.0000000000
116650  50.361  16.532  30.305 0.0000000000
117656  49.068  17.427  29.852 0.0000000000
116661  48.873  16.806  29.451 0.0000000000
115602  47.703  15.939  29.576 0.0000000000
114527  48.097  14.971  30.719 0.0000000000
113462  47.352  13.891  31.675 0.0000000000
114517  48.243  14.372  31.509 0.0000000000
121151  38.501  21.493  40.135 0.0000000000
124725  46.191  25.999  30.576 0.0000000000
124712  45.399  26.030  31.566 0.0000000000
115526  44.914  15.292  36.784 0.0000000000
116597  44.582  15.853  34.615 0.0000000000
115529  46.035  14.730  35.474 0.0000000000
114464  48.318  15.090  34.254 0.0000000000
158242  50.324  14.547  33.869 0.0000000000
115552  50.956  15.048  33.345 0.0000000000
121131  45.417  21.960  41.224 0.0000000000
121965  46.670  22.776  41.155 0.0000000000
121157  45.094  21.622  40.062 0.0000000000
121165  43.981  21.800  38.473 0.0000000000
121159  43.577  20.843  39.727 0.0000000000
119387  40.766  19.468  40.552 0.0000000000
121148  42.001  20.975  40.620 0.0000000000
119386  41.846  19.235  40.549 0.0000000000
116572  42.340  16.228  39.829 0.0000000000
118510  42.189  18.421  40.119 0.0000000000
117574  42.150  17.447  39.473 0.0000000000
118514  42.279  18.473  37.996 0.0000000000
116578  42.365  16.995  38.146 0.0000000000
116577  43.059  16.507  38.002 0.0000000000
115517  43.882  15.824  38.741 0.0000000000
115491  46.387  15.271  40.108 0.0000000000
123962  43.557  24.248  23.857 0.0000000000
123961  45.089  24.359  24.181 0.0000000000
123974  43.250  24.352  22.507 0.0000000000
123986  42.663  24.894  21.962 0.0000000000
123039  41.846  23.252  23.012 0.0000000000
122105  40.833  22.528  23.422 0.0000000000
122104  41.216  22.364  23.316 0.0000000000
119487  42.081  19.205  26.028 0.0000000000
119495  40.974  19.384  25.345 0.0000000000
118603  41.644  18.524  25.963 0.0000000000
118595  41.719  18.453  26.873 0.0000000000
117679  42.500  18.241  27.261 0.0000000000
122918  47.761  22.746  36.578 0.0000000000
122924  48.854  22.654  36.044 0.0000000000
122014  47.162  22.520  35.762 0.0000000000
122940  42.415  22.816  34.264 0.0000000000
123854  44.034  23.812  34.386 0.0000000000
123860  43.080  23.882  33.164 0.0000000000
123868  42.764  24.321  32.426 0.0000000000
122039  42.685  22.448  32.317 0.0000000000
116629  44.484  17.381  32.710 0.0000000000
117606  43.640  18.061  32.950 0.0000000000
117619  45.194  17.995  32.394 0.0000000000
119449  46.068  19.112  30.402 0.0000000000
120333  45.339  19.931  31.403 0.0000000000
120345  44.747  20.258  30.875 0.0000000000
120347  42.748  20.461  30.336 0.0000000000
119452  43.403  19.815  29.901 0.0000000000
119464  43.022  19.782  29.135 0.0000000000
119463  43.839  19.000  28.920 0.0000000000
116664  45.393  15.980  28.889 0.0000000000
116674  44.755  16.788  28.116 0.0000000000
115604  44.698  15.161  29.373 0.0000000000
115596  43.597  15.141  29.933 0.0000000000
125456  48.022  25.760  34.557 0.0000000000
121238  39.004  21.157  27.431 0.0000000000
121244  39.300  21.254  26.465 0.0000000000
123824  45.813  24.729  39.364 0.0000000000
123809  44.744  23.891  40.282 0.0000000000
122871  44.774  23.087  40.904 0.0000000000
121968  44.426  21.821  41.320 0.0000000000
117572  41.553  17.309  41.006 0.0000000000
123938  45.300  24.661  26.718 0.0000000000
123939  43.473  24.673  25.644 0.0000000000
123020  41.990  23.118  24.750 0.0000000000
123021  41.585  22.417  24.698 0.0000000000
123013  41.426  22.638  25.751 0.0000000000
121237  41.304  20.961  26.599 0.0000000000
120372  42.360  19.445  26.606 0.0000000000
122010  46.060  22.056  36.487 0.0000000000
121182  46.152  21.922  35.630 0.0000000000
121183  45.604  21.757  35.604 0.0000000000
121192  43.730  21.727  34.959 0.0000000000
121194  42.528  21.403  33.708 0.0000000000
116641  47.773  17.013  31.969 0.0000000000
117635  46.351  18.647  31.888 0.0000000000
118557  47.297  18.135  31.206 0.0000000000
118566  47.098  18.279  30.733 0.0000000000
117648  46.473  18.158  29.828 0.0000000000
118576  45.535  18.447  28.951 0.0000000000
117658  46.872  17.594  29.213 0.0000000000
116652  46.569  15.826  29.402 0.0000000000
115582  46.278  14.742  30.828 0.0000000000
113441  46.864  12.476  32.824 0.0000000000
122890  39.487  23.116  39.247 0.0000000000
122889  40.533  23.007  39.290 0.0000000000
121161  39.482  21.731  39.809 0.0000000000
120277  39.757  21.168  39.868 0.0000000000
118504  40.045  18.801  40.962 0.0000000000
124750  46.535  25.639  28.604 0.0000000000
124741  44.768  25.573  29.293 0.0000000000
123895  43.204  24.840  29.661 0.0000000000
117592  42.651  17.573  35.567 0.0000000000
118524  42.738  18.514  35.228 0.0000000000
116598  43.748  16.993  34.203 0.0000000000
116612  44.535  16.616  33.362 0.0000000000
116611  45.750  15.949  33.460 0.0000000000
114466  47.112  14.529  35.182 0.0000000000
115555  47.504  15.497  33.675 0.0000000000
116609  47.935  16.128  33.163 0.0000000000
117615  49.563  16.731  32.045 0.0000000000
116648  51.515  16.133  31.588 0.0000000000
115578  51.139  14.906  31.490 0.0000000000
114516  49.664  13.885  32.134 0.0000000000
123839  48.780  24.006  38.682 0.0000000000
122912  46.896  23.346  37.376 0.0000000000
123795  47.404  24.429  40.875 0.0000000000
122884  47.185  23.525  40.082 0.0000000000
122004  46.185  23.218  37.384 0.0000000000
122006  44.706  22.403  37.982 0.0000000000
121177  43.746  21.284  36.674 0.0000000000
120290  42.692  19.881  37.035 0.0000000000
121982  42.189  21.746  40.459 0.0000000000
121147  42.995  21.084  41.145 0.0000000000
120253  43.913  20.375  41.204 0.0000000000
118502  41.898  18.283  40.576 0.0000000000
119385  42.873  19.470  40.713 0.0000000000
120275  43.750  20.259  40.178 0.0000000000
120281  42.739  20.274  38.994 0.0000000000
119399  42.332  19.344  37.423 0.0000000000
118519  42.167  18.418  36.953 0.0000000000
117584  43.011  16.854  36.672 0.0000000000
115527  44.218  15.591  37.199 0.0000000000
115522  45.054  15.582  37.775 0.0000000000
115505  44.618  15.263  39.313 0.0000000000
115515  45.924  15.399  38.609 0.0000000000
122891  38.447  23.198  39.222 0.0000000000
121984  37.331  22.615  39.843 0.0000000000
121154  35.504  21.512  40.501 0.0000000000
123983  46.607  24.580  22.772 0.0000000000
125553  43.439  26.324  21.845 0.0000000000
123022  40.208  23.288  24.349 0.0000000000
121254  40.129  21.905  24.820 0.0000000000
120374  39.600  20.336  25.906 0.0000000000
121247  40.833  21.592  25.088 0.0000000000
119496  40.139  19.399  25.431 0.0000000000
118597  39.816  18.942  26.551 0.0000000000
124672  46.614  25.164  34.667 0.0000000000
122937  45.815  23.451  34.995 0.0000000000
124673  45.852  25.091  34.580 0.0000000000
124681  45.415  25.569  33.819 0.0000000000
124697  44.752  25.714  32.609 0.0000000000
123882  43.246  24.921  30.745 0.0000000000
123896  42.443  24.420  30.275 0.0000000000
118532  42.867  18.746  34.357 0.0000000000
119418  42.639  19.876  33.664 0.0000000000
120313  42.853  20.633  33.286 0.0000000000
118560  45.186  19.328  31.821 0.0000000000
120323  44.131  20.142  32.070 0.0000000000
121208  42.853  21.548  31.831 0.0000000000
122048  42.439  22.466  31.318 0.0000000000
122056  41.980  22.427  30.124 0.0000000000
122066  41.405  22.104  29.360 0.0000000000
121227  41.541  21.267  28.911 0.0000000000
120366  42.457  19.703  27.610 0.0000000000
119479  43.198  18.345  27.571 0.0000000000
117660  44.968  18.297  27.642 0.0000000000
117670  44.117  17.607  27.648 0.0000000000
117677  43.391  17.807  27.620 0.0000000000
116676  43.112  16.889  28.528 0.0000000000
112446  45.358  12.819  32.554 0.0000000000
123941  40.454  24.284  25.910 0.0000000000
123828  41.579  24.485  38.362 0.0000000000
122901  41.943  23.652  38.899 0.0000000000
123919  42.506  24.732  28.051 0.0000000000
122998  41.951  23.721  28.611 0.0000000000
122999  41.662  23.258  28.000 0.0000000000
119404  42.931  19.823  35.873 0.0000000000
120297  43.491  20.404  35.588 0.0000000000
115591  50.255  15.720  30.727 0.0000000000
116651  49.752  16.394  29.846 0.0000000000
115592  48.819  15.539  30.367 0.0000000000
124679  47.862  25.593  33.557 0.0000000000
124711  46.601  25.831  31.688 0.0000000000
115530  45.147  15.285  35.715 0.0000000000
115525  45.917  14.785  36.472 0.0000000000
158237  49.245  14.502  34.616 0.0000000000
121144  45.133  21.599  40.591 0.0000000000
121158  44.383  21.223  39.843 0.0000000000
120266  41.455  20.257  40.492 0.0000000000
116575  42.434  16.766  38.795 0.0000000000
117576  42.252  17.606  38.492 0.0000000000
123963  42.611  23.520  24.095 0.0000000000
123029  42.468  23.759  23.221 0.0000000000
123038  42.546  23.682  22.475 0.0000000000
122103  41.537  22.556  23.477 0.0000000000
119493  42.080  18.904  25.871 0.0000000000
118594  42.464  18.388  26.676 0.0000000000
122008  47.257  22.372  36.003 0.0000000000
122031  41.264  22.179  33.702 0.0000000000
122945  42.394  23.052  33.779 0.0000000000
122953  42.734  23.246  32.804 0.0000000000
116628  45.398  16.986  32.559 0.0000000000
119450  45.408  19.388  30.481 0.0000000000
119451  44.330  19.587  30.132 0.0000000000
119462  44.840  18.849  29.481 0.0000000000
115595  45.554  14.937  29.901 0.0000000000
114535  44.358  14.867  29.667 0.0000000000
122082  39.245  22.156  27.280 0.0000000000
123825  44.827  24.572  39.376 0.0000000000
123826  43.737  24.476  39.307 0.0000000000
122886  43.269  23.453  40.123 0.0000000000
122885  44.007  23.476  40.369 0.0000000000
122872  43.735  22.939  40.581 0.0000000000
121979  44.852  22.733  41.295 0.0000000000
121980  44.187  22.284  41.167 0.0000000000
124759  46.157  25.267  27.788 0.0000000000
123926  45.803  24.908  27.166 0.0000000000
123927  45.241  24.954  27.233 0.0000000000
123929  42.870  24.325  26.994 0.0000000000
123928  43.305  24.756  26.350 0.0000000000
123940  42.794  24.450  26.028 0.0000000000
123951  42.855  24.120  25.038 0.0000000000
122081  41.392  21.983  26.875 0.0000000000
120367  41.928  20.310  27.076 0.0000000000
121175  45.403  21.525  36.110 0.0000000000
121193  43.216  21.294  34.623 0.0000000000
117632  49.250  17.230  31.560 0.0000000000
117633  47.786  17.259  31.408 0.0000000000
117645  49.091  17.584  30.519 0.0000000000
117646  47.828  17.494  30.493 0.0000000000
117647  47.112  17.904  30.086 0.0000000000
115593  47.517  15.233  30.294 0.0000000000
115603  47.011  15.746  29.553 0.0000000000
115594  46.541  15.454  30.068 0.0000000000
114506  47.806  13.518  32.135 0.0000000000
158246  47.200  13.389  31.946 0.0000000000
121996  40.008  22.306  39.597 0.0000000000
120268  39.192  20.840  40.171 0.0000000000
119388  39.676  19.734  40.367 0.0000000000
124740  45.802  25.815  29.479 0.0000000000
124742  43.953  25.116  29.004 0.0000000000
124727  43.912  25.545  30.065 0.0000000000
116592  42.703  16.995  35.891 0.0000000000
115540  45.463  15.293  34.916 0.0000000000
116596  45.498  15.568  34.360 0.0000000000
114457  46.913  14.333  36.212 0.0000000000
158247  48.931  15.265  34.149 0.0000000000
114495  47.843  15.251  34.001 0.0000000000
115554  48.198  15.621  33.536 0.0000000000
116608  48.445  15.833  33.102 0.0000000000
116625  48.909  16.388  32.576 0.0000000000
115568  49.970  15.742  33.117 0.0000000000
115565  51.971  15.268  32.887 0.0000000000
116622  51.655  15.605  32.556 0.0000000000
115577  51.870  15.364  31.923 0.0000000000
115589  51.431  15.925  31.303 0.0000000000
114514  51.683  14.319  32.395 0.0000000000
114515  50.978  13.772  31.936 0.0000000000
124621  47.424  24.861  39.488 0.0000000000
123822  48.170  24.441  38.865 0.0000000000
122911  48.097  23.916  37.983 0.0000000000
123808  45.816  24.345  40.243 0.0000000000
123796  46.666  24.496  41.036 0.0000000000
123785  46.627  24.076  41.378 0.0000000000
121977  46.662  22.760  40.536 0.0000000000
121990  46.346  23.140  39.487 0.0000000000
122000  46.234  23.258  38.200 0.0000000000
122005  45.662  22.739  37.348 0.0000000000
121171  43.342  21.311  37.553 0.0000000000
120289  43.184  20.516  36.594 0.0000000000
120283  42.864  20.855  37.397 0.0000000000
121995  41.165  22.150  40.023 0.0000000000
121983  41.609  21.536  40.419 0.0000000000
121134  43.534  20.674  41.339 0.0000000000
120254  43.265  20.131  41.334 0.0000000000
119384  43.475  19.745  40.582 0.0000000000
119394  43.268  19.900  40.213 0.0000000000
120276  43.116  20.102  39.847 0.0000000000
117585  42.516  17.382  36.476 0.0000000000
117578  42.977  16.938  37.104 0.0000000000
116584  43.402  16.138  36.795 0.0000000000
114436  45.257  14.912  39.897 0.0000000000
115504  45.678  15.231  39.477 0.0000000000
115503  46.660  15.383  39.494 0.0000000000
122905  37.954  23.956  38.768 0.0000000000
122892  37.238  23.538  39.517 0.0000000000
122874  36.961  22.926  39.884 0.0000000000
121985  36.826  22.455  40.201 0.0000000000
123973  44.631  24.931  23.072 0.0000000000
123972  46.238  24.382  23.247 0.0000000000
124797  45.947  25.130  22.807 0.0000000000
124798  44.469  25.381  22.597 0.0000000000
125547  44.787  25.764  23.050 0.0000000000
124806  43.875  25.677  21.917 0.0000000000
124799  42.151  24.841  22.162 0.0000000000
123965  40.737  23.855  23.760 0.0000000000
121258  40.855  22.233  23.709 0.0000000000
122099  40.345  22.593  24.056 0.0000000000
121249  39.810  21.441  25.516 0.0000000000
120379  40.037  20.464  25.490 0.0000000000
122092  41.252  21.865  25.134 0.0000000000
120377  41.085  20.157  25.490 0.0000000000
118612  40.881  18.798  25.488 0.0000000000
118613  40.391  18.807  25.616 0.0000000000
118605  40.024  18.751  25.966 0.0000000000
118596  40.467  18.718  26.935 0.0000000000
117672  42.394  17.664  28.089 0.0000000000
122916  49.824  23.773  37.491 0.0000000000
122934  48.465  23.285  35.343 0.0000000000
122933  49.341  23.183  35.476 0.0000000000
123850  48.127  24.095  34.829 0.0000000000
123851  47.150  24.221  34.722 0.0000000000
122928  45.629  22.676  35.217 0.0000000000
122927  46.329  22.743  35.267 0.0000000000
123858  44.124  24.584  33.970 0.0000000000
123853  45.128  24.357  34.428 0.0000000000
123857  44.774  24.882  33.836 0.0000000000
123867  43.287  24.809  31.698 0.0000000000
122979  42.384  23.472  30.752 0.0000000000
117591  43.076  17.717  34.754 0.0000000000
118550  43.846  18.775  32.512 0.0000000000
118541  43.050  18.856  33.239 0.0000000000
119424  42.782  19.776  32.841 0.0000000000
119433  43.576  19.935  32.398 0.0000000000
118559  45.732  19.136  31.746 0.0000000000
120334  44.862  20.130  31.600 0.0000000000
120324  43.223  20.571  32.264 0.0000000000
120336  43.078  20.685  31.300 0.0000000000
121215  42.367  21.403  30.878 0.0000000000
122057  41.697  21.858  29.775 0.0000000000
121226  41.963  20.855  29.298 0.0000000000
119472  43.030  19.297  28.216 0.0000000000
120360  42.418  19.970  28.597 0.0000000000
118585  45.571  17.950  28.399 0.0000000000
118586  45.292  18.242  28.228 0.0000000000
117669  45.183  17.837  27.761 0.0000000000
117671  43.297  17.400  27.896 0.0000000000
116666  43.506  16.070  28.934 0.0000000000
115606  43.279  15.605  29.681 0.0000000000
113451  45.194  13.560  32.204 0.0000000000
123015  39.903  23.358  25.729 0.0000000000
123827  42.632  24.259  39.195 0.0000000000
123811  42.949  23.801  39.772 0.0000000000
121993  42.698  22.816  40.186 0.0000000000
124752  44.613  25.404  28.305 0.0000000000
124761  44.602  25.231  27.292 0.0000000000
124754  43.003  25.253  27.705 0.0000000000
124763  42.958  24.818  27.403 0.0000000000
120304  43.244  20.289  34.852 0.0000000000
117654  50.308  17.659  30.160 0.0000000000
116660  49.893  17.208  29.613 0.0000000000
116662  47.701  16.760  29.511 0.0000000000
115601  48.297  16.273  29.674 0.0000000000
114518  47.178  14.707  31.209 0.0000000000
114528  47.770  14.889  30.968 0.0000000000
121163  38.217  21.888  39.878 0.0000000000
121162  38.734  21.922  39.865 0.0000000000
124724  47.470  25.833  30.780 0.0000000000
116590  44.111  15.645  35.976 0.0000000000
114465  47.958  14.475  34.648 0.0000000000
158239  49.180  14.294  35.334 0.0000000000
158248  49.787  15.176  33.853 0.0000000000
114493  51.971  14.868  33.625 0.0000000000
123806  47.569  24.470  39.804 0.0000000000
122858  45.719  23.272  41.488 0.0000000000
122857  46.655  23.508  41.348 0.0000000000
121966  45.985  22.637  41.423 0.0000000000
121978  45.990  22.271  40.931 0.0000000000
121991  45.452  22.399  40.057 0.0000000000
122002  44.625  22.289  39.268 0.0000000000
121992  44.938  21.802  39.856 0.0000000000
121166  43.188  21.133  38.898 0.0000000000
120267  40.343  20.591  40.176 0.0000000000
118512  42.112  18.497  39.088 0.0000000000
114435  45.719  15.081  39.944 0.0000000000
115490  47.346  15.420  40.497 0.0000000000
123950  44.142  24.286  25.098 0.0000000000
123975  42.450  24.028  22.014 0.0000000000
123040  41.168  23.059  23.253 0.0000000000
123977  40.923  23.358  23.369 0.0000000000
121257  40.973  22.125  23.385 0.0000000000
121252  40.995  22.017  23.812 0.0000000000
120373  41.691  20.010  26.081 0.0000000000
119494  41.660  19.280  25.659 0.0000000000
118611  41.554  18.871  25.616 0.0000000000
122917  49.031  23.046  37.132 0.0000000000
122925  47.717  22.873  35.814 0.0000000000
122939  43.576  23.029  34.548 0.0000000000
123855  43.469  23.560  34.242 0.0000000000
123859  43.330  23.962  33.815 0.0000000000
124683  43.526  24.735  33.449 0.0000000000
124698  43.589  25.106  32.613 0.0000000000
124699  43.147  24.546  33.044 0.0000000000
122967  42.468  23.448  31.866 0.0000000000
116613  43.785  17.302  33.180 0.0000000000
116630  43.979  17.655  32.766 0.0000000000
117620  44.330  18.123  32.577 0.0000000000
119441  46.149  19.256  30.782 0.0000000000
119442  45.715  19.536  31.228 0.0000000000
120344  45.343  20.084  31.121 0.0000000000
120346  43.778  20.326  30.668 0.0000000000
119453  42.824  20.016  29.764 0.0000000000
120354  42.358  20.349  29.455 0.0000000000
116665  44.339  15.865  28.685 0.0000000000
115605  43.992  15.262  29.561 0.0000000000
114530  43.738  14.499  30.013 0.0000000000
120368  39.127  20.334  27.069 0.0000000000
122870  45.383  23.340  41.288 0.0000000000
122859  45.155  23.039  41.419 0.0000000000
121967  45.046  22.406  41.432 0.0000000000
121132  44.516  21.309  41.094 0.0000000000
116568  41.902  16.437  40.913 0.0000000000
116571  42.829  15.649  39.459 0.0000000000
115506  43.578  15.370  39.464 0.0000000000
123937  46.269  24.493  26.522 0.0000000000
124771  44.559  24.815  26.366 0.0000000000
124779  44.451  24.585  25.701 0.0000000000
123031  41.755  22.552  24.222 0.0000000000
122087  41.309  21.649  25.994 0.0000000000
122009  46.809  22.219  36.147 0.0000000000
121174  46.200  21.795  35.914 0.0000000000
122017  45.170  22.054  35.132 0.0000000000
121184  44.306  21.336  35.523 0.0000000000
122024  44.143  22.214  35.006 0.0000000000
122025  43.185  22.252  34.637 0.0000000000
122026  42.189  22.268  34.075 0.0000000000
117617  47.170  17.453  32.118 0.0000000000
117618  46.242  17.863  32.149 0.0000000000
117634  47.140  18.326  31.905 0.0000000000
118567  46.511  18.666  30.462 0.0000000000
118568  45.924  18.656  29.928 0.0000000000
117659  46.219  18.228  29.264 0.0000000000
118575  46.105  17.956  28.716 0.0000000000
117667  46.253  17.385  28.539 0.0000000000
116663  46.625  16.470  28.871 0.0000000000
116653  46.115  15.794  29.441 0.0000000000
115569  45.888  14.447  31.061 0.0000000000
113450  46.343  13.543  32.078 0.0000000000
113463  46.845  14.111  31.572 0.0000000000
122903  39.971  23.775  38.749 0.0000000000
121160  40.318  21.507  39.913 0.0000000000
121150  39.089  21.506  40.079 0.0000000000
124751  45.506  25.555  28.507 0.0000000000
124739  46.967  25.954  29.579 0.0000000000
118525  42.335  18.416  35.998 0.0000000000
114480  47.142  14.798  34.457 0.0000000000
115556  46.659  15.508  33.674 0.0000000000
116610  46.998  16.168  33.199 0.0000000000
116626  47.621  16.764  32.437 0.0000000000
116640  48.289  17.056  32.059 0.0000000000
117614  49.853  16.714  31.699 0.0000000000
115567  50.785  15.649  32.774 0.0000000000
116639  50.280  16.590  31.673 0.0000000000
117630  50.405  16.689  31.096 0.0000000000
116649  50.667  16.397  30.969 0.0000000000
115590  51.128  15.784  30.982 0.0000000000
115579  50.021  14.825  31.438 0.0000000000
158254  49.563  12.682  32.836 0.0000000000
123823  46.413  24.930  39.342 0.0000000000
123807  46.777  24.616  39.979 0.0000000000
122883  47.700  23.946  40.566 0.0000000000
122869  47.306  23.295  40.971 0.0000000000
122900  47.096  23.648  38.802 0.0000000000
122913  46.239  23.029  36.906 0.0000000000
122920  46.108  22.593  36.699 0.0000000000
121169  45.146  21.860  36.900 0.0000000000
121170  44.170  21.794  37.233 0.0000000000
120288  43.912  20.919  36.332 0.0000000000
119405  42.585  19.382  36.492 0.0000000000
122888  41.576  23.032  39.395 0.0000000000
121994  42.190  22.579  40.091 0.0000000000
121981  43.081  22.261  40.631 0.0000000000
121146  43.546  21.711  41.155 0.0000000000
121133  43.886  21.289  41.323 0.0000000000
120252  44.225  20.726  41.133 0.0000000000
119374  43.686  19.701  41.042 0.0000000000
120264  44.034  20.015  40.814 0.0000000000
120274  44.177  20.579  40.536 0.0000000000
120280  43.250  20.510  39.569 0.0000000000
121167  42.724  20.728  38.402 0.0000000000
119397  42.248  19.448  38.515 0.0000000000
120284  42.487  20.341  37.737 0.0000000000
116585  42.975  16.791  36.266 0.0000000000
116583  44.088  15.599  36.682 0.0000000000
115521  46.316  15.100  37.561 0.0000000000
115516  44.866  15.550  38.628 0.0000000000
121998  38.066  22.431  39.614 0.0000000000
121152  37.595  21.790  40.124 0.0000000000
121986  35.902  22.393  40.244 0.0000000000
120271  36.090  20.758  40.244 0.0000000000
125549  43.144  26.685  22.648 0.0000000000
124815  43.354  25.880  21.510 0.0000000000
125554  42.870  26.545  21.919 0.0000000000
125550  42.413  26.525  22.632 0.0000000000
123953  40.816  24.557  24.871 0.0000000000
123023  40.174  23.133  24.996 0.0000000000
123032  40.472  23.075  23.559 0.0000000000
122093  40.108  22.822  24.367 0.0000000000
122094  40.013  22.563  24.864 0.0000000000
122098  41.386  22.231  23.993 0.0000000000
120378  40.573  20.297  25.465 0.0000000000
119488  39.709  19.471  26.293 0.0000000000
119481  40.147  18.995  27.587 0.0000000000
118588  41.349  18.385  27.665 0.0000000000
122923  49.701  23.507  36.314 0.0000000000
124670  48.757  24.918  34.926 0.0000000000
124671  47.560  25.286  34.569 0.0000000000
124680  46.674  25.835  33.817 0.0000000000
122015  46.663  22.201  35.676 0.0000000000
122926  47.021  22.846  35.447 0.0000000000
122936  46.702  23.450  34.971 0.0000000000
123852  46.238  24.232  34.667 0.0000000000
125457  46.350  25.818  34.457 0.0000000000
124696  45.989  25.863  32.694 0.0000000000
124713  44.120  25.505  31.392 0.0000000000
122989  41.873  23.710  29.750 0.0000000000
119417  42.806  19.680  34.377 0.0000000000
118533  42.746  19.286  33.838 0.0000000000
121200  42.772  21.505  32.780 0.0000000000
118548  45.713  18.544  32.060 0.0000000000
118549  44.873  18.889  32.121 0.0000000000
119432  44.219  19.591  32.271 0.0000000000
119443  45.285  19.644  31.599 0.0000000000
120322  44.564  19.945  32.014 0.0000000000
122065  41.558  22.956  29.141 0.0000000000
120361  41.949  20.492  28.125 0.0000000000
120355  41.998  20.561  28.898 0.0000000000
119480  42.823  18.763  27.224 0.0000000000
118577  44.869  18.508  28.155 0.0000000000
118578  44.097  18.347  27.911 0.0000000000
117661  44.683  18.226  27.578 0.0000000000
118587  43.566  18.093  27.658 0.0000000000
118593  42.994  18.169  27.438 0.0000000000
117678  42.889  17.944  27.488 0.0000000000
116677  42.828  17.107  28.755 0.0000000000
116667  42.732  16.524  29.394 0.0000000000
114505  48.704  13.398  32.423 0.0000000000
113461  47.800  13.924  31.763 0.0000000000
114479  47.592  14.986  34.137 0.0000000000
114494  48.050  15.397  33.904 0.0000000000
114504  52.160  14.505  33.073 0.0000000000
114536  44.173  14.723  29.790 0.0000000000
115492  45.936  15.194  39.997 0.0000000000
115537  48.492  15.403  33.946 0.0000000000
115538  46.968  15.039  33.952 0.0000000000
115551  51.813  15.209  33.352 0.0000000000
115566  51.460  15.388  32.864 0.0000000000
115570  45.716  14.249  31.147 0.0000000000
115583  45.670  14.321  30.744 0.0000000000
116623  51.226  15.994  32.417 0.0000000000
116624  50.216  16.335  32.268 0.0000000000
116637  51.704  15.916  32.197 0.0000000000
116638  50.899  16.530  31.711 0.0000000000
116659  50.398  17.301  30.093 0.0000000000
116672  46.123  17.050  28.311 0.0000000000
117616  47.466  17.059  31.963 0.0000000000
117631  50.133  16.944  31.227 0.0000000000
117643  50.318  17.150  30.586 0.0000000000
117655  49.996  17.907  29.824 0.0000000000
117668  45.715  17.454  28.297 0.0000000000
118542  42.747  19.425  33.405 0.0000000000
118584  45.883  17.691  28.481 0.0000000000
118602  42.101  18.656  25.913 0.0000000000
118610  41.887  18.891  25.769 0.0000000000
119375  43.511  19.798  41.200 0.0000000000
119431  44.836  19.610  31.894 0.0000000000
120263  44.306  20.571  40.976 0.0000000000
120278  39.396  21.320  39.965 0.0000000000
121186  40.363  21.751  34.992 0.0000000000
121187  39.811  21.982  35.042 0.0000000000
121195  40.549  21.684  34.165 0.0000000000
121196  40.004  21.807  34.356 0.0000000000
121201  40.542  21.926  33.773 0.0000000000
121202  40.270  21.820  33.897 0.0000000000
121221  41.618  21.625  29.502 0.0000000000
121253  40.641  22.053  24.438 0.0000000000
122016  45.975  22.135  35.378 0.0000000000
122018  41.513  22.333  34.842 0.0000000000
122019  40.957  22.281  35.314 0.0000000000
122020  40.315  22.472  35.123 0.0000000000
122027  41.091  21.838  34.589 0.0000000000
122028  39.953  22.556  34.481 0.0000000000
122032  40.367  22.327  33.839 0.0000000000
122074  41.601  23.099  28.517 0.0000000000
122097  41.590  22.453  23.700 0.0000000000
122100  40.283  22.298  24.514 0.0000000000
122856  47.032  24.032  41.458 0.0000000000
122868  47.390  23.967  41.261 0.0000000000
122929  41.839  22.650  34.556 0.0000000000
122930  41.559  22.807  35.038 0.0000000000
122931  40.894  23.050  35.289 0.0000000000
122941  41.437  23.211  34.569 0.0000000000
122942  40.449  23.243  34.631 0.0000000000
122944  43.059  23.277  34.088 0.0000000000
122946  40.939  22.915  34.060 0.0000000000
122947  40.260  22.984  34.023 0.0000000000
123041  40.775  22.972  23.314 0.0000000000
123784  47.113  24.295  41.338 0.0000000000
123786  46.212  23.730  41.380 0.0000000000
123798  45.289  23.479  40.950 0.0000000000
123838  49.184  23.895  38.834 0.0000000000
123918  42.969  25.251  28.169 0.0000000000
123985  43.193  24.859  21.906 0.0000000000
123990  43.527  25.374  21.823 0.0000000000
123991  43.195  25.493  21.698 0.0000000000
124684  43.259  24.311  33.371 0.0000000000
124753  43.633  25.409  28.034 0.0000000000
124772  43.905  25.101  25.998 0.0000000000
124780  44.019  24.719  25.563 0.0000000000
124805  46.533  24.815  22.770 0.0000000000
124807  42.934  25.346  21.822 0.0000000000
124816  42.874  25.876  21.419 0.0000000000
124817  42.679  26.041  21.754 0.0000000000
125458  46.168  25.451  34.670 0.0000000000
125465  46.059  25.934  34.088 0.0000000000
125466  45.861  25.730  34.439 0.0000000000
125548  43.981  26.187  22.611 0.0000000000
125555  42.487  26.230  22.079 0.0000000000
125561  43.067  26.355  21.343 0.0000000000
125562  42.783  26.265  21.632 0.0000000000
125563  42.659  26.265  21.860 0.0000000000
158241  51.168  14.371  33.572 0.0000000000
158249  48.578  15.274  34.156 0.0000000000
