#!ascii label  , from subject 3123 vox2ras=TkReg
2068
69865  -41.545  -33.805  15.985 0.0000000000
86791  -54.595  -20.305  14.798 0.0000000000
76036  -50.143  -29.732  13.064 0.0000000000
32622  -10.868  -61.588  32.623 0.0000000000
69808  -40.102  -33.262  20.412 0.0000000000
44144  -26.191  -54.176  33.808 0.0000000000
50709  -34.982  -48.353  33.464 0.0000000000
57448  -42.286  -44.056  25.559 0.0000000000
62602  -45.213  -39.130  23.953 0.0000000000
44263  -17.047  -53.976  27.187 0.0000000000
44117  -20.394  -53.667  34.211 0.0000000000
46831  -21.805  -52.495  28.157 0.0000000000
53411  -30.256  -46.304  27.116 0.0000000000
53460  -36.281  -47.034  26.369 0.0000000000
70999  -45.495  -33.798  21.245 0.0000000000
66251  -49.462  -36.531  18.497 0.0000000000
80244  -53.907  -25.540  12.968 0.0000000000
72290  -45.728  -31.935  13.888 0.0000000000
89157  -51.504  -18.559  9.046 0.0000000000
26729  -8.494  -65.210  31.537 0.0000000000
69719  -44.849  -33.234  24.527 0.0000000000
72216  -39.375  -31.600  18.850 0.0000000000
48190  -26.694  -50.741  26.174 0.0000000000
45457  -31.548  -53.302  32.024 0.0000000000
68721  -53.337  -34.521  15.002 0.0000000000
93943  -60.174  -14.317  5.529 0.0000000000
58776  -39.742  -43.250  23.413 0.0000000000
60067  -41.231  -41.479  22.467 0.0000000000
46828  -18.882  -52.435  27.850 0.0000000000
56176  -33.445  -45.700  23.746 0.0000000000
56200  -36.556  -45.141  23.333 0.0000000000
54806  -39.414  -46.313  25.776 0.0000000000
68661  -43.421  -34.517  18.451 0.0000000000
67452  -47.618  -35.973  20.139 0.0000000000
68677  -45.427  -35.477  17.161 0.0000000000
82979  -54.526  -22.974  14.033 0.0000000000
78744  -56.201  -26.625  17.119 0.0000000000
91419  -55.473  -17.708  14.920 0.0000000000
32649  -9.776  -61.020  29.190 0.0000000000
29666  -10.377  -64.040  32.806 0.0000000000
66189  -43.787  -36.530  21.843 0.0000000000
66155  -46.346  -36.356  23.687 0.0000000000
69755  -42.050  -33.583  22.400 0.0000000000
73378  -42.032  -30.995  21.102 0.0000000000
72182  -38.577  -31.609  19.582 0.0000000000
44120  -23.191  -54.388  34.490 0.0000000000
44059  -22.420  -54.164  37.052 0.0000000000
44081  -24.645  -53.851  36.661 0.0000000000
42759  -27.100  -54.689  36.667 0.0000000000
49538  -24.636  -49.826  23.469 0.0000000000
50882  -27.134  -47.950  22.571 0.0000000000
53387  -32.437  -47.526  29.563 0.0000000000
48135  -31.144  -50.006  29.283 0.0000000000
49402  -33.209  -50.358  32.418 0.0000000000
45417  -32.820  -52.300  35.996 0.0000000000
40097  -13.077  -57.162  30.300 0.0000000000
38555  -14.627  -57.427  34.770 0.0000000000
38501  -13.711  -58.011  37.787 0.0000000000
74741  -48.051  -30.742  12.977 0.0000000000
71088  -49.227  -33.152  15.039 0.0000000000
71062  -51.882  -31.900  15.591 0.0000000000
96382  -61.114  -12.039  5.273 0.0000000000
29653  -11.108  -63.778  36.053 0.0000000000
57417  -43.791  -43.570  27.974 0.0000000000
59980  -45.395  -41.815  27.512 0.0000000000
60029  -43.484  -41.619  24.672 0.0000000000
62629  -42.798  -39.304  22.193 0.0000000000
42833  -17.250  -55.176  30.956 0.0000000000
42774  -18.741  -54.427  34.907 0.0000000000
44189  -19.123  -53.482  31.727 0.0000000000
44191  -21.436  -53.996  31.424 0.0000000000
45477  -24.538  -53.997  30.732 0.0000000000
56174  -28.187  -44.687  23.833 0.0000000000
58774  -30.175  -43.264  24.497 0.0000000000
56099  -32.848  -46.083  26.679 0.0000000000
52070  -35.500  -48.380  28.833 0.0000000000
50785  -38.911  -48.719  28.972 0.0000000000
54757  -41.462  -46.288  27.807 0.0000000000
42908  -15.513  -54.799  27.365 0.0000000000
70950  -48.759  -33.478  24.444 0.0000000000
69724  -51.820  -33.108  25.429 0.0000000000
68604  -50.175  -34.239  22.631 0.0000000000
67437  -51.677  -35.922  21.250 0.0000000000
76054  -52.369  -28.105  12.463 0.0000000000
74701  -52.759  -30.095  16.346 0.0000000000
77348  -54.337  -28.340  16.324 0.0000000000
20787  -5.902  -68.957  32.231 0.0000000000
71113  -43.763  -33.151  14.479 0.0000000000
74759  -45.279  -30.156  11.618 0.0000000000
78851  -49.271  -26.746  10.325 0.0000000000
83021  -50.476  -24.224  10.876 0.0000000000
84297  -51.612  -22.337  12.113 0.0000000000
87936  -51.696  -19.797  13.203 0.0000000000
89116  -52.963  -18.500  12.095 0.0000000000
90297  -49.811  -18.584  9.947 0.0000000000
26706  -9.159  -66.057  35.410 0.0000000000
25175  -7.997  -67.202  34.235 0.0000000000
22192  -6.526  -68.739  32.933 0.0000000000
68507  -48.451  -34.344  29.374 0.0000000000
63772  -46.980  -38.444  27.301 0.0000000000
67326  -47.419  -35.052  27.117 0.0000000000
70896  -46.695  -32.756  26.071 0.0000000000
72144  -45.194  -32.921  23.360 0.0000000000
71013  -43.345  -33.116  20.047 0.0000000000
71043  -39.835  -32.981  17.354 0.0000000000
42755  -19.912  -55.097  36.469 0.0000000000
48148  -24.555  -52.338  27.080 0.0000000000
45505  -27.045  -53.174  30.385 0.0000000000
49469  -29.724  -49.193  26.517 0.0000000000
45530  -29.438  -52.544  29.366 0.0000000000
44172  -28.955  -54.111  32.564 0.0000000000
42798  -30.553  -54.772  35.506 0.0000000000
35658  -10.235  -59.676  29.203 0.0000000000
37115  -11.817  -58.589  29.890 0.0000000000
35594  -11.697  -59.849  33.736 0.0000000000
69870  -47.120  -34.344  15.583 0.0000000000
67513  -51.565  -35.679  16.440 0.0000000000
66270  -54.570  -36.829  17.061 0.0000000000
71094  -55.831  -32.338  14.736 0.0000000000
89134  -54.996  -18.229  11.560 0.0000000000
90300  -57.864  -17.279  11.046 0.0000000000
92674  -58.949  -15.805  10.707 0.0000000000
91512  -58.534  -16.324  6.361 0.0000000000
93891  -60.528  -14.171  9.345 0.0000000000
57509  -38.551  -43.545  22.115 0.0000000000
60065  -39.177  -42.460  21.656 0.0000000000
60084  -38.434  -42.284  20.693 0.0000000000
57506  -35.293  -45.011  21.944 0.0000000000
57507  -36.627  -44.369  21.824 0.0000000000
57465  -38.765  -44.548  23.762 0.0000000000
69853  -42.509  -34.144  17.697 0.0000000000
67488  -44.449  -35.422  18.347 0.0000000000
68694  -43.826  -34.733  17.067 0.0000000000
85576  -54.610  -21.608  13.892 0.0000000000
82946  -55.685  -23.612  15.571 0.0000000000
85537  -56.186  -21.777  15.795 0.0000000000
86793  -56.315  -20.450  15.473 0.0000000000
87910  -55.359  -19.243  15.176 0.0000000000
32634  -10.419  -61.503  31.185 0.0000000000
31181  -10.047  -62.620  30.505 0.0000000000
29675  -10.454  -62.834  32.320 0.0000000000
68617  -41.757  -34.701  21.219 0.0000000000
68602  -42.604  -34.887  22.296 0.0000000000
69794  -41.061  -33.583  20.878 0.0000000000
70962  -40.816  -32.606  21.362 0.0000000000
70993  -39.670  -32.284  20.504 0.0000000000
39986  -16.487  -56.522  37.443 0.0000000000
44143  -25.173  -54.158  33.732 0.0000000000
44099  -23.576  -53.950  35.649 0.0000000000
44122  -25.422  -54.160  34.954 0.0000000000
42758  -26.084  -54.441  36.766 0.0000000000
44123  -26.444  -54.345  34.789 0.0000000000
52017  -33.771  -48.574  31.221 0.0000000000
50729  -33.268  -49.293  31.384 0.0000000000
50707  -33.885  -49.021  32.193 0.0000000000
49391  -33.558  -49.854  34.691 0.0000000000
41434  -15.545  -56.324  32.872 0.0000000000
40037  -15.776  -56.889  34.621 0.0000000000
38503  -15.381  -57.417  37.246 0.0000000000
69674  -50.362  -33.611  29.556 0.0000000000
74764  -49.287  -29.894  13.029 0.0000000000
74714  -49.309  -31.053  14.185 0.0000000000
74716  -50.616  -30.761  14.451 0.0000000000
57432  -42.580  -43.820  26.560 0.0000000000
58740  -43.984  -42.413  26.408 0.0000000000
58761  -42.551  -42.808  25.596 0.0000000000
62628  -41.898  -39.969  21.954 0.0000000000
63882  -41.832  -38.577  20.799 0.0000000000
65043  -41.951  -37.250  20.020 0.0000000000
44223  -17.194  -54.434  29.149 0.0000000000
44208  -18.108  -54.290  30.846 0.0000000000
44225  -18.533  -53.685  29.295 0.0000000000
46856  -19.952  -52.442  27.558 0.0000000000
45521  -20.554  -52.615  29.655 0.0000000000
45522  -21.541  -53.126  29.656 0.0000000000
44213  -22.499  -53.922  30.521 0.0000000000
45547  -22.628  -52.894  28.710 0.0000000000
60021  -29.192  -42.186  23.853 0.0000000000
56157  -34.867  -46.562  24.664 0.0000000000
56155  -32.557  -45.578  24.839 0.0000000000
54779  -34.777  -47.442  26.515 0.0000000000
54756  -33.965  -46.891  27.980 0.0000000000
53416  -36.064  -47.802  28.025 0.0000000000
50766  -36.830  -48.706  29.174 0.0000000000
52109  -37.676  -48.064  27.368 0.0000000000
56138  -41.041  -45.276  25.810 0.0000000000
54807  -40.497  -46.134  26.291 0.0000000000
56139  -41.722  -45.081  26.432 0.0000000000
56118  -42.286  -44.755  27.703 0.0000000000
42909  -16.381  -54.443  27.674 0.0000000000
69778  -46.956  -33.559  22.879 0.0000000000
69760  -49.131  -33.545  23.833 0.0000000000
69797  -48.307  -34.226  22.202 0.0000000000
66250  -48.446  -36.655  18.862 0.0000000000
67435  -49.552  -35.916  20.901 0.0000000000
66232  -50.274  -36.736  19.497 0.0000000000
66234  -52.387  -36.677  19.554 0.0000000000
66253  -51.707  -36.637  18.241 0.0000000000
78820  -53.541  -26.438  12.766 0.0000000000
76022  -54.037  -28.056  14.293 0.0000000000
77387  -54.613  -27.276  14.597 0.0000000000
78725  -57.209  -26.488  18.959 0.0000000000
81665  -49.369  -24.669  10.219 0.0000000000
83010  -48.889  -23.612  10.490 0.0000000000
85606  -49.774  -21.242  11.844 0.0000000000
86833  -49.149  -20.394  11.879 0.0000000000
86835  -51.334  -20.880  12.597 0.0000000000
87950  -49.640  -19.671  11.992 0.0000000000
89115  -50.628  -19.495  11.724 0.0000000000
28209  -8.745  -64.651  31.083 0.0000000000
26728  -7.873  -65.897  31.522 0.0000000000
29648  -9.937  -64.481  37.397 0.0000000000
28186  -9.977  -64.886  36.245 0.0000000000
28181  -9.284  -65.627  36.873 0.0000000000
25165  -8.312  -67.272  35.288 0.0000000000
23639  -7.918  -67.733  34.896 0.0000000000
23648  -7.571  -67.670  33.708 0.0000000000
22182  -7.416  -68.587  34.102 0.0000000000
20780  -6.297  -69.539  33.683 0.0000000000
61311  -45.496  -40.307  26.150 0.0000000000
62549  -46.050  -40.049  27.605 0.0000000000
63803  -46.328  -38.259  25.314 0.0000000000
68576  -45.227  -34.470  24.018 0.0000000000
67362  -46.850  -35.254  25.316 0.0000000000
68558  -45.902  -34.069  25.278 0.0000000000
68520  -47.038  -33.955  27.344 0.0000000000
70895  -45.948  -32.889  25.753 0.0000000000
72121  -45.922  -32.307  24.459 0.0000000000
73329  -45.087  -32.097  24.132 0.0000000000
72202  -41.031  -32.002  20.365 0.0000000000
72186  -42.267  -32.124  21.176 0.0000000000
71030  -41.131  -32.597  19.434 0.0000000000
71031  -42.414  -33.315  19.380 0.0000000000
71029  -39.888  -32.355  18.494 0.0000000000
44116  -19.457  -53.462  34.071 0.0000000000
44075  -19.280  -54.407  35.808 0.0000000000
44076  -20.038  -54.496  35.966 0.0000000000
49487  -25.801  -50.607  25.013 0.0000000000
48217  -24.971  -51.222  25.250 0.0000000000
48165  -25.745  -51.521  26.748 0.0000000000
46813  -25.800  -52.656  28.929 0.0000000000
46815  -27.345  -52.659  28.655 0.0000000000
54799  -29.359  -45.755  25.442 0.0000000000
52167  -29.014  -47.256  24.910 0.0000000000
52133  -30.047  -47.343  26.626 0.0000000000
46792  -31.884  -51.791  31.104 0.0000000000
46818  -30.525  -51.395  29.155 0.0000000000
45508  -30.476  -52.767  30.184 0.0000000000
44216  -29.560  -53.792  30.909 0.0000000000
44173  -30.373  -54.098  32.498 0.0000000000
44126  -29.553  -54.604  34.180 0.0000000000
44149  -31.227  -53.967  33.700 0.0000000000
50712  -39.297  -48.524  32.632 0.0000000000
38614  -12.650  -57.724  30.028 0.0000000000
38579  -12.211  -58.223  31.364 0.0000000000
37097  -11.788  -58.777  30.888 0.0000000000
36975  -13.454  -58.538  40.481 0.0000000000
71114  -44.802  -32.495  14.144 0.0000000000
69893  -45.949  -33.696  15.286 0.0000000000
71086  -46.769  -33.107  14.895 0.0000000000
69899  -51.768  -33.816  14.622 0.0000000000
68717  -50.174  -34.482  15.418 0.0000000000
67529  -52.093  -35.194  15.577 0.0000000000
67497  -53.121  -36.030  17.221 0.0000000000
67516  -54.182  -35.909  15.941 0.0000000000
73434  -54.852  -30.389  17.234 0.0000000000
73480  -54.026  -30.928  15.804 0.0000000000
72254  -56.147  -30.996  15.834 0.0000000000
89131  -52.116  -19.014  11.003 0.0000000000
90285  -53.599  -18.021  11.948 0.0000000000
89148  -53.821  -18.763  10.504 0.0000000000
90312  -55.479  -18.204  9.310 0.0000000000
90329  -56.922  -17.621  9.056 0.0000000000
90301  -58.264  -17.035  10.641 0.0000000000
91484  -58.345  -16.723  8.782 0.0000000000
92748  -59.279  -15.223  4.498 0.0000000000
91532  -58.505  -16.096  5.260 0.0000000000
92709  -59.677  -15.333  6.232 0.0000000000
92689  -59.589  -14.995  8.272 0.0000000000
93909  -60.057  -14.105  7.552 0.0000000000
95188  -60.733  -13.455  7.909 0.0000000000
96374  -62.022  -12.927  6.217 0.0000000000
58759  -40.944  -43.299  24.492 0.0000000000
58778  -41.160  -42.572  24.069 0.0000000000
58795  -40.720  -42.463  23.434 0.0000000000
61369  -40.154  -41.449  21.895 0.0000000000
45542  -18.473  -53.208  28.248 0.0000000000
57504  -33.229  -44.804  21.826 0.0000000000
56198  -34.646  -45.341  22.976 0.0000000000
54848  -36.564  -45.797  24.466 0.0000000000
53477  -37.926  -46.711  25.507 0.0000000000
54850  -38.122  -45.757  24.602 0.0000000000
56182  -39.833  -44.706  24.442 0.0000000000
69824  -44.519  -34.207  19.953 0.0000000000
67432  -46.739  -35.309  21.062 0.0000000000
67450  -45.577  -35.508  19.768 0.0000000000
67469  -46.038  -36.006  18.781 0.0000000000
67471  -47.752  -36.425  18.136 0.0000000000
81622  -54.275  -24.228  14.027 0.0000000000
80227  -54.754  -25.745  14.360 0.0000000000
81607  -55.289  -24.267  15.015 0.0000000000
80177  -56.582  -24.994  17.321 0.0000000000
91420  -56.733  -17.515  14.831 0.0000000000
31180  -9.312  -63.088  30.406 0.0000000000
26721  -9.577  -65.054  32.721 0.0000000000
65016  -44.389  -37.427  22.389 0.0000000000
64996  -45.726  -37.252  23.336 0.0000000000
66190  -44.387  -36.195  22.349 0.0000000000
67378  -44.127  -34.952  23.276 0.0000000000
69735  -43.377  -33.442  23.330 0.0000000000
72142  -43.454  -32.496  23.322 0.0000000000
72139  -41.865  -32.446  22.218 0.0000000000
72168  -41.248  -31.600  21.362 0.0000000000
72200  -39.331  -31.553  19.420 0.0000000000
44119  -22.224  -54.349  34.571 0.0000000000
44097  -21.633  -54.260  35.373 0.0000000000
44098  -22.601  -54.304  35.529 0.0000000000
44060  -23.367  -54.126  37.205 0.0000000000
42724  -27.122  -54.905  38.330 0.0000000000
50855  -26.087  -49.236  22.998 0.0000000000
49515  -27.420  -49.132  24.610 0.0000000000
53399  -31.523  -47.250  28.577 0.0000000000
50781  -30.592  -47.845  28.053 0.0000000000
52049  -31.603  -48.116  29.552 0.0000000000
49417  -31.987  -49.603  30.459 0.0000000000
46782  -32.562  -52.141  32.368 0.0000000000
45439  -32.311  -53.119  33.760 0.0000000000
46772  -33.106  -51.176  34.470 0.0000000000
41510  -14.251  -55.553  28.614 0.0000000000
41465  -14.161  -56.378  30.485 0.0000000000
38553  -13.303  -58.050  33.995 0.0000000000
38518  -13.341  -58.378  36.036 0.0000000000
38519  -13.899  -58.013  36.546 0.0000000000
73494  -47.266  -31.173  13.687 0.0000000000
72269  -47.794  -32.263  14.945 0.0000000000
72270  -48.660  -31.653  14.998 0.0000000000
71060  -50.252  -32.226  15.102 0.0000000000
69916  -53.154  -33.128  14.162 0.0000000000
90323  -51.235  -17.952  8.323 0.0000000000
89169  -53.374  -18.418  8.425 0.0000000000
90338  -52.133  -17.645  7.323 0.0000000000
93963  -59.652  -14.577  4.051 0.0000000000
95221  -60.644  -13.240  5.762 0.0000000000
95235  -60.608  -13.376  4.299 0.0000000000
96393  -61.105  -12.103  4.024 0.0000000000
32607  -11.111  -61.834  34.595 0.0000000000
31155  -10.891  -62.703  34.946 0.0000000000
59954  -44.979  -42.253  29.754 0.0000000000
58718  -44.575  -42.761  27.732 0.0000000000
59996  -44.767  -41.840  26.249 0.0000000000
61327  -44.676  -40.456  24.983 0.0000000000
61324  -42.584  -41.479  23.995 0.0000000000
62599  -43.109  -40.111  23.253 0.0000000000
62631  -44.327  -39.311  22.968 0.0000000000
65015  -43.625  -37.523  21.658 0.0000000000
66209  -42.198  -36.189  20.058 0.0000000000
41425  -17.308  -55.593  33.317 0.0000000000
41408  -17.612  -55.500  35.403 0.0000000000
42806  -17.952  -55.164  33.015 0.0000000000
45434  -19.219  -53.658  33.426 0.0000000000
44163  -19.695  -53.561  32.364 0.0000000000
45497  -19.292  -52.811  30.148 0.0000000000
45475  -20.237  -53.573  31.398 0.0000000000
44139  -20.960  -54.025  33.111 0.0000000000
44166  -22.722  -54.290  32.539 0.0000000000
44167  -23.760  -54.355  32.551 0.0000000000
45452  -25.176  -53.872  31.806 0.0000000000
58752  -29.085  -43.531  24.077 0.0000000000
57427  -30.138  -44.828  25.682 0.0000000000
57462  -31.469  -44.980  23.827 0.0000000000
57430  -31.600  -44.966  25.304 0.0000000000
57402  -31.186  -45.097  27.152 0.0000000000
54735  -32.501  -46.548  28.096 0.0000000000
53389  -33.908  -47.699  29.398 0.0000000000
52036  -35.162  -48.255  31.458 0.0000000000
52020  -36.293  -48.396  33.143 0.0000000000
50730  -36.844  -48.981  31.287 0.0000000000
50751  -38.829  -49.347  30.719 0.0000000000
50752  -39.787  -48.711  30.555 0.0000000000
53439  -39.377  -47.450  27.082 0.0000000000
52093  -40.413  -47.512  28.643 0.0000000000
53404  -41.358  -46.919  29.811 0.0000000000
54738  -42.348  -45.909  29.984 0.0000000000
42865  -15.133  -54.951  28.961 0.0000000000
69722  -49.028  -33.191  26.544 0.0000000000
70935  -50.160  -32.996  25.033 0.0000000000
69762  -51.394  -33.774  24.121 0.0000000000
69783  -52.513  -34.507  23.209 0.0000000000
67418  -49.103  -35.356  21.414 0.0000000000
67420  -51.364  -35.352  22.053 0.0000000000
76053  -51.199  -28.601  12.184 0.0000000000
74731  -51.543  -29.886  14.592 0.0000000000
76021  -53.128  -29.034  14.081 0.0000000000
75980  -53.485  -29.164  16.330 0.0000000000
74654  -54.413  -29.729  18.402 0.0000000000
77349  -55.286  -27.556  16.299 0.0000000000
77309  -54.986  -27.984  18.394 0.0000000000
71110  -40.795  -33.132  14.312 0.0000000000
69890  -42.676  -33.626  15.188 0.0000000000
71131  -42.355  -32.818  13.519 0.0000000000
72308  -42.993  -31.729  13.139 0.0000000000
72309  -44.325  -31.927  13.413 0.0000000000
73525  -45.448  -30.578  12.314 0.0000000000
74739  -46.526  -30.424  12.420 0.0000000000
74762  -47.931  -30.302  11.799 0.0000000000
76074  -49.274  -28.946  11.094 0.0000000000
76075  -50.296  -28.485  11.500 0.0000000000
77440  -51.276  -27.428  11.390 0.0000000000
78854  -51.865  -26.201  11.426 0.0000000000
81669  -52.471  -24.855  11.704 0.0000000000
84312  -49.609  -22.770  10.786 0.0000000000
82992  -51.168  -23.114  11.556 0.0000000000
82994  -52.607  -23.907  12.377 0.0000000000
84278  -53.355  -22.503  13.017 0.0000000000
85574  -53.130  -21.090  13.607 0.0000000000
87907  -52.996  -20.053  13.939 0.0000000000
87926  -53.596  -19.321  13.554 0.0000000000
87952  -51.730  -19.595  12.476 0.0000000000
89130  -50.816  -19.384  10.938 0.0000000000
89144  -50.361  -18.633  9.807 0.0000000000
90322  -50.202  -17.622  8.187 0.0000000000
28193  -10.634  -64.214  34.257 0.0000000000
28192  -10.221  -64.949  34.339 0.0000000000
25184  -9.629  -66.108  33.736 0.0000000000
26701  -8.709  -66.196  36.005 0.0000000000
26705  -8.625  -66.476  35.262 0.0000000000
26713  -8.587  -66.662  33.411 0.0000000000
25190  -8.006  -66.808  32.482 0.0000000000
25181  -6.874  -67.763  32.633 0.0000000000
23651  -6.450  -67.959  32.491 0.0000000000
22191  -6.145  -68.765  32.429 0.0000000000
70858  -48.693  -33.260  28.777 0.0000000000
64900  -47.247  -38.030  29.091 0.0000000000
64962  -46.773  -37.104  25.130 0.0000000000
64929  -47.150  -37.309  27.201 0.0000000000
68521  -47.840  -34.424  27.885 0.0000000000
69682  -47.660  -33.369  28.240 0.0000000000
70884  -47.797  -32.525  27.367 0.0000000000
70915  -46.973  -32.552  25.328 0.0000000000
70948  -46.260  -33.070  23.692 0.0000000000
70982  -45.445  -33.442  22.007 0.0000000000
72154  -43.583  -32.539  22.160 0.0000000000
70980  -43.627  -32.757  21.296 0.0000000000
70998  -44.765  -33.508  21.088 0.0000000000
71032  -43.236  -33.636  19.294 0.0000000000
69840  -41.805  -33.648  18.458 0.0000000000
69864  -40.669  -33.842  16.194 0.0000000000
70991  -37.558  -32.244  19.361 0.0000000000
72164  -37.261  -31.700  19.428 0.0000000000
73391  -37.656  -30.828  19.142 0.0000000000
73430  -37.995  -31.386  18.050 0.0000000000
72227  -37.888  -31.633  17.312 0.0000000000
71054  -38.909  -32.533  16.642 0.0000000000
71079  -39.249  -33.262  15.410 0.0000000000
71080  -40.258  -33.494  15.178 0.0000000000
42756  -20.773  -54.791  36.458 0.0000000000
48185  -21.928  -51.844  25.796 0.0000000000
48215  -23.241  -51.617  25.225 0.0000000000
46833  -23.646  -52.738  27.660 0.0000000000
45549  -24.468  -52.954  28.540 0.0000000000
45503  -25.211  -53.335  30.277 0.0000000000
45454  -26.336  -53.451  32.008 0.0000000000
53508  -28.245  -46.190  23.311 0.0000000000
50820  -29.132  -48.785  24.835 0.0000000000
48192  -28.633  -50.234  26.422 0.0000000000
49445  -30.442  -49.589  28.128 0.0000000000
48149  -29.867  -50.783  27.819 0.0000000000
46838  -28.436  -51.974  28.146 0.0000000000
45529  -28.331  -52.997  29.230 0.0000000000
45481  -27.739  -53.289  31.372 0.0000000000
44145  -27.263  -54.220  33.843 0.0000000000
42795  -27.714  -54.463  34.481 0.0000000000
42778  -28.829  -54.743  35.864 0.0000000000
34168  -10.045  -60.592  29.713 0.0000000000
34158  -10.449  -60.857  31.056 0.0000000000
40133  -11.526  -57.583  28.052 0.0000000000
38652  -10.812  -58.472  28.050 0.0000000000
37114  -11.153  -59.318  29.910 0.0000000000
35628  -10.911  -60.090  31.599 0.0000000000
34137  -11.117  -60.880  33.183 0.0000000000
34126  -11.607  -60.546  34.793 0.0000000000
37006  -12.856  -58.808  37.775 0.0000000000
69867  -44.239  -34.241  16.092 0.0000000000
68696  -45.744  -35.047  16.221 0.0000000000
67510  -48.418  -35.714  16.473 0.0000000000
69871  -48.011  -33.882  15.592 0.0000000000
67511  -49.375  -35.616  16.470 0.0000000000
66267  -50.752  -36.569  17.360 0.0000000000
67474  -52.274  -36.249  17.780 0.0000000000
72230  -52.298  -31.198  16.236 0.0000000000
72293  -53.531  -31.634  14.742 0.0000000000
69918  -54.704  -33.203  14.366 0.0000000000
90258  -53.912  -17.799  13.385 0.0000000000
91448  -54.988  -17.638  13.431 0.0000000000
90260  -56.178  -17.804  13.176 0.0000000000
89160  -54.570  -18.557  9.543 0.0000000000
89151  -56.259  -18.325  10.982 0.0000000000
91460  -57.142  -17.013  12.535 0.0000000000
91462  -58.535  -16.439  12.092 0.0000000000
92661  -59.814  -15.252  12.497 0.0000000000
91511  -57.392  -16.753  6.604 0.0000000000
92688  -59.056  -15.872  8.456 0.0000000000
93881  -60.007  -14.477  9.872 0.0000000000
96356  -61.876  -12.869  7.270 0.0000000000
57525  -37.803  -43.315  21.146 0.0000000000
58806  -38.162  -43.064  21.262 0.0000000000
57523  -35.937  -44.161  21.050 0.0000000000
57524  -37.181  -43.677  20.883 0.0000000000
57508  -37.914  -43.783  21.733 0.0000000000
69866  -42.861  -34.273  16.426 0.0000000000
85554  -55.162  -21.352  14.716 0.0000000000
85555  -55.853  -21.252  15.328 0.0000000000
85556  -56.346  -21.187  15.624 0.0000000000
86792  -55.456  -20.379  15.172 0.0000000000
87911  -55.846  -19.814  15.341 0.0000000000
32627  -10.655  -61.527  31.716 0.0000000000
31175  -10.479  -62.172  32.118 0.0000000000
31169  -10.752  -62.353  32.945 0.0000000000
69809  -40.949  -33.839  20.275 0.0000000000
68600  -41.553  -34.153  21.409 0.0000000000
69793  -40.591  -32.843  21.121 0.0000000000
40005  -16.820  -56.309  36.686 0.0000000000
41407  -17.082  -55.863  35.987 0.0000000000
42793  -25.914  -54.483  35.120 0.0000000000
52018  -34.364  -48.137  32.018 0.0000000000
50708  -34.625  -48.597  33.079 0.0000000000
50690  -34.798  -48.423  34.148 0.0000000000
40004  -16.055  -56.984  36.469 0.0000000000
74743  -49.848  -30.114  13.359 0.0000000000
74729  -50.135  -30.505  13.964 0.0000000000
74744  -50.464  -30.130  13.711 0.0000000000
57449  -42.623  -43.445  25.971 0.0000000000
62671  -40.380  -39.519  20.367 0.0000000000
62653  -41.224  -39.280  20.709 0.0000000000
44224  -17.785  -54.415  29.553 0.0000000000
44246  -18.026  -53.891  28.370 0.0000000000
46857  -20.878  -52.329  27.615 0.0000000000
45545  -20.772  -52.609  28.782 0.0000000000
45546  -21.743  -52.729  28.890 0.0000000000
45523  -22.542  -53.248  29.506 0.0000000000
54826  -35.071  -46.793  25.251 0.0000000000
54825  -34.404  -46.699  25.171 0.0000000000
54802  -35.214  -46.999  26.001 0.0000000000
53435  -35.381  -47.415  26.832 0.0000000000
53436  -36.412  -47.613  27.201 0.0000000000
53437  -37.528  -47.549  26.751 0.0000000000
56161  -41.385  -44.704  25.522 0.0000000000
57431  -42.244  -44.354  26.312 0.0000000000
56140  -42.325  -44.468  26.814 0.0000000000
44245  -17.035  -54.295  28.539 0.0000000000
69795  -46.286  -33.933  21.947 0.0000000000
69796  -47.414  -34.146  22.241 0.0000000000
66231  -49.223  -36.569  19.580 0.0000000000
66233  -51.355  -36.687  19.452 0.0000000000
66252  -50.593  -36.667  18.458 0.0000000000
80257  -53.305  -25.729  12.582 0.0000000000
77386  -54.216  -27.211  13.919 0.0000000000
78798  -54.214  -26.292  13.580 0.0000000000
78703  -57.049  -26.971  19.864 0.0000000000
83009  -47.719  -23.371  10.605 0.0000000000
89113  -49.136  -19.153  11.200 0.0000000000
28208  -7.835  -64.967  30.597 0.0000000000
28182  -9.765  -64.912  37.258 0.0000000000
28178  -9.479  -65.440  37.056 0.0000000000
23638  -7.638  -68.129  34.332 0.0000000000
20774  -7.019  -69.290  33.799 0.0000000000
62571  -45.584  -39.677  25.510 0.0000000000
62586  -45.606  -38.926  24.500 0.0000000000
68556  -44.849  -33.618  23.948 0.0000000000
68577  -45.936  -34.554  24.531 0.0000000000
68557  -45.427  -33.793  24.566 0.0000000000
69720  -45.462  -33.287  25.314 0.0000000000
70912  -44.886  -32.827  24.655 0.0000000000
72119  -45.007  -32.376  24.433 0.0000000000
72118  -44.576  -32.526  24.146 0.0000000000
72217  -40.136  -31.858  19.312 0.0000000000
72218  -40.639  -31.990  19.770 0.0000000000
44095  -19.830  -53.755  35.132 0.0000000000
44096  -20.703  -54.021  35.202 0.0000000000
48189  -25.770  -51.091  26.043 0.0000000000
48166  -26.594  -51.129  26.890 0.0000000000
46863  -26.592  -51.850  27.360 0.0000000000
46864  -27.524  -51.632  27.398 0.0000000000
54775  -29.530  -45.694  26.039 0.0000000000
53458  -29.544  -46.547  26.177 0.0000000000
53432  -29.818  -46.546  26.613 0.0000000000
46781  -31.917  -52.504  31.591 0.0000000000
45509  -31.330  -52.172  30.333 0.0000000000
45484  -31.406  -52.706  30.998 0.0000000000
45456  -30.828  -53.809  31.681 0.0000000000
44174  -31.353  -53.904  32.738 0.0000000000
45438  -31.830  -53.589  32.956 0.0000000000
52038  -40.029  -48.207  32.118 0.0000000000
37047  -12.683  -58.515  34.574 0.0000000000
71115  -45.473  -32.409  14.267 0.0000000000
71085  -45.610  -32.965  14.590 0.0000000000
72267  -45.824  -32.376  14.302 0.0000000000
68734  -52.135  -34.049  14.577 0.0000000000
68719  -51.671  -34.390  15.000 0.0000000000
68720  -52.489  -34.557  15.017 0.0000000000
67530  -52.978  -35.124  15.676 0.0000000000
67531  -53.834  -35.267  15.494 0.0000000000
73457  -55.519  -30.490  16.475 0.0000000000
89146  -51.745  -19.028  10.047 0.0000000000
89147  -52.827  -19.029  10.268 0.0000000000
89158  -52.541  -18.606  9.269 0.0000000000
90343  -56.543  -17.600  8.475 0.0000000000
91483  -57.720  -17.241  9.218 0.0000000000
91494  -57.090  -17.277  7.939 0.0000000000
92729  -59.623  -15.240  5.055 0.0000000000
91533  -59.232  -15.718  5.445 0.0000000000
92696  -59.809  -14.779  7.396 0.0000000000
93926  -59.964  -14.253  6.763 0.0000000000
95206  -60.317  -13.730  7.303 0.0000000000
95220  -60.310  -13.715  6.488 0.0000000000
58777  -40.325  -43.122  23.891 0.0000000000
58794  -40.101  -42.652  23.199 0.0000000000
60085  -39.011  -41.885  21.090 0.0000000000
60086  -39.725  -41.619  21.529 0.0000000000
61393  -39.493  -41.172  20.354 0.0000000000
57521  -33.743  -44.382  21.047 0.0000000000
57486  -36.121  -44.884  22.668 0.0000000000
57485  -35.431  -45.146  22.738 0.0000000000
56199  -35.581  -45.467  23.232 0.0000000000
56178  -35.895  -45.903  24.172 0.0000000000
56179  -36.971  -45.423  23.936 0.0000000000
54849  -37.188  -45.765  24.554 0.0000000000
57488  -38.569  -44.088  22.895 0.0000000000
57466  -39.444  -43.969  23.887 0.0000000000
57467  -40.458  -44.081  24.363 0.0000000000
69843  -44.194  -34.209  19.215 0.0000000000
68644  -44.947  -34.662  19.816 0.0000000000
68663  -44.655  -34.695  19.258 0.0000000000
68676  -44.470  -35.385  17.531 0.0000000000
67489  -45.194  -35.826  18.108 0.0000000000
67490  -46.127  -35.940  17.750 0.0000000000
67470  -46.831  -36.362  18.371 0.0000000000
82963  -54.328  -23.789  14.085 0.0000000000
81623  -54.843  -24.703  14.411 0.0000000000
82964  -54.916  -23.585  14.529 0.0000000000
81583  -56.875  -24.266  17.229 0.0000000000
81559  -56.957  -24.528  17.985 0.0000000000
82915  -57.090  -24.047  17.775 0.0000000000
90232  -56.404  -17.989  15.719 0.0000000000
90233  -57.187  -17.991  15.846 0.0000000000
90253  -55.950  -17.699  15.154 0.0000000000
31174  -10.272  -62.784  31.523 0.0000000000
29682  -9.991  -63.359  30.863 0.0000000000
29674  -10.021  -63.611  31.927 0.0000000000
29673  -9.434  -64.351  31.565 0.0000000000
28202  -9.852  -64.475  32.360 0.0000000000
66174  -45.108  -36.596  22.681 0.0000000000
68591  -42.266  -34.254  22.447 0.0000000000
67377  -43.503  -34.898  23.009 0.0000000000
68592  -43.051  -34.460  22.603 0.0000000000
68574  -43.693  -34.104  23.056 0.0000000000
69756  -42.811  -33.542  22.855 0.0000000000
70947  -42.647  -32.806  23.054 0.0000000000
70946  -42.261  -33.071  22.525 0.0000000000
70977  -40.575  -32.331  21.238 0.0000000000
72167  -40.577  -31.875  20.981 0.0000000000
72183  -39.944  -31.793  20.247 0.0000000000
72199  -38.777  -31.336  19.376 0.0000000000
42791  -22.590  -54.386  34.023 0.0000000000
44100  -24.483  -53.857  35.800 0.0000000000
44080  -23.847  -53.729  36.598 0.0000000000
44061  -24.217  -53.979  37.387 0.0000000000
42739  -26.650  -54.589  37.666 0.0000000000
50856  -27.016  -48.570  23.205 0.0000000000
49514  -26.761  -49.598  24.505 0.0000000000
53386  -31.975  -47.295  28.821 0.0000000000
52069  -31.634  -47.891  29.489 0.0000000000
52050  -31.868  -47.987  30.018 0.0000000000
49418  -32.746  -49.841  31.086 0.0000000000
49411  -33.081  -50.221  31.740 0.0000000000
48119  -32.678  -50.557  31.430 0.0000000000
48111  -32.798  -50.873  32.101 0.0000000000
48100  -32.970  -50.912  33.058 0.0000000000
48082  -33.652  -50.713  35.926 0.0000000000
41486  -13.983  -56.150  29.624 0.0000000000
40050  -14.752  -57.127  33.560 0.0000000000
38554  -14.100  -57.687  34.402 0.0000000000
38538  -14.382  -57.718  35.438 0.0000000000
39968  -15.722  -56.888  38.301 0.0000000000
39984  -15.392  -57.280  37.824 0.0000000000
73510  -47.634  -30.856  13.503 0.0000000000
73473  -47.424  -31.570  14.254 0.0000000000
73495  -48.083  -30.807  13.972 0.0000000000
73451  -50.346  -31.489  14.883 0.0000000000
72247  -49.820  -31.879  15.294 0.0000000000
71061  -51.186  -31.894  14.860 0.0000000000
71116  -51.392  -32.759  14.605 0.0000000000
71091  -51.573  -32.220  14.855 0.0000000000
90324  -51.822  -18.171  8.025 0.0000000000
93980  -58.955  -14.327  3.013 0.0000000000
93981  -59.570  -13.984  3.148 0.0000000000
95234  -60.007  -13.872  3.623 0.0000000000
94003  -59.484  -13.484  2.735 0.0000000000
32595  -11.007  -61.920  35.716 0.0000000000
31137  -10.140  -63.473  38.582 0.0000000000
57406  -43.864  -43.369  28.856 0.0000000000
58702  -44.456  -42.791  28.952 0.0000000000
57418  -44.219  -43.345  28.263 0.0000000000
60014  -43.960  -41.878  25.374 0.0000000000
59995  -44.330  -41.977  25.884 0.0000000000
61309  -44.401  -41.340  25.333 0.0000000000
61310  -44.910  -40.845  25.686 0.0000000000
61326  -44.167  -40.967  24.742 0.0000000000
60049  -41.504  -41.985  23.161 0.0000000000
60027  -42.186  -42.138  23.995 0.0000000000
60068  -41.735  -41.357  22.828 0.0000000000
62655  -42.284  -39.409  21.649 0.0000000000
62598  -42.376  -40.251  22.661 0.0000000000
62600  -44.096  -39.741  23.399 0.0000000000
62630  -43.825  -39.404  22.644 0.0000000000
63863  -43.708  -38.466  22.138 0.0000000000
63862  -43.041  -38.196  21.565 0.0000000000
65044  -42.490  -36.924  20.201 0.0000000000
41452  -17.489  -55.186  31.663 0.0000000000
44188  -18.548  -53.789  31.533 0.0000000000
45447  -18.392  -54.013  32.064 0.0000000000
45473  -18.858  -53.636  32.210 0.0000000000
44137  -19.509  -53.687  33.118 0.0000000000
45518  -18.798  -53.178  28.530 0.0000000000
46811  -19.043  -52.831  28.459 0.0000000000
45499  -21.165  -53.381  30.537 0.0000000000
45498  -20.198  -53.031  30.499 0.0000000000
45476  -20.761  -53.717  31.347 0.0000000000
45451  -20.564  -53.846  32.224 0.0000000000
44164  -21.003  -54.239  32.083 0.0000000000
44165  -21.780  -54.107  32.381 0.0000000000
42853  -23.776  -54.461  30.705 0.0000000000
44193  -23.306  -54.360  31.674 0.0000000000
44194  -24.340  -54.386  31.376 0.0000000000
44168  -24.880  -54.009  32.452 0.0000000000
44195  -24.923  -53.996  31.699 0.0000000000
58773  -29.568  -42.682  24.084 0.0000000000
58772  -29.019  -42.569  24.142 0.0000000000
57460  -29.681  -42.894  24.140 0.0000000000
58731  -29.569  -43.748  25.036 0.0000000000
58755  -30.285  -43.721  25.164 0.0000000000
57483  -32.819  -45.215  22.490 0.0000000000
57482  -31.729  -44.767  22.895 0.0000000000
57463  -32.407  -45.482  23.426 0.0000000000
56136  -33.108  -45.637  25.780 0.0000000000
56154  -31.997  -45.145  25.199 0.0000000000
56135  -31.980  -45.418  25.786 0.0000000000
57414  -31.188  -45.103  26.576 0.0000000000
56115  -31.822  -45.404  26.661 0.0000000000
56081  -32.192  -46.110  27.494 0.0000000000
54754  -32.532  -46.258  27.536 0.0000000000
53402  -34.598  -48.176  29.080 0.0000000000
54721  -33.807  -47.623  28.841 0.0000000000
53390  -34.459  -47.733  29.719 0.0000000000
52052  -34.133  -47.792  30.167 0.0000000000
52053  -35.089  -47.882  30.090 0.0000000000
52054  -35.925  -48.582  30.751 0.0000000000
52071  -36.061  -48.552  29.508 0.0000000000
50784  -38.124  -48.875  28.779 0.0000000000
50767  -37.501  -48.881  29.459 0.0000000000
50768  -38.361  -48.934  29.670 0.0000000000
49428  -39.453  -49.249  30.954 0.0000000000
50786  -39.378  -48.490  29.158 0.0000000000
54805  -38.785  -46.311  25.503 0.0000000000
53462  -38.402  -46.893  26.003 0.0000000000
53463  -39.371  -46.887  26.430 0.0000000000
54780  -41.108  -46.397  27.255 0.0000000000
53440  -40.278  -47.185  27.432 0.0000000000
53417  -40.998  -46.697  28.107 0.0000000000
52094  -40.870  -47.425  29.096 0.0000000000
53418  -41.288  -47.184  28.843 0.0000000000
54758  -41.845  -46.114  28.563 0.0000000000
57404  -42.692  -44.310  28.314 0.0000000000
56101  -42.970  -44.314  29.020 0.0000000000
57405  -43.259  -43.920  28.485 0.0000000000
42889  -15.285  -55.017  28.352 0.0000000000
41451  -16.788  -55.573  31.475 0.0000000000
70934  -49.092  -33.231  25.095 0.0000000000
70917  -49.546  -33.344  25.984 0.0000000000
69780  -49.674  -33.650  23.143 0.0000000000
69781  -50.754  -33.879  23.348 0.0000000000
69782  -51.722  -34.255  23.363 0.0000000000
68605  -51.104  -34.414  22.766 0.0000000000
67433  -47.367  -35.725  20.858 0.0000000000
67416  -47.264  -35.157  21.346 0.0000000000
67436  -50.646  -35.895  21.077 0.0000000000
67419  -50.197  -35.237  21.501 0.0000000000
67404  -52.184  -35.250  22.472 0.0000000000
67421  -52.350  -35.553  22.143 0.0000000000
67438  -52.492  -36.020  21.424 0.0000000000
76038  -52.285  -29.125  13.013 0.0000000000
76006  -54.418  -28.079  15.022 0.0000000000
76005  -54.017  -28.845  15.198 0.0000000000
77326  -54.092  -28.550  16.957 0.0000000000
74672  -54.278  -29.772  18.146 0.0000000000
75955  -54.045  -28.881  17.541 0.0000000000
78781  -55.674  -25.953  15.752 0.0000000000
78780  -55.235  -26.394  15.145 0.0000000000
77350  -55.976  -27.123  16.672 0.0000000000
75935  -55.569  -28.129  18.810 0.0000000000
22194  -5.818  -68.340  31.683 0.0000000000
20790  -5.636  -68.883  31.500 0.0000000000
73506  -43.951  -31.203  12.595 0.0000000000
73524  -44.673  -30.767  11.983 0.0000000000
73508  -46.101  -30.763  13.051 0.0000000000
74760  -46.120  -30.116  12.060 0.0000000000
74776  -46.774  -29.750  11.279 0.0000000000
76073  -47.880  -29.323  10.960 0.0000000000
76051  -48.685  -29.710  11.675 0.0000000000
77438  -49.763  -27.754  10.844 0.0000000000
77439  -50.727  -27.609  11.211 0.0000000000
78852  -50.320  -26.720  10.637 0.0000000000
81666  -50.269  -24.695  10.611 0.0000000000
80273  -50.720  -25.665  10.752 0.0000000000
81667  -50.841  -24.675  11.187 0.0000000000
80275  -52.175  -25.545  11.563 0.0000000000
81668  -51.776  -24.765  11.468 0.0000000000
84296  -50.400  -22.228  11.534 0.0000000000
82993  -51.968  -23.360  12.251 0.0000000000
84276  -52.080  -22.841  12.296 0.0000000000
82977  -53.016  -23.269  12.403 0.0000000000
84277  -52.544  -22.469  12.351 0.0000000000
86822  -51.603  -20.353  13.097 0.0000000000
85588  -52.038  -20.984  12.774 0.0000000000
86808  -52.232  -20.340  13.530 0.0000000000
86809  -52.879  -20.350  13.799 0.0000000000
87924  -52.149  -20.108  13.597 0.0000000000
87925  -52.708  -19.839  13.687 0.0000000000
90282  -50.113  -18.547  10.837 0.0000000000
90283  -50.503  -18.836  10.526 0.0000000000
89145  -50.848  -18.778  10.014 0.0000000000
28207  -7.125  -65.479  30.448 0.0000000000
29660  -10.855  -63.415  34.143 0.0000000000
29656  -10.819  -63.666  35.175 0.0000000000
28188  -9.722  -65.449  35.810 0.0000000000
28189  -10.230  -65.020  35.433 0.0000000000
26707  -9.699  -65.819  35.160 0.0000000000
26715  -9.718  -65.561  33.517 0.0000000000
25178  -9.692  -66.188  34.082 0.0000000000
25161  -8.863  -66.410  36.656 0.0000000000
25170  -8.191  -67.317  34.875 0.0000000000
25171  -8.441  -66.885  35.151 0.0000000000
25176  -8.147  -66.998  34.284 0.0000000000
26709  -8.601  -66.679  34.397 0.0000000000
25183  -8.190  -67.101  33.194 0.0000000000
23647  -7.151  -68.066  33.285 0.0000000000
25182  -7.529  -67.559  33.089 0.0000000000
25188  -6.450  -67.306  31.733 0.0000000000
22195  -6.168  -68.319  32.292 0.0000000000
19361  -6.474  -69.977  34.171 0.0000000000
69661  -48.970  -34.199  30.062 0.0000000000
69662  -49.358  -34.018  30.177 0.0000000000
69672  -48.775  -33.725  29.427 0.0000000000
59969  -45.576  -41.736  28.494 0.0000000000
59955  -45.331  -41.793  29.538 0.0000000000
61282  -46.078  -41.011  27.973 0.0000000000
63771  -46.377  -39.297  27.421 0.0000000000
63758  -46.347  -39.533  28.036 0.0000000000
63759  -46.923  -38.946  28.392 0.0000000000
64917  -47.421  -37.795  28.222 0.0000000000
64961  -46.312  -37.622  24.756 0.0000000000
64979  -46.673  -36.526  24.377 0.0000000000
67341  -46.977  -35.226  26.209 0.0000000000
66117  -46.953  -36.147  25.749 0.0000000000
66104  -47.196  -36.204  26.791 0.0000000000
64930  -47.437  -36.618  27.573 0.0000000000
66105  -47.519  -35.984  27.539 0.0000000000
67312  -48.034  -35.463  28.657 0.0000000000
67327  -47.840  -35.489  27.869 0.0000000000
69703  -46.580  -33.308  26.551 0.0000000000
69693  -47.221  -33.255  27.550 0.0000000000
70883  -47.178  -32.858  27.011 0.0000000000
70870  -47.451  -32.885  27.761 0.0000000000
70897  -47.534  -32.714  26.504 0.0000000000
72132  -45.528  -32.270  23.784 0.0000000000
72134  -46.311  -32.492  24.405 0.0000000000
72145  -45.793  -32.863  23.546 0.0000000000
70964  -46.193  -33.376  22.980 0.0000000000
72157  -45.470  -33.325  22.886 0.0000000000
73358  -42.617  -32.267  22.219 0.0000000000
73359  -43.342  -32.392  22.441 0.0000000000
73367  -42.281  -31.965  21.730 0.0000000000
70996  -43.030  -32.527  20.948 0.0000000000
70979  -43.333  -32.574  21.261 0.0000000000
70997  -43.987  -32.967  20.814 0.0000000000
71014  -44.245  -33.557  20.379 0.0000000000
69839  -40.732  -33.344  18.058 0.0000000000
69852  -41.756  -33.622  17.212 0.0000000000
69851  -40.702  -33.640  16.855 0.0000000000
70975  -37.335  -31.974  19.516 0.0000000000
73374  -36.214  -30.934  18.991 0.0000000000
73409  -37.383  -31.017  18.369 0.0000000000
73408  -36.593  -30.825  17.765 0.0000000000
73429  -37.131  -31.437  17.489 0.0000000000
72242  -37.251  -31.996  16.603 0.0000000000
72243  -38.276  -31.906  16.883 0.0000000000
71052  -37.459  -32.249  16.266 0.0000000000
42773  -18.152  -55.019  34.771 0.0000000000
42753  -18.225  -54.848  36.001 0.0000000000
44057  -19.253  -54.732  36.549 0.0000000000
44078  -22.018  -54.166  36.306 0.0000000000
44077  -21.090  -54.173  36.098 0.0000000000
42757  -21.653  -54.470  36.692 0.0000000000
48164  -24.907  -51.979  26.651 0.0000000000
48187  -24.018  -51.752  25.942 0.0000000000
48163  -23.946  -52.406  26.375 0.0000000000
48147  -24.068  -52.498  27.171 0.0000000000
46834  -24.667  -52.491  27.832 0.0000000000
45527  -26.342  -53.089  29.498 0.0000000000
45526  -25.378  -52.982  29.373 0.0000000000
45504  -26.107  -53.293  30.327 0.0000000000
45479  -25.820  -53.258  31.200 0.0000000000
45480  -26.708  -53.146  31.260 0.0000000000
54846  -28.198  -45.468  23.906 0.0000000000
50821  -29.529  -47.870  25.114 0.0000000000
50833  -28.956  -47.959  24.474 0.0000000000
49490  -28.597  -49.263  25.303 0.0000000000
49468  -28.717  -49.589  26.006 0.0000000000
50765  -31.194  -48.596  28.714 0.0000000000
49457  -30.516  -48.502  27.990 0.0000000000
49436  -30.808  -49.946  28.665 0.0000000000
45531  -30.184  -52.075  29.554 0.0000000000
46840  -30.335  -50.986  28.374 0.0000000000
46839  -29.540  -51.508  28.213 0.0000000000
46866  -29.222  -51.067  27.428 0.0000000000
45552  -29.234  -52.161  28.644 0.0000000000
46816  -28.067  -52.501  28.525 0.0000000000
45551  -28.737  -52.511  28.731 0.0000000000
44197  -29.389  -53.958  31.670 0.0000000000
45482  -28.720  -53.750  30.984 0.0000000000
44196  -28.495  -53.814  31.817 0.0000000000
44171  -27.827  -53.774  32.570 0.0000000000
42810  -27.818  -54.429  33.993 0.0000000000
44146  -28.337  -54.406  33.578 0.0000000000
44127  -30.462  -54.564  34.526 0.0000000000
42797  -29.644  -55.019  35.109 0.0000000000
42779  -29.845  -54.913  36.164 0.0000000000
45427  -32.609  -52.554  34.993 0.0000000000
44129  -32.110  -53.447  35.027 0.0000000000
44105  -32.424  -53.109  35.901 0.0000000000
50710  -37.165  -48.759  32.627 0.0000000000
34169  -10.282  -60.588  30.382 0.0000000000
35645  -10.293  -60.020  30.337 0.0000000000
40117  -13.367  -56.783  29.729 0.0000000000
40135  -13.049  -56.470  28.913 0.0000000000
40116  -12.802  -57.160  29.396 0.0000000000
38613  -12.270  -58.178  29.746 0.0000000000
38635  -12.321  -57.728  29.176 0.0000000000
38634  -11.826  -58.183  29.130 0.0000000000
38653  -11.241  -58.118  28.352 0.0000000000
37134  -11.405  -58.759  29.048 0.0000000000
35612  -11.694  -59.445  33.213 0.0000000000
37079  -11.260  -59.603  32.024 0.0000000000
35611  -11.246  -59.932  32.786 0.0000000000
35593  -11.453  -60.402  33.612 0.0000000000
34125  -11.450  -61.009  34.162 0.0000000000
35576  -11.654  -60.341  34.209 0.0000000000
37020  -13.559  -58.373  37.152 0.0000000000
37019  -13.088  -58.623  36.742 0.0000000000
38500  -13.195  -58.365  38.092 0.0000000000
70920  -52.261  -32.680  25.959 0.0000000000
69912  -43.148  -33.512  14.656 0.0000000000
69891  -43.798  -33.664  15.221 0.0000000000
69869  -46.246  -34.332  15.699 0.0000000000
68697  -46.645  -35.085  15.975 0.0000000000
68679  -47.046  -35.452  16.569 0.0000000000
68698  -47.622  -35.137  15.888 0.0000000000
72245  -48.141  -32.731  15.321 0.0000000000
71057  -48.034  -33.171  15.410 0.0000000000
71058  -48.544  -33.042  15.132 0.0000000000
68701  -50.651  -35.053  15.815 0.0000000000
68700  -49.741  -34.812  15.890 0.0000000000
67512  -50.449  -35.774  16.518 0.0000000000
66280  -51.196  -36.301  16.794 0.0000000000
66268  -51.515  -36.398  17.348 0.0000000000
67495  -51.874  -36.062  17.250 0.0000000000
66269  -53.810  -36.422  17.172 0.0000000000
66256  -54.153  -36.922  17.681 0.0000000000
74718  -52.460  -29.835  15.688 0.0000000000
74717  -51.706  -30.216  15.260 0.0000000000
73454  -52.575  -30.663  16.464 0.0000000000
72274  -55.342  -31.496  15.057 0.0000000000
72273  -54.274  -31.166  15.405 0.0000000000
72295  -55.067  -32.139  14.532 0.0000000000
71120  -54.515  -32.528  14.314 0.0000000000
71121  -55.207  -32.818  14.460 0.0000000000
87938  -53.332  -18.817  13.198 0.0000000000
89095  -53.848  -18.398  13.635 0.0000000000
89104  -53.512  -18.289  13.029 0.0000000000
89133  -54.138  -18.437  11.472 0.0000000000
90286  -54.496  -17.695  12.156 0.0000000000
91459  -55.147  -17.674  12.398 0.0000000000
91449  -55.451  -17.906  13.053 0.0000000000
90272  -55.828  -18.206  12.556 0.0000000000
89170  -53.984  -18.492  8.946 0.0000000000
90313  -56.372  -18.087  9.949 0.0000000000
89162  -55.925  -18.406  10.510 0.0000000000
90299  -57.060  -17.898  10.919 0.0000000000
89119  -56.730  -17.720  12.093 0.0000000000
90288  -57.153  -17.354  11.836 0.0000000000
91461  -57.792  -16.889  12.262 0.0000000000
91469  -58.127  -16.913  11.671 0.0000000000
92666  -59.125  -15.835  11.773 0.0000000000
92667  -59.692  -15.154  11.416 0.0000000000
91531  -57.512  -16.420  5.512 0.0000000000
91495  -58.407  -16.630  7.547 0.0000000000
93890  -60.007  -14.479  8.974 0.0000000000
92681  -59.472  -15.053  9.253 0.0000000000
93882  -60.968  -14.241  10.302 0.0000000000
96372  -61.477  -12.896  6.369 0.0000000000
58792  -38.937  -43.298  22.266 0.0000000000
58793  -39.500  -43.049  22.697 0.0000000000
58807  -38.683  -42.924  21.637 0.0000000000
58823  -38.423  -42.552  21.107 0.0000000000
57522  -34.785  -44.180  21.183 0.0000000000
57487  -37.178  -44.410  22.710 0.0000000000
56201  -37.455  -44.785  23.360 0.0000000000
68674  -43.083  -34.501  18.045 0.0000000000
67487  -44.120  -35.099  18.469 0.0000000000
68693  -43.145  -34.587  17.459 0.0000000000
84265  -55.055  -22.396  14.407 0.0000000000
84251  -55.314  -22.021  14.852 0.0000000000
84252  -55.690  -22.333  15.334 0.0000000000
84239  -57.310  -21.657  16.817 0.0000000000
86774  -57.601  -20.441  16.770 0.0000000000
86773  -57.077  -20.123  15.951 0.0000000000
87891  -55.869  -18.916  15.400 0.0000000000
89089  -55.418  -18.280  15.149 0.0000000000
32641  -10.018  -61.449  29.604 0.0000000000
31189  -9.875  -62.130  29.876 0.0000000000
32626  -10.397  -62.053  31.289 0.0000000000
29667  -10.676  -63.276  33.062 0.0000000000
67401  -42.974  -35.590  21.532 0.0000000000
68601  -41.985  -34.775  21.896 0.0000000000
68590  -41.779  -33.961  22.048 0.0000000000
70945  -41.786  -33.035  22.055 0.0000000000
69776  -41.377  -33.284  21.551 0.0000000000
39969  -16.243  -56.567  38.187 0.0000000000
44142  -24.099  -54.241  33.604 0.0000000000
44121  -24.348  -54.039  34.740 0.0000000000
44101  -25.084  -54.143  35.964 0.0000000000
44082  -25.321  -54.174  36.622 0.0000000000
42775  -25.789  -54.376  35.744 0.0000000000
42794  -26.196  -54.460  35.286 0.0000000000
44103  -27.037  -54.329  35.251 0.0000000000
53375  -32.979  -47.546  30.258 0.0000000000
52033  -32.719  -47.902  30.636 0.0000000000
50706  -33.242  -48.565  31.156 0.0000000000
49412  -33.535  -49.827  32.019 0.0000000000
49403  -33.558  -49.960  33.163 0.0000000000
50689  -33.973  -48.967  33.719 0.0000000000
50676  -34.217  -48.944  34.897 0.0000000000
40066  -15.144  -56.712  33.209 0.0000000000
40036  -15.114  -57.135  34.476 0.0000000000
38539  -15.013  -57.289  35.328 0.0000000000
40003  -15.568  -57.244  35.728 0.0000000000
39985  -15.810  -56.949  37.477 0.0000000000
74742  -48.950  -30.504  13.186 0.0000000000
73496  -48.673  -31.120  14.206 0.0000000000
74728  -49.172  -30.914  13.834 0.0000000000
74715  -49.701  -30.928  14.273 0.0000000000
73452  -51.173  -31.206  15.259 0.0000000000
57416  -42.797  -43.815  27.614 0.0000000000
58717  -43.437  -43.067  27.205 0.0000000000
58739  -42.963  -42.936  26.400 0.0000000000
58762  -43.267  -42.359  25.796 0.0000000000
60013  -43.107  -42.125  25.093 0.0000000000
61370  -40.934  -40.752  21.854 0.0000000000
61371  -41.749  -40.802  22.521 0.0000000000
62627  -41.469  -40.037  21.227 0.0000000000
62654  -41.861  -39.353  21.282 0.0000000000
63883  -42.401  -38.753  21.371 0.0000000000
42868  -17.241  -54.689  29.904 0.0000000000
42834  -17.789  -54.741  31.317 0.0000000000
42850  -17.557  -54.781  30.446 0.0000000000
44209  -18.560  -53.680  30.543 0.0000000000
46829  -19.456  -52.511  27.928 0.0000000000
46812  -19.360  -52.688  28.420 0.0000000000
45544  -19.934  -52.646  28.694 0.0000000000
44226  -21.851  -53.551  30.302 0.0000000000
44212  -21.830  -53.830  30.827 0.0000000000
44227  -22.226  -53.507  29.997 0.0000000000
45500  -22.757  -53.593  30.067 0.0000000000
45501  -23.366  -53.505  30.032 0.0000000000
56175  -32.594  -45.640  24.073 0.0000000000
56156  -33.691  -46.428  24.911 0.0000000000
56137  -33.558  -46.133  25.701 0.0000000000
54777  -33.361  -46.404  26.434 0.0000000000
54755  -32.990  -46.702  27.311 0.0000000000
54778  -34.061  -47.196  26.743 0.0000000000
53415  -35.277  -47.962  28.001 0.0000000000
52089  -36.635  -48.207  28.250 0.0000000000
50783  -37.366  -48.726  28.703 0.0000000000
52090  -37.854  -48.505  28.073 0.0000000000
54831  -39.972  -45.883  25.493 0.0000000000
54808  -41.308  -45.895  26.806 0.0000000000
54781  -41.673  -45.788  27.400 0.0000000000
56119  -42.471  -44.183  27.173 0.0000000000
42890  -16.108  -54.670  28.417 0.0000000000
42867  -16.761  -54.673  29.348 0.0000000000
69759  -47.907  -33.619  23.837 0.0000000000
69779  -48.414  -33.561  22.793 0.0000000000
68603  -49.164  -34.159  22.422 0.0000000000
66230  -48.190  -36.476  19.900 0.0000000000
67434  -48.397  -35.936  20.592 0.0000000000
66211  -48.978  -36.292  20.281 0.0000000000
66212  -49.941  -36.540  20.409 0.0000000000
66213  -51.007  -36.503  20.423 0.0000000000
66214  -52.016  -36.362  20.507 0.0000000000
66254  -52.698  -36.654  18.478 0.0000000000
77405  -53.190  -27.264  12.727 0.0000000000
76039  -53.150  -28.021  13.297 0.0000000000
76040  -53.768  -27.624  13.710 0.0000000000
76023  -54.487  -27.740  14.792 0.0000000000
77369  -54.502  -28.003  15.636 0.0000000000
80154  -56.395  -26.141  17.581 0.0000000000
78724  -56.326  -26.566  17.990 0.0000000000
77311  -56.883  -27.001  19.039 0.0000000000
92645  -59.628  -15.873  14.277 0.0000000000
74775  -45.897  -29.630  11.036 0.0000000000
80271  -48.825  -25.684  9.871 0.0000000000
80272  -49.858  -25.692  10.234 0.0000000000
83011  -50.068  -23.845  10.589 0.0000000000
85607  -50.827  -21.466  12.330 0.0000000000
85608  -51.696  -21.460  12.415 0.0000000000
86834  -50.577  -20.440  12.460 0.0000000000
87935  -51.165  -20.078  12.790 0.0000000000
87951  -50.796  -19.770  12.309 0.0000000000
89114  -50.067  -19.071  11.634 0.0000000000
90267  -49.714  -18.706  11.177 0.0000000000
25196  -7.538  -66.561  31.781 0.0000000000
29649  -10.278  -63.908  37.349 0.0000000000
29651  -10.078  -64.593  36.871 0.0000000000
28185  -9.644  -65.252  36.441 0.0000000000
28184  -9.277  -65.682  36.534 0.0000000000
23627  -8.454  -67.335  36.006 0.0000000000
23644  -7.698  -67.690  34.186 0.0000000000
23643  -7.494  -68.173  33.977 0.0000000000
22187  -6.979  -68.779  33.583 0.0000000000
61296  -45.588  -40.868  26.796 0.0000000000
62561  -45.873  -39.838  26.656 0.0000000000
63787  -46.491  -39.005  26.376 0.0000000000
67380  -45.841  -35.377  23.869 0.0000000000
66156  -46.591  -35.861  24.171 0.0000000000
67381  -46.602  -35.190  24.506 0.0000000000
68578  -46.451  -34.635  25.035 0.0000000000
68559  -46.582  -34.464  25.711 0.0000000000
68536  -46.799  -34.234  26.501 0.0000000000
68535  -46.204  -33.712  25.892 0.0000000000
69702  -46.063  -33.265  25.858 0.0000000000
70914  -46.061  -32.493  25.185 0.0000000000
73330  -45.466  -32.023  24.123 0.0000000000
73349  -45.190  -32.556  23.388 0.0000000000
73379  -42.246  -31.396  21.152 0.0000000000
70994  -41.732  -31.852  20.883 0.0000000000
71011  -41.579  -32.202  20.583 0.0000000000
71012  -42.248  -32.693  20.255 0.0000000000
44115  -18.943  -53.613  34.120 0.0000000000
42754  -18.887  -54.448  35.544 0.0000000000
44094  -19.275  -54.072  34.890 0.0000000000
42734  -22.139  -54.802  37.160 0.0000000000
49513  -25.754  -49.986  24.278 0.0000000000
49512  -24.761  -50.576  24.491 0.0000000000
48218  -25.556  -50.923  25.389 0.0000000000
48188  -24.912  -51.426  26.057 0.0000000000
46861  -25.109  -52.259  27.428 0.0000000000
46862  -25.746  -52.050  27.402 0.0000000000
46814  -26.480  -52.659  28.808 0.0000000000
45528  -27.252  -53.154  29.405 0.0000000000
56153  -28.909  -45.156  24.921 0.0000000000
54847  -28.488  -45.651  24.182 0.0000000000
53476  -29.265  -46.318  24.945 0.0000000000
52149  -29.280  -46.830  25.464 0.0000000000
50809  -29.609  -48.335  26.017 0.0000000000
48124  -31.595  -50.266  29.943 0.0000000000
46819  -31.059  -50.690  29.489 0.0000000000
46800  -31.422  -51.302  30.033 0.0000000000
46799  -30.850  -51.976  29.802 0.0000000000
45507  -29.270  -53.359  30.147 0.0000000000
44217  -30.122  -53.549  30.651 0.0000000000
44198  -30.216  -53.873  31.361 0.0000000000
44147  -29.402  -54.395  33.373 0.0000000000
44148  -30.223  -54.379  33.636 0.0000000000
38597  -13.197  -57.367  31.538 0.0000000000
38596  -12.747  -57.636  30.987 0.0000000000
38595  -12.174  -58.121  30.537 0.0000000000
37080  -12.070  -59.073  32.318 0.0000000000
35577  -11.901  -59.877  34.736 0.0000000000
38481  -14.400  -57.802  39.687 0.0000000000
38488  -13.616  -58.529  38.941 0.0000000000
71133  -44.076  -32.565  13.927 0.0000000000
71084  -44.489  -33.223  14.741 0.0000000000
69894  -46.868  -33.788  15.315 0.0000000000
69897  -50.104  -33.716  15.036 0.0000000000
68718  -50.829  -34.393  15.207 0.0000000000
68702  -51.325  -35.022  15.538 0.0000000000
67514  -52.613  -35.656  16.405 0.0000000000
67515  -53.497  -35.843  16.340 0.0000000000
66282  -54.149  -36.298  16.533 0.0000000000
73433  -53.704  -30.548  16.866 0.0000000000
72232  -53.062  -31.081  16.910 0.0000000000
73456  -54.438  -30.698  16.139 0.0000000000
72253  -55.044  -30.942  15.759 0.0000000000
72275  -56.532  -31.739  15.282 0.0000000000
87964  -52.588  -19.076  11.654 0.0000000000
90284  -53.186  -18.190  11.913 0.0000000000
89132  -53.150  -18.674  11.416 0.0000000000
90328  -56.114  -17.841  8.885 0.0000000000
90314  -57.666  -17.652  9.996 0.0000000000
91475  -57.975  -17.306  9.697 0.0000000000
91476  -58.311  -16.838  10.003 0.0000000000
92680  -58.984  -15.903  9.590 0.0000000000
92746  -57.708  -15.295  3.987 0.0000000000
91546  -58.320  -15.750  4.491 0.0000000000
91513  -59.140  -16.013  5.934 0.0000000000
92708  -59.209  -15.915  6.457 0.0000000000
92695  -59.290  -15.776  7.260 0.0000000000
93899  -60.148  -14.231  8.265 0.0000000000
93900  -60.354  -14.156  8.826 0.0000000000
95173  -60.614  -13.779  8.730 0.0000000000
96383  -61.858  -12.092  5.589 0.0000000000
57447  -41.411  -44.158  24.771 0.0000000000
58760  -41.659  -42.885  24.998 0.0000000000
60048  -40.633  -42.097  22.723 0.0000000000
60047  -39.993  -42.335  22.625 0.0000000000
61344  -40.152  -41.846  22.366 0.0000000000
61345  -40.589  -41.512  22.264 0.0000000000
44264  -17.914  -53.540  27.463 0.0000000000
48160  -18.985  -52.118  26.960 0.0000000000
46885  -20.184  -52.003  27.108 0.0000000000
46886  -20.883  -51.920  26.877 0.0000000000
57519  -31.422  -43.790  21.371 0.0000000000
57503  -32.144  -44.505  21.995 0.0000000000
57484  -33.322  -45.334  22.678 0.0000000000
57505  -34.192  -44.687  21.826 0.0000000000
56220  -34.326  -44.975  22.432 0.0000000000
56197  -33.774  -45.252  22.825 0.0000000000
56177  -34.657  -46.111  23.850 0.0000000000
56158  -35.552  -46.498  24.773 0.0000000000
54827  -36.162  -46.383  25.031 0.0000000000
53461  -37.195  -47.101  26.055 0.0000000000
54828  -37.235  -46.442  25.281 0.0000000000
54829  -38.369  -46.167  25.159 0.0000000000
54851  -38.728  -45.703  24.759 0.0000000000
56180  -38.067  -45.179  23.802 0.0000000000
56181  -39.030  -45.131  24.316 0.0000000000
56159  -39.706  -45.221  24.647 0.0000000000
56160  -40.430  -45.099  25.123 0.0000000000
71016  -45.426  -34.154  20.836 0.0000000000
69810  -45.968  -34.274  21.123 0.0000000000
69826  -45.686  -34.600  20.560 0.0000000000
68646  -45.862  -35.123  20.394 0.0000000000
67451  -46.339  -35.756  20.004 0.0000000000
66228  -46.714  -36.233  19.661 0.0000000000
66249  -47.457  -36.774  19.059 0.0000000000
67472  -48.581  -36.425  17.993 0.0000000000
81637  -53.906  -24.592  13.241 0.0000000000
80226  -54.373  -25.181  13.728 0.0000000000
80209  -55.331  -25.227  14.931 0.0000000000
80194  -55.923  -25.327  16.224 0.0000000000
81596  -56.013  -24.306  16.073 0.0000000000
80195  -56.330  -25.202  16.792 0.0000000000
80155  -56.853  -25.591  18.096 0.0000000000
80156  -57.688  -25.475  19.130 0.0000000000
87893  -57.597  -19.372  16.364 0.0000000000
90245  -57.652  -17.580  15.514 0.0000000000
92643  -57.038  -17.145  14.240 0.0000000000
29690  -8.686  -63.225  30.035 0.0000000000
29681  -9.045  -63.789  30.741 0.0000000000
28201  -9.082  -64.819  32.026 0.0000000000
63835  -44.973  -38.031  23.037 0.0000000000
63836  -45.361  -38.385  23.755 0.0000000000
64995  -45.091  -37.329  22.811 0.0000000000
66175  -45.752  -35.995  23.036 0.0000000000
67403  -44.267  -35.608  22.468 0.0000000000
67393  -44.812  -35.533  22.808 0.0000000000
67394  -45.364  -35.444  23.294 0.0000000000
68575  -44.466  -34.298  23.577 0.0000000000
69718  -44.501  -33.239  24.103 0.0000000000
72131  -44.006  -32.685  23.607 0.0000000000
72130  -43.451  -32.692  23.481 0.0000000000
72153  -42.554  -32.345  22.498 0.0000000000
73357  -41.916  -31.647  22.035 0.0000000000
70963  -41.265  -32.523  21.604 0.0000000000
72151  -41.519  -31.920  21.890 0.0000000000
73377  -41.590  -31.079  21.360 0.0000000000
72184  -41.179  -31.635  20.847 0.0000000000
72201  -40.338  -31.788  20.017 0.0000000000
44118  -21.353  -53.939  34.368 0.0000000000
44079  -22.976  -54.115  36.451 0.0000000000
42738  -25.626  -54.491  37.764 0.0000000000
49539  -25.540  -49.570  23.516 0.0000000000
49488  -26.674  -50.149  25.133 0.0000000000
48219  -26.979  -50.477  25.724 0.0000000000
54752  -30.742  -46.129  27.476 0.0000000000
52086  -30.575  -47.403  27.760 0.0000000000
53413  -30.928  -47.236  28.317 0.0000000000
52068  -31.396  -47.950  28.853 0.0000000000
49427  -31.531  -49.408  29.745 0.0000000000
50728  -32.414  -48.771  30.669 0.0000000000
50727  -31.789  -48.921  30.203 0.0000000000
48118  -32.170  -50.655  30.760 0.0000000000
46793  -32.493  -51.218  31.519 0.0000000000
45458  -32.166  -53.097  32.737 0.0000000000
46771  -33.018  -51.751  34.062 0.0000000000
46763  -32.952  -51.636  35.182 0.0000000000
48101  -33.330  -50.779  34.075 0.0000000000
48090  -33.059  -50.896  35.024 0.0000000000
46755  -33.287  -51.503  36.059 0.0000000000
41509  -13.527  -55.867  28.405 0.0000000000
40098  -13.670  -56.709  30.518 0.0000000000
40082  -13.741  -56.933  31.455 0.0000000000
40081  -13.143  -56.966  31.018 0.0000000000
37035  -12.856  -58.612  35.653 0.0000000000
38537  -13.487  -58.141  35.232 0.0000000000
38520  -15.093  -57.473  36.404 0.0000000000
38502  -14.736  -57.626  37.562 0.0000000000
38489  -14.458  -57.755  38.633 0.0000000000
72291  -46.657  -31.648  13.797 0.0000000000
72268  -46.548  -32.277  14.380 0.0000000000
72246  -48.802  -32.159  15.323 0.0000000000
73450  -49.438  -31.568  15.031 0.0000000000
71089  -49.841  -32.933  15.045 0.0000000000
71090  -50.730  -32.704  14.743 0.0000000000
69915  -52.152  -33.284  14.412 0.0000000000
68735  -52.798  -33.927  14.472 0.0000000000
89178  -52.942  -18.405  7.881 0.0000000000
90339  -53.318  -18.076  7.422 0.0000000000
92747  -58.727  -15.247  4.163 0.0000000000
93964  -60.292  -14.064  4.724 0.0000000000
95270  -60.230  -12.742  2.681 0.0000000000
95249  -60.608  -12.650  3.324 0.0000000000
32617  -11.109  -61.716  33.566 0.0000000000
31162  -10.999  -62.567  33.877 0.0000000000
31149  -11.164  -62.940  36.070 0.0000000000
29646  -10.115  -63.860  37.813 0.0000000000
58703  -45.133  -42.406  28.731 0.0000000000
58741  -44.570  -42.308  26.814 0.0000000000
59979  -44.874  -42.054  27.005 0.0000000000
59997  -45.166  -41.585  26.757 0.0000000000
62570  -45.044  -40.264  25.076 0.0000000000
62585  -44.679  -39.791  24.439 0.0000000000
60012  -42.418  -42.279  24.868 0.0000000000
60028  -42.803  -41.765  24.458 0.0000000000
61325  -43.075  -40.977  24.146 0.0000000000
61346  -42.344  -41.072  23.361 0.0000000000
61347  -42.917  -40.655  23.628 0.0000000000
62584  -43.749  -40.403  23.899 0.0000000000
62601  -44.728  -39.030  23.451 0.0000000000
63864  -44.388  -38.678  22.690 0.0000000000
66188  -43.420  -36.876  21.012 0.0000000000
65029  -42.658  -37.700  20.628 0.0000000000
66201  -42.782  -36.450  20.593 0.0000000000
67414  -42.400  -35.590  20.699 0.0000000000
67429  -41.461  -34.613  20.146 0.0000000000
41415  -16.956  -56.109  35.003 0.0000000000
42789  -17.958  -55.065  33.813 0.0000000000
42790  -18.662  -54.581  34.062 0.0000000000
42820  -17.982  -54.771  32.299 0.0000000000
44161  -18.517  -54.519  32.823 0.0000000000
44136  -18.897  -54.218  33.390 0.0000000000
45425  -18.907  -53.157  33.793 0.0000000000
44138  -20.151  -53.678  33.084 0.0000000000
44247  -18.620  -53.480  28.680 0.0000000000
45496  -18.779  -53.133  29.987 0.0000000000
44210  -19.238  -53.400  30.767 0.0000000000
45520  -19.590  -52.695  29.276 0.0000000000
44190  -19.744  -53.519  31.526 0.0000000000
45450  -20.172  -53.594  32.208 0.0000000000
45437  -20.531  -53.817  32.764 0.0000000000
44140  -22.158  -54.137  33.544 0.0000000000
44141  -23.010  -54.519  33.513 0.0000000000
44192  -22.357  -54.112  31.475 0.0000000000
44169  -25.896  -54.065  32.733 0.0000000000
58788  -28.370  -42.387  23.456 0.0000000000
58771  -28.465  -43.103  23.750 0.0000000000
57458  -28.713  -44.091  23.752 0.0000000000
56130  -29.006  -44.701  24.893 0.0000000000
56131  -29.455  -45.117  25.455 0.0000000000
56113  -30.323  -45.422  26.653 0.0000000000
57481  -30.878  -43.907  23.458 0.0000000000
58791  -30.631  -43.539  24.221 0.0000000000
57446  -32.034  -45.507  24.190 0.0000000000
57445  -31.694  -44.970  24.702 0.0000000000
58775  -30.615  -43.923  24.784 0.0000000000
58734  -30.643  -44.791  25.600 0.0000000000
56114  -30.555  -45.208  26.527 0.0000000000
56095  -30.612  -45.583  27.221 0.0000000000
56079  -31.489  -46.220  27.706 0.0000000000
54734  -31.742  -46.660  28.192 0.0000000000
54719  -32.822  -47.377  28.827 0.0000000000
54736  -33.267  -47.038  28.312 0.0000000000
54720  -33.420  -47.551  28.922 0.0000000000
53388  -33.185  -47.535  29.677 0.0000000000
52051  -33.593  -47.598  30.089 0.0000000000
52035  -34.321  -48.417  30.824 0.0000000000
52019  -35.314  -48.334  32.893 0.0000000000
52037  -36.101  -48.447  32.037 0.0000000000
50749  -36.772  -48.824  30.095 0.0000000000
50750  -37.667  -49.080  30.459 0.0000000000
50731  -37.926  -49.133  31.614 0.0000000000
50732  -39.041  -49.401  31.881 0.0000000000
49429  -39.756  -49.047  31.117 0.0000000000
52056  -40.568  -48.115  30.651 0.0000000000
53438  -38.510  -47.554  26.781 0.0000000000
52110  -38.622  -48.065  27.491 0.0000000000
53464  -39.931  -46.978  26.749 0.0000000000
52112  -39.930  -47.716  28.078 0.0000000000
52092  -39.531  -48.164  28.589 0.0000000000
52072  -39.865  -48.198  29.464 0.0000000000
52073  -40.691  -47.685  29.635 0.0000000000
53392  -41.688  -46.497  31.017 0.0000000000
56100  -42.311  -44.815  29.151 0.0000000000
56082  -42.793  -45.201  29.845 0.0000000000
42907  -14.390  -55.352  27.553 0.0000000000
41487  -15.068  -55.467  29.480 0.0000000000
42866  -15.734  -54.954  29.168 0.0000000000
41488  -15.777  -55.303  29.698 0.0000000000
41435  -16.556  -55.881  32.583 0.0000000000
70918  -50.445  -32.706  25.925 0.0000000000
70951  -49.593  -33.242  24.544 0.0000000000
69761  -50.264  -33.374  24.278 0.0000000000
69742  -52.076  -33.620  24.694 0.0000000000
69763  -52.344  -34.168  23.911 0.0000000000
68618  -46.799  -34.668  21.464 0.0000000000
68620  -48.705  -34.699  21.811 0.0000000000
68621  -49.683  -34.680  21.935 0.0000000000
68622  -50.645  -34.770  22.202 0.0000000000
68623  -51.268  -34.829  22.450 0.0000000000
68607  -52.636  -35.063  22.635 0.0000000000
66215  -52.993  -36.463  21.047 0.0000000000
76037  -50.865  -29.649  13.331 0.0000000000
76019  -51.206  -29.800  13.893 0.0000000000
76020  -51.813  -29.583  14.100 0.0000000000
75979  -52.822  -29.630  15.892 0.0000000000
74702  -53.448  -29.518  16.942 0.0000000000
74690  -53.647  -29.897  17.355 0.0000000000
73412  -54.355  -30.203  17.908 0.0000000000
73413  -55.317  -30.280  18.167 0.0000000000
78799  -54.596  -26.599  14.323 0.0000000000
77370  -54.843  -27.447  15.302 0.0000000000
77327  -54.796  -27.993  17.500 0.0000000000
77328  -55.838  -27.273  17.333 0.0000000000
75956  -54.493  -28.260  18.069 0.0000000000
75910  -54.908  -29.181  18.507 0.0000000000
25187  -5.935  -67.341  31.202 0.0000000000
71081  -41.301  -33.316  15.108 0.0000000000
69889  -41.902  -33.471  15.285 0.0000000000
71082  -42.083  -33.414  14.793 0.0000000000
71112  -42.751  -33.377  14.276 0.0000000000
71132  -43.381  -32.608  13.774 0.0000000000
73492  -45.299  -31.455  13.454 0.0000000000
73507  -45.001  -31.213  12.726 0.0000000000
73493  -45.812  -31.393  13.463 0.0000000000
73509  -47.156  -30.925  13.187 0.0000000000
74740  -47.115  -30.592  12.564 0.0000000000
74761  -46.923  -30.288  11.890 0.0000000000
74763  -48.760  -30.039  12.568 0.0000000000
76052  -49.839  -29.519  12.372 0.0000000000
77437  -48.590  -27.839  10.648 0.0000000000
76076  -50.829  -28.132  11.655 0.0000000000
77416  -51.150  -27.845  11.660 0.0000000000
77417  -51.793  -27.423  11.779 0.0000000000
78853  -51.326  -26.696  11.105 0.0000000000
78833  -51.896  -26.717  11.497 0.0000000000
78834  -52.408  -26.456  11.906 0.0000000000
80256  -52.774  -25.477  12.175 0.0000000000
80243  -53.363  -25.001  12.623 0.0000000000
84311  -48.419  -22.588  10.995 0.0000000000
84313  -50.521  -23.065  10.914 0.0000000000
83013  -51.353  -24.016  11.735 0.0000000000
81648  -52.166  -24.209  11.967 0.0000000000
81636  -53.285  -24.139  12.740 0.0000000000
82978  -53.954  -23.506  13.558 0.0000000000
85609  -52.211  -21.413  12.544 0.0000000000
85589  -52.725  -21.568  12.912 0.0000000000
85590  -53.661  -21.721  13.253 0.0000000000
85575  -53.882  -21.258  13.768 0.0000000000
85553  -54.168  -20.926  14.353 0.0000000000
86790  -53.839  -20.311  13.961 0.0000000000
87909  -54.380  -19.538  14.196 0.0000000000
87908  -53.453  -19.962  13.820 0.0000000000
87937  -52.584  -19.280  13.128 0.0000000000
87953  -52.538  -19.240  12.274 0.0000000000
87962  -51.124  -19.628  11.836 0.0000000000
87963  -51.834  -19.459  11.660 0.0000000000
89156  -50.700  -18.577  9.319 0.0000000000
90309  -50.483  -18.162  8.883 0.0000000000
90310  -50.959  -18.389  8.861 0.0000000000
28196  -10.643  -63.955  33.512 0.0000000000
28190  -10.530  -64.426  34.991 0.0000000000
28195  -10.171  -64.629  33.356 0.0000000000
26720  -8.907  -65.604  32.452 0.0000000000
26694  -9.141  -65.875  36.958 0.0000000000
26698  -8.905  -66.182  36.435 0.0000000000
26702  -8.995  -66.019  35.928 0.0000000000
25166  -8.326  -66.727  35.890 0.0000000000
26710  -9.330  -66.399  34.332 0.0000000000
26714  -9.204  -66.255  33.357 0.0000000000
26719  -8.429  -66.335  32.535 0.0000000000
25197  -7.967  -66.459  32.064 0.0000000000
25189  -7.211  -67.001  32.068 0.0000000000
23650  -6.069  -67.800  31.706 0.0000000000
20788  -6.340  -69.358  32.797 0.0000000000
69663  -49.928  -33.933  30.284 0.0000000000
69684  -49.489  -32.973  28.767 0.0000000000
61260  -46.097  -41.173  30.075 0.0000000000
63819  -45.900  -37.919  24.333 0.0000000000
63788  -46.635  -37.908  26.383 0.0000000000
64944  -46.676  -37.000  26.225 0.0000000000
66076  -47.355  -37.201  28.889 0.0000000000
68513  -48.179  -34.412  28.761 0.0000000000
69694  -47.404  -33.688  27.778 0.0000000000
69671  -48.304  -33.749  28.872 0.0000000000
70857  -48.256  -33.132  28.734 0.0000000000
70871  -47.969  -32.659  28.162 0.0000000000
69704  -48.654  -32.727  26.770 0.0000000000
70916  -48.355  -33.370  26.076 0.0000000000
70933  -47.878  -33.319  24.843 0.0000000000
72122  -46.478  -32.450  24.724 0.0000000000
70932  -46.867  -32.779  24.607 0.0000000000
69739  -47.252  -33.377  24.295 0.0000000000
70949  -46.541  -33.348  23.215 0.0000000000
69777  -46.231  -33.548  22.433 0.0000000000
73336  -44.155  -32.392  24.117 0.0000000000
73348  -44.283  -32.557  23.275 0.0000000000
72143  -44.562  -32.874  22.934 0.0000000000
72169  -42.460  -32.200  21.517 0.0000000000
72171  -43.734  -33.025  21.905 0.0000000000
72172  -44.536  -33.378  22.194 0.0000000000
70981  -44.284  -33.331  21.532 0.0000000000
71015  -44.927  -33.928  20.694 0.0000000000
69823  -43.883  -33.751  19.599 0.0000000000
69842  -43.640  -34.072  18.907 0.0000000000
69841  -42.800  -34.087  18.656 0.0000000000
69822  -39.694  -33.434  19.555 0.0000000000
70992  -38.418  -32.203  19.599 0.0000000000
72166  -38.108  -32.008  19.612 0.0000000000
72198  -37.359  -30.972  19.232 0.0000000000
73376  -38.030  -31.010  19.441 0.0000000000
73392  -38.463  -31.023  19.258 0.0000000000
73410  -38.261  -30.921  18.726 0.0000000000
72215  -38.734  -31.478  18.478 0.0000000000
71041  -38.786  -31.869  18.238 0.0000000000
71042  -39.010  -32.327  17.799 0.0000000000
72229  -38.782  -32.128  17.280 0.0000000000
71053  -37.903  -32.310  16.308 0.0000000000
71055  -39.937  -33.603  16.219 0.0000000000
71056  -40.701  -33.716  15.746 0.0000000000
42752  -17.752  -55.350  36.820 0.0000000000
44074  -18.783  -54.548  36.021 0.0000000000
48184  -20.921  -52.102  25.906 0.0000000000
46887  -21.748  -52.066  26.567 0.0000000000
46832  -22.644  -52.665  27.891 0.0000000000
45548  -23.518  -53.160  28.443 0.0000000000
44228  -23.700  -53.386  29.109 0.0000000000
45525  -24.469  -53.330  29.352 0.0000000000
45550  -25.197  -52.646  28.593 0.0000000000
45453  -25.565  -53.674  31.896 0.0000000000
50883  -27.572  -47.379  22.941 0.0000000000
52187  -28.483  -46.618  23.847 0.0000000000
52165  -28.367  -47.752  23.986 0.0000000000
50832  -27.894  -48.471  24.225 0.0000000000
50819  -28.038  -48.938  24.988 0.0000000000
49489  -27.706  -49.655  25.234 0.0000000000
48191  -27.676  -50.506  26.236 0.0000000000
52107  -30.331  -47.410  27.045 0.0000000000
49470  -30.235  -48.504  26.794 0.0000000000
49455  -30.073  -49.787  27.185 0.0000000000
48150  -30.406  -50.335  28.244 0.0000000000
49444  -30.037  -50.181  27.724 0.0000000000
48193  -29.395  -49.899  26.580 0.0000000000
48169  -29.470  -50.472  27.072 0.0000000000
48168  -28.569  -50.910  26.774 0.0000000000
48167  -27.568  -51.033  26.832 0.0000000000
46837  -27.429  -52.218  27.985 0.0000000000
45506  -28.029  -53.535  30.199 0.0000000000
45455  -27.110  -53.480  31.987 0.0000000000
44170  -26.813  -53.890  32.796 0.0000000000
44124  -27.127  -54.279  34.838 0.0000000000
42777  -27.627  -54.577  35.501 0.0000000000
42796  -28.582  -54.686  34.589 0.0000000000
42760  -28.132  -54.768  36.698 0.0000000000
44150  -31.749  -53.673  34.394 0.0000000000
44128  -31.359  -54.220  35.135 0.0000000000
34157  -10.294  -61.017  30.265 0.0000000000
34148  -11.098  -60.848  32.097 0.0000000000
37133  -10.817  -59.263  28.789 0.0000000000
37096  -11.251  -59.515  31.203 0.0000000000
34113  -11.383  -61.131  35.223 0.0000000000
36993  -13.061  -58.927  39.312 0.0000000000
68695  -44.790  -34.907  16.615 0.0000000000
69892  -44.902  -33.622  15.347 0.0000000000
68678  -46.369  -35.432  16.888 0.0000000000
67491  -47.116  -35.921  17.380 0.0000000000
67492  -48.080  -36.263  17.220 0.0000000000
67493  -49.114  -36.081  17.373 0.0000000000
71087  -47.631  -33.256  15.281 0.0000000000
69872  -49.158  -33.890  15.397 0.0000000000
68699  -48.709  -34.850  15.915 0.0000000000
66266  -49.949  -36.429  17.742 0.0000000000
67475  -52.831  -36.122  17.829 0.0000000000
74730  -51.056  -30.148  14.115 0.0000000000
73478  -51.396  -30.776  15.403 0.0000000000
72249  -51.658  -31.485  15.618 0.0000000000
72251  -53.040  -31.468  16.475 0.0000000000
71093  -52.817  -31.735  15.842 0.0000000000
71092  -52.361  -31.970  15.260 0.0000000000
71118  -52.777  -32.313  14.510 0.0000000000
69917  -54.003  -33.107  14.251 0.0000000000
68737  -54.322  -33.645  14.542 0.0000000000
68723  -55.397  -34.525  14.865 0.0000000000
68722  -54.332  -34.399  14.962 0.0000000000
67532  -54.841  -35.420  15.468 0.0000000000
87927  -54.204  -18.766  14.036 0.0000000000
89096  -54.356  -18.229  14.111 0.0000000000
90252  -54.718  -17.793  14.341 0.0000000000
90270  -53.736  -17.849  12.600 0.0000000000
90259  -54.533  -17.686  13.715 0.0000000000
91439  -55.096  -17.505  14.145 0.0000000000
91440  -55.808  -17.588  13.813 0.0000000000
92650  -56.420  -17.358  14.003 0.0000000000
91442  -57.265  -16.885  13.808 0.0000000000
89159  -53.514  -18.653  9.488 0.0000000000
89149  -54.787  -18.784  10.769 0.0000000000
89161  -55.478  -18.552  10.158 0.0000000000
89150  -55.550  -18.548  10.995 0.0000000000
89135  -55.822  -18.357  11.792 0.0000000000
89118  -56.390  -18.138  12.219 0.0000000000
91450  -56.948  -17.100  13.123 0.0000000000
91451  -57.602  -16.852  13.091 0.0000000000
91443  -58.170  -16.634  13.783 0.0000000000
92653  -59.088  -16.202  13.656 0.0000000000
92660  -59.172  -15.915  12.774 0.0000000000
91470  -58.515  -16.616  11.127 0.0000000000
92654  -59.694  -15.275  13.507 0.0000000000
93858  -60.529  -14.994  13.030 0.0000000000
92675  -59.481  -15.035  10.314 0.0000000000
93873  -60.294  -14.630  10.927 0.0000000000
95207  -60.821  -13.360  6.935 0.0000000000
96355  -61.141  -12.965  7.417 0.0000000000
96373  -61.892  -12.842  6.274 0.0000000000
23634  -8.321  -67.228  35.776 0.0000000000
25154  -9.112  -66.069  37.058 0.0000000000
25177  -9.482  -66.332  33.879 0.0000000000
25185  -9.830  -65.952  33.926 0.0000000000
26695  -9.561  -65.534  37.271 0.0000000000
26711  -9.902  -65.755  34.424 0.0000000000
29641  -10.186  -63.750  38.579 0.0000000000
32633  -10.290  -61.676  30.546 0.0000000000
36983  -13.225  -58.691  39.902 0.0000000000
37007  -13.277  -58.443  37.514 0.0000000000
37152  -10.961  -58.723  28.424 0.0000000000
38487  -13.114  -58.731  38.366 0.0000000000
38521  -15.666  -57.339  36.910 0.0000000000
38654  -11.807  -57.724  28.619 0.0000000000
39967  -15.168  -57.251  38.468 0.0000000000
40019  -15.505  -57.124  35.104 0.0000000000
40020  -16.040  -57.013  35.384 0.0000000000
40035  -14.596  -57.393  34.206 0.0000000000
40099  -14.151  -56.515  30.999 0.0000000000
41394  -17.592  -55.416  36.235 0.0000000000
41468  -16.729  -55.333  30.774 0.0000000000
41529  -13.820  -55.462  28.001 0.0000000000
42776  -26.637  -54.436  35.628 0.0000000000
42792  -22.874  -54.486  33.976 0.0000000000
42799  -31.011  -54.520  35.805 0.0000000000
42807  -18.435  -54.782  33.345 0.0000000000
42808  -22.516  -54.370  33.679 0.0000000000
42809  -22.713  -54.462  33.771 0.0000000000
42811  -28.094  -54.515  34.148 0.0000000000
42821  -18.243  -54.964  33.001 0.0000000000
42835  -23.007  -54.333  30.946 0.0000000000
42836  -23.661  -54.570  30.998 0.0000000000
42837  -24.013  -54.599  30.817 0.0000000000
42851  -22.993  -54.169  30.559 0.0000000000
42852  -23.418  -54.308  30.634 0.0000000000
42888  -14.808  -55.201  28.618 0.0000000000
44056  -18.705  -54.742  36.555 0.0000000000
44058  -19.599  -54.812  36.467 0.0000000000
44063  -25.484  -54.274  37.134 0.0000000000
44102  -26.814  -54.321  35.110 0.0000000000
44125  -28.970  -54.542  33.915 0.0000000000
44160  -18.376  -54.259  32.327 0.0000000000
44162  -19.349  -53.607  32.473 0.0000000000
44187  -18.243  -54.215  31.769 0.0000000000
44211  -19.780  -53.404  30.805 0.0000000000
44214  -23.152  -53.961  30.302 0.0000000000
44215  -23.935  -54.193  30.484 0.0000000000
44229  -23.928  -53.457  29.060 0.0000000000
44248  -23.751  -53.369  28.876 0.0000000000
44249  -24.088  -53.386  28.752 0.0000000000
44262  -16.152  -54.449  26.873 0.0000000000
45426  -19.014  -53.087  34.051 0.0000000000
45435  -19.099  -53.371  33.647 0.0000000000
45436  -20.377  -53.734  32.587 0.0000000000
45448  -18.809  -53.987  32.627 0.0000000000
45449  -19.225  -53.757  32.836 0.0000000000
45472  -18.550  -53.821  32.063 0.0000000000
45474  -19.134  -53.585  32.316 0.0000000000
45478  -25.065  -53.739  31.136 0.0000000000
45483  -30.862  -53.461  31.048 0.0000000000
45502  -24.310  -53.524  30.211 0.0000000000
45519  -19.046  -53.275  28.895 0.0000000000
45524  -23.527  -53.334  29.297 0.0000000000
45543  -18.765  -53.284  28.609 0.0000000000
45569  -20.088  -52.691  28.157 0.0000000000
45570  -20.531  -52.625  28.046 0.0000000000
46764  -33.004  -51.336  34.693 0.0000000000
46810  -18.788  -52.998  28.362 0.0000000000
46817  -29.782  -51.924  29.013 0.0000000000
46830  -21.135  -52.558  28.298 0.0000000000
46835  -25.654  -52.502  28.132 0.0000000000
46836  -26.546  -52.423  28.009 0.0000000000
46855  -18.798  -52.320  27.216 0.0000000000
46858  -21.766  -52.218  27.382 0.0000000000
46865  -28.510  -51.423  27.415 0.0000000000
48089  -33.140  -51.280  35.441 0.0000000000
48134  -30.720  -50.555  28.886 0.0000000000
48145  -19.045  -52.254  27.498 0.0000000000
48216  -24.257  -51.820  25.317 0.0000000000
48220  -27.420  -50.215  25.623 0.0000000000
49419  -33.257  -49.815  31.500 0.0000000000
49420  -39.215  -49.432  31.241 0.0000000000
49421  -39.495  -49.213  31.388 0.0000000000
49437  -31.118  -49.279  28.882 0.0000000000
49446  -30.713  -48.848  28.271 0.0000000000
49456  -30.366  -48.944  27.516 0.0000000000
49465  -26.046  -50.824  25.617 0.0000000000
49466  -26.441  -50.595  25.513 0.0000000000
49467  -28.015  -50.037  25.924 0.0000000000
49486  -25.288  -50.902  24.972 0.0000000000
50733  -39.895  -48.674  31.651 0.0000000000
50734  -40.336  -48.335  31.268 0.0000000000
50747  -31.542  -48.566  29.559 0.0000000000
50748  -31.854  -48.507  30.174 0.0000000000
50753  -40.226  -48.566  31.027 0.0000000000
50769  -39.196  -48.770  29.725 0.0000000000
50782  -30.740  -48.225  28.271 0.0000000000
50797  -30.487  -48.098  27.578 0.0000000000
50798  -30.531  -48.250  28.007 0.0000000000
50808  -29.239  -49.103  25.676 0.0000000000
50810  -30.190  -47.810  26.633 0.0000000000
50830  -26.231  -49.579  23.797 0.0000000000
50831  -26.869  -49.079  23.917 0.0000000000
50834  -29.146  -47.493  24.836 0.0000000000
50857  -27.682  -47.882  23.412 0.0000000000
52016  -33.243  -48.100  31.063 0.0000000000
52034  -33.476  -47.907  30.635 0.0000000000
52055  -40.232  -48.196  30.046 0.0000000000
52074  -41.086  -47.334  29.325 0.0000000000
52087  -30.817  -47.717  28.308 0.0000000000
52088  -35.877  -48.021  28.300 0.0000000000
52091  -38.767  -48.462  28.225 0.0000000000
52106  -30.017  -47.049  26.709 0.0000000000
52108  -37.036  -47.881  27.364 0.0000000000
52111  -39.446  -47.897  27.773 0.0000000000
52131  -29.493  -46.700  25.922 0.0000000000
52132  -29.663  -47.213  26.084 0.0000000000
52150  -29.214  -47.285  25.201 0.0000000000
52166  -28.775  -47.102  24.586 0.0000000000
52186  -28.268  -47.147  23.461 0.0000000000
52205  -27.767  -46.749  22.826 0.0000000000
53376  -33.284  -47.561  30.243 0.0000000000
53400  -31.793  -47.626  29.263 0.0000000000
53401  -34.235  -47.610  28.487 0.0000000000
53412  -30.629  -46.737  27.676 0.0000000000
53414  -34.531  -47.495  27.513 0.0000000000
53431  -29.443  -46.118  26.215 0.0000000000
53433  -30.302  -46.889  27.136 0.0000000000
53434  -34.631  -47.598  26.875 0.0000000000
53457  -29.369  -46.362  25.779 0.0000000000
53459  -35.800  -46.996  26.272 0.0000000000
53478  -38.378  -46.531  25.515 0.0000000000
53492  -28.274  -45.877  23.949 0.0000000000
53493  -28.608  -46.217  24.166 0.0000000000
53509  -28.392  -46.349  23.804 0.0000000000
54718  -32.293  -47.177  28.644 0.0000000000
54733  -31.238  -46.284  27.745 0.0000000000
54737  -33.739  -47.356  28.523 0.0000000000
54751  -30.307  -45.815  27.076 0.0000000000
54753  -31.074  -46.643  28.102 0.0000000000
54776  -29.852  -45.890  26.621 0.0000000000
54800  -33.496  -45.960  26.048 0.0000000000
54801  -34.070  -46.606  25.797 0.0000000000
54803  -36.229  -46.760  25.807 0.0000000000
54804  -36.701  -46.882  25.821 0.0000000000
54823  -28.487  -45.197  24.344 0.0000000000
54824  -29.042  -45.642  24.570 0.0000000000
54830  -39.328  -45.729  25.073 0.0000000000
56080  -31.804  -46.160  27.645 0.0000000000
56096  -31.176  -45.726  27.444 0.0000000000
56097  -31.722  -45.597  27.241 0.0000000000
56098  -32.386  -45.925  27.076 0.0000000000
56112  -29.819  -45.505  26.147 0.0000000000
56116  -32.603  -45.574  26.438 0.0000000000
56117  -33.140  -45.790  26.309 0.0000000000
56132  -30.001  -45.182  25.859 0.0000000000
56133  -30.355  -45.253  26.123 0.0000000000
56134  -31.465  -45.298  26.218 0.0000000000
56152  -28.691  -44.728  24.359 0.0000000000
56196  -33.445  -45.138  22.501 0.0000000000
56218  -33.350  -45.008  22.295 0.0000000000
56219  -33.741  -44.896  22.345 0.0000000000
57401  -30.729  -45.194  27.131 0.0000000000
57403  -31.494  -45.158  26.981 0.0000000000
57407  -44.328  -43.122  28.482 0.0000000000
57412  -30.576  -45.135  26.849 0.0000000000
57413  -30.801  -44.998  26.784 0.0000000000
57415  -42.616  -44.286  27.882 0.0000000000
57425  -29.286  -44.303  25.042 0.0000000000
57426  -29.732  -44.473  25.439 0.0000000000
57428  -30.645  -45.191  25.982 0.0000000000
57429  -31.104  -45.028  25.709 0.0000000000
57441  -29.150  -44.295  24.333 0.0000000000
57442  -29.411  -42.892  24.230 0.0000000000
57443  -29.620  -43.040  24.295 0.0000000000
57444  -31.107  -44.606  24.978 0.0000000000
57459  -29.411  -42.722  24.240 0.0000000000
57461  -31.023  -44.308  24.348 0.0000000000
57464  -33.164  -45.540  22.983 0.0000000000
57480  -30.468  -43.348  23.174 0.0000000000
57489  -39.350  -43.595  23.228 0.0000000000
58687  -44.926  -42.406  29.394 0.0000000000
58716  -42.899  -43.346  26.964 0.0000000000
58719  -45.344  -42.319  28.095 0.0000000000
58730  -29.346  -43.837  24.556 0.0000000000
58732  -29.969  -43.928  25.421 0.0000000000
58733  -30.351  -44.471  25.495 0.0000000000
58753  -29.474  -43.273  24.370 0.0000000000
58754  -29.832  -43.266  24.676 0.0000000000
58756  -30.634  -44.406  25.280 0.0000000000
58789  -29.571  -42.510  23.762 0.0000000000
58808  -39.225  -42.799  22.031 0.0000000000
60015  -44.496  -41.602  25.669 0.0000000000
60022  -29.388  -42.338  23.822 0.0000000000
60066  -39.643  -42.174  21.992 0.0000000000
61295  -45.151  -41.306  26.330 0.0000000000
62583  -43.228  -40.562  23.695 0.0000000000
63804  -46.582  -37.569  25.784 0.0000000000
64918  -47.579  -37.104  27.976 0.0000000000
64978  -46.391  -37.187  24.216 0.0000000000
65014  -43.214  -37.574  21.189 0.0000000000
65028  -41.739  -38.060  20.195 0.0000000000
65095  -55.101  -37.253  17.123 0.0000000000
66091  -47.484  -37.135  28.451 0.0000000000
66135  -46.798  -36.018  24.859 0.0000000000
66210  -48.527  -36.236  20.248 0.0000000000
66229  -47.159  -36.331  19.673 0.0000000000
66248  -46.666  -36.487  19.301 0.0000000000
66255  -53.465  -36.730  18.062 0.0000000000
66281  -51.567  -36.142  16.931 0.0000000000
67379  -44.869  -35.121  23.632 0.0000000000
67391  -43.247  -35.154  22.482 0.0000000000
67392  -43.983  -35.199  22.654 0.0000000000
67400  -42.209  -35.071  21.212 0.0000000000
67402  -43.809  -35.650  22.166 0.0000000000
67412  -41.635  -34.709  20.289 0.0000000000
67413  -41.977  -34.902  20.555 0.0000000000
67415  -46.919  -35.048  21.311 0.0000000000
67417  -48.103  -35.291  21.327 0.0000000000
67431  -42.181  -35.398  20.193 0.0000000000
67439  -52.833  -36.044  21.513 0.0000000000
67453  -48.062  -36.157  20.228 0.0000000000
67466  -44.224  -34.914  18.599 0.0000000000
67467  -44.479  -34.998  18.694 0.0000000000
67468  -45.224  -35.388  19.160 0.0000000000
67473  -51.895  -36.336  17.651 0.0000000000
67494  -49.893  -36.257  17.003 0.0000000000
67496  -52.396  -35.958  17.182 0.0000000000
67509  -47.620  -35.759  16.643 0.0000000000
68500  -49.171  -34.628  30.278 0.0000000000
68508  -48.722  -34.663  29.994 0.0000000000
68606  -51.884  -34.777  22.717 0.0000000000
68616  -41.387  -34.428  20.662 0.0000000000
68619  -47.789  -34.622  21.659 0.0000000000
68634  -46.243  -34.900  20.733 0.0000000000
68645  -45.411  -35.093  19.997 0.0000000000
68662  -44.057  -34.683  18.668 0.0000000000
68664  -45.071  -34.930  19.524 0.0000000000
68675  -43.638  -35.129  18.051 0.0000000000
68736  -53.645  -33.777  14.545 0.0000000000
69673  -49.605  -33.407  29.485 0.0000000000
69681  -47.375  -33.114  27.894 0.0000000000
69683  -49.085  -33.272  28.885 0.0000000000
69705  -48.877  -32.804  26.799 0.0000000000
69721  -48.674  -32.928  26.615 0.0000000000
69736  -44.028  -33.391  23.647 0.0000000000
69737  -46.598  -33.120  24.162 0.0000000000
69738  -46.831  -33.275  24.222 0.0000000000
69740  -50.499  -33.174  24.800 0.0000000000
69754  -41.768  -33.484  22.033 0.0000000000
69757  -46.448  -33.132  23.975 0.0000000000
69758  -46.864  -33.434  23.718 0.0000000000
69775  -40.993  -32.795  21.402 0.0000000000
69825  -45.134  -34.426  20.352 0.0000000000
69868  -45.305  -34.239  15.917 0.0000000000
69873  -49.746  -34.250  15.397 0.0000000000
69895  -47.426  -33.808  15.401 0.0000000000
69896  -49.552  -33.422  15.112 0.0000000000
69898  -51.251  -33.502  14.721 0.0000000000
69900  -54.970  -33.776  14.592 0.0000000000
69913  -43.361  -33.568  14.850 0.0000000000
69914  -51.651  -33.001  14.508 0.0000000000
69919  -55.195  -33.316  14.482 0.0000000000
70898  -48.455  -32.597  26.861 0.0000000000
70911  -44.349  -32.967  24.119 0.0000000000
70913  -45.407  -32.646  25.038 0.0000000000
70921  -52.553  -32.928  26.071 0.0000000000
70929  -43.183  -32.966  23.498 0.0000000000
70930  -43.851  -32.971  23.714 0.0000000000
70931  -46.439  -32.803  24.182 0.0000000000
70952  -50.013  -33.165  24.629 0.0000000000
70965  -46.635  -33.392  22.967 0.0000000000
70974  -37.078  -31.935  19.444 0.0000000000
70976  -37.792  -32.053  19.556 0.0000000000
70978  -40.941  -32.048  21.419 0.0000000000
70995  -42.040  -32.192  20.934 0.0000000000
71009  -37.985  -32.468  19.212 0.0000000000
71027  -38.885  -31.679  18.442 0.0000000000
71028  -39.096  -31.868  18.441 0.0000000000
71059  -49.372  -32.494  15.168 0.0000000000
71063  -52.503  -31.716  15.925 0.0000000000
71083  -44.021  -33.346  14.808 0.0000000000
71117  -51.954  -32.567  14.631 0.0000000000
71119  -53.714  -32.365  14.324 0.0000000000
72120  -45.499  -32.321  24.473 0.0000000000
72133  -46.043  -32.312  23.954 0.0000000000
72140  -42.428  -32.505  22.592 0.0000000000
72141  -42.937  -32.375  23.101 0.0000000000
72152  -42.123  -32.089  22.278 0.0000000000
72155  -44.133  -32.928  22.469 0.0000000000
72156  -44.816  -33.227  22.746 0.0000000000
72165  -37.765  -31.761  19.539 0.0000000000
72170  -43.220  -32.485  21.541 0.0000000000
72173  -45.121  -33.370  22.416 0.0000000000
72180  -36.925  -31.209  19.168 0.0000000000
72181  -37.683  -31.192  19.387 0.0000000000
72185  -41.832  -31.526  20.857 0.0000000000
72187  -42.735  -32.347  21.316 0.0000000000
72197  -37.151  -30.864  19.090 0.0000000000
72228  -38.507  -31.843  17.660 0.0000000000
72231  -52.707  -31.184  16.664 0.0000000000
72244  -38.674  -32.007  17.082 0.0000000000
72248  -50.755  -31.667  14.865 0.0000000000
72250  -52.371  -31.497  16.139 0.0000000000
72252  -54.582  -30.944  15.763 0.0000000000
72271  -52.851  -31.740  15.475 0.0000000000
72272  -53.350  -31.446  15.618 0.0000000000
72289  -45.015  -31.908  13.773 0.0000000000
72292  -52.916  -31.702  15.041 0.0000000000
72294  -54.398  -31.749  14.545 0.0000000000
72310  -46.191  -31.410  13.501 0.0000000000
72311  -46.684  -31.216  13.410 0.0000000000
73327  -44.615  -32.331  24.019 0.0000000000
73328  -44.811  -32.229  24.128 0.0000000000
73337  -44.647  -32.438  23.796 0.0000000000
73338  -45.150  -32.137  23.895 0.0000000000
73339  -45.668  -31.971  23.990 0.0000000000
73346  -42.978  -32.264  22.812 0.0000000000
73347  -43.593  -32.445  23.192 0.0000000000
73356  -41.637  -31.667  21.927 0.0000000000
73360  -43.997  -32.549  22.628 0.0000000000
73365  -41.648  -31.487  21.707 0.0000000000
73366  -42.061  -31.423  21.673 0.0000000000
73368  -42.950  -32.371  21.918 0.0000000000
73375  -37.801  -30.955  19.359 0.0000000000
73393  -38.892  -31.221  19.188 0.0000000000
73394  -54.454  -29.936  18.331 0.0000000000
73395  -54.763  -30.047  18.347 0.0000000000
73411  -38.900  -31.135  18.958 0.0000000000
73431  -52.494  -30.931  16.541 0.0000000000
73432  -52.983  -30.642  16.846 0.0000000000
73435  -55.962  -30.268  17.428 0.0000000000
73453  -52.043  -30.799  15.911 0.0000000000
73455  -53.693  -31.017  16.125 0.0000000000
73474  -48.269  -31.401  14.543 0.0000000000
73475  -49.139  -31.222  14.477 0.0000000000
73476  -50.015  -31.204  14.641 0.0000000000
73477  -50.861  -30.965  14.976 0.0000000000
73479  -53.820  -31.124  15.715 0.0000000000
74655  -54.755  -29.682  18.433 0.0000000000
74689  -53.190  -30.242  16.866 0.0000000000
74700  -52.213  -30.395  15.819 0.0000000000
74727  -48.574  -30.761  13.473 0.0000000000
74777  -47.364  -30.005  11.397 0.0000000000
75909  -54.480  -29.582  18.353 0.0000000000
75933  -54.275  -29.319  18.146 0.0000000000
75934  -54.816  -28.596  18.403 0.0000000000
76003  -51.821  -29.677  14.847 0.0000000000
76004  -52.586  -29.425  15.207 0.0000000000
76050  -48.232  -29.900  11.347 0.0000000000
76055  -52.882  -27.720  12.636 0.0000000000
77406  -53.707  -27.166  13.305 0.0000000000
77418  -52.664  -27.327  12.216 0.0000000000
78678  -57.169  -27.497  19.891 0.0000000000
78726  -57.927  -25.940  19.427 0.0000000000
78764  -55.363  -27.020  15.698 0.0000000000
78765  -55.809  -26.503  16.210 0.0000000000
78819  -52.980  -26.743  12.363 0.0000000000
78835  -52.956  -26.168  12.409 0.0000000000
80176  -56.254  -25.767  17.069 0.0000000000
80210  -55.599  -25.525  15.506 0.0000000000
80274  -51.462  -25.578  11.195 0.0000000000
81597  -56.419  -24.640  16.645 0.0000000000
81608  -55.592  -24.702  15.595 0.0000000000
81649  -52.833  -24.560  12.217 0.0000000000
81686  -50.349  -24.404  10.761 0.0000000000
81687  -50.510  -24.524  10.903 0.0000000000
82945  -55.337  -23.809  15.012 0.0000000000
82976  -52.346  -23.012  12.322 0.0000000000
83012  -50.734  -23.827  11.157 0.0000000000
83020  -50.234  -24.213  10.675 0.0000000000
84237  -56.137  -22.212  15.828 0.0000000000
84253  -56.149  -22.868  15.724 0.0000000000
84279  -54.370  -22.363  13.448 0.0000000000
84298  -52.220  -21.804  12.321 0.0000000000
85538  -56.885  -21.161  16.165 0.0000000000
85539  -57.481  -21.095  16.816 0.0000000000
85573  -52.425  -20.740  13.345 0.0000000000
85591  -54.249  -21.694  13.433 0.0000000000
86789  -53.228  -20.153  13.889 0.0000000000
86810  -53.550  -20.774  13.944 0.0000000000
86821  -51.160  -20.297  12.722 0.0000000000
87881  -58.067  -19.977  16.824 0.0000000000
87892  -56.373  -19.295  15.604 0.0000000000
89088  -54.804  -18.467  14.599 0.0000000000
89103  -53.001  -18.712  12.733 0.0000000000
89117  -53.313  -18.278  12.510 0.0000000000
89129  -50.171  -18.870  11.214 0.0000000000
89136  -56.645  -18.076  11.689 0.0000000000
89167  -51.717  -18.292  8.412 0.0000000000
89168  -52.336  -18.434  8.211 0.0000000000
89177  -52.687  -18.233  7.659 0.0000000000
90242  -55.196  -17.771  14.890 0.0000000000
90243  -55.822  -17.833  15.277 0.0000000000
90244  -56.650  -17.720  15.325 0.0000000000
90251  -54.237  -17.936  13.865 0.0000000000
90254  -56.141  -17.710  15.307 0.0000000000
90261  -56.596  -17.407  13.124 0.0000000000
90268  -49.989  -18.680  11.292 0.0000000000
90269  -53.308  -18.086  12.178 0.0000000000
90271  -54.373  -17.589  13.013 0.0000000000
90273  -56.610  -17.545  12.570 0.0000000000
90287  -55.232  -17.780  12.039 0.0000000000
90289  -57.724  -17.119  11.711 0.0000000000
90315  -58.084  -17.253  10.402 0.0000000000
91418  -55.357  -17.599  14.771 0.0000000000
91421  -57.324  -17.257  14.750 0.0000000000
91429  -55.166  -17.612  14.610 0.0000000000
91430  -55.724  -17.615  14.671 0.0000000000
91431  -56.264  -17.644  15.009 0.0000000000
91432  -57.298  -16.948  14.198 0.0000000000
91441  -56.602  -17.313  13.605 0.0000000000
91452  -58.421  -16.531  12.953 0.0000000000
91458  -54.868  -17.661  12.778 0.0000000000
92634  -56.711  -17.446  14.613 0.0000000000
92635  -56.911  -17.324  14.528 0.0000000000
92641  -56.130  -17.504  14.224 0.0000000000
92642  -56.540  -17.430  14.432 0.0000000000
92651  -56.862  -17.136  13.997 0.0000000000
92652  -57.122  -16.970  14.016 0.0000000000
92728  -58.986  -15.620  4.794 0.0000000000
93944  -60.425  -13.733  5.090 0.0000000000
95172  -60.402  -13.909  8.341 0.0000000000
95187  -60.379  -13.835  8.025 0.0000000000
95248  -60.138  -13.406  3.082 0.0000000000
96405  -60.939  -11.985  3.244 0.0000000000
