#!ascii label  , from subject 3123 vox2ras=TkReg
1619
45340  10.705  -48.598  48.389 0.0000000000
42987  7.781  -49.996  25.028 0.0000000000
37746  5.311  -54.170  41.717 0.0000000000
42781  4.516  -47.491  42.183 0.0000000000
53289  4.529  -41.928  37.012 0.0000000000
37698  8.541  -51.528  47.512 0.0000000000
41416  4.985  -49.445  48.000 0.0000000000
40200  13.652  -51.600  44.411 0.0000000000
33493  9.496  -54.528  43.968 0.0000000000
29028  6.241  -57.084  41.221 0.0000000000
53107  1.763  -41.791  46.022 0.0000000000
45490  2.663  -45.786  38.027 0.0000000000
57008  3.806  -38.943  44.406 0.0000000000
39108  2.602  -54.115  36.504 0.0000000000
41540  5.861  -52.415  36.307 0.0000000000
40242  7.633  -51.803  41.848 0.0000000000
45354  2.726  -47.365  46.865 0.0000000000
44215  9.520  -48.364  34.431 0.0000000000
48213  6.403  -44.543  31.318 0.0000000000
55967  2.713  -41.067  29.003 0.0000000000
59513  7.331  -36.758  36.273 0.0000000000
40160  9.220  -51.393  50.952 0.0000000000
43990  7.534  -49.168  50.015 0.0000000000
42699  12.463  -50.030  46.983 0.0000000000
36357  12.546  -53.459  45.217 0.0000000000
36322  10.558  -51.637  47.715 0.0000000000
33447  9.303  -54.071  46.512 0.0000000000
54438  2.679  -40.008  45.017 0.0000000000
39062  3.133  -54.493  39.628 0.0000000000
39072  4.651  -53.430  39.431 0.0000000000
39033  6.312  -53.480  42.032 0.0000000000
46700  4.243  -46.429  49.061 0.0000000000
44010  3.028  -48.471  48.115 0.0000000000
32056  5.223  -56.208  42.330 0.0000000000
29052  4.192  -57.044  39.349 0.0000000000
33530  2.835  -55.810  39.987 0.0000000000
35061  1.643  -55.197  37.767 0.0000000000
41511  7.919  -50.371  39.630 0.0000000000
42858  8.071  -50.994  35.011 0.0000000000
44121  7.452  -47.757  38.380 0.0000000000
53293  2.292  -43.055  37.286 0.0000000000
45585  4.494  -45.221  34.131 0.0000000000
48219  2.784  -44.208  32.886 0.0000000000
50851  4.103  -43.341  29.864 0.0000000000
53330  3.666  -41.684  33.323 0.0000000000
36347  6.854  -53.986  44.110 0.0000000000
39005  7.277  -52.727  44.342 0.0000000000
40176  6.934  -50.426  48.374 0.0000000000
45337  5.941  -48.024  49.227 0.0000000000
39031  14.337  -51.370  41.988 0.0000000000
36425  13.932  -52.077  38.865 0.0000000000
36384  13.278  -52.892  42.151 0.0000000000
33527  10.450  -54.249  41.875 0.0000000000
30480  8.229  -56.306  43.130 0.0000000000
32026  7.196  -55.693  44.012 0.0000000000
46742  2.400  -45.566  44.160 0.0000000000
44105  3.805  -46.629  39.782 0.0000000000
49360  2.194  -44.455  42.712 0.0000000000
53198  3.382  -42.715  41.683 0.0000000000
53195  4.739  -41.536  41.340 0.0000000000
47960  11.525  -47.212  46.932 0.0000000000
42808  16.016  -47.473  38.589 0.0000000000
46778  16.396  -45.704  40.620 0.0000000000
42738  13.416  -49.482  42.873 0.0000000000
44025  11.775  -49.175  44.681 0.0000000000
36523  2.280  -54.348  33.138 0.0000000000
40408  3.840  -53.084  33.173 0.0000000000
41559  4.139  -53.241  36.098 0.0000000000
40280  6.940  -52.897  39.456 0.0000000000
42759  6.901  -49.018  42.618 0.0000000000
41429  6.472  -49.488  45.823 0.0000000000
41444  5.400  -48.637  45.154 0.0000000000
42726  3.287  -47.569  44.856 0.0000000000
49295  2.361  -44.726  46.005 0.0000000000
40385  5.677  -51.708  31.952 0.0000000000
42912  7.404  -50.520  31.202 0.0000000000
45632  9.484  -48.157  30.467 0.0000000000
45512  6.087  -46.529  36.633 0.0000000000
46914  8.731  -45.952  32.623 0.0000000000
46993  9.506  -46.123  28.316 0.0000000000
49586  6.760  -44.545  26.557 0.0000000000
50897  4.280  -43.157  26.180 0.0000000000
58223  5.537  -37.337  42.613 0.0000000000
55785  6.389  -39.068  40.131 0.0000000000
58263  4.936  -36.697  38.933 0.0000000000
54586  6.500  -40.452  36.324 0.0000000000
54648  6.079  -40.297  32.387 0.0000000000
43993  9.530  -49.493  49.457 0.0000000000
45333  8.624  -48.610  49.562 0.0000000000
46693  9.798  -47.813  48.476 0.0000000000
44006  11.717  -49.064  48.096 0.0000000000
40174  11.301  -51.031  47.789 0.0000000000
41394  10.585  -50.512  48.685 0.0000000000
40168  10.397  -51.745  49.836 0.0000000000
41733  6.723  -50.522  24.112 0.0000000000
44358  7.599  -48.877  24.771 0.0000000000
37777  4.396  -54.199  40.774 0.0000000000
39048  4.939  -53.671  40.967 0.0000000000
39020  5.503  -54.004  42.105 0.0000000000
39085  15.342  -50.719  38.470 0.0000000000
34991  4.890  -54.997  42.002 0.0000000000
32073  3.726  -55.904  40.976 0.0000000000
35015  3.288  -55.153  40.804 0.0000000000
36416  2.424  -55.369  39.319 0.0000000000
42794  7.449  -48.743  40.782 0.0000000000
42809  8.522  -49.418  39.178 0.0000000000
42811  6.501  -47.662  40.189 0.0000000000
53291  3.097  -42.666  36.538 0.0000000000
157721  2.512  -43.893  35.076 0.0000000000
53303  2.743  -42.614  34.573 0.0000000000
52076  2.920  -42.743  33.191 0.0000000000
54615  3.470  -42.008  34.441 0.0000000000
36345  7.681  -53.262  45.506 0.0000000000
38983  7.640  -51.678  46.220 0.0000000000
38975  7.804  -51.097  47.654 0.0000000000
45336  6.618  -48.281  49.286 0.0000000000
47944  5.900  -46.263  48.710 0.0000000000
39017  14.194  -51.605  43.059 0.0000000000
37758  13.670  -52.316  42.388 0.0000000000
37742  13.911  -52.668  43.382 0.0000000000
34978  11.709  -53.991  44.845 0.0000000000
34996  11.517  -53.396  43.122 0.0000000000
33515  10.476  -54.427  42.863 0.0000000000
32037  9.155  -55.434  43.539 0.0000000000
36331  8.651  -51.963  47.194 0.0000000000
31999  8.248  -54.899  45.138 0.0000000000
34955  8.435  -53.742  45.710 0.0000000000
33469  6.782  -54.889  43.949 0.0000000000
50669  2.624  -44.089  44.870 0.0000000000
48033  2.371  -44.980  43.182 0.0000000000
51917  3.616  -43.313  44.512 0.0000000000
55749  3.332  -39.673  44.462 0.0000000000
53161  3.139  -41.223  43.505 0.0000000000
53160  3.550  -40.856  43.245 0.0000000000
53197  3.835  -42.345  41.441 0.0000000000
54487  4.397  -40.220  42.885 0.0000000000
44041  14.676  -49.406  41.952 0.0000000000
37853  2.020  -53.973  34.361 0.0000000000
39126  2.932  -53.597  34.354 0.0000000000
39107  3.066  -53.722  36.052 0.0000000000
40253  6.600  -52.788  40.977 0.0000000000
40281  5.791  -52.895  39.339 0.0000000000
40252  7.576  -52.067  41.285 0.0000000000
41488  7.963  -50.937  41.326 0.0000000000
42758  7.637  -50.140  42.079 0.0000000000
40194  6.414  -49.900  46.853 0.0000000000
41428  7.129  -50.284  45.658 0.0000000000
40195  5.764  -49.119  47.019 0.0000000000
44011  2.784  -48.128  47.625 0.0000000000
42709  3.755  -48.341  46.932 0.0000000000
42710  3.301  -47.727  46.877 0.0000000000
42725  3.727  -48.122  45.039 0.0000000000
44027  3.013  -46.779  46.221 0.0000000000
45358  2.692  -46.418  45.923 0.0000000000
46714  2.699  -46.397  46.581 0.0000000000
36438  13.050  -52.975  38.880 0.0000000000
36458  12.968  -52.654  37.262 0.0000000000
29035  6.583  -57.077  40.732 0.0000000000
29063  5.998  -56.782  39.442 0.0000000000
29049  5.618  -57.207  39.975 0.0000000000
30582  3.426  -56.756  38.295 0.0000000000
30581  3.860  -56.823  38.328 0.0000000000
36459  2.047  -54.861  36.328 0.0000000000
36466  2.154  -54.726  35.281 0.0000000000
41573  4.973  -52.478  34.582 0.0000000000
41648  4.534  -52.380  32.422 0.0000000000
41588  5.392  -51.676  33.608 0.0000000000
42857  8.579  -49.848  35.257 0.0000000000
42886  8.191  -50.882  33.234 0.0000000000
42899  8.591  -49.796  32.270 0.0000000000
44270  8.842  -49.147  30.636 0.0000000000
44253  9.125  -48.437  32.079 0.0000000000
44126  3.360  -46.226  39.136 0.0000000000
44149  4.821  -46.450  38.224 0.0000000000
44176  4.288  -46.083  37.519 0.0000000000
46943  5.929  -45.036  32.794 0.0000000000
46890  6.074  -45.495  34.091 0.0000000000
48165  7.846  -45.008  32.390 0.0000000000
46942  9.588  -46.354  31.218 0.0000000000
48211  8.650  -45.208  29.974 0.0000000000
49566  8.485  -44.809  26.976 0.0000000000
49530  7.308  -44.412  29.017 0.0000000000
157734  3.579  -42.183  29.329 0.0000000000
52135  4.604  -42.935  27.996 0.0000000000
52151  4.024  -42.476  27.096 0.0000000000
60571  5.579  -35.529  42.402 0.0000000000
57029  5.841  -38.386  41.704 0.0000000000
58247  5.611  -37.099  40.439 0.0000000000
60656  5.156  -35.780  36.747 0.0000000000
58296  5.717  -37.073  37.630 0.0000000000
57082  6.764  -37.847  37.629 0.0000000000
57106  7.226  -37.984  36.466 0.0000000000
54611  6.479  -40.178  34.179 0.0000000000
55870  6.960  -38.935  34.259 0.0000000000
38964  8.220  -51.707  49.442 0.0000000000
40169  7.547  -51.161  49.519 0.0000000000
42684  8.176  -49.408  51.151 0.0000000000
41422  13.027  -50.782  45.671 0.0000000000
38993  13.285  -52.143  45.226 0.0000000000
38977  12.331  -51.716  46.633 0.0000000000
36334  11.805  -52.810  46.523 0.0000000000
34952  10.673  -53.186  46.678 0.0000000000
33451  9.867  -54.390  45.784 0.0000000000
36330  9.956  -52.645  47.473 0.0000000000
36321  9.270  -52.487  48.668 0.0000000000
55695  1.848  -39.764  47.323 0.0000000000
53124  2.059  -41.621  45.101 0.0000000000
56979  2.097  -38.755  46.511 0.0000000000
58164  3.169  -38.064  46.113 0.0000000000
58163  3.750  -37.426  45.674 0.0000000000
39088  2.719  -54.831  38.351 0.0000000000
39087  3.408  -54.123  38.092 0.0000000000
39073  4.031  -53.780  39.049 0.0000000000
39047  5.587  -53.439  40.899 0.0000000000
39032  7.260  -52.708  42.881 0.0000000000
44004  4.626  -48.066  47.995 0.0000000000
41417  4.299  -49.368  47.991 0.0000000000
44007  4.006  -48.154  47.505 0.0000000000
45349  3.729  -47.226  47.812 0.0000000000
46712  3.315  -46.153  47.673 0.0000000000
49274  3.183  -44.994  47.585 0.0000000000
30510  5.582  -56.703  41.485 0.0000000000
29038  5.283  -56.898  40.566 0.0000000000
30511  4.886  -56.530  41.515 0.0000000000
30529  3.662  -56.162  40.107 0.0000000000
32125  2.337  -56.264  38.963 0.0000000000
33594  2.336  -56.015  37.730 0.0000000000
35042  1.852  -55.696  38.856 0.0000000000
36439  1.453  -55.275  38.067 0.0000000000
41525  6.730  -52.217  37.276 0.0000000000
41555  6.777  -51.503  35.128 0.0000000000
41516  8.230  -50.282  38.284 0.0000000000
41537  8.445  -50.082  36.266 0.0000000000
44171  8.509  -47.754  36.584 0.0000000000
48124  2.574  -44.435  37.581 0.0000000000
45536  3.864  -45.489  36.398 0.0000000000
46871  3.126  -44.552  35.318 0.0000000000
46920  3.730  -44.958  33.374 0.0000000000
48188  5.092  -44.605  31.927 0.0000000000
49532  5.613  -43.855  30.018 0.0000000000
49507  3.767  -43.957  31.296 0.0000000000
52113  2.845  -42.437  30.692 0.0000000000
53368  3.259  -41.256  31.093 0.0000000000
59538  5.922  -36.086  35.062 0.0000000000
58339  7.420  -37.521  34.400 0.0000000000
60698  7.034  -35.587  33.536 0.0000000000
36367  5.705  -53.958  43.602 0.0000000000
37744  5.736  -53.613  43.223 0.0000000000
37729  7.179  -53.183  44.357 0.0000000000
40192  7.409  -51.062  46.440 0.0000000000
40178  6.149  -49.704  47.923 0.0000000000
41401  7.124  -49.828  48.987 0.0000000000
42692  6.465  -49.171  48.832 0.0000000000
42693  5.747  -48.835  48.522 0.0000000000
46691  4.861  -47.073  49.258 0.0000000000
39045  15.087  -50.947  40.649 0.0000000000
37805  14.693  -51.021  39.259 0.0000000000
37791  14.334  -51.560  40.265 0.0000000000
36375  13.101  -53.155  43.476 0.0000000000
35005  11.576  -53.289  42.242 0.0000000000
33558  11.228  -54.089  40.015 0.0000000000
30523  7.593  -56.541  41.302 0.0000000000
30507  7.259  -56.543  41.754 0.0000000000
32023  8.562  -55.211  44.220 0.0000000000
30470  7.658  -55.679  43.718 0.0000000000
30483  6.692  -56.432  42.953 0.0000000000
32040  6.226  -56.124  43.284 0.0000000000
33483  6.108  -55.011  43.073 0.0000000000
42782  3.741  -47.237  42.255 0.0000000000
42797  4.055  -47.456  41.271 0.0000000000
44077  2.599  -47.021  41.844 0.0000000000
44090  2.580  -46.248  40.918 0.0000000000
48078  2.585  -45.049  40.932 0.0000000000
53163  2.687  -42.284  43.611 0.0000000000
51977  2.492  -43.783  42.035 0.0000000000
50757  2.185  -43.784  40.250 0.0000000000
53239  2.905  -42.943  39.617 0.0000000000
53237  4.206  -42.577  39.742 0.0000000000
52025  4.828  -42.514  38.422 0.0000000000
46702  11.112  -47.760  47.953 0.0000000000
40262  15.533  -49.462  39.412 0.0000000000
48088  17.548  -44.122  39.684 0.0000000000
48075  16.558  -44.904  40.310 0.0000000000
46815  16.367  -45.320  39.339 0.0000000000
44087  15.431  -46.751  39.172 0.0000000000
42793  15.355  -47.552  39.848 0.0000000000
41498  15.075  -49.716  40.407 0.0000000000
41458  14.047  -50.438  42.724 0.0000000000
42722  13.620  -50.258  43.376 0.0000000000
42724  12.616  -49.400  43.809 0.0000000000
42713  12.641  -50.310  44.669 0.0000000000
44013  12.521  -49.386  46.508 0.0000000000
45351  12.139  -48.481  47.300 0.0000000000
41575  3.893  -53.089  34.484 0.0000000000
41558  4.641  -52.824  36.075 0.0000000000
40313  4.434  -53.131  37.393 0.0000000000
40312  5.062  -52.737  37.780 0.0000000000
40310  6.327  -52.481  37.786 0.0000000000
40279  7.446  -51.705  39.673 0.0000000000
41499  7.860  -50.532  40.598 0.0000000000
42779  6.621  -48.376  41.857 0.0000000000
39018  7.158  -53.059  43.443 0.0000000000
40232  7.607  -51.584  43.713 0.0000000000
41459  7.477  -49.893  43.852 0.0000000000
41424  4.966  -49.213  46.972 0.0000000000
41443  6.612  -48.984  45.190 0.0000000000
41460  6.505  -48.364  44.360 0.0000000000
42741  6.203  -48.222  43.560 0.0000000000
41476  4.687  -48.401  43.671 0.0000000000
42762  3.762  -47.826  43.114 0.0000000000
44036  2.610  -46.579  44.542 0.0000000000
47990  1.959  -45.427  45.004 0.0000000000
51888  2.091  -43.262  46.598 0.0000000000
50620  2.123  -43.757  47.343 0.0000000000
51878  1.664  -42.949  47.746 0.0000000000
53095  1.895  -42.106  47.085 0.0000000000
29121  5.400  -56.507  37.196 0.0000000000
29066  4.545  -57.071  39.118 0.0000000000
41587  6.192  -51.403  33.195 0.0000000000
41627  6.394  -51.428  31.667 0.0000000000
42973  8.650  -49.503  26.601 0.0000000000
44123  5.537  -46.943  39.120 0.0000000000
44147  6.647  -46.741  37.886 0.0000000000
45509  8.038  -47.281  35.837 0.0000000000
45559  5.740  -46.143  35.112 0.0000000000
45557  7.362  -46.571  34.874 0.0000000000
45582  9.323  -47.086  33.811 0.0000000000
46941  9.528  -46.805  32.197 0.0000000000
45664  9.305  -47.705  28.211 0.0000000000
45689  9.168  -48.239  25.927 0.0000000000
47016  8.275  -46.559  25.978 0.0000000000
50867  5.833  -43.506  28.409 0.0000000000
50895  6.077  -43.907  26.692 0.0000000000
59395  3.864  -35.871  45.021 0.0000000000
60530  4.996  -35.837  44.459 0.0000000000
58203  5.119  -37.796  43.649 0.0000000000
55774  5.336  -39.606  41.970 0.0000000000
54536  5.833  -40.436  40.153 0.0000000000
54573  5.941  -41.335  38.086 0.0000000000
58261  6.168  -37.677  39.348 0.0000000000
55807  6.638  -39.341  38.419 0.0000000000
54587  5.435  -41.380  36.719 0.0000000000
54613  4.799  -41.054  34.731 0.0000000000
54649  4.827  -40.850  32.733 0.0000000000
54675  4.578  -40.462  30.801 0.0000000000
54674  5.341  -40.285  30.685 0.0000000000
44002  10.291  -48.965  48.697 0.0000000000
45341  9.903  -48.526  48.649 0.0000000000
46692  10.353  -48.083  48.351 0.0000000000
45339  11.214  -48.948  48.292 0.0000000000
44000  11.311  -49.393  48.375 0.0000000000
44001  10.730  -49.244  48.505 0.0000000000
43992  10.106  -49.509  48.821 0.0000000000
41726  8.120  -50.685  25.212 0.0000000000
41732  7.493  -50.625  24.531 0.0000000000
42997  7.234  -49.626  24.542 0.0000000000
42996  7.914  -49.374  24.968 0.0000000000
37760  4.830  -54.211  41.317 0.0000000000
39035  4.771  -53.994  41.086 0.0000000000
37759  5.311  -54.001  41.857 0.0000000000
40293  15.736  -50.166  38.669 0.0000000000
36378  4.749  -54.725  41.655 0.0000000000
34999  4.326  -55.105  41.613 0.0000000000
36388  4.069  -54.873  40.970 0.0000000000
42795  6.170  -47.652  41.070 0.0000000000
53290  3.927  -42.387  36.832 0.0000000000
54589  3.739  -42.304  36.244 0.0000000000
54601  3.017  -42.243  34.680 0.0000000000
54588  4.333  -41.976  36.271 0.0000000000
36336  8.129  -52.867  46.090 0.0000000000
37702  8.279  -51.832  46.795 0.0000000000
40216  13.869  -51.355  43.714 0.0000000000
37741  14.008  -52.185  43.607 0.0000000000
39003  13.771  -51.946  44.076 0.0000000000
33492  10.026  -53.967  44.527 0.0000000000
34989  10.668  -53.659  44.307 0.0000000000
33505  9.952  -53.837  43.658 0.0000000000
33506  9.879  -54.822  43.105 0.0000000000
32036  9.500  -55.265  43.194 0.0000000000
32053  9.176  -55.803  42.786 0.0000000000
36332  8.764  -52.282  47.190 0.0000000000
34950  8.593  -53.312  46.339 0.0000000000
34951  8.410  -53.268  45.998 0.0000000000
34956  8.064  -53.718  45.447 0.0000000000
51899  2.573  -43.339  45.758 0.0000000000
50670  3.217  -43.695  44.582 0.0000000000
53125  2.504  -42.627  45.212 0.0000000000
57009  3.543  -39.281  44.450 0.0000000000
54472  3.400  -40.308  43.835 0.0000000000
55748  3.723  -39.656  44.085 0.0000000000
54471  3.958  -40.309  43.395 0.0000000000
55747  4.218  -39.434  43.827 0.0000000000
37846  2.333  -54.269  35.045 0.0000000000
39118  2.623  -54.014  35.549 0.0000000000
40265  6.765  -52.828  40.249 0.0000000000
41474  7.981  -51.272  41.973 0.0000000000
41475  7.672  -50.169  42.760 0.0000000000
40189  5.689  -49.447  47.555 0.0000000000
44012  2.725  -47.714  47.106 0.0000000000
44015  2.537  -47.883  47.176 0.0000000000
44019  2.766  -47.269  46.768 0.0000000000
44016  2.372  -47.458  46.822 0.0000000000
45356  2.158  -47.102  46.508 0.0000000000
30525  6.722  -56.888  41.223 0.0000000000
29048  6.093  -57.218  40.038 0.0000000000
29036  6.185  -57.305  40.661 0.0000000000
30597  3.646  -56.793  37.652 0.0000000000
37831  2.435  -54.859  36.927 0.0000000000
37840  2.296  -54.437  35.943 0.0000000000
36482  2.019  -54.468  34.607 0.0000000000
41589  4.875  -52.208  33.881 0.0000000000
41572  5.670  -51.970  34.365 0.0000000000
42856  9.048  -48.979  34.801 0.0000000000
42869  8.501  -49.876  34.061 0.0000000000
42868  9.285  -49.296  33.914 0.0000000000
44241  8.934  -49.193  32.263 0.0000000000
42883  9.568  -48.725  33.379 0.0000000000
44152  2.995  -46.115  38.567 0.0000000000
44151  3.300  -46.136  38.082 0.0000000000
44177  3.766  -45.948  37.385 0.0000000000
48187  6.093  -44.912  32.129 0.0000000000
48167  6.316  -44.980  32.663 0.0000000000
48186  7.229  -44.697  31.830 0.0000000000
48212  7.500  -44.541  30.869 0.0000000000
49502  7.957  -44.587  29.458 0.0000000000
49503  7.471  -44.315  29.882 0.0000000000
157738  3.427  -41.754  28.963 0.0000000000
52136  3.826  -42.448  28.241 0.0000000000
157735  3.222  -41.317  28.203 0.0000000000
61721  5.501  -34.649  42.946 0.0000000000
61732  5.554  -34.666  41.830 0.0000000000
59447  5.520  -36.392  41.895 0.0000000000
60587  5.595  -35.525  41.432 0.0000000000
59514  6.891  -36.520  36.461 0.0000000000
59497  5.138  -36.570  37.452 0.0000000000
58316  6.789  -36.749  37.168 0.0000000000
57083  6.851  -37.356  37.372 0.0000000000
57105  7.460  -37.666  35.736 0.0000000000
57125  7.239  -38.785  35.572 0.0000000000
57124  7.401  -38.253  35.105 0.0000000000
38957  8.943  -51.960  50.590 0.0000000000
40161  8.268  -51.315  51.042 0.0000000000
41398  8.725  -50.402  51.230 0.0000000000
45343  8.684  -47.898  49.205 0.0000000000
41419  12.644  -50.515  46.436 0.0000000000
40185  12.822  -51.179  46.426 0.0000000000
41414  12.306  -50.531  47.148 0.0000000000
40175  11.010  -51.544  48.490 0.0000000000
37695  11.482  -51.910  47.100 0.0000000000
37696  11.291  -52.226  46.974 0.0000000000
36335  11.361  -52.973  46.533 0.0000000000
36328  10.674  -52.330  47.250 0.0000000000
34946  10.221  -53.167  47.127 0.0000000000
36323  10.239  -51.630  47.872 0.0000000000
40159  9.691  -51.498  49.845 0.0000000000
37685  10.063  -53.035  49.463 0.0000000000
38962  9.517  -52.428  49.883 0.0000000000
37692  9.018  -52.504  48.751 0.0000000000
55706  1.933  -39.728  46.473 0.0000000000
58139  2.897  -37.936  46.780 0.0000000000
58138  3.428  -37.362  46.507 0.0000000000
56976  3.354  -38.266  45.468 0.0000000000
59352  3.360  -36.437  46.167 0.0000000000
39075  2.716  -55.040  38.720 0.0000000000
39074  3.230  -54.810  38.988 0.0000000000
40244  6.421  -53.191  41.353 0.0000000000
45344  4.656  -47.444  48.778 0.0000000000
45345  4.083  -47.257  48.430 0.0000000000
46701  3.859  -46.183  48.422 0.0000000000
46708  3.542  -46.274  47.864 0.0000000000
47947  3.550  -44.667  48.188 0.0000000000
47959  3.296  -44.418  47.927 0.0000000000
30498  5.154  -56.481  42.062 0.0000000000
32071  4.882  -56.429  41.937 0.0000000000
33529  3.290  -55.566  40.484 0.0000000000
32091  3.651  -56.048  40.580 0.0000000000
32108  3.086  -56.031  39.666 0.0000000000
32109  2.287  -56.155  39.560 0.0000000000
33579  1.778  -56.006  38.475 0.0000000000
33561  1.944  -56.091  39.365 0.0000000000
37795  2.761  -55.049  39.258 0.0000000000
36428  1.779  -55.371  38.581 0.0000000000
37808  2.398  -55.142  38.742 0.0000000000
37819  2.228  -55.002  38.029 0.0000000000
41517  7.490  -51.425  38.400 0.0000000000
41524  7.561  -51.194  37.309 0.0000000000
41510  8.057  -50.410  38.916 0.0000000000
42824  8.105  -48.319  39.063 0.0000000000
42823  8.621  -48.887  38.278 0.0000000000
42835  8.663  -48.816  37.253 0.0000000000
44120  7.924  -48.213  37.804 0.0000000000
50772  2.477  -43.559  37.762 0.0000000000
46855  3.015  -44.590  36.393 0.0000000000
157726  2.478  -43.938  36.187 0.0000000000
48169  2.645  -44.277  33.521 0.0000000000
48153  2.864  -44.621  33.911 0.0000000000
46921  3.382  -44.748  33.352 0.0000000000
46946  3.955  -44.874  32.949 0.0000000000
48190  3.768  -44.445  32.637 0.0000000000
48215  4.082  -44.167  31.588 0.0000000000
48217  3.397  -44.035  32.451 0.0000000000
53332  3.132  -42.249  32.935 0.0000000000
52098  2.732  -42.849  31.623 0.0000000000
53357  2.478  -42.093  31.591 0.0000000000
53369  2.661  -41.713  30.728 0.0000000000
53355  3.285  -41.374  31.915 0.0000000000
61838  4.931  -35.254  35.573 0.0000000000
60687  5.645  -35.241  35.268 0.0000000000
59551  6.792  -36.220  34.293 0.0000000000
60699  6.306  -35.495  34.437 0.0000000000
36359  6.127  -54.012  44.065 0.0000000000
37721  6.935  -53.667  43.983 0.0000000000
36358  7.041  -53.768  44.184 0.0000000000
40186  7.657  -50.854  46.800 0.0000000000
40187  6.857  -50.706  47.267 0.0000000000
40177  6.611  -50.012  48.000 0.0000000000
41400  6.898  -50.144  49.990 0.0000000000
40163  7.344  -50.381  49.358 0.0000000000
42686  6.913  -49.431  49.541 0.0000000000
43998  6.488  -48.762  49.219 0.0000000000
42688  6.314  -48.817  48.905 0.0000000000
43999  5.844  -48.413  48.859 0.0000000000
45338  5.350  -47.700  48.868 0.0000000000
46690  5.491  -47.258  49.124 0.0000000000
39030  15.032  -51.134  41.347 0.0000000000
39058  14.848  -51.265  40.465 0.0000000000
39046  14.934  -51.591  41.084 0.0000000000
37776  13.815  -52.330  41.316 0.0000000000
36397  13.247  -52.618  41.006 0.0000000000
36356  13.070  -53.258  45.062 0.0000000000
36365  13.110  -53.277  44.571 0.0000000000
35006  11.107  -53.950  42.546 0.0000000000
36386  11.877  -53.092  42.851 0.0000000000
35014  11.016  -53.702  41.600 0.0000000000
35013  11.541  -53.461  41.311 0.0000000000
33541  10.601  -53.935  40.697 0.0000000000
32105  9.323  -54.991  40.036 0.0000000000
30492  8.160  -56.293  42.422 0.0000000000
30506  7.652  -56.496  41.872 0.0000000000
30524  7.117  -56.646  41.344 0.0000000000
30493  7.709  -56.422  42.406 0.0000000000
33452  9.406  -54.533  45.907 0.0000000000
33465  9.415  -54.881  45.312 0.0000000000
33453  8.934  -54.762  45.762 0.0000000000
32011  7.778  -55.034  44.560 0.0000000000
32010  8.158  -55.110  44.783 0.0000000000
32025  7.623  -55.357  44.084 0.0000000000
30471  7.214  -56.148  43.575 0.0000000000
30472  6.704  -56.172  43.497 0.0000000000
32027  6.600  -55.654  43.632 0.0000000000
34968  7.103  -54.268  44.346 0.0000000000
33470  6.393  -54.778  43.540 0.0000000000
34981  6.024  -54.506  43.569 0.0000000000
34982  5.746  -54.616  43.028 0.0000000000
42764  2.980  -46.782  43.006 0.0000000000
42783  3.021  -47.164  42.229 0.0000000000
44060  2.829  -46.321  42.868 0.0000000000
48034  2.313  -44.736  42.809 0.0000000000
46768  2.432  -45.271  42.398 0.0000000000
46785  2.322  -45.074  41.996 0.0000000000
45429  2.572  -45.610  40.648 0.0000000000
48062  2.385  -44.996  41.597 0.0000000000
54439  2.425  -40.594  45.101 0.0000000000
53144  2.578  -42.333  44.367 0.0000000000
53143  2.435  -41.536  44.299 0.0000000000
53180  3.175  -42.360  42.771 0.0000000000
53181  2.543  -42.841  42.835 0.0000000000
53199  2.976  -43.252  41.882 0.0000000000
51995  2.573  -44.015  41.406 0.0000000000
51994  2.751  -43.904  41.003 0.0000000000
52012  2.495  -43.542  40.225 0.0000000000
53218  3.022  -43.280  40.689 0.0000000000
53196  4.235  -42.057  41.336 0.0000000000
53216  3.970  -42.707  40.632 0.0000000000
53215  4.437  -42.189  40.698 0.0000000000
53257  4.637  -42.610  38.969 0.0000000000
53236  4.978  -42.194  39.812 0.0000000000
46711  11.323  -47.427  47.454 0.0000000000
47961  11.032  -46.470  47.124 0.0000000000
47975  11.202  -45.997  46.250 0.0000000000
42822  16.248  -47.486  38.222 0.0000000000
41509  15.877  -48.576  38.966 0.0000000000
46799  16.347  -45.310  39.914 0.0000000000
45425  15.808  -45.969  39.606 0.0000000000
44088  15.283  -46.726  39.797 0.0000000000
42777  15.411  -48.554  40.463 0.0000000000
42776  15.629  -48.992  40.148 0.0000000000
41487  15.207  -49.446  40.617 0.0000000000
44042  14.401  -49.138  42.200 0.0000000000
42736  14.646  -50.107  42.035 0.0000000000
42737  13.903  -49.848  42.614 0.0000000000
44034  12.124  -49.064  43.750 0.0000000000
42714  12.162  -49.763  44.649 0.0000000000
42708  12.239  -50.016  45.690 0.0000000000
44017  12.077  -49.331  45.676 0.0000000000
46715  11.694  -47.635  46.352 0.0000000000
45355  11.985  -48.335  46.454 0.0000000000
46710  11.802  -47.840  47.062 0.0000000000
45352  11.532  -48.045  47.556 0.0000000000
35152  2.121  -54.976  32.732 0.0000000000
37874  2.339  -53.833  33.563 0.0000000000
40343  3.557  -53.401  35.614 0.0000000000
40356  3.560  -53.297  34.685 0.0000000000
39115  4.150  -52.796  35.060 0.0000000000
39086  3.880  -53.753  38.365 0.0000000000
40314  3.804  -53.599  37.552 0.0000000000
40298  4.362  -53.507  38.336 0.0000000000
40296  5.831  -52.748  38.583 0.0000000000
40297  5.019  -52.949  38.432 0.0000000000
40311  5.715  -52.577  37.854 0.0000000000
40295  6.994  -52.640  38.575 0.0000000000
42778  7.566  -49.525  41.609 0.0000000000
39006  6.360  -53.465  43.495 0.0000000000
40217  7.475  -51.486  44.709 0.0000000000
41442  7.459  -50.124  44.956 0.0000000000
42701  3.487  -49.060  48.018 0.0000000000
41421  4.132  -49.146  47.670 0.0000000000
41431  4.387  -48.839  45.955 0.0000000000
41430  5.340  -49.101  46.056 0.0000000000
41461  5.196  -48.492  44.203 0.0000000000
41462  4.174  -48.558  44.250 0.0000000000
42743  3.506  -48.225  44.086 0.0000000000
42761  4.862  -47.831  43.067 0.0000000000
42744  2.880  -47.791  43.855 0.0000000000
42727  2.865  -47.096  44.687 0.0000000000
47979  2.323  -45.481  45.555 0.0000000000
46719  2.261  -45.974  45.355 0.0000000000
50649  2.278  -44.028  45.859 0.0000000000
50632  2.258  -43.903  46.638 0.0000000000
49275  2.677  -44.439  47.435 0.0000000000
37806  14.292  -51.591  39.143 0.0000000000
37818  14.166  -51.620  38.447 0.0000000000
29081  5.523  -56.685  38.715 0.0000000000
29099  5.656  -56.491  38.150 0.0000000000
29051  4.651  -56.954  39.748 0.0000000000
29050  5.144  -57.101  39.869 0.0000000000
29067  4.146  -57.181  38.981 0.0000000000
35134  1.898  -54.737  33.416 0.0000000000
41628  4.948  -52.002  32.290 0.0000000000
40407  4.576  -52.543  31.697 0.0000000000
39174  5.258  -52.245  31.028 0.0000000000
39173  5.432  -51.900  30.866 0.0000000000
42859  7.531  -51.357  35.023 0.0000000000
41571  6.361  -51.567  34.032 0.0000000000
42871  7.313  -51.350  34.462 0.0000000000
42900  7.884  -50.232  32.232 0.0000000000
41605  7.021  -51.074  31.903 0.0000000000
41625  6.975  -50.842  30.881 0.0000000000
41647  6.646  -51.177  30.145 0.0000000000
42936  7.358  -50.685  29.894 0.0000000000
44269  9.027  -48.836  30.217 0.0000000000
42934  8.053  -49.807  29.131 0.0000000000
44286  8.574  -49.203  29.561 0.0000000000
42961  8.496  -49.792  27.613 0.0000000000
44302  8.803  -48.893  28.439 0.0000000000
42813  4.397  -47.134  40.245 0.0000000000
42812  5.405  -47.182  40.081 0.0000000000
42826  4.728  -47.001  39.617 0.0000000000
44174  5.689  -46.358  37.012 0.0000000000
44148  5.715  -46.486  38.115 0.0000000000
44173  6.553  -46.854  37.087 0.0000000000
44172  7.304  -47.366  36.880 0.0000000000
45510  7.274  -47.210  36.125 0.0000000000
45561  4.433  -45.475  34.982 0.0000000000
45535  4.392  -45.638  35.908 0.0000000000
45560  5.061  -45.699  35.102 0.0000000000
46889  7.105  -45.530  33.922 0.0000000000
46868  6.899  -45.849  34.547 0.0000000000
46888  7.887  -46.045  33.726 0.0000000000
45556  8.227  -46.797  34.737 0.0000000000
46887  9.030  -46.619  33.645 0.0000000000
46913  9.511  -46.936  33.011 0.0000000000
46978  9.652  -46.347  28.910 0.0000000000
46963  9.307  -46.776  30.000 0.0000000000
46994  9.257  -46.713  27.940 0.0000000000
45690  8.965  -47.446  26.359 0.0000000000
47007  9.064  -46.511  27.009 0.0000000000
49567  7.654  -44.474  27.269 0.0000000000
48290  6.251  -45.373  25.753 0.0000000000
49533  4.882  -44.027  30.370 0.0000000000
50849  5.620  -43.474  29.196 0.0000000000
52150  4.457  -42.982  27.367 0.0000000000
50884  5.058  -43.408  27.737 0.0000000000
50896  4.946  -43.656  26.462 0.0000000000
50909  4.625  -43.956  25.550 0.0000000000
61709  5.239  -34.686  44.179 0.0000000000
59415  4.940  -36.622  43.806 0.0000000000
59393  4.826  -36.323  44.344 0.0000000000
57006  5.037  -38.657  43.577 0.0000000000
57019  5.466  -38.546  42.834 0.0000000000
55786  5.958  -39.384  40.795 0.0000000000
55797  6.240  -39.714  40.029 0.0000000000
54553  5.986  -41.025  39.209 0.0000000000
54535  6.249  -40.210  39.527 0.0000000000
58279  4.531  -36.895  38.236 0.0000000000
59486  4.257  -36.495  38.867 0.0000000000
59474  4.562  -36.154  39.617 0.0000000000
58262  5.672  -37.130  39.542 0.0000000000
58277  6.184  -37.612  38.875 0.0000000000
55827  6.702  -39.136  37.203 0.0000000000
57063  6.675  -38.254  38.299 0.0000000000
54572  6.458  -40.446  37.560 0.0000000000
54598  5.650  -40.974  35.474 0.0000000000
54631  5.739  -40.552  33.493 0.0000000000
54663  4.174  -40.501  31.730 0.0000000000
54662  5.177  -40.535  31.592 0.0000000000
57162  7.513  -38.607  33.181 0.0000000000
42682  9.368  -50.007  50.190 0.0000000000
43994  8.865  -49.457  49.940 0.0000000000
45332  9.405  -48.818  49.390 0.0000000000
45342  9.295  -48.119  49.089 0.0000000000
46694  9.086  -47.445  48.724 0.0000000000
44005  12.155  -49.294  47.709 0.0000000000
41415  12.205  -49.988  47.380 0.0000000000
42689  11.641  -50.131  48.150 0.0000000000
41403  11.338  -50.491  48.230 0.0000000000
40166  11.226  -51.538  48.898 0.0000000000
38960  11.409  -52.154  49.246 0.0000000000
41395  10.184  -50.904  48.935 0.0000000000
41396  9.533  -50.734  49.664 0.0000000000
42998  6.269  -49.564  24.341 0.0000000000
44359  6.854  -48.533  24.616 0.0000000000
37794  3.003  -54.478  39.998 0.0000000000
39061  3.820  -53.957  39.954 0.0000000000
39049  4.523  -53.956  40.789 0.0000000000
39034  5.294  -53.980  41.589 0.0000000000
39019  5.799  -53.596  42.710 0.0000000000
32043  5.159  -55.448  42.369 0.0000000000
32072  4.378  -56.117  41.554 0.0000000000
33507  4.450  -55.444  41.778 0.0000000000
33518  3.735  -55.418  41.019 0.0000000000
35016  2.823  -55.413  40.161 0.0000000000
36400  2.548  -55.410  39.834 0.0000000000
36399  2.817  -54.916  40.336 0.0000000000
37778  3.734  -54.515  40.557 0.0000000000
42810  7.545  -48.394  39.771 0.0000000000
44101  7.372  -47.568  39.209 0.0000000000
53292  2.489  -42.748  37.143 0.0000000000
157727  2.512  -43.722  35.776 0.0000000000
52061  2.696  -43.227  36.000 0.0000000000
157723  2.520  -43.573  34.836 0.0000000000
50797  2.534  -43.379  33.785 0.0000000000
50808  2.831  -43.583  32.603 0.0000000000
54602  2.786  -42.380  34.044 0.0000000000
54616  3.036  -41.966  34.243 0.0000000000
53314  3.777  -41.672  34.013 0.0000000000
36346  7.176  -53.637  44.853 0.0000000000
37709  7.410  -52.769  45.564 0.0000000000
37708  7.830  -52.301  46.203 0.0000000000
38979  8.080  -50.973  46.981 0.0000000000
38976  7.118  -51.121  47.864 0.0000000000
43997  7.016  -48.831  49.595 0.0000000000
46697  6.573  -47.174  48.884 0.0000000000
46689  6.196  -47.564  49.179 0.0000000000
46698  5.832  -46.799  48.953 0.0000000000
47943  6.312  -46.646  48.674 0.0000000000
40241  14.329  -51.184  42.414 0.0000000000
37757  14.110  -52.109  42.759 0.0000000000
36374  13.419  -52.798  42.925 0.0000000000
36366  12.274  -53.100  44.324 0.0000000000
34988  11.401  -53.179  44.009 0.0000000000
34997  10.857  -53.751  43.482 0.0000000000
32054  8.837  -56.237  43.041 0.0000000000
32038  8.629  -55.637  43.590 0.0000000000
34944  8.965  -52.112  47.008 0.0000000000
33448  8.882  -54.105  46.400 0.0000000000
33449  8.690  -53.973  46.041 0.0000000000
33455  8.113  -54.420  45.293 0.0000000000
33467  7.655  -54.868  44.718 0.0000000000
32013  6.979  -55.146  44.181 0.0000000000
33456  7.715  -54.301  45.164 0.0000000000
34967  7.431  -54.067  45.094 0.0000000000
48006  2.164  -45.369  44.548 0.0000000000
46753  2.499  -45.404  43.351 0.0000000000
49346  2.394  -44.827  43.763 0.0000000000
50700  2.514  -44.573  43.578 0.0000000000
51949  3.300  -43.402  43.422 0.0000000000
55731  2.959  -39.558  45.032 0.0000000000
54454  2.884  -40.401  44.429 0.0000000000
53179  3.619  -41.637  42.529 0.0000000000
53178  3.763  -40.918  42.921 0.0000000000
54507  4.272  -41.463  41.805 0.0000000000
54506  4.766  -40.640  42.013 0.0000000000
44100  16.019  -46.576  38.563 0.0000000000
45403  15.912  -46.679  40.442 0.0000000000
42757  15.026  -49.382  41.337 0.0000000000
44043  13.842  -48.970  42.381 0.0000000000
44018  11.950  -48.740  45.681 0.0000000000
37852  1.881  -53.938  33.909 0.0000000000
39127  2.501  -53.841  34.749 0.0000000000
39117  3.000  -53.648  35.138 0.0000000000
40266  5.605  -53.103  40.116 0.0000000000
40282  4.946  -53.156  39.201 0.0000000000
40264  7.507  -51.900  40.428 0.0000000000
40203  7.060  -51.002  45.759 0.0000000000
40204  6.456  -49.743  46.329 0.0000000000
42702  2.883  -48.815  47.877 0.0000000000
42705  3.492  -48.783  47.659 0.0000000000
42706  3.149  -48.035  47.757 0.0000000000
42715  3.871  -48.105  46.002 0.0000000000
41445  4.409  -48.550  45.092 0.0000000000
42716  3.452  -47.326  45.987 0.0000000000
42717  3.169  -46.949  45.504 0.0000000000
44028  2.774  -46.593  45.571 0.0000000000
46716  2.587  -46.170  45.950 0.0000000000
47973  2.526  -45.502  46.253 0.0000000000
36426  13.473  -52.533  39.287 0.0000000000
36437  13.545  -52.533  38.474 0.0000000000
36449  13.165  -53.075  38.029 0.0000000000
29047  6.456  -56.802  40.108 0.0000000000
29064  5.509  -56.927  39.355 0.0000000000
36450  2.258  -55.268  37.294 0.0000000000
35074  2.338  -55.196  36.742 0.0000000000
35109  1.825  -55.044  34.424 0.0000000000
36481  1.700  -54.405  34.018 0.0000000000
41609  4.419  -52.715  33.518 0.0000000000
41650  4.137  -53.023  32.879 0.0000000000
41608  4.744  -52.144  33.286 0.0000000000
41607  5.281  -51.746  32.682 0.0000000000
41553  8.213  -50.471  35.536 0.0000000000
42870  8.029  -50.829  34.241 0.0000000000
44271  8.002  -50.055  30.643 0.0000000000
44242  8.511  -49.581  31.913 0.0000000000
44254  8.922  -48.914  31.579 0.0000000000
45621  9.224  -48.513  31.046 0.0000000000
44125  3.952  -46.306  38.986 0.0000000000
44124  4.598  -46.745  38.981 0.0000000000
44150  4.121  -46.183  38.226 0.0000000000
44175  4.916  -46.193  37.386 0.0000000000
44196  5.156  -46.324  36.310 0.0000000000
46918  4.769  -45.054  33.381 0.0000000000
45584  5.291  -45.514  34.414 0.0000000000
46916  6.470  -45.218  33.194 0.0000000000
46915  7.538  -45.286  33.133 0.0000000000
48185  8.352  -45.184  31.510 0.0000000000
48240  9.174  -45.232  28.588 0.0000000000
48257  9.010  -45.194  27.559 0.0000000000
49529  8.229  -44.673  28.876 0.0000000000
49548  8.436  -44.666  27.907 0.0000000000
49549  7.574  -44.198  28.166 0.0000000000
52123  3.733  -42.672  29.551 0.0000000000
50868  4.801  -43.256  28.627 0.0000000000
50869  4.175  -43.141  29.152 0.0000000000
52162  4.262  -42.985  26.664 0.0000000000
59435  5.420  -36.302  42.835 0.0000000000
58235  5.620  -37.305  41.308 0.0000000000
57040  6.221  -38.082  40.356 0.0000000000
58297  4.467  -36.791  37.822 0.0000000000
58295  6.220  -37.511  38.183 0.0000000000
55847  6.995  -39.416  35.926 0.0000000000
54597  6.466  -40.259  35.183 0.0000000000
55861  7.060  -39.327  34.809 0.0000000000
55871  6.775  -39.425  33.868 0.0000000000
37694  8.645  -51.583  48.397 0.0000000000
38971  7.885  -51.267  48.447 0.0000000000
41399  7.547  -50.131  50.804 0.0000000000
43989  7.716  -49.156  50.324 0.0000000000
43995  8.230  -48.968  50.528 0.0000000000
45334  7.903  -48.607  49.586 0.0000000000
40201  13.436  -51.239  44.992 0.0000000000
38992  13.500  -51.950  44.891 0.0000000000
38981  13.290  -51.719  45.484 0.0000000000
38982  13.119  -51.845  45.780 0.0000000000
37707  12.534  -52.820  45.673 0.0000000000
40179  12.054  -51.087  47.239 0.0000000000
37700  12.000  -52.282  46.573 0.0000000000
36343  12.069  -53.190  46.120 0.0000000000
34964  11.883  -53.697  45.631 0.0000000000
34965  11.099  -53.761  45.829 0.0000000000
34980  10.451  -54.432  45.079 0.0000000000
33464  9.864  -54.603  45.193 0.0000000000
34953  10.274  -53.788  46.385 0.0000000000
34954  9.728  -54.050  46.409 0.0000000000
34947  9.718  -53.111  47.247 0.0000000000
37684  10.711  -52.538  49.153 0.0000000000
34942  9.564  -51.833  47.715 0.0000000000
34943  9.192  -51.896  47.417 0.0000000000
36326  9.184  -51.679  48.033 0.0000000000
36327  8.981  -51.655  47.815 0.0000000000
54417  1.979  -40.822  46.759 0.0000000000
54425  1.948  -40.738  45.862 0.0000000000
55720  2.117  -39.978  45.788 0.0000000000
56958  2.402  -39.110  45.957 0.0000000000
58140  2.325  -38.330  46.898 0.0000000000
58165  2.579  -38.372  46.364 0.0000000000
56977  2.772  -38.771  45.670 0.0000000000
56992  3.723  -38.064  44.880 0.0000000000
39100  2.712  -54.436  37.494 0.0000000000
39060  4.822  -53.473  40.118 0.0000000000
40254  5.894  -53.265  40.755 0.0000000000
40243  7.458  -52.049  42.278 0.0000000000
41413  4.654  -49.457  48.056 0.0000000000
42698  4.291  -49.060  48.072 0.0000000000
44008  3.280  -47.891  47.694 0.0000000000
45350  3.358  -47.416  47.451 0.0000000000
46709  3.223  -46.823  47.500 0.0000000000
46713  2.951  -46.532  47.248 0.0000000000
47971  3.220  -45.688  47.645 0.0000000000
30509  6.196  -56.643  41.664 0.0000000000
29029  5.754  -56.981  41.177 0.0000000000
29030  5.536  -56.865  41.122 0.0000000000
30527  4.929  -56.701  40.669 0.0000000000
30546  4.247  -56.716  39.763 0.0000000000
32090  4.086  -56.341  41.037 0.0000000000
30528  4.190  -56.431  40.582 0.0000000000
30547  3.672  -56.357  39.676 0.0000000000
30563  3.635  -56.660  39.126 0.0000000000
32124  3.156  -56.337  38.932 0.0000000000
32141  2.628  -56.614  38.053 0.0000000000
33578  2.147  -56.313  38.200 0.0000000000
35051  1.174  -55.302  38.298 0.0000000000
41539  6.807  -51.917  36.215 0.0000000000
41538  7.621  -50.965  36.301 0.0000000000
41523  8.422  -50.107  37.328 0.0000000000
42847  9.023  -49.014  36.361 0.0000000000
42846  9.123  -48.484  35.758 0.0000000000
46839  2.614  -45.087  38.214 0.0000000000
45513  3.325  -45.668  37.111 0.0000000000
46847  2.710  -44.937  37.306 0.0000000000
45563  3.656  -44.894  35.547 0.0000000000
45562  3.910  -45.164  34.928 0.0000000000
48143  2.540  -44.107  35.471 0.0000000000
46894  3.413  -44.937  33.928 0.0000000000
46892  4.109  -45.073  33.731 0.0000000000
46919  4.117  -45.091  33.404 0.0000000000
46945  4.517  -44.791  32.822 0.0000000000
48214  5.741  -44.635  31.585 0.0000000000
49504  6.497  -44.145  30.449 0.0000000000
49487  4.858  -44.421  31.383 0.0000000000
49506  4.392  -44.279  31.060 0.0000000000
50833  3.903  -43.554  30.564 0.0000000000
50820  2.833  -43.329  32.249 0.0000000000
50834  3.434  -43.244  31.099 0.0000000000
52112  3.563  -42.877  30.386 0.0000000000
52124  3.410  -42.495  30.119 0.0000000000
53380  3.303  -41.618  29.843 0.0000000000
54693  3.329  -41.027  29.760 0.0000000000
59530  5.834  -35.775  35.862 0.0000000000
59529  6.325  -36.277  35.781 0.0000000000
58330  7.430  -37.307  35.292 0.0000000000
59536  7.219  -36.777  34.719 0.0000000000
36377  5.400  -54.378  42.106 0.0000000000
37745  5.599  -53.929  42.434 0.0000000000
37731  5.624  -53.836  43.270 0.0000000000
37730  6.277  -53.658  43.746 0.0000000000
38995  7.229  -52.222  45.240 0.0000000000
38984  7.298  -52.331  45.597 0.0000000000
38994  7.324  -51.756  45.976 0.0000000000
40202  7.114  -51.334  45.915 0.0000000000
40193  6.812  -50.697  46.660 0.0000000000
40188  6.386  -49.943  47.395 0.0000000000
40183  5.793  -49.606  47.864 0.0000000000
38966  7.498  -50.828  48.744 0.0000000000
38972  7.292  -50.924  48.405 0.0000000000
40171  7.017  -50.402  48.696 0.0000000000
41402  6.804  -49.628  48.759 0.0000000000
40172  6.912  -49.965  48.514 0.0000000000
41411  6.265  -49.709  48.177 0.0000000000
41408  5.784  -49.384  48.255 0.0000000000
42697  5.085  -49.193  48.104 0.0000000000
42694  4.957  -48.699  48.178 0.0000000000
39057  14.746  -50.740  39.833 0.0000000000
37790  14.662  -51.119  39.791 0.0000000000
36412  13.735  -51.975  39.688 0.0000000000
37775  14.149  -51.817  41.639 0.0000000000
37792  13.716  -52.226  40.469 0.0000000000
36413  13.307  -52.517  40.100 0.0000000000
36427  12.903  -52.924  39.674 0.0000000000
35041  11.853  -53.756  39.619 0.0000000000
37727  13.771  -52.422  44.265 0.0000000000
37743  13.649  -53.058  43.503 0.0000000000
36376  12.046  -52.901  43.429 0.0000000000
36385  12.383  -53.062  42.489 0.0000000000
35004  12.032  -53.151  41.686 0.0000000000
35012  12.137  -53.302  40.905 0.0000000000
35027  11.421  -53.590  40.457 0.0000000000
33542  9.713  -54.422  40.299 0.0000000000
30543  7.597  -56.487  40.530 0.0000000000
30508  6.779  -56.611  41.672 0.0000000000
33481  9.493  -54.901  44.623 0.0000000000
32022  9.022  -55.146  44.098 0.0000000000
31998  8.598  -54.993  45.311 0.0000000000
32024  8.085  -55.199  44.219 0.0000000000
32039  8.089  -55.649  43.634 0.0000000000
30481  7.596  -56.314  43.178 0.0000000000
30482  7.097  -56.436  42.872 0.0000000000
30495  6.741  -56.500  42.260 0.0000000000
30496  6.202  -56.499  42.254 0.0000000000
30485  5.840  -56.361  42.727 0.0000000000
32041  5.828  -56.134  43.036 0.0000000000
32028  6.023  -55.578  43.180 0.0000000000
32042  5.476  -55.617  42.680 0.0000000000
33495  5.291  -55.200  42.418 0.0000000000
34990  5.477  -54.819  42.524 0.0000000000
42796  4.970  -47.549  41.116 0.0000000000
42798  3.403  -47.220  41.470 0.0000000000
42815  3.174  -46.929  41.001 0.0000000000
45389  2.664  -45.818  42.629 0.0000000000
44089  2.790  -46.730  41.221 0.0000000000
44106  3.162  -46.464  40.241 0.0000000000
44107  2.910  -46.008  40.085 0.0000000000
45449  2.773  -45.544  39.642 0.0000000000
46828  2.656  -45.072  39.128 0.0000000000
53164  3.430  -42.652  43.692 0.0000000000
53182  2.506  -42.973  43.241 0.0000000000
53162  2.737  -41.877  43.531 0.0000000000
50717  2.116  -43.967  42.407 0.0000000000
50732  2.461  -44.139  41.540 0.0000000000
48093  2.442  -44.699  40.098 0.0000000000
48106  2.505  -44.642  39.497 0.0000000000
49429  2.460  -44.184  39.075 0.0000000000
50767  2.521  -43.672  38.574 0.0000000000
52046  2.540  -43.210  38.014 0.0000000000
53217  3.464  -42.951  40.613 0.0000000000
53238  3.507  -42.748  39.649 0.0000000000
52044  2.819  -42.810  38.212 0.0000000000
53258  3.850  -42.809  38.719 0.0000000000
52043  4.156  -42.778  37.851 0.0000000000
52041  5.054  -42.388  38.171 0.0000000000
45348  10.870  -48.037  48.269 0.0000000000
46703  10.476  -47.521  48.189 0.0000000000
47949  10.861  -47.200  47.763 0.0000000000
48074  16.976  -44.185  40.002 0.0000000000
45424  15.655  -46.130  39.288 0.0000000000
42792  15.661  -48.043  39.419 0.0000000000
41497  15.584  -49.234  39.944 0.0000000000
40263  14.835  -49.932  40.079 0.0000000000
41457  14.525  -50.573  42.187 0.0000000000
40230  14.585  -50.851  42.152 0.0000000000
40231  14.241  -50.969  42.728 0.0000000000
41440  13.743  -50.738  43.693 0.0000000000
41426  13.606  -51.136  44.322 0.0000000000
42739  12.957  -49.216  43.070 0.0000000000
42723  13.171  -49.867  43.781 0.0000000000
41441  13.375  -50.319  44.118 0.0000000000
41427  13.268  -50.693  44.731 0.0000000000
42707  12.677  -50.507  45.360 0.0000000000
41423  12.593  -50.347  46.000 0.0000000000
42704  13.101  -49.296  46.913 0.0000000000
44014  12.651  -48.939  46.631 0.0000000000
44009  12.861  -48.990  47.369 0.0000000000
45346  12.046  -48.911  47.642 0.0000000000
45347  11.447  -48.478  47.984 0.0000000000
39141  2.857  -53.574  33.717 0.0000000000
40387  3.296  -53.364  33.343 0.0000000000
40386  3.897  -53.153  33.395 0.0000000000
41574  4.208  -52.853  34.423 0.0000000000
41557  5.123  -52.570  35.618 0.0000000000
39099  3.038  -53.692  37.080 0.0000000000
40327  3.755  -53.382  36.614 0.0000000000
40326  4.187  -53.139  36.785 0.0000000000
41542  4.486  -52.877  36.707 0.0000000000
41527  5.033  -52.580  37.204 0.0000000000
41541  5.072  -52.580  36.489 0.0000000000
41518  6.951  -52.383  37.998 0.0000000000
40294  7.530  -51.635  39.106 0.0000000000
42780  5.504  -47.803  42.033 0.0000000000
41420  4.873  -49.283  47.640 0.0000000000
40205  5.857  -49.014  46.503 0.0000000000
41425  4.370  -48.827  46.945 0.0000000000
42740  6.832  -49.128  43.439 0.0000000000
42742  5.358  -48.148  43.487 0.0000000000
42760  6.013  -47.900  42.854 0.0000000000
42763  3.247  -47.234  43.049 0.0000000000
45371  2.460  -46.060  44.331 0.0000000000
45364  2.354  -46.270  45.114 0.0000000000
46729  2.092  -45.815  44.766 0.0000000000
49316  2.221  -44.819  45.269 0.0000000000
53108  2.153  -42.636  46.314 0.0000000000
47972  2.664  -45.434  47.049 0.0000000000
49276  2.479  -44.596  46.764 0.0000000000
51879  1.783  -43.363  47.143 0.0000000000
51887  1.617  -42.912  47.104 0.0000000000
53096  1.781  -42.750  46.787 0.0000000000
46704  9.806  -47.167  48.282 0.0000000000
37817  14.693  -51.205  38.314 0.0000000000
37830  14.108  -51.363  37.812 0.0000000000
36448  13.499  -52.401  37.682 0.0000000000
29037  5.704  -57.216  40.613 0.0000000000
29065  5.010  -57.002  39.228 0.0000000000
29082  4.948  -56.765  38.559 0.0000000000
29101  4.466  -56.693  37.660 0.0000000000
40425  4.207  -52.693  32.134 0.0000000000
42887  7.207  -51.325  33.618 0.0000000000
41606  6.226  -51.436  32.312 0.0000000000
40384  6.015  -51.551  31.777 0.0000000000
40423  6.061  -51.635  30.119 0.0000000000
42935  7.741  -50.303  29.264 0.0000000000
44103  6.027  -47.036  39.840 0.0000000000
44122  6.656  -46.863  38.815 0.0000000000
44146  7.254  -47.496  37.586 0.0000000000
44145  8.035  -47.816  37.363 0.0000000000
44195  9.248  -47.938  35.146 0.0000000000
44199  3.974  -45.984  36.988 0.0000000000
44197  4.825  -46.117  36.527 0.0000000000
45533  5.602  -46.425  35.980 0.0000000000
45583  5.944  -45.821  34.695 0.0000000000
45558  6.468  -46.398  34.905 0.0000000000
45532  6.395  -46.742  35.636 0.0000000000
45530  7.971  -47.058  35.277 0.0000000000
45529  8.710  -47.274  35.200 0.0000000000
44214  9.846  -47.886  34.033 0.0000000000
45602  9.727  -47.828  32.874 0.0000000000
45620  9.437  -47.809  31.670 0.0000000000
45647  9.260  -47.863  29.292 0.0000000000
44313  9.004  -48.574  26.833 0.0000000000
44342  8.879  -48.859  25.782 0.0000000000
44343  8.257  -48.730  25.253 0.0000000000
44344  7.653  -48.242  24.858 0.0000000000
45707  7.084  -47.637  24.924 0.0000000000
49531  6.477  -43.791  29.364 0.0000000000
49550  6.636  -43.795  28.396 0.0000000000
49568  6.823  -43.826  27.431 0.0000000000
50883  5.972  -43.627  27.460 0.0000000000
50894  6.566  -43.875  26.896 0.0000000000
49587  5.655  -44.620  25.972 0.0000000000
60498  3.369  -35.561  45.914 0.0000000000
58162  4.185  -36.956  45.534 0.0000000000
58185  4.199  -37.434  45.007 0.0000000000
60531  4.294  -35.681  44.937 0.0000000000
58204  4.541  -37.209  44.232 0.0000000000
57007  4.432  -38.326  44.295 0.0000000000
55746  4.640  -39.091  43.621 0.0000000000
55775  4.770  -39.855  42.612 0.0000000000
54505  5.212  -40.392  41.576 0.0000000000
54521  5.502  -40.309  41.064 0.0000000000
53213  5.499  -40.975  40.634 0.0000000000
53235  5.512  -41.413  39.884 0.0000000000
53256  5.392  -42.084  38.777 0.0000000000
53274  5.115  -42.104  37.679 0.0000000000
57039  6.435  -38.718  39.821 0.0000000000
57050  6.462  -38.333  39.292 0.0000000000
55796  6.474  -39.406  39.439 0.0000000000
54552  6.405  -40.347  38.716 0.0000000000
54599  4.690  -41.571  35.521 0.0000000000
54614  4.255  -41.790  34.594 0.0000000000
54633  4.485  -41.363  34.202 0.0000000000
54612  5.624  -40.626  34.494 0.0000000000
54632  4.901  -41.015  33.821 0.0000000000
53342  4.144  -41.322  32.799 0.0000000000
53354  3.816  -41.062  32.135 0.0000000000
54676  3.845  -40.636  30.606 0.0000000000
55935  3.674  -40.640  30.017 0.0000000000
57140  7.215  -38.437  34.048 0.0000000000
57163  6.981  -38.945  33.486 0.0000000000
54661  5.914  -40.118  31.343 0.0000000000
55965  3.303  -40.341  28.824 0.0000000000
29039  4.906  -56.845  40.289 0.0000000000
30473  6.426  -56.144  43.414 0.0000000000
30484  6.160  -56.400  43.003 0.0000000000
30494  7.227  -56.489  42.318 0.0000000000
30497  5.625  -56.433  42.245 0.0000000000
30512  4.385  -56.391  41.198 0.0000000000
30526  5.355  -56.790  40.989 0.0000000000
30545  4.696  -56.813  40.124 0.0000000000
31997  8.811  -55.028  45.408 0.0000000000
32008  9.076  -55.198  44.728 0.0000000000
32009  8.747  -55.175  45.107 0.0000000000
32012  7.294  -55.185  44.271 0.0000000000
32029  6.012  -55.371  43.118 0.0000000000
32055  5.654  -56.318  42.578 0.0000000000
32057  4.898  -55.701  42.201 0.0000000000
32087  9.186  -54.961  40.824 0.0000000000
32142  2.147  -56.339  38.451 0.0000000000
33450  8.571  -53.907  45.824 0.0000000000
33454  8.642  -54.557  45.616 0.0000000000
33466  9.133  -54.898  45.561 0.0000000000
33468  7.396  -54.678  44.630 0.0000000000
33479  10.361  -54.372  44.859 0.0000000000
33480  10.024  -54.479  44.823 0.0000000000
33482  6.437  -55.181  43.414 0.0000000000
33484  5.670  -55.080  42.728 0.0000000000
33494  9.254  -54.992  44.080 0.0000000000
33496  4.891  -55.309  42.146 0.0000000000
33508  4.123  -55.337  41.396 0.0000000000
33517  4.083  -55.749  41.397 0.0000000000
33540  11.122  -53.948  40.415 0.0000000000
33543  3.172  -55.823  40.053 0.0000000000
33544  2.485  -56.028  39.752 0.0000000000
33575  11.491  -54.372  39.136 0.0000000000
33595  1.509  -55.587  37.846 0.0000000000
34945  10.376  -52.990  47.129 0.0000000000
34948  9.153  -53.195  46.940 0.0000000000
34949  8.839  -53.114  46.753 0.0000000000
34966  10.381  -54.340  45.433 0.0000000000
34969  6.531  -54.363  43.880 0.0000000000
34979  10.791  -54.356  44.945 0.0000000000
34998  4.615  -55.097  41.931 0.0000000000
35007  3.998  -55.174  41.157 0.0000000000
35028  11.119  -53.682  40.994 0.0000000000
35029  2.376  -55.799  39.594 0.0000000000
36319  10.189  -52.899  48.988 0.0000000000
36320  9.716  -52.898  48.792 0.0000000000
36324  9.890  -51.820  48.237 0.0000000000
36325  9.444  -51.876  48.136 0.0000000000
36329  10.069  -52.410  47.500 0.0000000000
36333  8.508  -52.522  46.628 0.0000000000
36344  11.659  -53.496  46.081 0.0000000000
36360  5.742  -54.246  43.494 0.0000000000
36368  5.548  -54.262  42.866 0.0000000000
36369  5.291  -54.682  42.204 0.0000000000
36379  4.262  -54.986  41.398 0.0000000000
36387  4.495  -54.579  41.188 0.0000000000
36415  2.752  -54.910  39.691 0.0000000000
36436  13.812  -51.911  38.127 0.0000000000
36506  1.929  -54.196  33.605 0.0000000000
37683  11.305  -52.399  48.950 0.0000000000
37686  9.154  -52.839  49.213 0.0000000000
37687  8.655  -52.404  49.279 0.0000000000
37688  11.186  -51.939  47.222 0.0000000000
37689  10.892  -51.607  47.569 0.0000000000
37690  10.821  -51.653  48.446 0.0000000000
37691  10.692  -52.174  48.580 0.0000000000
37693  8.826  -52.039  48.729 0.0000000000
37697  8.866  -51.576  47.985 0.0000000000
37699  12.312  -52.082  46.424 0.0000000000
37701  11.606  -52.576  46.644 0.0000000000
37706  12.636  -52.267  46.071 0.0000000000
37717  13.529  -52.356  44.733 0.0000000000
37718  13.205  -52.621  45.038 0.0000000000
37719  12.880  -53.103  45.235 0.0000000000
37720  7.112  -53.107  44.872 0.0000000000
37726  13.843  -52.185  44.051 0.0000000000
37728  13.741  -53.163  44.115 0.0000000000
37761  4.338  -54.482  40.890 0.0000000000
37793  3.911  -54.225  40.401 0.0000000000
37807  3.054  -54.924  39.257 0.0000000000
37875  2.070  -53.783  34.002 0.0000000000
38955  9.812  -51.868  49.884 0.0000000000
38956  9.457  -51.908  50.065 0.0000000000
38958  8.366  -51.621  50.258 0.0000000000
38959  11.625  -51.878  49.055 0.0000000000
38961  10.335  -52.153  49.797 0.0000000000
38963  8.858  -52.149  49.773 0.0000000000
38965  7.842  -51.168  48.973 0.0000000000
38967  11.207  -51.513  47.510 0.0000000000
38968  11.261  -51.782  48.704 0.0000000000
38969  11.502  -52.184  48.887 0.0000000000
38970  8.359  -51.623  48.811 0.0000000000
38973  12.089  -51.421  47.041 0.0000000000
38974  11.811  -51.505  47.133 0.0000000000
38978  12.011  -51.810  46.756 0.0000000000
38980  7.296  -50.883  47.339 0.0000000000
38991  13.674  -51.850  44.463 0.0000000000
39004  13.706  -52.134  44.406 0.0000000000
39059  5.407  -53.312  40.511 0.0000000000
39071  14.987  -50.435  39.049 0.0000000000
39116  3.978  -52.993  35.082 0.0000000000
39124  4.051  -52.765  34.839 0.0000000000
39125  3.989  -52.931  35.018 0.0000000000
39142  2.404  -53.729  34.115 0.0000000000
39175  4.794  -52.605  31.278 0.0000000000
39176  3.645  -53.106  33.023 0.0000000000
39190  5.450  -52.130  30.555 0.0000000000
39192  4.194  -53.021  31.290 0.0000000000
40158  9.944  -51.219  49.455 0.0000000000
40162  7.427  -51.133  50.274 0.0000000000
40164  7.299  -50.132  48.845 0.0000000000
40165  11.057  -50.938  48.358 0.0000000000
40167  10.752  -51.568  49.703 0.0000000000
40170  7.513  -50.532  48.960 0.0000000000
40173  11.689  -50.927  47.505 0.0000000000
40180  11.775  -51.021  47.407 0.0000000000
40181  6.748  -50.563  47.898 0.0000000000
40182  6.434  -49.975  47.761 0.0000000000
40184  13.061  -51.216  46.142 0.0000000000
40190  13.209  -51.360  45.759 0.0000000000
40191  13.109  -51.457  46.031 0.0000000000
40240  14.713  -50.860  41.929 0.0000000000
40267  5.010  -53.313  39.727 0.0000000000
40283  4.516  -53.482  38.988 0.0000000000
40299  3.846  -53.730  38.054 0.0000000000
40341  4.485  -52.716  35.210 0.0000000000
40342  4.046  -53.054  35.302 0.0000000000
40354  4.265  -52.733  34.809 0.0000000000
40355  3.968  -52.986  34.777 0.0000000000
40367  4.037  -53.087  33.730 0.0000000000
40368  3.406  -53.378  33.970 0.0000000000
40404  6.478  -51.347  30.784 0.0000000000
40405  5.831  -51.592  31.088 0.0000000000
40406  5.107  -52.091  31.766 0.0000000000
40422  6.386  -51.384  30.496 0.0000000000
40424  4.701  -52.320  32.016 0.0000000000
40426  4.125  -52.846  32.785 0.0000000000
41392  7.430  -49.603  50.384 0.0000000000
41393  7.009  -49.956  50.181 0.0000000000
41397  9.567  -50.543  50.827 0.0000000000
41404  10.915  -50.741  48.642 0.0000000000
41405  10.873  -51.215  49.125 0.0000000000
41406  7.003  -49.845  48.753 0.0000000000
41407  6.530  -49.654  48.549 0.0000000000
41409  11.814  -50.714  47.472 0.0000000000
41410  11.765  -50.333  47.718 0.0000000000
41412  5.434  -49.506  48.014 0.0000000000
41418  13.031  -50.969  46.140 0.0000000000
41477  4.123  -48.301  43.588 0.0000000000
41486  15.478  -49.220  40.239 0.0000000000
41526  5.710  -52.485  37.149 0.0000000000
41528  4.706  -52.773  37.257 0.0000000000
41543  4.150  -53.212  36.528 0.0000000000
41554  7.754  -50.913  35.557 0.0000000000
41556  5.873  -52.244  35.306 0.0000000000
41590  4.435  -52.730  33.868 0.0000000000
41591  3.910  -53.116  34.155 0.0000000000
41626  6.734  -51.168  31.146 0.0000000000
41629  4.623  -52.235  32.792 0.0000000000
41630  4.322  -52.788  33.100 0.0000000000
41645  6.979  -50.827  30.571 0.0000000000
41646  6.794  -51.007  30.550 0.0000000000
41649  4.298  -52.687  32.712 0.0000000000
41725  8.597  -50.652  26.023 0.0000000000
42676  7.612  -49.361  50.611 0.0000000000
42677  7.397  -49.445  50.149 0.0000000000
42678  7.163  -49.326  49.822 0.0000000000
42679  10.851  -50.323  48.628 0.0000000000
42680  10.482  -50.088  48.675 0.0000000000
42681  9.690  -50.137  49.184 0.0000000000
42683  9.103  -49.554  51.045 0.0000000000
42685  6.994  -49.735  49.928 0.0000000000
42687  6.685  -49.325  49.061 0.0000000000
42690  11.316  -49.992  48.485 0.0000000000
42691  10.916  -49.662  48.568 0.0000000000
42695  11.931  -49.794  47.844 0.0000000000
42696  11.723  -49.485  48.146 0.0000000000
42700  12.607  -49.526  47.277 0.0000000000
42703  12.509  -49.799  46.608 0.0000000000
42745  2.675  -47.088  43.765 0.0000000000
42784  2.709  -46.823  42.383 0.0000000000
42799  2.956  -47.087  41.533 0.0000000000
42814  3.595  -47.108  40.597 0.0000000000
42825  4.990  -47.181  39.371 0.0000000000
42867  9.641  -48.663  33.767 0.0000000000
42884  9.376  -49.132  33.299 0.0000000000
42885  8.958  -49.924  32.938 0.0000000000
42901  7.168  -51.193  32.743 0.0000000000
42911  7.231  -50.639  30.883 0.0000000000
42921  7.138  -50.707  30.709 0.0000000000
42922  7.303  -50.601  30.501 0.0000000000
42972  8.788  -49.177  26.449 0.0000000000
42985  8.877  -49.241  26.180 0.0000000000
42986  8.463  -49.643  25.590 0.0000000000
43988  7.968  -48.922  50.987 0.0000000000
43991  10.554  -49.627  48.622 0.0000000000
43996  7.694  -48.916  49.846 0.0000000000
44003  5.196  -48.187  48.463 0.0000000000
44020  2.445  -46.932  46.444 0.0000000000
44047  2.687  -46.445  43.685 0.0000000000
44078  2.551  -46.444  41.929 0.0000000000
44102  6.650  -47.234  39.591 0.0000000000
44104  4.311  -46.713  39.521 0.0000000000
44127  2.960  -46.036  39.144 0.0000000000
44170  8.719  -47.649  35.735 0.0000000000
44198  4.326  -45.939  36.785 0.0000000000
44227  9.764  -48.257  33.391 0.0000000000
44228  9.496  -48.722  33.050 0.0000000000
44229  9.223  -49.139  32.790 0.0000000000
44239  9.640  -48.364  32.948 0.0000000000
44240  9.405  -48.547  32.552 0.0000000000
44255  8.273  -49.741  31.379 0.0000000000
44287  8.229  -50.067  30.010 0.0000000000
44288  7.810  -50.301  30.181 0.0000000000
44314  8.938  -48.675  27.240 0.0000000000
44328  8.928  -48.827  26.509 0.0000000000
44329  8.755  -48.977  26.801 0.0000000000
45331  9.923  -49.006  49.112 0.0000000000
45353  3.079  -47.522  47.114 0.0000000000
45377  2.683  -45.881  43.546 0.0000000000
45409  2.508  -45.790  41.651 0.0000000000
45448  15.965  -45.725  39.223 0.0000000000
45468  2.706  -45.532  38.809 0.0000000000
45489  2.996  -45.778  37.558 0.0000000000
45508  8.365  -47.321  35.542 0.0000000000
45511  6.500  -46.843  36.402 0.0000000000
45514  2.980  -45.311  37.116 0.0000000000
45531  7.184  -47.011  35.387 0.0000000000
45534  4.818  -46.068  35.768 0.0000000000
45537  3.419  -44.982  36.352 0.0000000000
45554  9.540  -47.535  34.025 0.0000000000
45555  9.219  -47.298  34.340 0.0000000000
45581  9.580  -47.462  33.642 0.0000000000
45586  4.080  -45.098  34.180 0.0000000000
45587  3.793  -45.020  34.091 0.0000000000
45603  9.462  -47.997  32.296 0.0000000000
45604  4.778  -45.204  33.855 0.0000000000
45605  4.419  -45.112  33.644 0.0000000000
45619  9.590  -47.434  32.403 0.0000000000
45633  9.222  -48.596  30.735 0.0000000000
45675  9.224  -48.237  26.684 0.0000000000
45676  9.257  -47.546  27.249 0.0000000000
45705  8.680  -48.399  25.612 0.0000000000
45706  8.244  -47.772  25.524 0.0000000000
45725  6.745  -48.020  24.715 0.0000000000
46718  2.780  -45.559  47.228 0.0000000000
46769  2.330  -45.006  42.321 0.0000000000
46784  2.436  -45.291  41.443 0.0000000000
46803  2.514  -45.198  40.798 0.0000000000
46819  2.651  -45.051  40.096 0.0000000000
46866  8.398  -46.581  34.173 0.0000000000
46867  7.616  -46.194  34.350 0.0000000000
46869  6.318  -45.835  34.629 0.0000000000
46870  3.481  -44.793  34.773 0.0000000000
46886  9.408  -46.999  33.546 0.0000000000
46891  5.243  -45.291  33.802 0.0000000000
46893  3.843  -45.013  33.659 0.0000000000
46895  3.065  -44.657  34.414 0.0000000000
46917  5.588  -45.170  33.326 0.0000000000
46944  5.306  -44.853  32.763 0.0000000000
46947  3.614  -44.763  33.087 0.0000000000
46948  3.365  -44.632  33.126 0.0000000000
46977  9.648  -46.084  28.621 0.0000000000
47006  9.280  -46.150  27.739 0.0000000000
47030  7.645  -47.175  25.550 0.0000000000
47948  3.179  -44.042  48.055 0.0000000000
47958  3.683  -45.218  48.190 0.0000000000
47970  3.237  -45.469  47.647 0.0000000000
47974  11.423  -46.810  46.339 0.0000000000
47978  2.994  -45.466  47.441 0.0000000000
47988  2.719  -45.372  47.121 0.0000000000
47989  2.810  -45.327  47.285 0.0000000000
48022  2.302  -45.158  43.973 0.0000000000
48046  2.356  -44.978  42.614 0.0000000000
48047  2.283  -44.763  42.290 0.0000000000
48061  2.474  -45.088  41.148 0.0000000000
48079  2.545  -44.628  41.011 0.0000000000
48117  2.561  -44.591  38.564 0.0000000000
48131  2.646  -44.249  36.636 0.0000000000
48141  7.410  -45.950  34.260 0.0000000000
48142  7.238  -45.788  34.250 0.0000000000
48151  7.597  -46.003  34.101 0.0000000000
48152  7.448  -45.810  34.058 0.0000000000
48154  2.573  -44.231  34.409 0.0000000000
48166  6.925  -44.861  32.595 0.0000000000
48168  2.997  -44.565  33.466 0.0000000000
48189  4.308  -44.392  32.120 0.0000000000
48191  3.351  -44.439  32.872 0.0000000000
48192  3.060  -44.436  33.077 0.0000000000
48193  2.730  -44.252  33.091 0.0000000000
48216  3.863  -44.011  32.026 0.0000000000
48218  2.986  -44.135  32.736 0.0000000000
48239  9.552  -45.850  28.525 0.0000000000
48256  9.296  -45.702  28.030 0.0000000000
48272  9.164  -45.783  27.374 0.0000000000
49273  3.330  -45.227  47.712 0.0000000000
49292  3.120  -45.483  47.464 0.0000000000
49293  3.001  -45.195  47.448 0.0000000000
49294  2.852  -44.973  47.324 0.0000000000
49314  2.842  -45.329  47.301 0.0000000000
49315  2.783  -45.180  47.226 0.0000000000
49332  2.210  -44.910  44.507 0.0000000000
49359  2.350  -44.614  43.240 0.0000000000
49374  2.251  -44.506  42.107 0.0000000000
49388  2.418  -44.411  41.577 0.0000000000
49401  2.441  -44.542  40.498 0.0000000000
49402  2.488  -44.286  40.744 0.0000000000
49415  2.201  -44.334  39.990 0.0000000000
49416  1.964  -43.823  40.139 0.0000000000
49434  2.521  -44.085  37.984 0.0000000000
49440  2.420  -43.640  36.912 0.0000000000
49463  2.413  -43.782  34.093 0.0000000000
49474  2.684  -43.746  32.850 0.0000000000
49475  2.508  -43.845  33.451 0.0000000000
49488  4.643  -44.414  31.609 0.0000000000
49489  2.801  -43.804  32.637 0.0000000000
49490  2.541  -44.016  32.988 0.0000000000
49505  5.409  -44.354  30.996 0.0000000000
49508  3.400  -43.670  31.828 0.0000000000
49509  3.027  -43.664  32.403 0.0000000000
49510  2.692  -44.010  32.744 0.0000000000
49551  6.179  -43.757  28.044 0.0000000000
49569  6.386  -43.733  27.858 0.0000000000
49585  7.795  -44.952  26.542 0.0000000000
50684  2.740  -44.562  44.018 0.0000000000
50685  3.509  -43.970  44.050 0.0000000000
50701  2.495  -44.118  43.363 0.0000000000
50716  2.224  -43.799  42.276 0.0000000000
50731  2.265  -43.983  42.038 0.0000000000
50745  2.362  -43.867  40.418 0.0000000000
50746  2.481  -44.051  40.720 0.0000000000
50755  2.530  -43.466  39.343 0.0000000000
50756  2.225  -43.812  39.790 0.0000000000
50766  2.541  -43.536  38.971 0.0000000000
50809  2.815  -43.304  32.774 0.0000000000
50821  2.638  -42.979  31.979 0.0000000000
50832  4.386  -43.789  30.278 0.0000000000
50835  2.994  -43.181  31.650 0.0000000000
50848  6.086  -43.471  28.959 0.0000000000
50850  4.783  -43.552  29.643 0.0000000000
50866  6.275  -43.591  28.792 0.0000000000
50882  6.396  -43.689  27.088 0.0000000000
51916  2.933  -43.334  44.949 0.0000000000
51933  4.137  -43.168  43.912 0.0000000000
51962  2.246  -43.510  42.686 0.0000000000
51963  2.212  -43.530  43.142 0.0000000000
51975  4.056  -42.427  41.221 0.0000000000
51976  3.983  -42.642  41.133 0.0000000000
51978  2.393  -44.008  41.809 0.0000000000
51992  4.232  -42.351  41.081 0.0000000000
51993  4.153  -42.568  40.980 0.0000000000
52011  2.563  -43.332  39.640 0.0000000000
52026  4.331  -42.743  38.319 0.0000000000
52027  3.952  -42.930  38.110 0.0000000000
52028  2.785  -42.834  38.544 0.0000000000
52029  2.667  -43.067  38.937 0.0000000000
52030  2.580  -43.352  38.605 0.0000000000
52042  4.644  -42.537  37.946 0.0000000000
52045  2.652  -42.956  38.105 0.0000000000
52053  2.453  -42.973  36.732 0.0000000000
52087  2.648  -42.633  32.204 0.0000000000
52099  2.536  -42.446  31.458 0.0000000000
52111  3.808  -43.132  30.081 0.0000000000
52114  2.379  -42.150  30.935 0.0000000000
53126  3.220  -42.969  44.790 0.0000000000
53142  2.643  -41.146  44.011 0.0000000000
53145  3.500  -42.731  44.473 0.0000000000
53214  5.085  -41.543  40.615 0.0000000000
53240  2.767  -43.185  39.999 0.0000000000
53259  3.036  -42.666  38.618 0.0000000000
53260  2.809  -42.820  38.917 0.0000000000
53275  4.322  -42.460  37.443 0.0000000000
53276  3.590  -42.739  37.692 0.0000000000
53277  2.819  -42.764  37.675 0.0000000000
53278  2.500  -42.898  37.609 0.0000000000
53302  2.873  -42.765  35.239 0.0000000000
53313  4.183  -41.536  34.138 0.0000000000
53315  3.168  -41.909  33.808 0.0000000000
53316  3.005  -42.258  33.423 0.0000000000
53328  4.639  -41.169  33.331 0.0000000000
53329  4.287  -41.403  33.612 0.0000000000
53331  3.260  -41.991  33.069 0.0000000000
53341  4.494  -41.247  33.115 0.0000000000
53343  3.508  -41.588  32.592 0.0000000000
53344  2.983  -41.811  32.442 0.0000000000
53345  2.711  -42.178  32.353 0.0000000000
53356  2.741  -41.677  31.687 0.0000000000
53367  3.667  -40.933  31.504 0.0000000000
53370  2.359  -42.075  31.173 0.0000000000
54455  2.579  -40.906  44.471 0.0000000000
54470  4.308  -39.920  43.392 0.0000000000
54488  4.054  -40.953  42.493 0.0000000000
54489  3.847  -41.587  41.904 0.0000000000
54508  3.984  -41.841  41.588 0.0000000000
54522  5.205  -40.947  41.245 0.0000000000
54600  3.750  -42.290  35.397 0.0000000000
54630  6.525  -40.109  33.295 0.0000000000
54650  4.217  -40.869  32.313 0.0000000000
54677  3.424  -41.108  30.208 0.0000000000
54678  3.359  -41.345  30.014 0.0000000000
54692  4.005  -40.442  30.019 0.0000000000
54694  3.164  -41.142  29.560 0.0000000000
55705  2.197  -39.456  46.028 0.0000000000
55707  1.703  -39.222  46.971 0.0000000000
55719  2.504  -39.607  45.529 0.0000000000
55761  5.053  -39.288  43.047 0.0000000000
55762  4.546  -39.636  43.243 0.0000000000
55860  7.239  -38.768  34.548 0.0000000000
55934  3.817  -40.447  29.854 0.0000000000
55950  3.108  -40.808  29.461 0.0000000000
55951  2.905  -40.878  29.344 0.0000000000
55966  2.834  -40.628  29.113 0.0000000000
56959  2.153  -39.097  46.337 0.0000000000
56960  1.805  -39.003  46.692 0.0000000000
56978  2.373  -38.736  46.234 0.0000000000
56980  1.652  -38.399  46.682 0.0000000000
56991  4.059  -37.935  44.709 0.0000000000
56993  3.354  -38.929  44.915 0.0000000000
57051  6.185  -37.771  39.650 0.0000000000
57064  3.981  -37.223  37.938 0.0000000000
57065  3.864  -37.456  38.068 0.0000000000
57066  3.433  -37.618  37.759 0.0000000000
57084  4.210  -37.171  37.920 0.0000000000
57085  3.697  -37.569  37.632 0.0000000000
57086  3.326  -37.977  37.367 0.0000000000
57107  7.279  -37.161  37.131 0.0000000000
57108  3.949  -37.087  37.502 0.0000000000
57109  3.445  -37.641  37.150 0.0000000000
57110  3.133  -37.943  36.910 0.0000000000
57141  6.806  -38.857  33.912 0.0000000000
57214  3.762  -40.168  29.464 0.0000000000
57215  3.834  -40.161  29.718 0.0000000000
57234  3.447  -40.105  29.127 0.0000000000
57235  3.468  -40.369  29.445 0.0000000000
57249  3.196  -40.206  29.047 0.0000000000
57250  3.069  -40.419  29.001 0.0000000000
58166  2.141  -38.587  46.622 0.0000000000
58167  1.721  -38.656  46.693 0.0000000000
58186  3.857  -37.666  45.190 0.0000000000
58278  5.544  -37.127  38.553 0.0000000000
58281  3.670  -37.254  38.057 0.0000000000
58298  4.049  -37.155  37.855 0.0000000000
58299  3.258  -37.590  37.485 0.0000000000
58314  7.509  -37.141  36.057 0.0000000000
58315  7.426  -36.909  36.735 0.0000000000
58317  4.057  -36.986  37.682 0.0000000000
58318  3.142  -37.561  36.993 0.0000000000
58319  2.887  -37.842  37.080 0.0000000000
59371  4.287  -36.748  45.278 0.0000000000
59372  3.733  -36.311  45.419 0.0000000000
59394  4.462  -36.467  44.710 0.0000000000
59416  4.607  -36.764  44.221 0.0000000000
59460  5.508  -36.315  40.861 0.0000000000
59473  5.282  -36.532  40.139 0.0000000000
59515  5.721  -36.177  36.813 0.0000000000
59516  5.058  -35.903  37.000 0.0000000000
59528  7.141  -36.674  35.665 0.0000000000
59537  6.559  -36.451  34.977 0.0000000000
59552  6.338  -36.114  34.652 0.0000000000
61864  6.425  -35.073  33.817 0.0000000000
157720  2.695  -44.837  47.188 0.0000000000
157722  2.509  -44.011  34.868 0.0000000000
157724  2.508  -43.822  35.342 0.0000000000
157725  2.586  -43.015  34.629 0.0000000000
157728  2.481  -43.322  34.222 0.0000000000
157729  2.626  -42.756  34.325 0.0000000000
157730  2.381  -43.333  37.473 0.0000000000
157731  2.541  -43.016  34.124 0.0000000000
157732  3.427  -42.157  29.766 0.0000000000
157733  2.932  -41.285  28.645 0.0000000000
157736  2.847  -41.094  28.491 0.0000000000
157737  3.696  -42.222  29.030 0.0000000000
