#!ascii label  , from subject 3123 vox2ras=TkReg
1290
60788  33.184  -35.570  26.798 0.0000000000
89164  42.753  -12.678  23.517 0.0000000000
73033  32.171  -25.480  23.523 0.0000000000
35186  13.765  -55.172  29.203 0.0000000000
59627  23.183  -36.132  30.414 0.0000000000
78043  34.075  -20.904  24.234 0.0000000000
46989  18.993  -46.387  27.032 0.0000000000
40420  18.236  -52.380  29.325 0.0000000000
49561  23.834  -45.091  26.638 0.0000000000
90409  47.224  -11.693  23.098 0.0000000000
66427  30.796  -31.207  31.004 0.0000000000
67683  29.391  -29.349  27.522 0.0000000000
64194  37.735  -32.480  30.371 0.0000000000
95366  45.240  -7.707  23.674 0.0000000000
95392  48.727  -7.477  20.733 0.0000000000
86671  38.209  -14.017  24.412 0.0000000000
81663  42.909  -18.533  23.414 0.0000000000
80413  37.898  -19.595  22.710 0.0000000000
74297  38.330  -25.283  24.504 0.0000000000
55910  30.589  -40.391  30.364 0.0000000000
32222  12.419  -58.858  32.071 0.0000000000
29206  7.667  -59.612  30.608 0.0000000000
29166  4.850  -56.813  34.751 0.0000000000
60775  27.710  -35.022  28.023 0.0000000000
53386  27.658  -41.762  27.795 0.0000000000
75508  26.351  -23.442  28.049 0.0000000000
72867  31.949  -26.145  28.697 0.0000000000
102893  48.741  -2.127  25.828 0.0000000000
89180  44.669  -12.624  23.453 0.0000000000
86665  45.068  -14.484  23.474 0.0000000000
64240  33.055  -32.410  27.695 0.0000000000
66497  34.885  -30.990  27.406 0.0000000000
63114  35.993  -33.583  28.379 0.0000000000
91643  41.181  -10.638  24.106 0.0000000000
95345  43.902  -7.570  25.104 0.0000000000
92863  43.588  -9.518  23.271 0.0000000000
92875  45.753  -9.621  21.964 0.0000000000
26241  3.813  -61.763  32.634 0.0000000000
84183  38.207  -16.344  22.879 0.0000000000
82938  35.896  -17.365  23.940 0.0000000000
75581  33.613  -22.826  23.787 0.0000000000
76849  36.325  -22.601  22.990 0.0000000000
73004  36.005  -25.785  23.618 0.0000000000
71568  35.587  -27.120  26.399 0.0000000000
37938  15.664  -53.767  28.880 0.0000000000
35158  17.550  -55.335  31.401 0.0000000000
35148  15.705  -56.576  31.151 0.0000000000
32220  14.788  -58.543  33.003 0.0000000000
33702  12.561  -57.318  30.051 0.0000000000
33706  7.758  -56.171  30.959 0.0000000000
30691  5.501  -57.399  31.830 0.0000000000
59625  25.142  -35.644  28.999 0.0000000000
57228  27.691  -38.754  28.018 0.0000000000
57242  25.363  -38.867  27.009 0.0000000000
46972  22.814  -47.431  28.538 0.0000000000
48204  25.373  -47.193  29.371 0.0000000000
68873  32.707  -28.196  29.988 0.0000000000
70223  29.761  -27.755  27.311 0.0000000000
80396  35.098  -18.493  26.240 0.0000000000
76782  33.025  -19.846  25.993 0.0000000000
76810  31.206  -21.283  24.830 0.0000000000
44280  20.382  -49.212  28.858 0.0000000000
41641  19.708  -50.924  30.073 0.0000000000
44282  18.147  -49.213  27.764 0.0000000000
41684  15.568  -50.910  27.959 0.0000000000
39204  13.425  -51.944  28.595 0.0000000000
54721  23.395  -40.334  26.303 0.0000000000
52147  21.586  -42.157  27.234 0.0000000000
48251  21.345  -46.281  26.759 0.0000000000
67600  27.980  -30.365  32.318 0.0000000000
68877  26.046  -29.096  30.424 0.0000000000
66458  30.105  -30.957  29.154 0.0000000000
67643  34.268  -29.096  28.282 0.0000000000
97892  48.455  -5.240  23.399 0.0000000000
95378  46.711  -7.178  22.316 0.0000000000
92873  48.461  -9.855  21.620 0.0000000000
87922  40.051  -13.152  23.735 0.0000000000
86679  42.474  -14.904  22.685 0.0000000000
85440  40.170  -15.602  22.941 0.0000000000
81665  40.543  -18.537  22.773 0.0000000000
79205  40.763  -21.204  23.560 0.0000000000
79209  35.975  -19.818  23.049 0.0000000000
76847  38.485  -22.494  23.256 0.0000000000
58445  32.040  -37.861  27.870 0.0000000000
58408  34.782  -37.475  30.133 0.0000000000
91632  39.365  -10.651  25.495 0.0000000000
36543  10.679  -54.190  29.680 0.0000000000
33704  10.023  -56.378  30.372 0.0000000000
30689  9.664  -58.945  31.265 0.0000000000
27668  9.268  -61.439  32.820 0.0000000000
27678  7.190  -61.215  31.556 0.0000000000
27680  4.819  -60.225  31.484 0.0000000000
30677  3.750  -58.062  32.788 0.0000000000
29169  2.917  -57.463  33.835 0.0000000000
60790  30.231  -35.527  26.589 0.0000000000
58426  28.762  -38.211  27.842 0.0000000000
54658  29.070  -40.726  29.756 0.0000000000
52144  25.631  -42.438  26.479 0.0000000000
75545  28.822  -22.845  24.923 0.0000000000
72923  26.198  -26.501  27.709 0.0000000000
72920  28.596  -25.736  25.881 0.0000000000
72949  31.986  -26.284  25.832 0.0000000000
59559  37.584  -36.045  32.178 0.0000000000
104150  48.987  -0.838  24.262 0.0000000000
99189  49.500  -4.477  22.517 0.0000000000
100490  50.704  -3.601  20.942 0.0000000000
89181  43.786  -12.148  23.379 0.0000000000
87936  45.028  -13.248  23.441 0.0000000000
87919  43.351  -13.487  23.457 0.0000000000
61976  33.596  -34.233  26.740 0.0000000000
63129  34.463  -33.453  27.062 0.0000000000
61942  34.819  -34.757  27.800 0.0000000000
91642  41.882  -11.132  24.057 0.0000000000
92864  42.452  -9.919  23.521 0.0000000000
90414  42.750  -11.560  23.448 0.0000000000
90419  43.797  -11.352  22.766 0.0000000000
27669  3.153  -61.059  32.401 0.0000000000
84172  36.067  -16.283  24.379 0.0000000000
82930  35.424  -17.244  25.186 0.0000000000
74325  32.572  -23.614  23.439 0.0000000000
74353  34.359  -24.498  23.208 0.0000000000
73031  34.080  -25.709  23.279 0.0000000000
72978  35.848  -26.627  24.406 0.0000000000
73006  33.625  -26.672  24.243 0.0000000000
36553  15.064  -54.407  29.096 0.0000000000
36539  15.905  -54.896  29.642 0.0000000000
35174  14.454  -55.646  29.506 0.0000000000
33700  14.465  -56.870  30.549 0.0000000000
35163  13.272  -56.592  29.688 0.0000000000
59626  24.109  -36.030  29.782 0.0000000000
57230  24.834  -37.042  27.631 0.0000000000
58451  23.438  -36.956  27.688 0.0000000000
44263  22.678  -49.247  29.651 0.0000000000
71458  25.718  -26.362  31.954 0.0000000000
68857  32.527  -28.047  31.172 0.0000000000
76783  32.071  -19.626  25.948 0.0000000000
78011  31.028  -19.430  26.396 0.0000000000
45659  19.525  -47.688  27.471 0.0000000000
44281  19.197  -49.218  28.798 0.0000000000
44297  18.540  -48.542  27.794 0.0000000000
42932  15.769  -49.410  27.761 0.0000000000
42933  14.580  -48.918  28.377 0.0000000000
40449  14.999  -51.267  28.188 0.0000000000
54703  21.638  -40.457  28.085 0.0000000000
48271  19.225  -44.602  26.791 0.0000000000
49564  20.082  -44.308  26.635 0.0000000000
47004  19.945  -45.919  26.805 0.0000000000
45658  20.637  -47.926  27.542 0.0000000000
67616  28.192  -30.280  31.151 0.0000000000
67644  30.853  -30.304  29.899 0.0000000000
66475  36.420  -31.305  28.324 0.0000000000
67641  35.619  -30.097  28.067 0.0000000000
66435  36.896  -30.834  29.547 0.0000000000
67611  36.275  -29.299  30.540 0.0000000000
65284  37.987  -31.454  30.899 0.0000000000
95356  44.514  -7.677  24.404 0.0000000000
96630  46.772  -6.532  23.143 0.0000000000
94127  45.745  -7.911  22.806 0.0000000000
91656  46.509  -11.194  22.677 0.0000000000
91677  46.816  -9.760  21.593 0.0000000000
91655  47.521  -11.087  22.434 0.0000000000
87923  38.980  -13.058  24.136 0.0000000000
86669  40.525  -14.079  23.482 0.0000000000
85428  39.314  -14.676  23.522 0.0000000000
81667  38.166  -18.017  22.746 0.0000000000
81666  39.295  -18.239  22.744 0.0000000000
81653  39.672  -19.190  22.860 0.0000000000
80410  41.266  -20.005  23.317 0.0000000000
79206  39.551  -20.622  23.202 0.0000000000
78029  34.284  -19.396  25.451 0.0000000000
79198  34.556  -19.165  24.593 0.0000000000
78042  34.585  -20.321  24.250 0.0000000000
75598  36.965  -23.871  23.296 0.0000000000
76848  37.728  -22.863  23.240 0.0000000000
76831  38.231  -23.487  23.600 0.0000000000
76829  39.607  -22.787  24.084 0.0000000000
57224  31.245  -39.186  29.037 0.0000000000
57203  33.004  -39.137  29.967 0.0000000000
87906  37.767  -13.120  25.129 0.0000000000
89168  38.593  -12.104  24.800 0.0000000000
89167  39.664  -12.206  24.204 0.0000000000
41621  19.634  -52.164  29.883 0.0000000000
39168  19.039  -53.486  30.661 0.0000000000
32221  13.582  -58.761  32.441 0.0000000000
30648  13.906  -59.706  34.064 0.0000000000
30649  12.830  -59.887  33.850 0.0000000000
30650  12.024  -60.057  33.252 0.0000000000
36545  9.666  -54.294  30.403 0.0000000000
33715  10.589  -56.009  30.003 0.0000000000
35165  9.146  -55.131  30.614 0.0000000000
32254  7.586  -57.320  30.916 0.0000000000
32261  9.457  -58.106  30.513 0.0000000000
30690  9.100  -59.339  31.335 0.0000000000
29196  9.493  -59.933  31.753 0.0000000000
29197  8.633  -59.990  31.369 0.0000000000
27677  8.342  -61.159  32.007 0.0000000000
27687  7.774  -60.517  31.179 0.0000000000
29182  5.098  -57.830  32.366 0.0000000000
29198  5.374  -58.768  31.760 0.0000000000
29199  4.581  -58.900  32.278 0.0000000000
29184  4.216  -57.857  32.839 0.0000000000
61930  28.549  -34.424  28.330 0.0000000000
61946  29.844  -34.553  27.734 0.0000000000
60792  28.831  -35.627  27.164 0.0000000000
59641  29.240  -36.836  27.221 0.0000000000
58449  28.311  -37.076  27.597 0.0000000000
55942  27.311  -39.530  28.004 0.0000000000
57209  28.066  -39.421  28.645 0.0000000000
53364  28.976  -41.341  29.201 0.0000000000
52146  22.988  -42.221  25.860 0.0000000000
53406  24.580  -41.201  25.847 0.0000000000
49560  24.651  -44.517  26.773 0.0000000000
48202  26.818  -46.527  29.559 0.0000000000
84179  42.813  -16.652  22.970 0.0000000000
84170  44.458  -16.095  23.323 0.0000000000
82943  44.283  -17.096  23.386 0.0000000000
77979  27.045  -21.732  28.205 0.0000000000
76759  28.420  -21.176  26.174 0.0000000000
76761  27.287  -22.393  27.064 0.0000000000
67667  27.059  -29.880  27.959 0.0000000000
70224  26.006  -28.073  28.418 0.0000000000
68920  27.028  -28.920  27.343 0.0000000000
71505  30.887  -26.890  28.458 0.0000000000
72892  28.868  -26.514  26.186 0.0000000000
72891  29.701  -26.202  26.339 0.0000000000
74254  30.241  -25.833  25.941 0.0000000000
72889  31.670  -26.367  27.564 0.0000000000
72916  33.410  -26.550  27.479 0.0000000000
59576  36.148  -36.821  30.676 0.0000000000
102917  49.308  -1.304  24.876 0.0000000000
96641  48.217  -6.019  22.055 0.0000000000
97891  48.890  -4.826  23.013 0.0000000000
97914  48.864  -5.405  21.246 0.0000000000
99217  50.312  -4.325  20.747 0.0000000000
99216  51.417  -4.290  20.407 0.0000000000
48253  17.173  -45.142  27.467 0.0000000000
45661  16.868  -47.043  27.283 0.0000000000
90410  46.301  -11.949  23.229 0.0000000000
87915  47.505  -13.335  23.914 0.0000000000
87934  46.049  -13.021  23.456 0.0000000000
66437  32.351  -31.663  29.534 0.0000000000
66455  32.456  -31.213  28.431 0.0000000000
65344  34.390  -31.821  27.154 0.0000000000
64239  35.958  -32.555  28.075 0.0000000000
63097  37.155  -33.201  29.207 0.0000000000
92835  42.717  -8.601  26.424 0.0000000000
94117  42.360  -8.683  24.421 0.0000000000
94116  43.269  -8.601  23.987 0.0000000000
94129  44.245  -8.774  23.099 0.0000000000
94140  45.312  -8.757  22.403 0.0000000000
92876  44.551  -9.543  22.464 0.0000000000
90417  44.812  -11.134  22.476 0.0000000000
26240  4.675  -62.200  32.880 0.0000000000
86672  37.124  -14.580  24.601 0.0000000000
86682  38.321  -14.858  23.718 0.0000000000
85443  37.451  -15.648  23.897 0.0000000000
82950  36.969  -17.110  23.159 0.0000000000
81655  37.467  -18.583  22.864 0.0000000000
76833  34.002  -21.988  23.910 0.0000000000
76832  34.596  -21.486  23.682 0.0000000000
75600  34.499  -23.145  23.507 0.0000000000
74351  36.145  -24.642  23.395 0.0000000000
74323  37.259  -25.186  23.744 0.0000000000
71585  37.198  -26.798  25.384 0.0000000000
71567  36.792  -26.985  26.324 0.0000000000
54644  30.677  -41.454  31.127 0.0000000000
37936  17.245  -53.674  29.338 0.0000000000
37904  17.848  -54.174  30.235 0.0000000000
36538  16.805  -54.673  29.955 0.0000000000
35147  16.415  -56.294  31.398 0.0000000000
33686  16.138  -56.969  31.915 0.0000000000
32236  13.926  -58.256  31.509 0.0000000000
32237  12.842  -58.285  31.227 0.0000000000
35149  8.410  -55.141  31.308 0.0000000000
33707  6.941  -56.169  31.442 0.0000000000
32255  6.433  -57.212  31.408 0.0000000000
30704  6.070  -58.373  31.060 0.0000000000
32241  5.805  -56.616  32.086 0.0000000000
32203  5.716  -56.875  33.687 0.0000000000
30630  5.327  -56.342  35.416 0.0000000000
59624  26.158  -35.068  27.995 0.0000000000
58450  27.674  -36.674  27.789 0.0000000000
58429  25.370  -36.273  27.681 0.0000000000
57229  26.011  -38.046  27.495 0.0000000000
54687  26.342  -40.058  27.597 0.0000000000
46985  23.371  -46.888  27.989 0.0000000000
48248  24.540  -46.110  27.886 0.0000000000
46970  24.446  -47.312  28.990 0.0000000000
81650  43.196  -19.285  24.194 0.0000000000
74219  25.429  -24.430  29.792 0.0000000000
68903  31.769  -28.527  28.066 0.0000000000
68918  29.469  -28.530  27.409 0.0000000000
68889  31.345  -27.953  29.152 0.0000000000
70195  31.731  -27.442  29.719 0.0000000000
101675  49.609  -2.448  25.718 0.0000000000
29186  2.702  -58.673  32.792 0.0000000000
78008  34.391  -18.927  26.798 0.0000000000
78009  34.025  -19.344  26.000 0.0000000000
76808  33.051  -20.747  24.905 0.0000000000
76835  32.763  -21.638  24.445 0.0000000000
75560  32.129  -22.181  24.312 0.0000000000
75583  31.704  -23.532  23.603 0.0000000000
42915  21.174  -50.033  30.144 0.0000000000
42907  21.031  -50.802  31.529 0.0000000000
44266  20.084  -49.647  29.549 0.0000000000
42918  19.262  -50.474  29.436 0.0000000000
41663  17.548  -51.245  28.346 0.0000000000
44283  17.100  -48.809  27.576 0.0000000000
42931  17.148  -49.787  27.771 0.0000000000
40436  17.408  -52.277  28.631 0.0000000000
39216  16.170  -52.521  28.388 0.0000000000
39203  14.807  -52.903  28.408 0.0000000000
37940  13.241  -53.405  28.836 0.0000000000
55960  22.353  -38.665  27.635 0.0000000000
54702  21.870  -39.705  28.465 0.0000000000
53398  22.077  -41.228  26.884 0.0000000000
50878  22.682  -43.603  26.379 0.0000000000
52148  20.775  -42.544  27.495 0.0000000000
50879  21.441  -43.351  26.639 0.0000000000
48267  22.900  -45.704  27.023 0.0000000000
46986  22.466  -46.930  27.617 0.0000000000
45641  22.101  -48.316  28.592 0.0000000000
67584  26.295  -29.907  33.711 0.0000000000
68860  25.830  -28.534  31.610 0.0000000000
67617  27.147  -30.017  31.461 0.0000000000
67632  27.169  -29.922  30.182 0.0000000000
66483  29.123  -30.492  27.924 0.0000000000
66479  32.667  -30.764  27.463 0.0000000000
67679  32.614  -29.727  26.843 0.0000000000
68915  31.663  -28.911  27.298 0.0000000000
67628  34.137  -28.836  28.859 0.0000000000
67612  35.205  -28.717  30.839 0.0000000000
97882  48.386  -5.194  24.339 0.0000000000
96642  47.581  -6.318  22.438 0.0000000000
95393  47.543  -7.249  21.463 0.0000000000
94139  46.303  -8.586  21.938 0.0000000000
94154  47.326  -8.453  21.287 0.0000000000
89165  41.766  -12.525  23.653 0.0000000000
86667  42.848  -14.191  23.122 0.0000000000
86668  41.695  -14.275  23.245 0.0000000000
86680  41.653  -15.021  22.626 0.0000000000
84180  41.724  -16.657  22.780 0.0000000000
84182  39.482  -16.414  22.812 0.0000000000
84181  40.621  -16.571  22.729 0.0000000000
81664  41.824  -18.605  22.994 0.0000000000
80409  42.267  -19.819  23.869 0.0000000000
79204  41.798  -20.499  24.120 0.0000000000
81644  35.155  -18.154  24.695 0.0000000000
80415  35.341  -18.818  23.848 0.0000000000
79208  37.037  -20.075  23.007 0.0000000000
78053  35.566  -21.177  23.224 0.0000000000
79218  37.489  -20.942  23.175 0.0000000000
79217  38.658  -20.989  23.164 0.0000000000
78049  39.861  -22.007  23.493 0.0000000000
58464  32.681  -36.944  27.651 0.0000000000
59620  34.406  -36.442  28.661 0.0000000000
58421  33.525  -37.721  28.765 0.0000000000
58387  34.893  -38.482  30.694 0.0000000000
91644  40.169  -10.636  24.507 0.0000000000
90397  40.385  -11.427  24.172 0.0000000000
37941  12.367  -53.400  29.171 0.0000000000
37924  10.990  -53.304  29.991 0.0000000000
36556  12.124  -54.546  29.134 0.0000000000
33714  11.472  -56.371  29.701 0.0000000000
33703  11.228  -56.972  30.282 0.0000000000
32238  11.727  -58.417  31.452 0.0000000000
33705  8.723  -56.209  30.490 0.0000000000
32239  10.744  -58.394  31.359 0.0000000000
30687  11.307  -59.035  31.858 0.0000000000
29179  10.760  -60.431  32.673 0.0000000000
29165  10.396  -60.784  33.267 0.0000000000
26247  6.450  -61.968  32.122 0.0000000000
27689  6.060  -59.833  30.936 0.0000000000
27679  5.932  -60.728  31.272 0.0000000000
26248  5.303  -61.581  32.049 0.0000000000
26249  4.266  -61.236  31.876 0.0000000000
26250  3.542  -60.885  31.949 0.0000000000
30693  3.413  -58.994  32.589 0.0000000000
29168  3.910  -57.334  34.126 0.0000000000
30656  3.522  -57.570  33.409 0.0000000000
30679  2.826  -58.121  32.921 0.0000000000
61978  32.251  -34.612  26.771 0.0000000000
61963  31.362  -34.404  27.307 0.0000000000
59674  32.050  -36.153  26.517 0.0000000000
58466  31.400  -37.253  27.235 0.0000000000
58424  30.623  -38.495  28.196 0.0000000000
57206  29.812  -39.848  29.357 0.0000000000
58427  27.925  -37.770  27.801 0.0000000000
57207  28.978  -39.620  29.611 0.0000000000
55911  29.858  -40.455  30.200 0.0000000000
55976  23.336  -39.314  26.527 0.0000000000
54709  25.497  -40.513  26.495 0.0000000000
52131  27.293  -42.778  27.111 0.0000000000
49520  26.188  -45.354  28.331 0.0000000000
49539  26.817  -44.342  27.612 0.0000000000
49518  28.319  -44.424  28.391 0.0000000000
86666  43.978  -14.443  23.142 0.0000000000
78013  28.905  -20.409  25.677 0.0000000000
76812  29.340  -21.399  24.580 0.0000000000
74300  29.755  -23.987  24.306 0.0000000000
70197  25.704  -27.699  30.658 0.0000000000
72894  25.599  -25.583  28.671 0.0000000000
72893  25.967  -24.923  28.049 0.0000000000
71555  27.225  -27.141  26.595 0.0000000000
72952  26.908  -26.013  26.812 0.0000000000
74257  26.897  -24.472  26.997 0.0000000000
74278  28.093  -23.648  25.472 0.0000000000
72983  30.125  -24.942  24.617 0.0000000000
72981  31.695  -26.101  24.686 0.0000000000
72948  33.216  -26.628  26.258 0.0000000000
60752  35.262  -35.450  28.810 0.0000000000
61907  36.559  -34.736  29.897 0.0000000000
61888  37.722  -34.508  31.371 0.0000000000
60694  38.381  -35.472  33.048 0.0000000000
63050  38.483  -33.499  32.310 0.0000000000
102920  46.911  -1.403  24.470 0.0000000000
100442  49.649  -3.699  23.797 0.0000000000
100441  50.026  -3.303  23.593 0.0000000000
99218  49.449  -5.004  20.781 0.0000000000
100459  50.327  -3.410  22.444 0.0000000000
101698  50.391  -2.196  23.555 0.0000000000
102954  50.521  -1.858  22.099 0.0000000000
102953  51.008  -1.002  21.902 0.0000000000
90394  43.083  -12.081  23.431 0.0000000000
89163  43.778  -12.768  23.609 0.0000000000
61961  33.613  -35.069  26.995 0.0000000000
61960  34.154  -34.593  27.121 0.0000000000
60787  33.947  -35.502  27.253 0.0000000000
90395  42.289  -11.784  23.679 0.0000000000
91659  42.413  -10.913  23.622 0.0000000000
74355  32.518  -24.515  23.374 0.0000000000
74354  33.445  -24.654  23.219 0.0000000000
73032  32.885  -25.807  23.373 0.0000000000
71605  32.450  -26.165  23.590 0.0000000000
36554  14.180  -54.583  29.066 0.0000000000
36540  15.011  -55.051  29.420 0.0000000000
35162  14.119  -56.453  29.930 0.0000000000
35175  13.446  -55.702  29.350 0.0000000000
58430  23.939  -36.257  28.031 0.0000000000
58431  22.735  -36.592  29.149 0.0000000000
44248  22.315  -49.767  30.347 0.0000000000
44247  23.011  -49.618  30.343 0.0000000000
70148  25.692  -27.152  33.404 0.0000000000
45644  19.093  -48.384  27.884 0.0000000000
45660  18.304  -47.482  27.516 0.0000000000
47005  19.218  -45.379  26.700 0.0000000000
46988  20.199  -46.882  27.223 0.0000000000
67629  30.544  -30.332  30.273 0.0000000000
66440  30.961  -30.540  30.225 0.0000000000
65309  36.928  -31.673  29.214 0.0000000000
66452  36.597  -31.086  28.740 0.0000000000
65296  37.418  -31.542  30.001 0.0000000000
66423  37.251  -30.556  30.511 0.0000000000
95367  44.548  -8.062  23.547 0.0000000000
95355  45.482  -7.046  24.605 0.0000000000
95365  45.990  -7.033  23.557 0.0000000000
90408  48.248  -11.661  23.243 0.0000000000
26228  6.249  -63.145  34.087 0.0000000000
86670  39.424  -14.061  23.791 0.0000000000
86681  38.857  -14.561  23.695 0.0000000000
81654  38.591  -18.898  22.856 0.0000000000
80412  39.040  -19.826  23.070 0.0000000000
78030  34.202  -20.222  25.260 0.0000000000
74322  37.885  -24.726  23.989 0.0000000000
75597  37.799  -23.751  23.534 0.0000000000
75578  38.376  -24.170  23.923 0.0000000000
55925  31.130  -40.131  30.175 0.0000000000
57204  31.977  -39.987  29.945 0.0000000000
55909  31.504  -40.112  30.933 0.0000000000
86655  37.860  -13.719  24.940 0.0000000000
87924  38.350  -13.050  24.577 0.0000000000
40401  19.229  -52.415  29.731 0.0000000000
39185  18.664  -53.396  30.185 0.0000000000
30671  13.454  -59.431  33.282 0.0000000000
30672  12.752  -59.516  32.812 0.0000000000
30673  11.877  -59.575  32.348 0.0000000000
35179  9.465  -54.651  30.482 0.0000000000
30702  8.626  -58.635  30.635 0.0000000000
29183  4.886  -57.489  33.077 0.0000000000
29167  4.321  -57.227  34.134 0.0000000000
60759  27.856  -34.525  28.795 0.0000000000
61948  28.113  -34.516  27.899 0.0000000000
61947  28.865  -34.491  27.568 0.0000000000
60774  28.360  -35.204  27.519 0.0000000000
59642  28.635  -36.325  27.415 0.0000000000
59643  28.080  -36.017  28.019 0.0000000000
53377  27.526  -40.760  28.236 0.0000000000
54685  27.779  -40.400  28.352 0.0000000000
53376  28.052  -41.304  28.520 0.0000000000
52107  29.031  -42.232  28.681 0.0000000000
52120  28.170  -42.350  28.170 0.0000000000
50877  24.050  -43.761  26.177 0.0000000000
82944  43.674  -17.630  23.426 0.0000000000
76728  26.459  -22.475  28.828 0.0000000000
77966  27.005  -21.409  29.140 0.0000000000
76743  27.204  -22.596  27.821 0.0000000000
75527  27.129  -23.222  26.737 0.0000000000
67666  27.928  -30.143  27.781 0.0000000000
68907  26.384  -29.010  28.147 0.0000000000
67685  27.660  -29.460  27.506 0.0000000000
72868  31.289  -26.523  28.120 0.0000000000
72869  30.501  -26.680  27.248 0.0000000000
72890  30.670  -26.197  26.885 0.0000000000
72888  32.589  -26.482  28.151 0.0000000000
101664  47.802  -2.308  26.369 0.0000000000
102906  48.120  -1.799  25.461 0.0000000000
102905  48.930  -1.612  25.434 0.0000000000
96657  48.213  -6.309  21.228 0.0000000000
97915  48.406  -5.616  21.818 0.0000000000
96672  48.784  -6.268  20.734 0.0000000000
49545  17.628  -44.225  27.971 0.0000000000
49547  16.498  -44.814  28.323 0.0000000000
48252  18.193  -44.962  26.761 0.0000000000
89179  45.691  -12.520  23.372 0.0000000000
89178  46.364  -12.730  23.508 0.0000000000
87917  45.436  -13.745  23.564 0.0000000000
65329  33.325  -31.815  27.632 0.0000000000
65345  33.706  -32.216  27.340 0.0000000000
63128  35.411  -33.476  27.623 0.0000000000
64252  35.103  -32.573  27.220 0.0000000000
64222  36.389  -33.050  28.437 0.0000000000
63098  36.604  -33.502  28.840 0.0000000000
92851  41.548  -9.398  24.195 0.0000000000
94106  41.703  -8.972  24.751 0.0000000000
91658  43.098  -10.514  23.291 0.0000000000
92850  42.697  -9.153  23.767 0.0000000000
94130  43.746  -8.742  23.484 0.0000000000
92862  44.144  -9.289  22.959 0.0000000000
92877  44.034  -10.091  22.638 0.0000000000
90412  44.145  -11.804  23.006 0.0000000000
90418  44.298  -11.279  22.585 0.0000000000
90411  45.154  -11.735  22.840 0.0000000000
91657  45.855  -11.466  22.729 0.0000000000
86673  36.466  -15.068  24.803 0.0000000000
84185  36.455  -16.831  23.638 0.0000000000
82951  36.441  -17.214  23.496 0.0000000000
81668  37.223  -17.793  23.103 0.0000000000
81656  36.353  -18.191  23.452 0.0000000000
76834  33.255  -21.777  24.229 0.0000000000
73030  35.041  -25.324  23.435 0.0000000000
74352  35.233  -24.372  23.299 0.0000000000
73029  35.619  -25.053  23.393 0.0000000000
72977  36.920  -26.322  24.445 0.0000000000
71587  35.038  -27.003  25.204 0.0000000000
71586  36.256  -26.962  25.330 0.0000000000
87907  37.079  -13.581  25.712 0.0000000000
37937  16.702  -53.606  29.109 0.0000000000
37921  17.161  -54.116  29.656 0.0000000000
37922  16.438  -54.184  29.499 0.0000000000
35173  15.344  -55.650  29.813 0.0000000000
35160  15.948  -55.768  30.606 0.0000000000
33672  15.779  -57.657  33.041 0.0000000000
33687  14.947  -57.574  31.294 0.0000000000
33701  13.841  -57.127  30.395 0.0000000000
33688  13.513  -57.736  30.864 0.0000000000
33689  12.887  -57.762  30.755 0.0000000000
33692  6.681  -55.847  32.318 0.0000000000
33708  6.309  -56.322  31.934 0.0000000000
33693  6.218  -56.174  32.702 0.0000000000
30654  5.442  -56.716  34.240 0.0000000000
59607  25.099  -34.697  30.615 0.0000000000
60743  25.969  -34.350  30.380 0.0000000000
60742  26.687  -34.239  30.227 0.0000000000
60761  26.007  -34.848  29.587 0.0000000000
57243  24.239  -37.606  27.257 0.0000000000
55943  26.343  -39.423  27.555 0.0000000000
55959  25.889  -39.655  27.283 0.0000000000
46971  23.827  -47.163  28.759 0.0000000000
46956  23.277  -47.634  29.141 0.0000000000
75488  25.643  -23.221  30.569 0.0000000000
74209  25.343  -24.592  30.296 0.0000000000
68888  31.889  -28.235  29.090 0.0000000000
68904  31.046  -28.401  28.307 0.0000000000
70174  32.546  -27.913  31.618 0.0000000000
68858  32.177  -28.013  30.694 0.0000000000
70175  32.239  -27.721  30.909 0.0000000000
27671  2.681  -60.561  32.411 0.0000000000
76809  32.291  -21.336  24.830 0.0000000000
75561  31.574  -22.458  24.152 0.0000000000
44265  20.838  -49.677  29.632 0.0000000000
42929  19.085  -49.901  29.319 0.0000000000
42930  18.435  -50.110  28.833 0.0000000000
44299  16.209  -47.894  27.654 0.0000000000
42947  16.318  -48.876  27.751 0.0000000000
41664  16.248  -50.475  27.741 0.0000000000
41683  16.424  -51.273  27.999 0.0000000000
40447  16.781  -51.983  28.185 0.0000000000
40448  15.848  -51.681  28.138 0.0000000000
39218  14.326  -51.381  28.397 0.0000000000
39217  14.998  -52.104  28.213 0.0000000000
37939  14.400  -53.568  28.631 0.0000000000
55944  21.568  -38.586  29.042 0.0000000000
53388  21.482  -41.160  27.879 0.0000000000
54712  21.721  -40.699  27.379 0.0000000000
48269  20.711  -45.451  26.542 0.0000000000
49563  21.155  -44.419  26.469 0.0000000000
49562  22.356  -44.652  26.597 0.0000000000
48268  21.887  -45.652  26.666 0.0000000000
47002  22.483  -46.285  27.108 0.0000000000
48250  21.971  -46.565  26.936 0.0000000000
45657  21.541  -48.002  27.781 0.0000000000
45642  21.044  -48.682  28.183 0.0000000000
44279  21.305  -48.995  29.147 0.0000000000
67601  26.810  -30.132  32.538 0.0000000000
66441  29.275  -30.531  29.444 0.0000000000
67631  28.607  -30.336  29.906 0.0000000000
66442  28.832  -30.503  29.323 0.0000000000
67647  27.874  -30.492  28.769 0.0000000000
66482  29.974  -30.763  28.101 0.0000000000
66478  33.206  -30.996  27.040 0.0000000000
67642  34.914  -29.516  28.091 0.0000000000
67663  33.596  -29.694  27.225 0.0000000000
67678  33.094  -29.324  26.920 0.0000000000
68914  32.416  -29.022  26.919 0.0000000000
68886  33.631  -28.639  28.016 0.0000000000
68902  32.585  -28.593  27.563 0.0000000000
67610  36.865  -30.039  31.060 0.0000000000
94103  43.935  -7.749  25.630 0.0000000000
97883  47.777  -5.562  24.616 0.0000000000
96643  47.029  -6.676  22.618 0.0000000000
95377  47.248  -6.865  22.016 0.0000000000
96658  47.754  -6.633  21.711 0.0000000000
91676  47.216  -9.830  21.579 0.0000000000
92886  46.925  -9.179  21.430 0.0000000000
92885  47.805  -9.401  21.295 0.0000000000
94153  48.207  -8.464  20.971 0.0000000000
87921  41.184  -13.321  23.629 0.0000000000
85426  40.814  -14.822  22.856 0.0000000000
85439  41.176  -15.722  22.638 0.0000000000
85442  37.962  -15.562  23.524 0.0000000000
85441  39.024  -15.319  23.252 0.0000000000
82947  39.995  -17.440  22.741 0.0000000000
82946  41.181  -17.570  22.838 0.0000000000
80421  41.849  -19.415  23.224 0.0000000000
80422  41.252  -19.257  22.836 0.0000000000
79196  41.702  -21.236  24.852 0.0000000000
81643  35.282  -17.952  25.373 0.0000000000
80404  34.743  -18.322  25.100 0.0000000000
79210  35.247  -19.935  23.621 0.0000000000
80414  36.616  -19.146  22.914 0.0000000000
76850  35.199  -22.372  23.357 0.0000000000
78052  36.932  -21.689  22.939 0.0000000000
78051  38.098  -21.868  23.000 0.0000000000
78050  39.123  -22.116  23.135 0.0000000000
58444  32.966  -37.455  28.008 0.0000000000
58422  32.827  -38.388  28.798 0.0000000000
57184  33.612  -39.362  30.961 0.0000000000
57202  33.616  -38.875  30.327 0.0000000000
91631  40.075  -10.180  25.097 0.0000000000
91645  39.662  -10.598  24.895 0.0000000000
89166  40.731  -12.363  23.844 0.0000000000
41619  20.423  -51.381  30.962 0.0000000000
41602  21.164  -51.659  32.322 0.0000000000
36528  17.975  -54.660  31.137 0.0000000000
32198  14.923  -59.250  33.965 0.0000000000
39219  12.682  -52.845  29.091 0.0000000000
37925  10.250  -53.531  30.308 0.0000000000
36557  11.160  -54.205  29.199 0.0000000000
37942  11.565  -53.615  29.224 0.0000000000
35188  11.538  -54.915  29.384 0.0000000000
35176  12.272  -55.794  29.389 0.0000000000
35177  10.938  -55.206  29.617 0.0000000000
32250  11.966  -57.783  30.742 0.0000000000
32251  10.923  -57.586  30.929 0.0000000000
33690  8.089  -55.633  31.092 0.0000000000
32252  9.746  -57.862  30.525 0.0000000000
32240  10.209  -58.606  31.182 0.0000000000
30688  10.533  -59.080  31.711 0.0000000000
30674  11.047  -59.740  32.230 0.0000000000
29195  10.280  -59.876  31.990 0.0000000000
29181  9.162  -60.653  32.101 0.0000000000
29180  9.910  -60.620  32.571 0.0000000000
27667  9.901  -61.120  33.320 0.0000000000
26245  8.437  -61.897  32.830 0.0000000000
26246  7.569  -61.955  32.487 0.0000000000
29213  6.596  -59.600  30.647 0.0000000000
29208  6.058  -59.273  30.907 0.0000000000
29200  3.839  -59.025  32.457 0.0000000000
27681  3.938  -59.987  31.718 0.0000000000
27682  3.384  -59.966  32.181 0.0000000000
30692  3.567  -58.607  32.642 0.0000000000
29147  4.026  -57.385  35.196 0.0000000000
30632  3.308  -57.432  33.968 0.0000000000
30657  3.042  -57.725  33.183 0.0000000000
63131  32.552  -33.618  27.157 0.0000000000
61965  29.568  -34.861  26.989 0.0000000000
61964  30.547  -34.716  26.932 0.0000000000
61979  31.471  -34.938  26.621 0.0000000000
60807  30.955  -35.814  26.530 0.0000000000
59659  31.761  -36.631  26.898 0.0000000000
59660  30.844  -36.501  26.661 0.0000000000
58448  29.079  -37.389  27.610 0.0000000000
58447  29.965  -37.556  27.500 0.0000000000
58425  29.649  -38.380  28.035 0.0000000000
57225  30.228  -39.275  28.703 0.0000000000
57226  29.274  -39.065  28.689 0.0000000000
58428  26.864  -36.839  27.622 0.0000000000
55913  28.513  -40.146  29.744 0.0000000000
57208  28.311  -39.430  28.965 0.0000000000
55927  28.541  -39.824  29.657 0.0000000000
57189  29.354  -40.016  30.130 0.0000000000
55912  29.087  -40.149  30.093 0.0000000000
54657  29.818  -41.032  30.361 0.0000000000
53351  29.782  -41.809  30.583 0.0000000000
57258  23.332  -38.277  26.990 0.0000000000
54719  24.972  -40.716  25.968 0.0000000000
53396  26.039  -41.523  26.810 0.0000000000
50875  26.403  -43.247  26.994 0.0000000000
48232  24.976  -46.581  28.788 0.0000000000
49541  25.207  -45.255  27.603 0.0000000000
49521  25.608  -45.873  28.398 0.0000000000
48230  27.053  -45.786  28.726 0.0000000000
49519  27.222  -44.677  28.170 0.0000000000
86678  43.296  -14.897  22.807 0.0000000000
79168  29.742  -19.511  27.818 0.0000000000
77992  28.946  -19.915  27.151 0.0000000000
76787  28.139  -21.873  25.690 0.0000000000
76786  28.611  -21.528  24.985 0.0000000000
75563  29.436  -22.457  24.544 0.0000000000
70177  25.613  -27.388  31.730 0.0000000000
71532  26.011  -26.998  28.681 0.0000000000
68906  30.259  -27.889  28.034 0.0000000000
70233  28.725  -27.994  26.643 0.0000000000
72921  27.542  -25.786  26.384 0.0000000000
74256  27.799  -24.487  25.746 0.0000000000
74253  30.652  -25.822  25.837 0.0000000000
74276  29.724  -25.176  25.017 0.0000000000
72950  30.944  -25.854  25.333 0.0000000000
72980  32.694  -26.685  25.064 0.0000000000
71553  34.119  -26.734  27.303 0.0000000000
59598  34.336  -37.262  29.309 0.0000000000
59619  34.848  -36.027  28.970 0.0000000000
59597  35.273  -36.618  29.462 0.0000000000
59575  36.625  -36.191  31.099 0.0000000000
60722  36.447  -35.841  30.696 0.0000000000
60721  37.029  -35.489  31.087 0.0000000000
61906  37.202  -34.430  30.411 0.0000000000
61871  38.313  -34.521  32.591 0.0000000000
64179  38.550  -32.589  31.905 0.0000000000
102919  47.819  -1.239  24.524 0.0000000000
102908  46.498  -1.815  25.129 0.0000000000
104151  48.380  -0.760  24.258 0.0000000000
104162  49.401  -0.535  23.612 0.0000000000
97881  48.899  -4.796  23.979 0.0000000000
99178  49.471  -4.104  23.561 0.0000000000
99177  49.776  -3.779  23.329 0.0000000000
99188  49.900  -3.910  22.899 0.0000000000
100475  50.528  -3.562  21.499 0.0000000000
101714  50.414  -2.469  22.751 0.0000000000
101725  50.574  -2.721  21.860 0.0000000000
89162  44.302  -12.935  23.594 0.0000000000
87918  44.449  -13.457  23.462 0.0000000000
63130  33.190  -33.032  27.149 0.0000000000
64253  34.142  -32.598  27.097 0.0000000000
61959  34.890  -34.152  27.521 0.0000000000
61941  35.448  -34.462  28.136 0.0000000000
91660  41.822  -10.715  23.923 0.0000000000
92865  41.772  -10.276  23.685 0.0000000000
91670  43.700  -10.701  22.717 0.0000000000
90413  43.271  -11.428  23.102 0.0000000000
85431  36.168  -15.628  24.667 0.0000000000
84162  35.606  -15.897  24.893 0.0000000000
82939  35.423  -17.743  24.585 0.0000000000
74324  33.066  -23.624  23.337 0.0000000000
75601  33.794  -23.710  23.232 0.0000000000
73005  34.869  -26.320  24.071 0.0000000000
71603  34.336  -26.758  24.779 0.0000000000
35161  15.049  -56.436  30.356 0.0000000000
33676  6.296  -56.140  33.407 0.0000000000
45629  22.602  -48.555  29.222 0.0000000000
45628  23.290  -48.350  29.554 0.0000000000
44262  23.354  -49.117  29.951 0.0000000000
68855  34.402  -28.397  30.947 0.0000000000
68856  33.483  -28.209  31.007 0.0000000000
68843  34.259  -28.094  31.957 0.0000000000
76784  30.649  -20.386  25.437 0.0000000000
45643  19.971  -48.724  27.941 0.0000000000
42948  15.456  -48.452  28.064 0.0000000000
42949  14.991  -48.186  28.494 0.0000000000
41665  15.027  -50.097  27.722 0.0000000000
49565  19.476  -44.128  26.933 0.0000000000
49582  19.902  -44.634  26.582 0.0000000000
47003  20.707  -46.371  26.854 0.0000000000
46987  21.368  -47.049  27.367 0.0000000000
67615  29.275  -30.464  31.029 0.0000000000
67630  29.815  -30.197  30.072 0.0000000000
66496  35.403  -30.897  27.621 0.0000000000
67662  34.655  -30.365  27.321 0.0000000000
66476  36.066  -30.865  27.989 0.0000000000
66453  36.326  -30.356  28.878 0.0000000000
67626  35.856  -29.622  29.120 0.0000000000
67627  34.847  -29.076  29.489 0.0000000000
66436  36.807  -29.887  29.776 0.0000000000
66424  36.867  -29.869  30.507 0.0000000000
66411  37.501  -30.612  31.682 0.0000000000
95357  43.697  -7.910  24.523 0.0000000000
95343  45.801  -6.792  25.770 0.0000000000
96629  47.236  -6.002  23.844 0.0000000000
91668  45.467  -10.755  22.367 0.0000000000
91667  46.675  -10.364  21.820 0.0000000000
91666  47.871  -10.311  21.834 0.0000000000
91665  48.823  -10.274  22.058 0.0000000000
91654  48.591  -10.962  22.459 0.0000000000
85427  39.897  -14.767  23.343 0.0000000000
82949  37.646  -17.180  22.648 0.0000000000
82948  38.799  -17.279  22.594 0.0000000000
81652  40.563  -19.467  22.851 0.0000000000
80411  40.105  -20.025  23.259 0.0000000000
79186  34.712  -18.853  25.911 0.0000000000
76830  38.979  -23.149  23.759 0.0000000000
58423  31.685  -38.569  28.399 0.0000000000
57222  32.784  -38.783  29.409 0.0000000000
57223  32.256  -39.014  29.272 0.0000000000
57185  32.564  -39.655  30.787 0.0000000000
89152  37.353  -12.931  26.008 0.0000000000
89151  37.873  -12.028  25.920 0.0000000000
90382  38.758  -11.213  25.493 0.0000000000
90399  38.883  -11.503  25.017 0.0000000000
90398  39.347  -11.220  24.798 0.0000000000
41620  19.859  -51.844  30.274 0.0000000000
40399  20.179  -52.326  30.977 0.0000000000
40400  19.657  -52.748  30.497 0.0000000000
39156  19.557  -53.310  31.409 0.0000000000
32199  14.159  -59.172  33.296 0.0000000000
29164  11.086  -60.469  33.711 0.0000000000
37926  9.817  -53.805  30.440 0.0000000000
36544  10.226  -54.349  30.071 0.0000000000
35178  9.946  -55.139  30.103 0.0000000000
33716  10.085  -55.794  30.191 0.0000000000
32253  8.593  -57.400  30.670 0.0000000000
30713  9.063  -58.354  30.562 0.0000000000
30675  5.199  -57.443  32.519 0.0000000000
29149  2.899  -57.318  34.844 0.0000000000
60791  29.368  -35.576  26.873 0.0000000000
59661  29.828  -36.526  26.823 0.0000000000
59662  29.100  -36.181  27.014 0.0000000000
55941  28.000  -39.988  28.579 0.0000000000
54671  28.298  -40.515  29.137 0.0000000000
53352  29.529  -41.515  29.863 0.0000000000
52095  29.491  -42.000  29.322 0.0000000000
52161  23.441  -41.498  25.949 0.0000000000
53407  23.781  -41.042  26.001 0.0000000000
52160  24.037  -41.760  25.802 0.0000000000
52145  24.536  -42.709  25.943 0.0000000000
50876  25.341  -43.815  26.842 0.0000000000
48203  25.983  -47.142  29.633 0.0000000000
48180  26.223  -47.481  30.397 0.0000000000
85437  43.107  -15.690  22.762 0.0000000000
85425  43.898  -15.487  23.101 0.0000000000
84178  43.838  -16.488  23.168 0.0000000000
77978  27.510  -20.661  28.044 0.0000000000
77993  27.940  -21.075  26.980 0.0000000000
76760  27.761  -22.176  26.403 0.0000000000
75546  28.233  -22.772  25.444 0.0000000000
67648  26.769  -29.662  28.984 0.0000000000
68892  26.009  -28.990  29.169 0.0000000000
70235  26.371  -28.021  27.389 0.0000000000
70211  30.398  -27.439  28.130 0.0000000000
71531  29.321  -27.293  26.559 0.0000000000
71506  30.196  -27.198  27.319 0.0000000000
72870  29.797  -26.811  26.630 0.0000000000
74255  29.225  -25.451  25.596 0.0000000000
74235  30.043  -25.979  26.234 0.0000000000
72919  30.583  -25.962  26.487 0.0000000000
72918  31.138  -25.985  26.416 0.0000000000
72917  32.346  -26.307  26.973 0.0000000000
58386  35.512  -37.656  30.565 0.0000000000
58407  35.434  -37.151  30.216 0.0000000000
59561  36.582  -37.354  31.259 0.0000000000
58365  36.820  -37.627  31.519 0.0000000000
59546  37.540  -37.257  32.448 0.0000000000
102918  48.578  -1.260  24.793 0.0000000000
104149  49.642  -1.058  24.209 0.0000000000
97903  48.346  -5.512  22.543 0.0000000000
97902  48.734  -4.906  22.060 0.0000000000
99202  49.478  -4.679  21.517 0.0000000000
100489  51.100  -3.527  20.624 0.0000000000
101739  50.923  -3.019  21.148 0.0000000000
46990  17.597  -46.143  27.054 0.0000000000
46991  16.540  -45.875  27.560 0.0000000000
50865  19.037  -42.871  27.868 0.0000000000
90392  47.097  -12.250  23.488 0.0000000000
90393  46.670  -12.423  23.515 0.0000000000
89161  46.965  -12.814  23.713 0.0000000000
87935  45.569  -13.143  23.455 0.0000000000
87916  46.515  -13.621  23.739 0.0000000000
66438  32.051  -31.235  29.825 0.0000000000
66439  31.525  -30.853  30.113 0.0000000000
66454  32.684  -31.557  28.259 0.0000000000
65328  33.922  -31.644  27.159 0.0000000000
66477  34.097  -31.238  27.021 0.0000000000
65343  35.514  -31.597  27.540 0.0000000000
65327  36.213  -31.678  28.099 0.0000000000
64221  36.747  -32.518  28.725 0.0000000000
64206  37.348  -32.449  29.530 0.0000000000
94105  42.061  -8.658  25.054 0.0000000000
94115  44.018  -8.292  23.841 0.0000000000
94128  44.924  -8.256  22.963 0.0000000000
94141  44.721  -8.795  22.668 0.0000000000
91669  44.432  -10.603  22.425 0.0000000000
26239  5.746  -62.568  32.994 0.0000000000
85429  37.697  -15.071  24.116 0.0000000000
84184  37.147  -16.292  23.550 0.0000000000
84171  36.692  -16.050  24.057 0.0000000000
84193  37.522  -16.723  22.885 0.0000000000
76851  34.592  -22.265  23.693 0.0000000000
75599  35.715  -23.518  23.231 0.0000000000
72976  37.823  -26.255  24.982 0.0000000000
71566  37.934  -26.698  26.052 0.0000000000
55895  31.131  -40.658  31.070 0.0000000000
54643  31.648  -41.148  31.481 0.0000000000
54626  31.500  -41.790  31.873 0.0000000000
86656  37.480  -13.929  25.122 0.0000000000
39201  17.377  -53.084  29.141 0.0000000000
39186  18.228  -53.417  29.742 0.0000000000
37920  17.616  -53.744  29.566 0.0000000000
37905  17.278  -54.473  30.126 0.0000000000
36529  17.230  -54.814  30.689 0.0000000000
36530  16.593  -55.217  30.358 0.0000000000
35159  16.843  -55.620  31.036 0.0000000000
33673  15.201  -58.257  32.274 0.0000000000
32235  14.564  -58.436  32.041 0.0000000000
33691  7.824  -55.634  31.305 0.0000000000
35167  7.378  -55.767  31.480 0.0000000000
30703  7.138  -58.372  30.641 0.0000000000
33654  6.218  -56.377  33.713 0.0000000000
32224  5.689  -56.673  33.069 0.0000000000
32225  5.624  -56.873  33.359 0.0000000000
30676  5.435  -57.035  33.353 0.0000000000
60760  26.864  -34.565  29.123 0.0000000000
60776  27.081  -34.795  28.244 0.0000000000
59644  27.309  -35.770  28.198 0.0000000000
54686  27.054  -40.267  27.900 0.0000000000
53387  27.304  -41.043  27.942 0.0000000000
48249  23.776  -46.136  27.491 0.0000000000
49542  24.359  -45.658  27.418 0.0000000000
48233  24.110  -46.594  28.235 0.0000000000
46955  24.015  -47.753  29.338 0.0000000000
46934  24.536  -48.050  29.803 0.0000000000
46953  25.519  -47.531  29.812 0.0000000000
81662  43.664  -18.599  23.860 0.0000000000
76716  26.117  -22.830  29.912 0.0000000000
75509  26.104  -23.664  28.588 0.0000000000
68916  30.911  -28.895  27.661 0.0000000000
67684  28.521  -29.394  27.454 0.0000000000
68917  30.210  -28.754  27.701 0.0000000000
68905  30.490  -28.197  28.210 0.0000000000
68874  31.998  -28.004  30.102 0.0000000000
68891  30.552  -27.614  28.491 0.0000000000
71480  31.211  -26.977  29.074 0.0000000000
71479  31.671  -26.720  29.545 0.0000000000
102892  49.143  -2.048  25.669 0.0000000000
95407  48.878  -6.659  20.628 0.0000000000
27670  2.937  -60.597  32.456 0.0000000000
76781  33.624  -19.594  25.933 0.0000000000
76807  33.687  -20.847  24.694 0.0000000000
75582  32.513  -22.665  23.920 0.0000000000
75602  32.235  -23.703  23.472 0.0000000000
75603  31.927  -24.236  23.460 0.0000000000
42906  21.661  -50.274  30.880 0.0000000000
42916  20.597  -50.337  30.333 0.0000000000
41640  20.037  -50.620  30.344 0.0000000000
42917  19.728  -50.143  29.669 0.0000000000
41642  19.141  -51.474  29.365 0.0000000000
44298  17.546  -48.141  27.654 0.0000000000
39215  16.931  -52.609  28.532 0.0000000000
39202  16.705  -53.045  28.705 0.0000000000
37952  16.193  -53.230  28.623 0.0000000000
37953  15.577  -52.927  28.458 0.0000000000
57231  22.298  -37.505  28.558 0.0000000000
57210  22.044  -37.592  29.832 0.0000000000
54711  22.172  -40.079  26.976 0.0000000000
50880  20.385  -43.243  27.146 0.0000000000
47001  23.015  -46.424  27.449 0.0000000000
46973  22.141  -47.587  27.908 0.0000000000
44278  22.051  -48.902  29.329 0.0000000000
44264  21.711  -49.634  29.820 0.0000000000
68847  25.714  -28.027  32.592 0.0000000000
68846  26.124  -29.112  32.626 0.0000000000
68859  26.350  -29.532  31.598 0.0000000000
68876  26.679  -29.629  30.938 0.0000000000
67633  26.422  -29.457  29.699 0.0000000000
66484  28.386  -30.450  28.054 0.0000000000
66502  29.446  -29.964  27.581 0.0000000000
66456  32.133  -30.771  28.943 0.0000000000
66457  31.167  -30.601  29.295 0.0000000000
66480  31.817  -30.901  27.985 0.0000000000
67664  32.943  -30.261  26.867 0.0000000000
66498  32.386  -30.420  27.280 0.0000000000
66499  31.730  -30.294  27.491 0.0000000000
66500  30.848  -30.213  27.649 0.0000000000
66501  30.022  -30.141  27.677 0.0000000000
67682  30.111  -29.436  27.540 0.0000000000
68887  32.736  -28.410  28.721 0.0000000000
68872  33.818  -28.537  29.661 0.0000000000
68871  34.543  -28.717  30.265 0.0000000000
99170  48.846  -4.959  24.821 0.0000000000
97893  47.835  -5.486  23.570 0.0000000000
97904  48.044  -5.565  22.953 0.0000000000
95394  46.842  -7.950  21.563 0.0000000000
92874  46.471  -9.538  21.665 0.0000000000
94155  46.809  -8.541  21.498 0.0000000000
87920  42.269  -13.416  23.469 0.0000000000
85438  42.163  -15.771  22.685 0.0000000000
82945  42.348  -17.602  23.127 0.0000000000
81651  42.479  -19.202  23.426 0.0000000000
79203  42.343  -20.226  24.314 0.0000000000
82931  35.252  -17.769  24.967 0.0000000000
80405  34.986  -18.586  24.434 0.0000000000
80416  35.205  -18.491  24.264 0.0000000000
79220  35.760  -20.386  23.170 0.0000000000
79219  36.427  -20.675  23.100 0.0000000000
80424  37.925  -20.371  22.900 0.0000000000
80423  38.509  -20.235  22.954 0.0000000000
79207  38.953  -20.406  23.102 0.0000000000
79216  39.697  -21.423  23.301 0.0000000000
78048  40.283  -21.828  23.780 0.0000000000
78041  39.553  -22.511  23.653 0.0000000000
78040  40.012  -22.364  24.128 0.0000000000
78039  40.591  -21.949  24.265 0.0000000000
59658  32.721  -36.441  27.171 0.0000000000
59657  33.685  -36.174  27.366 0.0000000000
59639  33.502  -36.764  28.042 0.0000000000
59621  33.792  -37.112  28.793 0.0000000000
58410  33.116  -38.665  29.472 0.0000000000
58409  33.813  -38.248  29.724 0.0000000000
92838  40.781  -9.658  25.216 0.0000000000
92852  40.714  -10.069  24.563 0.0000000000
90396  41.377  -11.627  23.911 0.0000000000
40379  20.448  -52.429  32.015 0.0000000000
39169  18.491  -53.737  30.317 0.0000000000
39205  12.682  -52.589  29.110 0.0000000000
36555  13.170  -54.586  29.143 0.0000000000
36542  12.855  -55.192  29.184 0.0000000000
32223  11.841  -58.974  31.929 0.0000000000
30651  11.440  -60.239  32.742 0.0000000000
26238  6.896  -62.623  33.174 0.0000000000
29207  6.640  -59.364  30.651 0.0000000000
27688  6.818  -60.281  30.763 0.0000000000
29185  3.124  -59.565  32.526 0.0000000000
29146  4.502  -57.011  35.627 0.0000000000
30655  3.984  -57.541  33.436 0.0000000000
30631  3.656  -57.401  34.370 0.0000000000
30678  3.228  -58.348  32.791 0.0000000000
32227  3.027  -58.218  32.854 0.0000000000
67583  27.567  -31.000  33.625 0.0000000000
63144  33.168  -33.895  26.807 0.0000000000
61977  33.198  -34.642  26.728 0.0000000000
60804  32.777  -35.056  26.520 0.0000000000
60805  32.324  -35.485  26.463 0.0000000000
60789  32.734  -35.930  26.659 0.0000000000
58465  32.243  -37.106  27.482 0.0000000000
58467  30.569  -37.215  27.091 0.0000000000
58446  31.010  -37.828  27.742 0.0000000000
57205  30.764  -39.835  29.582 0.0000000000
57187  30.272  -40.129  29.878 0.0000000000
57227  28.466  -38.858  28.499 0.0000000000
57188  29.683  -40.164  29.995 0.0000000000
54656  30.186  -40.984  30.568 0.0000000000
57244  22.870  -37.450  27.605 0.0000000000
57257  24.300  -38.783  26.734 0.0000000000
54720  24.276  -40.516  26.085 0.0000000000
55975  24.614  -39.700  26.411 0.0000000000
55974  25.434  -39.668  26.800 0.0000000000
54701  25.960  -40.253  27.223 0.0000000000
53395  26.900  -41.562  27.425 0.0000000000
53394  27.460  -41.996  27.433 0.0000000000
50861  25.786  -44.448  27.443 0.0000000000
48231  26.118  -46.295  28.814 0.0000000000
49540  26.190  -44.591  27.899 0.0000000000
50860  26.338  -44.069  27.315 0.0000000000
50859  27.450  -43.600  27.413 0.0000000000
50858  28.040  -42.969  27.860 0.0000000000
50843  28.584  -43.361  28.414 0.0000000000
85424  44.723  -15.383  23.402 0.0000000000
82937  44.319  -18.317  24.267 0.0000000000
79167  30.154  -19.380  27.575 0.0000000000
78012  29.954  -20.218  26.202 0.0000000000
76785  29.486  -20.592  24.956 0.0000000000
76811  30.082  -21.340  24.580 0.0000000000
75562  30.437  -22.532  24.235 0.0000000000
74299  30.791  -23.714  23.739 0.0000000000
73009  31.466  -25.202  23.691 0.0000000000
71481  25.398  -26.519  30.914 0.0000000000
70212  25.826  -27.943  29.515 0.0000000000
71507  25.418  -26.725  29.728 0.0000000000
72871  25.391  -25.477  30.139 0.0000000000
74237  25.910  -24.248  28.554 0.0000000000
74236  26.154  -24.463  27.700 0.0000000000
68919  28.099  -28.726  27.132 0.0000000000
70234  27.326  -27.892  26.683 0.0000000000
71572  26.759  -26.943  26.851 0.0000000000
71554  28.028  -27.039  26.367 0.0000000000
71571  27.157  -26.526  26.620 0.0000000000
72953  26.645  -26.346  27.073 0.0000000000
72922  26.448  -25.489  27.400 0.0000000000
75526  27.775  -23.263  25.930 0.0000000000
74277  28.730  -24.014  24.977 0.0000000000
74301  29.154  -23.347  24.667 0.0000000000
72982  30.746  -25.191  24.121 0.0000000000
73008  31.738  -25.836  23.773 0.0000000000
73007  32.398  -26.447  23.969 0.0000000000
72979  33.564  -26.855  25.318 0.0000000000
72947  33.753  -27.000  25.863 0.0000000000
71570  33.744  -26.752  26.878 0.0000000000
71569  34.290  -27.029  26.390 0.0000000000
60773  34.573  -35.558  27.984 0.0000000000
60735  36.015  -35.565  29.923 0.0000000000
61923  36.120  -34.480  29.080 0.0000000000
61922  36.934  -34.009  29.504 0.0000000000
63079  37.507  -33.385  29.897 0.0000000000
63063  37.870  -33.505  30.738 0.0000000000
59545  37.933  -36.515  32.700 0.0000000000
60706  37.955  -35.497  32.386 0.0000000000
61872  38.000  -34.876  31.989 0.0000000000
63062  38.252  -33.481  31.543 0.0000000000
64193  38.207  -32.556  31.130 0.0000000000
65283  38.242  -31.891  31.574 0.0000000000
65272  38.400  -31.612  32.237 0.0000000000
101661  49.811  -2.822  26.113 0.0000000000
100429  49.793  -3.090  24.764 0.0000000000
101674  49.816  -2.402  25.283 0.0000000000
101688  50.227  -2.364  24.377 0.0000000000
96671  49.393  -6.199  20.580 0.0000000000
97928  49.272  -5.599  20.738 0.0000000000
99201  50.158  -4.181  21.974 0.0000000000
102916  49.951  -1.689  24.737 0.0000000000
102929  50.342  -1.570  23.944 0.0000000000
104148  50.061  -1.267  24.134 0.0000000000
104161  50.129  -0.769  23.584 0.0000000000
102944  50.567  -1.312  22.910 0.0000000000
27694  6.444  -59.781  30.723 0.0000000000
27695  6.204  -59.659  30.831 0.0000000000
29201  3.415  -59.385  32.473 0.0000000000
29214  6.396  -59.535  30.731 0.0000000000
30701  9.314  -58.365  30.610 0.0000000000
30712  9.258  -58.145  30.507 0.0000000000
32204  3.191  -57.808  33.019 0.0000000000
32205  2.938  -57.899  32.961 0.0000000000
32226  3.147  -58.006  32.877 0.0000000000
32249  12.578  -57.783  30.721 0.0000000000
32262  9.130  -58.108  30.503 0.0000000000
35164  9.734  -55.636  30.225 0.0000000000
35166  7.646  -55.600  31.522 0.0000000000
35187  13.462  -55.180  29.195 0.0000000000
35189  11.051  -54.675  29.444 0.0000000000
36541  13.232  -55.188  29.180 0.0000000000
37903  18.597  -54.179  30.839 0.0000000000
37911  9.509  -53.829  30.650 0.0000000000
37954  12.705  -53.077  28.999 0.0000000000
37955  12.562  -53.102  29.201 0.0000000000
39206  12.520  -52.880  29.272 0.0000000000
39220  12.740  -53.075  29.030 0.0000000000
40419  18.854  -52.972  30.029 0.0000000000
42904  23.270  -49.937  30.733 0.0000000000
45627  23.982  -48.239  29.862 0.0000000000
45640  22.815  -47.993  29.045 0.0000000000
46954  24.917  -47.547  29.385 0.0000000000
48254  16.505  -45.115  27.948 0.0000000000
48270  19.804  -45.006  26.481 0.0000000000
48286  19.661  -44.661  26.646 0.0000000000
48287  19.546  -44.477  26.759 0.0000000000
49528  16.361  -44.840  28.530 0.0000000000
49546  16.905  -44.645  28.208 0.0000000000
49583  19.782  -44.450  26.685 0.0000000000
50829  29.190  -42.902  28.879 0.0000000000
50844  27.960  -44.083  28.010 0.0000000000
50874  27.023  -43.055  26.940 0.0000000000
52106  29.355  -42.602  29.282 0.0000000000
52130  27.773  -42.511  27.423 0.0000000000
52142  27.238  -42.256  27.312 0.0000000000
52143  26.627  -42.417  27.089 0.0000000000
52159  24.855  -41.897  25.964 0.0000000000
53325  30.910  -42.209  31.547 0.0000000000
53397  22.998  -41.075  26.373 0.0000000000
53405  25.321  -41.370  26.167 0.0000000000
54627  31.147  -41.975  31.666 0.0000000000
54645  30.054  -41.552  30.854 0.0000000000
54700  26.651  -40.661  27.543 0.0000000000
54708  26.237  -40.882  27.095 0.0000000000
54710  24.775  -40.298  26.225 0.0000000000
55896  30.491  -40.771  30.650 0.0000000000
55926  30.733  -40.081  29.956 0.0000000000
55928  28.094  -39.803  29.165 0.0000000000
55929  27.970  -39.556  28.414 0.0000000000
55987  24.418  -40.135  26.255 0.0000000000
55988  23.997  -39.974  26.224 0.0000000000
57186  31.966  -39.775  30.917 0.0000000000
57232  22.530  -37.205  28.511 0.0000000000
57245  22.621  -37.166  28.257 0.0000000000
57256  24.949  -39.226  26.688 0.0000000000
58388  34.021  -38.731  30.600 0.0000000000
58432  22.542  -37.083  28.728 0.0000000000
58443  33.441  -37.234  28.442 0.0000000000
58452  22.970  -36.815  28.155 0.0000000000
58453  22.661  -36.965  28.555 0.0000000000
59560  37.137  -36.706  31.657 0.0000000000
59599  33.894  -37.579  29.150 0.0000000000
59638  34.155  -36.267  27.893 0.0000000000
59640  32.940  -36.879  27.751 0.0000000000
59656  34.181  -35.937  27.562 0.0000000000
59673  32.485  -36.055  26.598 0.0000000000
59675  31.409  -36.174  26.545 0.0000000000
60707  37.532  -35.512  31.810 0.0000000000
60734  36.648  -35.223  30.415 0.0000000000
60753  34.763  -35.868  28.644 0.0000000000
60758  28.861  -34.456  29.155 0.0000000000
60772  34.983  -35.021  28.231 0.0000000000
60806  31.506  -35.633  26.447 0.0000000000
61887  38.130  -34.176  31.981 0.0000000000
61966  28.935  -35.060  27.131 0.0000000000
61980  30.918  -35.282  26.576 0.0000000000
63143  33.781  -33.798  26.694 0.0000000000
63145  32.632  -34.138  26.926 0.0000000000
64238  36.398  -32.109  28.357 0.0000000000
64254  33.548  -32.541  27.307 0.0000000000
65273  38.147  -31.233  31.647 0.0000000000
65326  36.589  -31.714  28.575 0.0000000000
66410  38.008  -31.047  32.042 0.0000000000
66428  30.613  -30.738  30.616 0.0000000000
66459  29.009  -30.614  28.771 0.0000000000
66460  28.554  -30.536  28.365 0.0000000000
66481  30.931  -30.679  28.232 0.0000000000
67645  30.531  -30.367  29.752 0.0000000000
67646  28.523  -30.552  29.180 0.0000000000
67661  35.327  -30.528  27.647 0.0000000000
67665  28.753  -30.052  27.632 0.0000000000
67676  35.148  -30.701  27.546 0.0000000000
67677  34.972  -30.556  27.446 0.0000000000
67680  31.663  -29.616  27.131 0.0000000000
67681  30.848  -29.542  27.433 0.0000000000
68832  25.745  -27.634  33.102 0.0000000000
68875  31.819  -27.836  29.847 0.0000000000
68890  30.752  -27.782  28.699 0.0000000000
68901  33.120  -28.954  27.095 0.0000000000
68913  32.854  -29.192  26.842 0.0000000000
70162  25.637  -27.129  32.645 0.0000000000
70176  32.110  -27.270  30.332 0.0000000000
70194  31.935  -27.823  30.323 0.0000000000
70209  31.227  -27.642  29.095 0.0000000000
70210  31.041  -27.367  28.863 0.0000000000
70245  26.965  -27.354  26.679 0.0000000000
70246  26.723  -27.464  26.923 0.0000000000
71504  31.370  -26.603  28.833 0.0000000000
71556  26.010  -27.349  27.814 0.0000000000
71573  26.405  -27.155  27.300 0.0000000000
71588  34.153  -26.955  25.413 0.0000000000
71604  33.933  -26.809  24.962 0.0000000000
71606  32.196  -26.112  23.688 0.0000000000
71622  32.345  -25.928  23.514 0.0000000000
71623  32.101  -25.877  23.610 0.0000000000
72850  25.350  -24.924  30.541 0.0000000000
72872  25.317  -24.800  30.153 0.0000000000
72951  30.304  -25.465  24.866 0.0000000000
72954  26.508  -26.720  27.220 0.0000000000
73034  31.799  -25.383  23.610 0.0000000000
74220  25.325  -24.570  30.057 0.0000000000
74234  30.329  -25.969  26.452 0.0000000000
74275  30.338  -25.688  25.432 0.0000000000
74326  31.354  -24.492  23.571 0.0000000000
74356  31.868  -24.902  23.531 0.0000000000
75495  26.288  -23.085  28.685 0.0000000000
75496  26.076  -23.338  29.171 0.0000000000
75579  37.684  -24.366  23.636 0.0000000000
75580  34.043  -22.679  23.791 0.0000000000
76742  27.436  -21.760  27.406 0.0000000000
77991  30.318  -19.398  26.967 0.0000000000
78010  31.922  -18.741  26.895 0.0000000000
79166  30.657  -19.117  27.429 0.0000000000
79215  40.156  -21.612  23.511 0.0000000000
81645  35.068  -18.447  24.496 0.0000000000
81657  35.452  -18.136  24.143 0.0000000000
81658  35.221  -18.293  24.416 0.0000000000
81669  36.553  -17.545  23.400 0.0000000000
82955  37.423  -16.957  22.758 0.0000000000
82956  37.273  -17.096  22.890 0.0000000000
84173  35.858  -15.842  24.709 0.0000000000
84194  37.260  -16.848  23.008 0.0000000000
85415  35.736  -15.723  24.906 0.0000000000
85430  36.886  -15.605  24.290 0.0000000000
85432  35.939  -15.617  24.818 0.0000000000
90381  39.150  -11.022  25.251 0.0000000000
92849  43.193  -9.068  23.638 0.0000000000
94118  41.879  -8.875  24.547 0.0000000000
96656  48.859  -5.934  20.842 0.0000000000
101662  49.350  -2.529  26.135 0.0000000000
101676  47.547  -2.036  25.642 0.0000000000
102903  49.891  -1.935  25.217 0.0000000000
102904  49.558  -1.933  25.426 0.0000000000
102943  50.856  -0.638  22.469 0.0000000000
