#!ascii label  , from subject 3123 vox2ras=TkReg
1011
36370  26.713  -54.243  41.967 0.0000000000
74075  41.870  -25.586  37.894 0.0000000000
74042  51.685  -24.519  37.938 0.0000000000
61657  43.696  -34.301  45.620 0.0000000000
39025  33.106  -51.033  40.826 0.0000000000
32092  31.506  -56.083  38.103 0.0000000000
75367  46.343  -25.094  38.462 0.0000000000
73915  44.356  -25.662  41.491 0.0000000000
56966  39.842  -38.396  44.322 0.0000000000
44039  36.495  -48.747  43.550 0.0000000000
84093  54.854  -16.419  31.836 0.0000000000
79054  49.959  -20.416  34.862 0.0000000000
65140  39.393  -30.237  41.532 0.0000000000
71217  39.791  -26.839  43.777 0.0000000000
36434  29.554  -54.262  38.047 0.0000000000
35009  28.796  -55.450  39.612 0.0000000000
75390  43.852  -24.395  37.761 0.0000000000
76520  45.614  -24.674  41.032 0.0000000000
75324  42.751  -24.590  40.446 0.0000000000
50721  41.202  -42.300  40.388 0.0000000000
36390  35.201  -52.421  39.902 0.0000000000
38997  34.597  -51.633  43.666 0.0000000000
37762  36.901  -51.504  40.414 0.0000000000
85327  52.629  -16.412  32.767 0.0000000000
82830  52.985  -17.591  32.549 0.0000000000
82787  51.837  -17.488  34.078 0.0000000000
74095  49.798  -24.144  36.572 0.0000000000
76645  48.461  -22.347  34.323 0.0000000000
77839  50.719  -21.975  36.183 0.0000000000
77871  50.914  -21.540  34.707 0.0000000000
74115  51.459  -24.194  36.069 0.0000000000
59338  41.243  -36.099  46.076 0.0000000000
61697  40.337  -34.817  43.397 0.0000000000
64003  40.298  -32.357  44.848 0.0000000000
67439  38.458  -28.595  42.804 0.0000000000
67373  40.985  -30.122  45.691 0.0000000000
68612  41.546  -28.988  43.959 0.0000000000
65089  43.888  -32.291  44.028 0.0000000000
36430  32.813  -53.816  37.427 0.0000000000
74098  46.793  -25.488  36.407 0.0000000000
75340  49.893  -24.877  38.644 0.0000000000
71264  49.094  -26.082  40.695 0.0000000000
69966  46.166  -26.314  40.943 0.0000000000
50653  37.668  -43.582  43.941 0.0000000000
53109  40.320  -41.107  43.487 0.0000000000
55722  42.144  -40.021  44.509 0.0000000000
58187  42.979  -37.031  42.730 0.0000000000
60554  44.531  -35.217  42.155 0.0000000000
50656  35.820  -44.661  43.787 0.0000000000
46744  37.535  -46.434  42.070 0.0000000000
84110  54.206  -16.486  29.376 0.0000000000
81524  49.793  -18.450  33.973 0.0000000000
80268  50.825  -19.889  34.055 0.0000000000
77911  49.683  -21.418  32.676 0.0000000000
74001  40.361  -26.013  40.558 0.0000000000
73919  41.425  -25.697  43.132 0.0000000000
71241  41.853  -26.950  42.350 0.0000000000
33510  26.808  -55.351  41.383 0.0000000000
36380  27.706  -54.947  40.781 0.0000000000
32058  28.214  -56.053  40.444 0.0000000000
74074  42.468  -25.210  37.593 0.0000000000
75347  43.233  -24.389  39.546 0.0000000000
75372  42.180  -25.180  39.010 0.0000000000
37781  36.107  -52.422  39.841 0.0000000000
85339  51.910  -16.541  32.416 0.0000000000
85296  52.242  -16.510  34.003 0.0000000000
84068  51.647  -16.825  33.411 0.0000000000
75385  50.612  -23.767  37.247 0.0000000000
75407  50.667  -23.122  36.566 0.0000000000
76598  51.860  -23.270  37.232 0.0000000000
75406  51.930  -23.309  36.625 0.0000000000
61678  42.518  -35.321  45.754 0.0000000000
61661  41.584  -34.194  45.253 0.0000000000
61641  41.695  -33.596  46.168 0.0000000000
65051  40.688  -31.507  45.388 0.0000000000
63971  42.368  -32.172  46.184 0.0000000000
66171  42.931  -31.422  45.062 0.0000000000
64002  44.347  -32.724  44.762 0.0000000000
36432  31.204  -54.532  37.610 0.0000000000
33567  32.435  -55.174  37.408 0.0000000000
35034  33.811  -54.280  37.371 0.0000000000
75410  45.287  -25.236  37.379 0.0000000000
74121  45.031  -25.268  35.552 0.0000000000
74072  46.292  -25.300  37.518 0.0000000000
74045  48.048  -25.463  37.863 0.0000000000
75342  47.977  -25.372  38.871 0.0000000000
75293  49.003  -25.446  39.503 0.0000000000
75320  47.544  -25.326  39.374 0.0000000000
75250  45.480  -24.989  41.441 0.0000000000
72589  46.668  -25.867  41.263 0.0000000000
71237  45.918  -26.085  41.387 0.0000000000
69992  45.314  -26.596  40.417 0.0000000000
69941  44.770  -26.347  41.092 0.0000000000
49334  38.640  -44.124  43.180 0.0000000000
51901  39.104  -42.420  43.419 0.0000000000
50671  40.095  -43.188  43.226 0.0000000000
53148  41.370  -40.818  42.815 0.0000000000
56981  41.969  -38.090  43.657 0.0000000000
41432  36.173  -50.247  43.986 0.0000000000
45361  34.791  -47.386  44.799 0.0000000000
45367  36.228  -47.467  43.419 0.0000000000
48009  36.703  -45.561  43.110 0.0000000000
45372  37.091  -47.792  42.338 0.0000000000
86555  54.413  -15.265  32.276 0.0000000000
84101  55.083  -16.366  31.060 0.0000000000
81573  51.262  -18.639  31.645 0.0000000000
77874  49.128  -21.427  34.658 0.0000000000
79078  47.795  -20.468  33.334 0.0000000000
79077  48.581  -19.939  33.868 0.0000000000
81546  48.465  -18.619  33.182 0.0000000000
80270  49.631  -19.327  34.297 0.0000000000
81523  50.394  -18.623  34.078 0.0000000000
79053  50.614  -20.585  34.645 0.0000000000
76643  50.635  -22.775  34.583 0.0000000000
77892  50.575  -21.500  34.014 0.0000000000
55723  39.583  -39.280  43.616 0.0000000000
58171  39.840  -37.641  43.634 0.0000000000
64047  39.813  -32.456  42.274 0.0000000000
61724  40.461  -34.309  41.748 0.0000000000
69929  38.608  -28.009  43.351 0.0000000000
71270  37.457  -27.051  41.016 0.0000000000
72617  38.784  -26.389  41.715 0.0000000000
74003  38.727  -26.151  40.176 0.0000000000
73966  39.717  -25.844  42.016 0.0000000000
75278  41.163  -25.340  41.567 0.0000000000
72569  40.304  -26.236  43.580 0.0000000000
68627  42.060  -29.699  43.485 0.0000000000
69927  41.379  -28.006  43.341 0.0000000000
68644  41.662  -29.150  42.732 0.0000000000
69970  41.858  -27.466  41.572 0.0000000000
36407  29.086  -54.832  38.768 0.0000000000
33519  30.062  -55.971  38.825 0.0000000000
30531  30.900  -56.689  38.379 0.0000000000
32075  29.505  -56.068  39.251 0.0000000000
75368  45.245  -24.749  38.700 0.0000000000
75322  45.946  -24.924  39.890 0.0000000000
76575  44.743  -24.635  39.581 0.0000000000
73963  43.859  -24.654  40.813 0.0000000000
75252  43.521  -24.882  41.783 0.0000000000
37767  34.174  -52.210  40.750 0.0000000000
39012  33.406  -52.056  42.763 0.0000000000
37749  35.234  -51.721  41.717 0.0000000000
39008  36.387  -51.391  42.081 0.0000000000
41463  36.591  -50.336  41.514 0.0000000000
42765  37.018  -49.106  41.226 0.0000000000
40255  37.233  -50.521  40.295 0.0000000000
84085  53.649  -16.620  32.657 0.0000000000
82841  53.784  -17.258  31.949 0.0000000000
82805  53.365  -17.015  33.303 0.0000000000
81543  52.175  -18.163  33.123 0.0000000000
81563  51.327  -18.809  32.603 0.0000000000
74140  48.234  -24.297  34.733 0.0000000000
75428  49.284  -23.252  35.440 0.0000000000
76631  49.610  -22.331  35.558 0.0000000000
77856  50.026  -21.504  35.561 0.0000000000
79037  50.976  -21.176  35.123 0.0000000000
77854  51.115  -21.694  35.363 0.0000000000
75439  51.306  -22.780  35.315 0.0000000000
58145  40.740  -37.527  45.329 0.0000000000
59357  39.976  -36.543  44.056 0.0000000000
60489  40.782  -35.310  44.927 0.0000000000
62872  40.320  -33.323  44.267 0.0000000000
65107  39.624  -30.758  43.114 0.0000000000
66238  38.857  -29.529  41.990 0.0000000000
66194  39.604  -30.333  44.192 0.0000000000
67409  39.599  -29.739  44.560 0.0000000000
69899  39.983  -28.527  44.818 0.0000000000
71200  40.541  -27.343  44.292 0.0000000000
67390  41.453  -29.840  45.147 0.0000000000
67408  42.581  -30.668  44.176 0.0000000000
66215  43.257  -31.484  43.036 0.0000000000
39092  30.832  -52.154  37.481 0.0000000000
39090  32.240  -52.492  37.744 0.0000000000
37798  33.355  -52.627  39.025 0.0000000000
36405  34.626  -53.099  38.765 0.0000000000
35033  34.620  -53.949  37.540 0.0000000000
74097  48.029  -25.427  36.252 0.0000000000
74043  50.036  -24.557  37.643 0.0000000000
75338  51.003  -24.555  38.429 0.0000000000
72651  50.465  -25.408  38.908 0.0000000000
71309  49.377  -26.090  40.069 0.0000000000
71311  48.516  -26.793  39.630 0.0000000000
75271  46.910  -25.411  40.508 0.0000000000
71266  47.680  -26.119  40.813 0.0000000000
53131  37.611  -42.571  43.571 0.0000000000
53130  38.571  -42.034  43.345 0.0000000000
54429  39.391  -40.991  43.377 0.0000000000
55711  40.389  -39.607  44.703 0.0000000000
51936  40.841  -41.534  42.510 0.0000000000
54441  41.472  -40.503  44.326 0.0000000000
56964  40.882  -38.622  45.329 0.0000000000
58143  42.299  -37.786  45.246 0.0000000000
59353  42.968  -36.567  45.053 0.0000000000
60517  44.061  -35.969  44.017 0.0000000000
61712  45.338  -34.686  43.438 0.0000000000
59419  43.952  -36.039  42.824 0.0000000000
50654  37.021  -43.882  44.300 0.0000000000
48007  37.885  -44.531  42.811 0.0000000000
48035  38.465  -44.839  41.803 0.0000000000
44080  37.284  -48.190  40.309 0.0000000000
45410  37.626  -46.955  40.027 0.0000000000
85356  55.601  -15.462  29.636 0.0000000000
82831  50.578  -17.354  32.945 0.0000000000
82788  51.074  -17.934  33.814 0.0000000000
81522  51.036  -18.592  33.792 0.0000000000
80310  51.006  -19.452  33.100 0.0000000000
77891  50.773  -21.214  34.280 0.0000000000
79076  50.558  -20.795  33.379 0.0000000000
79092  50.180  -20.383  32.518 0.0000000000
60536  40.185  -36.246  42.692 0.0000000000
74050  39.757  -26.766  39.169 0.0000000000
74022  41.388  -25.588  39.475 0.0000000000
75326  41.730  -25.041  40.823 0.0000000000
75254  41.950  -25.119  41.907 0.0000000000
73917  43.039  -25.580  42.340 0.0000000000
71198  41.119  -27.354  44.030 0.0000000000
72566  42.246  -26.001  42.943 0.0000000000
71214  43.433  -26.200  41.749 0.0000000000
69969  43.363  -26.696  41.185 0.0000000000
64032  46.104  -33.414  42.890 0.0000000000
64046  44.431  -32.883  42.483 0.0000000000
34992  26.623  -54.707  41.713 0.0000000000
36381  27.222  -54.464  41.407 0.0000000000
35001  27.439  -55.174  41.180 0.0000000000
75392  42.527  -24.992  38.245 0.0000000000
84087  51.257  -17.121  32.737 0.0000000000
75384  51.422  -23.647  37.526 0.0000000000
76599  51.455  -23.243  37.097 0.0000000000
76597  52.075  -23.385  37.280 0.0000000000
75405  52.153  -23.437  37.109 0.0000000000
74067  52.106  -24.173  37.435 0.0000000000
61677  43.061  -35.154  45.458 0.0000000000
61659  42.467  -34.536  45.940 0.0000000000
62853  42.453  -33.845  46.047 0.0000000000
63972  41.778  -32.495  46.255 0.0000000000
62835  43.307  -33.328  45.620 0.0000000000
63969  43.668  -32.719  45.496 0.0000000000
61675  44.662  -34.490  45.483 0.0000000000
33551  31.269  -55.583  37.889 0.0000000000
35035  31.882  -55.189  37.891 0.0000000000
33550  32.145  -55.717  37.915 0.0000000000
32114  32.200  -56.219  37.931 0.0000000000
75388  45.496  -25.068  37.890 0.0000000000
74073  45.593  -25.287  37.436 0.0000000000
74047  46.452  -25.114  38.026 0.0000000000
75366  47.465  -25.241  38.443 0.0000000000
75343  47.016  -25.137  39.057 0.0000000000
73940  44.798  -25.398  41.482 0.0000000000
72590  45.544  -25.789  41.409 0.0000000000
72591  44.739  -25.773  41.407 0.0000000000
71238  44.856  -26.066  41.270 0.0000000000
71213  44.081  -26.153  41.441 0.0000000000
49348  38.769  -43.985  42.301 0.0000000000
49333  39.538  -43.720  43.241 0.0000000000
49347  39.625  -43.657  42.891 0.0000000000
42730  36.499  -49.224  43.501 0.0000000000
42719  35.665  -49.225  44.511 0.0000000000
44030  36.430  -48.488  44.020 0.0000000000
45360  35.512  -47.528  44.652 0.0000000000
44029  36.435  -48.278  43.221 0.0000000000
45366  36.554  -47.770  42.783 0.0000000000
44037  36.622  -48.756  42.430 0.0000000000
85325  54.737  -15.648  32.388 0.0000000000
84083  55.230  -15.945  32.179 0.0000000000
84092  55.436  -16.060  31.603 0.0000000000
77873  49.596  -20.877  34.934 0.0000000000
79055  49.206  -20.297  34.468 0.0000000000
80271  49.049  -19.644  34.180 0.0000000000
80269  50.406  -19.574  34.282 0.0000000000
75441  50.067  -23.570  34.556 0.0000000000
76662  50.045  -22.490  33.934 0.0000000000
56983  39.667  -38.420  43.796 0.0000000000
65122  39.745  -31.858  42.233 0.0000000000
65139  39.363  -31.072  41.108 0.0000000000
71218  39.270  -27.353  43.536 0.0000000000
72596  38.630  -26.908  42.128 0.0000000000
72595  39.101  -26.601  42.386 0.0000000000
72616  39.203  -26.030  41.893 0.0000000000
72594  39.606  -26.259  42.579 0.0000000000
73946  40.085  -25.838  42.631 0.0000000000
72548  39.995  -26.579  43.872 0.0000000000
67436  42.381  -30.222  43.273 0.0000000000
68643  41.965  -29.833  43.197 0.0000000000
67437  41.921  -30.010  42.949 0.0000000000
67450  42.001  -29.905  42.264 0.0000000000
36408  28.629  -54.713  39.593 0.0000000000
35023  29.183  -55.298  39.092 0.0000000000
35022  29.918  -55.512  38.452 0.0000000000
33520  29.670  -55.903  39.059 0.0000000000
32074  30.117  -56.031  38.727 0.0000000000
75413  43.408  -24.848  36.984 0.0000000000
75389  44.669  -24.565  37.833 0.0000000000
75369  44.369  -24.301  38.540 0.0000000000
76588  44.750  -24.382  39.073 0.0000000000
74000  43.397  -24.453  40.135 0.0000000000
73981  43.867  -24.538  40.385 0.0000000000
73982  43.344  -24.615  40.663 0.0000000000
75274  44.131  -24.738  41.192 0.0000000000
75275  43.081  -24.755  41.434 0.0000000000
36391  34.535  -52.404  39.902 0.0000000000
37766  34.914  -52.277  40.929 0.0000000000
37765  35.631  -52.264  40.949 0.0000000000
37763  36.714  -51.604  40.520 0.0000000000
37764  36.283  -52.027  40.884 0.0000000000
39037  36.564  -51.466  40.983 0.0000000000
40218  36.388  -51.207  42.131 0.0000000000
39021  36.640  -51.198  40.973 0.0000000000
40245  36.774  -50.796  40.925 0.0000000000
85338  52.342  -16.408  32.010 0.0000000000
85337  53.298  -15.867  31.914 0.0000000000
85326  53.572  -16.262  32.512 0.0000000000
85308  53.144  -16.580  33.095 0.0000000000
82786  52.338  -17.418  34.026 0.0000000000
81521  52.054  -18.062  33.922 0.0000000000
74117  48.825  -24.110  35.460 0.0000000000
74139  48.740  -23.730  35.105 0.0000000000
75409  49.313  -23.844  35.834 0.0000000000
76617  50.536  -22.542  36.317 0.0000000000
76630  50.118  -22.422  35.904 0.0000000000
77840  50.391  -22.043  36.039 0.0000000000
77855  50.831  -21.548  35.640 0.0000000000
77838  51.269  -22.154  36.178 0.0000000000
75425  51.585  -23.229  35.850 0.0000000000
75426  51.324  -23.744  35.651 0.0000000000
75440  50.977  -23.352  35.191 0.0000000000
74116  50.975  -24.286  35.566 0.0000000000
58122  41.128  -36.840  45.540 0.0000000000
59340  40.611  -35.991  45.335 0.0000000000
59339  40.557  -35.871  46.023 0.0000000000
62871  40.577  -33.099  44.633 0.0000000000
61662  41.032  -34.239  44.724 0.0000000000
64019  40.200  -32.281  44.065 0.0000000000
65090  39.888  -31.185  43.851 0.0000000000
65076  40.085  -31.277  44.387 0.0000000000
66160  40.913  -30.830  45.595 0.0000000000
66175  40.170  -30.646  45.105 0.0000000000
67392  40.460  -29.998  45.527 0.0000000000
68599  39.696  -29.134  44.853 0.0000000000
68598  40.193  -29.213  45.185 0.0000000000
69898  40.525  -28.524  44.930 0.0000000000
67372  41.445  -30.080  45.549 0.0000000000
66183  43.492  -31.429  44.791 0.0000000000
66184  42.660  -31.239  44.515 0.0000000000
67407  42.837  -31.339  44.312 0.0000000000
67422  42.762  -31.121  43.899 0.0000000000
66204  43.230  -31.663  43.674 0.0000000000
37826  29.375  -53.449  37.655 0.0000000000
39093  29.724  -52.484  37.411 0.0000000000
37825  30.368  -53.172  37.414 0.0000000000
36431  32.037  -54.320  37.357 0.0000000000
36443  31.690  -53.785  37.351 0.0000000000
37822  32.627  -53.240  37.550 0.0000000000
37799  32.789  -52.293  39.027 0.0000000000
37811  32.987  -52.855  37.831 0.0000000000
36406  34.028  -52.569  39.197 0.0000000000
36420  33.772  -53.132  37.784 0.0000000000
74120  46.120  -25.318  35.454 0.0000000000
74119  47.360  -25.403  35.254 0.0000000000
75364  48.996  -25.235  38.309 0.0000000000
74044  49.132  -25.030  37.893 0.0000000000
74018  49.636  -24.866  38.243 0.0000000000
75363  50.350  -24.509  38.041 0.0000000000
73996  50.768  -25.025  38.786 0.0000000000
75317  50.266  -24.955  38.913 0.0000000000
73958  49.344  -25.977  40.348 0.0000000000
72630  49.992  -26.085  40.250 0.0000000000
71286  49.679  -26.034  40.889 0.0000000000
71310  49.012  -26.570  39.834 0.0000000000
71287  48.762  -26.193  40.469 0.0000000000
75297  45.904  -24.856  40.660 0.0000000000
75296  46.506  -25.220  40.307 0.0000000000
75272  46.084  -24.940  41.041 0.0000000000
71236  46.522  -26.056  41.296 0.0000000000
72613  47.246  -25.981  41.137 0.0000000000
69965  46.819  -26.242  41.044 0.0000000000
69989  47.408  -26.376  40.626 0.0000000000
69990  46.843  -26.465  40.538 0.0000000000
53113  37.572  -42.700  43.935 0.0000000000
53112  38.351  -42.177  43.450 0.0000000000
51900  39.784  -42.167  43.341 0.0000000000
53111  39.139  -41.640  43.394 0.0000000000
53110  39.898  -41.324  43.467 0.0000000000
54428  39.994  -40.526  43.656 0.0000000000
54427  40.678  -40.389  44.259 0.0000000000
50688  40.306  -42.289  42.342 0.0000000000
51952  40.994  -41.668  41.810 0.0000000000
53127  41.559  -40.419  43.246 0.0000000000
53128  41.316  -40.801  43.385 0.0000000000
54440  42.105  -40.452  43.886 0.0000000000
54426  41.279  -40.125  44.865 0.0000000000
55709  41.843  -39.653  45.013 0.0000000000
56963  41.731  -38.692  45.321 0.0000000000
56962  42.284  -38.668  45.025 0.0000000000
58188  42.620  -37.358  43.226 0.0000000000
58169  42.313  -37.375  43.738 0.0000000000
58168  42.719  -37.022  43.273 0.0000000000
60518  43.303  -36.106  44.704 0.0000000000
59373  43.100  -36.551  43.458 0.0000000000
59397  44.254  -36.221  42.996 0.0000000000
58207  43.673  -36.449  42.396 0.0000000000
40222  33.598  -51.724  43.590 0.0000000000
41436  33.485  -50.756  43.736 0.0000000000
41449  33.885  -50.168  43.683 0.0000000000
49322  35.463  -45.233  43.514 0.0000000000
50690  35.656  -43.938  42.826 0.0000000000
51922  35.785  -43.903  42.940 0.0000000000
51905  36.570  -43.666  43.974 0.0000000000
50655  36.382  -44.214  43.931 0.0000000000
48008  37.149  -44.909  42.812 0.0000000000
48024  37.335  -45.714  42.337 0.0000000000
48023  37.921  -44.922  42.373 0.0000000000
46743  37.991  -45.639  41.902 0.0000000000
42786  37.310  -48.893  40.581 0.0000000000
46791  38.117  -45.747  40.114 0.0000000000
84108  55.413  -15.941  30.528 0.0000000000
85357  54.948  -15.939  29.346 0.0000000000
84119  54.527  -16.246  29.065 0.0000000000
82842  52.909  -17.543  31.535 0.0000000000
76664  47.776  -22.330  33.401 0.0000000000
77894  47.691  -21.349  33.267 0.0000000000
81545  49.220  -18.439  33.587 0.0000000000
82810  48.972  -17.915  33.055 0.0000000000
82832  49.741  -17.594  32.578 0.0000000000
82809  49.889  -17.800  33.442 0.0000000000
82808  50.951  -17.550  33.460 0.0000000000
82789  50.406  -18.057  33.797 0.0000000000
81544  51.205  -18.884  33.436 0.0000000000
80293  50.797  -19.795  33.573 0.0000000000
79036  51.130  -21.336  35.041 0.0000000000
79052  50.932  -20.996  34.724 0.0000000000
77893  50.066  -21.729  33.399 0.0000000000
77910  50.248  -21.158  33.205 0.0000000000
60504  40.323  -35.744  43.684 0.0000000000
60519  40.199  -35.984  43.134 0.0000000000
61713  40.331  -35.186  42.790 0.0000000000
67451  38.559  -28.828  42.764 0.0000000000
72635  37.154  -26.336  40.811 0.0000000000
74002  39.457  -26.195  40.459 0.0000000000
74024  39.484  -26.281  39.812 0.0000000000
74023  40.511  -26.098  39.794 0.0000000000
75350  41.199  -25.500  40.366 0.0000000000
75327  40.960  -25.307  40.910 0.0000000000
73944  41.392  -25.459  42.500 0.0000000000
75277  41.767  -25.042  41.403 0.0000000000
73943  42.083  -25.359  42.410 0.0000000000
73942  42.903  -25.176  42.293 0.0000000000
73918  42.166  -25.727  42.767 0.0000000000
69915  41.011  -27.964  44.452 0.0000000000
71199  40.904  -27.567  44.337 0.0000000000
69914  41.071  -28.154  44.064 0.0000000000
69943  41.519  -28.100  42.710 0.0000000000
71216  41.624  -27.019  43.304 0.0000000000
71215  42.499  -26.370  42.404 0.0000000000
72592  42.451  -26.853  41.846 0.0000000000
71240  42.994  -26.612  41.804 0.0000000000
72615  42.369  -26.771  41.937 0.0000000000
69995  42.362  -27.516  40.361 0.0000000000
60533  44.520  -34.980  43.184 0.0000000000
62903  45.663  -33.980  43.339 0.0000000000
61723  44.407  -34.499  42.969 0.0000000000
36393  28.254  -54.941  40.298 0.0000000000
35000  28.130  -55.420  40.503 0.0000000000
33521  28.645  -55.906  39.918 0.0000000000
33509  27.896  -55.786  40.911 0.0000000000
74102  42.715  -25.257  36.939 0.0000000000
75391  42.992  -24.591  37.817 0.0000000000
75370  43.518  -24.270  38.607 0.0000000000
75371  42.779  -24.510  38.807 0.0000000000
75348  42.516  -24.661  39.755 0.0000000000
36403  35.674  -52.830  39.025 0.0000000000
36389  35.780  -52.471  39.986 0.0000000000
37780  36.471  -52.179  40.044 0.0000000000
85328  51.979  -16.353  32.903 0.0000000000
85310  52.146  -16.393  33.613 0.0000000000
84057  51.930  -16.693  34.124 0.0000000000
82807  51.594  -17.248  33.808 0.0000000000
75386  50.129  -24.002  36.768 0.0000000000
75408  50.035  -23.481  36.197 0.0000000000
76616  51.099  -22.757  36.635 0.0000000000
76615  51.731  -22.999  36.785 0.0000000000
60502  42.292  -35.866  45.775 0.0000000000
60487  41.193  -35.100  46.201 0.0000000000
60486  41.916  -35.350  46.213 0.0000000000
61642  41.430  -33.713  45.951 0.0000000000
62856  41.254  -33.137  44.873 0.0000000000
63990  40.166  -31.929  44.956 0.0000000000
63974  41.013  -32.274  45.393 0.0000000000
65050  41.017  -31.670  45.604 0.0000000000
65048  42.169  -31.204  45.898 0.0000000000
66157  41.942  -31.013  45.517 0.0000000000
65062  42.793  -31.487  45.733 0.0000000000
65046  43.784  -31.971  45.391 0.0000000000
65075  44.044  -32.032  44.594 0.0000000000
36433  30.364  -54.481  37.784 0.0000000000
35046  31.733  -54.826  37.686 0.0000000000
35045  32.309  -54.742  37.388 0.0000000000
35044  33.056  -54.424  37.260 0.0000000000
33566  33.011  -55.156  37.112 0.0000000000
74100  44.652  -25.160  36.476 0.0000000000
74099  45.530  -25.297  36.706 0.0000000000
74071  47.480  -25.442  37.218 0.0000000000
75365  48.458  -25.344  38.355 0.0000000000
75341  49.042  -25.329  38.631 0.0000000000
75318  49.398  -25.404  39.116 0.0000000000
75319  48.410  -25.435  39.296 0.0000000000
75294  48.777  -25.431  39.687 0.0000000000
73980  48.154  -25.580  40.274 0.0000000000
73962  46.156  -25.171  41.208 0.0000000000
73939  46.048  -25.398  41.363 0.0000000000
69939  46.186  -26.180  41.243 0.0000000000
69940  45.586  -26.193  41.156 0.0000000000
69968  44.594  -26.560  40.903 0.0000000000
49317  38.571  -43.762  43.540 0.0000000000
50652  38.431  -43.331  43.618 0.0000000000
50651  39.194  -43.244  43.421 0.0000000000
50650  39.894  -42.909  43.415 0.0000000000
51919  40.283  -41.903  43.100 0.0000000000
51951  41.229  -41.462  41.946 0.0000000000
54458  41.782  -39.881  43.242 0.0000000000
55721  42.165  -39.540  43.995 0.0000000000
55734  42.076  -39.122  43.151 0.0000000000
55733  42.648  -38.902  42.572 0.0000000000
40206  35.477  -50.962  43.789 0.0000000000
42721  34.467  -49.405  44.013 0.0000000000
42720  34.864  -49.262  44.498 0.0000000000
46734  34.024  -46.627  43.464 0.0000000000
46723  34.521  -46.623  44.071 0.0000000000
47994  35.519  -45.940  43.422 0.0000000000
47993  36.020  -45.816  43.599 0.0000000000
47992  36.531  -45.420  43.430 0.0000000000
46731  36.510  -46.449  43.070 0.0000000000
46730  36.907  -46.719  42.310 0.0000000000
45378  37.608  -47.493  41.952 0.0000000000
84100  55.618  -15.923  31.126 0.0000000000
84109  54.752  -16.253  29.943 0.0000000000
81562  52.151  -18.131  32.120 0.0000000000
77875  48.218  -21.423  33.862 0.0000000000
79056  48.540  -20.688  34.095 0.0000000000
80296  48.025  -19.432  33.296 0.0000000000
80295  48.895  -19.159  33.788 0.0000000000
80294  49.376  -18.817  33.967 0.0000000000
76642  51.032  -22.369  34.892 0.0000000000
77872  50.801  -21.850  34.587 0.0000000000
76661  50.633  -22.158  34.452 0.0000000000
55736  39.337  -39.955  42.943 0.0000000000
62905  40.071  -33.846  43.112 0.0000000000
62920  40.273  -34.145  42.473 0.0000000000
62919  40.042  -33.376  41.979 0.0000000000
64062  39.953  -32.590  41.562 0.0000000000
68645  38.449  -28.434  43.037 0.0000000000
68646  38.380  -28.271  42.533 0.0000000000
71243  38.498  -27.512  42.339 0.0000000000
72619  37.931  -26.929  41.169 0.0000000000
72634  37.997  -26.631  40.666 0.0000000000
74004  37.929  -26.411  40.012 0.0000000000
73985  38.724  -26.224  40.625 0.0000000000
73984  39.509  -26.157  41.122 0.0000000000
73983  40.304  -25.854  41.043 0.0000000000
75303  40.877  -25.357  41.217 0.0000000000
73965  40.372  -25.669  41.695 0.0000000000
73945  40.776  -25.540  42.433 0.0000000000
73920  40.783  -25.698  43.206 0.0000000000
68628  41.628  -28.974  43.423 0.0000000000
68658  41.589  -28.933  41.817 0.0000000000
37813  28.765  -53.797  38.490 0.0000000000
36423  29.067  -54.524  38.756 0.0000000000
36422  29.879  -54.932  38.198 0.0000000000
35021  30.681  -55.512  38.045 0.0000000000
33532  30.666  -55.908  38.282 0.0000000000
32093  30.763  -56.160  38.246 0.0000000000
32094  30.122  -56.281  38.662 0.0000000000
32076  28.848  -56.032  39.818 0.0000000000
75411  44.843  -25.105  37.280 0.0000000000
75344  45.987  -25.011  39.379 0.0000000000
75345  45.437  -24.844  39.240 0.0000000000
76574  45.337  -24.789  39.725 0.0000000000
76557  45.308  -24.685  40.361 0.0000000000
75346  44.046  -24.376  39.338 0.0000000000
75323  44.304  -24.550  40.017 0.0000000000
75298  44.886  -24.431  40.992 0.0000000000
75273  45.174  -24.653  41.235 0.0000000000
75251  44.501  -24.951  41.481 0.0000000000
73941  43.741  -25.217  41.793 0.0000000000
49362  39.596  -43.131  41.782 0.0000000000
37768  33.673  -51.997  40.581 0.0000000000
39024  33.252  -51.624  41.867 0.0000000000
37751  33.988  -51.541  41.614 0.0000000000
37736  34.025  -52.043  42.543 0.0000000000
37735  34.729  -51.917  42.584 0.0000000000
37748  35.832  -51.764  41.652 0.0000000000
39009  35.865  -51.474  42.709 0.0000000000
40219  36.240  -51.064  42.766 0.0000000000
41446  36.404  -50.504  42.527 0.0000000000
42747  36.477  -49.551  42.349 0.0000000000
42746  36.491  -49.366  41.941 0.0000000000
41478  37.006  -50.010  41.095 0.0000000000
41501  37.573  -49.670  39.588 0.0000000000
84084  54.250  -16.393  32.327 0.0000000000
82840  54.197  -16.750  32.108 0.0000000000
82828  54.003  -16.666  32.357 0.0000000000
82829  53.651  -16.942  32.724 0.0000000000
84067  52.884  -16.854  33.734 0.0000000000
82806  52.874  -17.301  33.553 0.0000000000
75443  48.075  -23.325  34.084 0.0000000000
75442  48.665  -23.236  34.762 0.0000000000
76644  49.150  -22.412  34.970 0.0000000000
75427  49.805  -22.856  35.743 0.0000000000
77857  49.463  -21.869  35.267 0.0000000000
79038  50.537  -20.993  35.248 0.0000000000
76641  51.307  -22.330  35.370 0.0000000000
76629  51.520  -22.569  36.077 0.0000000000
58146  40.300  -37.112  45.025 0.0000000000
58147  39.836  -37.379  44.331 0.0000000000
59356  40.307  -36.313  44.705 0.0000000000
60503  40.485  -35.512  44.300 0.0000000000
61680  40.407  -34.550  43.952 0.0000000000
60488  40.692  -35.080  45.598 0.0000000000
61679  40.652  -34.352  44.369 0.0000000000
62886  40.173  -33.522  43.724 0.0000000000
65106  39.768  -31.834  42.657 0.0000000000
65123  40.013  -31.126  42.013 0.0000000000
65124  39.389  -30.075  42.459 0.0000000000
66206  39.345  -29.590  43.317 0.0000000000
66195  39.428  -29.728  43.755 0.0000000000
66185  39.854  -30.539  44.718 0.0000000000
67424  39.502  -29.413  44.078 0.0000000000
67425  39.270  -29.108  43.462 0.0000000000
68629  39.220  -28.773  43.792 0.0000000000
71202  39.280  -27.815  44.217 0.0000000000
71201  39.872  -27.243  44.155 0.0000000000
71183  40.183  -27.901  44.561 0.0000000000
69897  40.855  -28.394  44.856 0.0000000000
68595  41.340  -29.241  44.620 0.0000000000
66173  41.604  -30.359  45.387 0.0000000000
67389  41.668  -30.145  44.875 0.0000000000
68594  41.831  -29.683  44.424 0.0000000000
68611  42.279  -29.685  44.043 0.0000000000
67435  42.734  -30.918  43.421 0.0000000000
39026  32.532  -51.032  40.883 0.0000000000
37824  31.316  -53.072  37.339 0.0000000000
37800  32.321  -51.754  39.303 0.0000000000
37784  32.563  -51.825  39.844 0.0000000000
37769  33.016  -51.614  40.445 0.0000000000
37782  33.673  -52.396  39.966 0.0000000000
36419  34.335  -53.500  37.708 0.0000000000
35020  34.931  -53.322  38.453 0.0000000000
74118  48.283  -24.958  35.389 0.0000000000
74096  49.115  -24.505  36.234 0.0000000000
74070  48.630  -25.133  37.108 0.0000000000
74069  49.784  -24.500  37.091 0.0000000000
74068  50.215  -24.300  37.343 0.0000000000
75362  50.923  -24.121  38.019 0.0000000000
75361  51.420  -24.189  37.947 0.0000000000
74017  51.298  -24.708  38.414 0.0000000000
72668  51.081  -25.307  38.582 0.0000000000
72669  50.447  -26.047  38.810 0.0000000000
73998  49.692  -25.699  39.388 0.0000000000
72652  50.058  -25.833  39.296 0.0000000000
75321  46.764  -25.222  39.681 0.0000000000
75295  47.642  -25.401  39.960 0.0000000000
73960  47.564  -25.631  40.597 0.0000000000
73938  46.889  -25.670  41.070 0.0000000000
72612  47.577  -25.896  40.912 0.0000000000
71265  48.552  -26.024  40.658 0.0000000000
71288  48.202  -26.518  40.301 0.0000000000
54460  37.776  -41.689  42.312 0.0000000000
54443  38.781  -41.405  43.086 0.0000000000
54430  38.997  -41.320  43.259 0.0000000000
55724  39.469  -40.381  43.249 0.0000000000
55712  39.859  -39.742  43.868 0.0000000000
56965  40.206  -38.527  44.936 0.0000000000
50689  40.025  -42.946  42.636 0.0000000000
51937  40.281  -42.424  42.827 0.0000000000
51918  40.923  -41.213  43.052 0.0000000000
54442  40.812  -40.624  43.889 0.0000000000
58144  41.515  -37.542  45.444 0.0000000000
59355  41.567  -36.612  45.579 0.0000000000
56982  41.869  -38.434  44.263 0.0000000000
59375  42.673  -37.114  45.019 0.0000000000
59354  42.239  -36.665  45.346 0.0000000000
60501  42.899  -35.877  45.304 0.0000000000
61696  43.715  -35.516  44.882 0.0000000000
61695  44.639  -34.999  44.479 0.0000000000
60516  45.059  -35.309  43.770 0.0000000000
60534  45.014  -35.546  43.092 0.0000000000
59417  44.077  -35.905  41.714 0.0000000000
57010  43.624  -37.133  41.409 0.0000000000
58224  44.175  -36.297  41.293 0.0000000000
41450  33.846  -50.709  42.717 0.0000000000
44040  34.140  -48.441  43.121 0.0000000000
53150  36.807  -43.169  43.159 0.0000000000
51904  36.977  -43.227  44.210 0.0000000000
47991  37.066  -44.591  43.555 0.0000000000
49318  37.790  -44.088  43.545 0.0000000000
44048  37.040  -48.448  41.976 0.0000000000
44061  37.235  -48.258  41.265 0.0000000000
45390  37.391  -47.253  41.094 0.0000000000
46755  37.825  -46.452  41.653 0.0000000000
46771  37.858  -46.203  40.901 0.0000000000
36371  26.039  -54.250  42.401 0.0000000000
85369  55.354  -15.232  28.449 0.0000000000
80311  50.761  -19.494  32.654 0.0000000000
79075  50.792  -20.726  33.971 0.0000000000
79091  50.640  -20.104  33.230 0.0000000000
79106  50.069  -19.939  31.801 0.0000000000
74076  40.979  -26.471  37.910 0.0000000000
59376  40.046  -36.817  43.384 0.0000000000
59398  40.088  -37.039  42.806 0.0000000000
74025  38.663  -26.284  39.590 0.0000000000
72689  40.130  -27.124  38.444 0.0000000000
74049  40.710  -26.187  38.877 0.0000000000
74048  41.457  -25.737  38.622 0.0000000000
75349  42.011  -25.172  40.091 0.0000000000
75325  42.253  -24.768  40.596 0.0000000000
75302  41.490  -25.097  41.138 0.0000000000
75301  41.955  -24.607  41.063 0.0000000000
76523  42.422  -24.667  41.195 0.0000000000
75253  42.677  -24.924  42.106 0.0000000000
73916  43.809  -25.584  41.666 0.0000000000
72547  40.365  -26.711  43.952 0.0000000000
72568  40.802  -26.276  43.600 0.0000000000
72567  41.362  -26.526  43.477 0.0000000000
72565  43.226  -25.942  42.195 0.0000000000
72564  44.042  -25.908  41.510 0.0000000000
71239  44.004  -26.370  41.377 0.0000000000
69942  43.977  -26.589  41.264 0.0000000000
69994  43.269  -26.813  40.532 0.0000000000
62885  44.727  -33.748  44.458 0.0000000000
62884  45.144  -33.481  43.711 0.0000000000
65088  44.612  -32.826  43.676 0.0000000000
62931  44.883  -33.968  41.968 0.0000000000
64045  44.642  -33.381  42.921 0.0000000000
65104  44.475  -32.915  43.164 0.0000000000
65121  43.888  -32.432  42.635 0.0000000000
33531  31.520  -55.862  38.196 0.0000000000
33533  29.945  -55.820  38.681 0.0000000000
35008  29.509  -55.648  38.995 0.0000000000
36392  34.092  -52.395  39.974 0.0000000000
36404  35.283  -52.941  39.103 0.0000000000
36441  32.770  -53.427  37.529 0.0000000000
36442  32.389  -53.631  37.424 0.0000000000
36444  30.847  -53.881  37.466 0.0000000000
36445  30.098  -53.904  37.643 0.0000000000
37732  36.345  -51.609  41.990 0.0000000000
37733  36.100  -51.501  42.068 0.0000000000
37734  35.485  -51.599  42.342 0.0000000000
37747  36.240  -51.669  41.775 0.0000000000
37750  34.551  -51.641  41.732 0.0000000000
37752  33.562  -51.132  41.005 0.0000000000
37779  36.796  -51.740  40.132 0.0000000000
37783  33.073  -52.312  39.936 0.0000000000
37812  32.595  -52.352  38.022 0.0000000000
37823  32.245  -52.983  37.529 0.0000000000
38996  34.869  -51.565  43.596 0.0000000000
39007  36.571  -51.428  41.951 0.0000000000
39010  35.092  -51.760  43.308 0.0000000000
39011  34.127  -52.123  43.405 0.0000000000
39013  33.257  -51.694  42.243 0.0000000000
39022  36.536  -51.341  41.638 0.0000000000
39023  36.437  -51.652  41.648 0.0000000000
39036  36.863  -51.343  40.523 0.0000000000
39038  36.459  -51.556  41.329 0.0000000000
39051  31.878  -51.524  39.792 0.0000000000
39064  32.310  -51.920  38.589 0.0000000000
39077  32.180  -52.165  37.967 0.0000000000
40207  35.048  -51.215  43.809 0.0000000000
40208  34.140  -51.370  44.192 0.0000000000
40209  33.491  -51.199  44.059 0.0000000000
40220  35.657  -51.075  43.472 0.0000000000
40221  35.244  -51.388  43.544 0.0000000000
40223  33.394  -51.417  43.108 0.0000000000
40233  36.595  -50.859  41.327 0.0000000000
40234  36.426  -50.778  41.862 0.0000000000
40303  29.074  -51.809  37.482 0.0000000000
41433  35.761  -50.509  44.060 0.0000000000
41434  34.871  -50.348  44.293 0.0000000000
41435  34.076  -50.400  44.192 0.0000000000
41447  36.220  -50.287  43.428 0.0000000000
41448  35.918  -50.660  43.672 0.0000000000
41464  36.356  -49.991  42.163 0.0000000000
42711  35.621  -48.785  44.749 0.0000000000
42712  35.375  -48.780  44.868 0.0000000000
42718  36.269  -49.719  44.094 0.0000000000
42728  36.514  -49.237  42.435 0.0000000000
42729  36.669  -49.544  42.742 0.0000000000
42732  33.693  -50.178  42.054 0.0000000000
44021  36.000  -48.223  44.356 0.0000000000
44022  35.778  -48.378  44.762 0.0000000000
44023  35.022  -48.241  45.126 0.0000000000
44031  35.974  -48.705  44.486 0.0000000000
44032  34.626  -48.650  44.718 0.0000000000
44038  36.484  -48.534  42.933 0.0000000000
45359  35.894  -47.868  44.116 0.0000000000
45365  36.956  -47.634  42.347 0.0000000000
45373  36.780  -48.035  42.554 0.0000000000
46720  36.335  -46.212  43.337 0.0000000000
46721  36.235  -46.923  43.575 0.0000000000
46722  35.320  -47.057  43.674 0.0000000000
46724  33.832  -46.750  44.124 0.0000000000
46732  36.227  -46.964  43.276 0.0000000000
46733  34.257  -46.418  43.788 0.0000000000
46754  38.155  -45.536  41.404 0.0000000000
47995  34.948  -46.148  43.219 0.0000000000
48010  34.711  -46.469  43.260 0.0000000000
49319  37.111  -44.395  43.981 0.0000000000
49320  36.485  -44.731  43.905 0.0000000000
49321  35.934  -45.077  43.955 0.0000000000
49335  37.863  -44.268  43.206 0.0000000000
50672  39.583  -43.535  43.298 0.0000000000
50673  36.280  -44.020  43.750 0.0000000000
50674  35.679  -44.367  43.362 0.0000000000
50675  35.247  -44.822  42.878 0.0000000000
50687  41.393  -41.313  41.766 0.0000000000
50703  41.241  -41.543  41.205 0.0000000000
50704  40.626  -42.112  41.461 0.0000000000
50705  39.970  -42.491  41.986 0.0000000000
51902  38.303  -42.688  43.645 0.0000000000
51903  37.573  -43.020  44.011 0.0000000000
51920  36.765  -43.133  43.962 0.0000000000
51921  36.404  -43.702  43.491 0.0000000000
51935  41.461  -41.091  42.202 0.0000000000
51940  35.620  -43.881  42.549 0.0000000000
53129  40.835  -40.941  43.516 0.0000000000
53132  36.803  -43.042  43.707 0.0000000000
54444  38.177  -42.023  42.765 0.0000000000
55708  42.099  -39.315  44.636 0.0000000000
55710  41.108  -39.596  45.128 0.0000000000
55713  39.535  -40.623  43.361 0.0000000000
55735  39.453  -39.073  43.448 0.0000000000
56995  42.488  -38.097  43.170 0.0000000000
56996  41.879  -38.649  43.618 0.0000000000
57020  43.741  -37.306  41.011 0.0000000000
58123  40.762  -36.547  45.469 0.0000000000
58124  40.549  -36.317  45.457 0.0000000000
58170  42.500  -37.697  44.742 0.0000000000
58205  43.982  -36.223  41.535 0.0000000000
58206  43.834  -36.580  41.599 0.0000000000
58225  44.250  -36.913  40.881 0.0000000000
58236  44.525  -36.431  40.790 0.0000000000
59337  41.889  -36.177  46.009 0.0000000000
59374  42.807  -36.619  44.348 0.0000000000
59396  44.787  -36.066  42.810 0.0000000000
59418  44.184  -35.827  42.585 0.0000000000
60472  44.159  -34.148  45.754 0.0000000000
60473  43.912  -34.157  45.807 0.0000000000
60484  44.541  -34.272  45.336 0.0000000000
60485  44.261  -34.351  45.479 0.0000000000
60499  44.490  -34.792  45.474 0.0000000000
60500  44.724  -34.815  45.629 0.0000000000
60535  44.730  -35.802  43.438 0.0000000000
60553  44.921  -34.946  41.478 0.0000000000
60555  44.298  -35.335  43.013 0.0000000000
60573  44.917  -35.400  41.091 0.0000000000
61637  43.979  -33.908  45.863 0.0000000000
61638  43.713  -33.968  45.800 0.0000000000
61639  43.024  -34.001  45.556 0.0000000000
61640  42.757  -34.018  45.683 0.0000000000
61656  44.322  -33.975  45.628 0.0000000000
61658  43.147  -34.439  45.554 0.0000000000
61660  41.806  -34.237  46.155 0.0000000000
61676  44.111  -34.734  45.217 0.0000000000
61694  45.249  -34.316  43.920 0.0000000000
61711  45.285  -34.461  43.252 0.0000000000
62833  44.060  -33.701  45.694 0.0000000000
62834  43.773  -33.515  45.610 0.0000000000
62836  42.747  -33.309  45.949 0.0000000000
62837  42.026  -33.354  46.323 0.0000000000
62838  41.503  -33.080  46.104 0.0000000000
62839  41.425  -32.801  45.389 0.0000000000
62852  44.169  -33.516  45.489 0.0000000000
62854  42.175  -33.986  46.146 0.0000000000
62855  41.639  -33.351  45.299 0.0000000000
62869  44.336  -33.626  45.311 0.0000000000
62870  44.433  -33.711  44.953 0.0000000000
62902  45.870  -33.686  43.088 0.0000000000
62904  39.992  -33.085  42.688 0.0000000000
62917  44.770  -34.171  42.077 0.0000000000
62918  44.707  -33.952  42.920 0.0000000000
62930  44.909  -34.301  41.559 0.0000000000
63968  44.014  -33.182  45.443 0.0000000000
63970  43.036  -32.354  45.875 0.0000000000
63973  41.402  -32.284  45.870 0.0000000000
63985  44.130  -33.049  45.296 0.0000000000
63986  44.113  -32.504  45.225 0.0000000000
63987  42.738  -31.821  46.033 0.0000000000
63988  42.554  -31.486  46.012 0.0000000000
63989  40.509  -32.263  45.107 0.0000000000
64001  44.324  -33.002  45.007 0.0000000000
64004  40.224  -32.216  44.615 0.0000000000
64017  44.990  -33.065  43.641 0.0000000000
64018  44.739  -32.705  44.156 0.0000000000
64033  45.444  -33.368  43.222 0.0000000000
64034  39.831  -32.429  42.763 0.0000000000
64035  39.947  -32.352  43.295 0.0000000000
64044  45.476  -33.655  43.199 0.0000000000
64048  39.657  -32.006  41.901 0.0000000000
64060  44.602  -33.147  42.003 0.0000000000
64063  39.644  -31.836  41.326 0.0000000000
65047  43.353  -31.837  45.613 0.0000000000
65049  41.724  -31.592  45.943 0.0000000000
65061  44.032  -31.815  45.126 0.0000000000
65063  42.408  -31.276  45.749 0.0000000000
65064  40.332  -31.400  45.111 0.0000000000
65065  40.167  -31.326  44.784 0.0000000000
65105  43.793  -32.365  43.405 0.0000000000
65108  39.367  -29.862  42.871 0.0000000000
65120  44.407  -32.906  42.822 0.0000000000
66155  43.793  -31.648  45.284 0.0000000000
66156  43.556  -31.629  45.329 0.0000000000
66158  41.746  -30.855  45.556 0.0000000000
66159  41.372  -30.785  45.581 0.0000000000
66170  43.675  -31.456  45.185 0.0000000000
66172  41.990  -31.144  45.199 0.0000000000
66174  40.555  -30.774  45.375 0.0000000000
66193  43.321  -31.686  44.264 0.0000000000
66205  39.519  -30.301  43.733 0.0000000000
66218  38.995  -29.278  42.768 0.0000000000
67374  40.741  -30.396  45.596 0.0000000000
67388  42.213  -30.576  44.524 0.0000000000
67391  40.824  -29.830  45.576 0.0000000000
67393  39.851  -29.879  45.142 0.0000000000
67423  42.535  -30.305  43.731 0.0000000000
67438  38.805  -28.873  43.066 0.0000000000
68581  41.113  -29.736  45.500 0.0000000000
68582  40.977  -29.787  45.601 0.0000000000
68596  41.111  -29.344  45.110 0.0000000000
68597  40.783  -29.376  45.275 0.0000000000
68613  39.541  -29.002  44.248 0.0000000000
68630  38.809  -28.576  43.398 0.0000000000
69896  41.049  -28.568  44.697 0.0000000000
69900  39.579  -28.527  44.515 0.0000000000
69916  39.253  -28.398  44.190 0.0000000000
69928  38.892  -28.141  43.862 0.0000000000
69938  46.428  -26.189  41.200 0.0000000000
69944  38.380  -27.974  42.800 0.0000000000
69945  38.296  -27.893  42.070 0.0000000000
69964  47.292  -26.238  40.871 0.0000000000
69967  45.444  -26.378  40.842 0.0000000000
71182  40.714  -27.919  44.629 0.0000000000
71184  39.693  -27.993  44.498 0.0000000000
71185  39.408  -28.159  44.385 0.0000000000
71219  38.723  -27.646  42.998 0.0000000000
71242  39.028  -27.246  42.716 0.0000000000
71244  38.091  -27.450  41.565 0.0000000000
71267  46.993  -26.060  41.196 0.0000000000
71268  42.507  -26.779  41.692 0.0000000000
71269  42.122  -26.882  41.947 0.0000000000
71285  50.183  -25.991  41.023 0.0000000000
71308  50.001  -26.137  40.500 0.0000000000
72545  41.096  -27.057  44.093 0.0000000000
72546  40.872  -26.881  44.042 0.0000000000
72570  39.872  -26.435  43.360 0.0000000000
72571  39.489  -26.872  42.915 0.0000000000
72588  47.113  -25.814  41.108 0.0000000000
72593  42.309  -26.697  42.181 0.0000000000
72597  38.368  -27.168  41.711 0.0000000000
72610  49.410  -26.078  40.561 0.0000000000
72611  48.479  -25.840  40.542 0.0000000000
72614  42.632  -26.689  42.001 0.0000000000
72618  38.400  -26.748  41.392 0.0000000000
72631  49.780  -26.007  40.657 0.0000000000
72632  38.979  -26.116  41.243 0.0000000000
72633  38.579  -26.390  40.992 0.0000000000
72636  36.387  -25.943  40.509 0.0000000000
72653  37.279  -26.079  40.444 0.0000000000
72654  36.587  -25.767  40.421 0.0000000000
73921  40.331  -25.877  43.157 0.0000000000
73937  47.299  -25.767  40.960 0.0000000000
73959  48.740  -25.724  40.376 0.0000000000
73961  46.729  -25.491  41.200 0.0000000000
73964  43.438  -24.770  41.038 0.0000000000
73977  49.793  -26.001  39.668 0.0000000000
73978  49.367  -25.780  39.812 0.0000000000
73979  48.594  -25.473  40.093 0.0000000000
73986  38.327  -26.408  40.548 0.0000000000
73997  50.071  -25.442  39.176 0.0000000000
73999  43.793  -24.440  39.883 0.0000000000
74019  49.233  -25.113  38.300 0.0000000000
74020  43.647  -24.394  39.605 0.0000000000
74021  43.494  -24.401  39.803 0.0000000000
74046  47.047  -25.001  37.921 0.0000000000
75249  45.975  -25.065  41.348 0.0000000000
75255  41.439  -25.345  41.896 0.0000000000
75270  47.328  -25.452  40.292 0.0000000000
75276  42.334  -24.777  41.406 0.0000000000
75299  44.430  -24.571  40.651 0.0000000000
75300  42.848  -24.780  40.985 0.0000000000
75316  50.702  -24.810  38.659 0.0000000000
75339  50.571  -24.658  38.452 0.0000000000
75383  51.894  -23.672  37.425 0.0000000000
75387  46.127  -25.193  38.030 0.0000000000
76521  45.292  -24.512  41.024 0.0000000000
76522  42.648  -24.722  41.251 0.0000000000
76539  45.521  -24.641  40.815 0.0000000000
76540  45.259  -24.549  40.781 0.0000000000
76541  44.946  -24.534  40.655 0.0000000000
76542  42.626  -24.593  41.094 0.0000000000
76543  42.264  -24.597  41.075 0.0000000000
76556  45.636  -24.743  40.500 0.0000000000
76558  44.862  -24.662  40.192 0.0000000000
76559  42.489  -24.666  40.924 0.0000000000
76560  42.242  -24.644  40.848 0.0000000000
76573  45.695  -24.843  40.045 0.0000000000
76587  45.080  -24.694  39.211 0.0000000000
76614  52.061  -23.202  37.152 0.0000000000
84056  52.433  -16.869  34.056 0.0000000000
84066  53.290  -16.762  33.249 0.0000000000
84069  51.167  -17.273  33.148 0.0000000000
84086  51.658  -16.717  32.643 0.0000000000
85295  52.451  -16.633  33.932 0.0000000000
85309  52.697  -16.630  33.509 0.0000000000
