#!ascii label  , from subject 3123 vox2ras=TkReg
904
89850  27.395  -12.208  -27.295 0.1428571492
88653  26.387  -13.305  -27.784 0.1428571492
92362  26.733  -10.728  -28.328 0.1428571492
91093  27.683  -11.676  -26.629 0.1428571492
92341  27.785  -10.686  -27.633 0.2857142985
89869  27.093  -12.104  -27.827 0.1428571492
92323  27.696  -11.030  -27.181 0.1428571492
93629  27.873  -9.484  -29.133 0.5714285970
93610  28.696  -9.677  -27.692 0.1428571492
94847  30.081  -8.071  -27.034 0.2857142985
94848  29.575  -8.726  -26.713 0.2857142985
96085  30.775  -7.361  -26.347 0.1428571492
99925  31.968  -4.466  -28.058 0.2857142985
98646  31.511  -5.089  -27.906 0.1428571492
97380  30.875  -5.832  -28.564 0.2857142985
102422  33.174  -2.452  -28.090 0.2857142985
101189  32.477  -3.566  -28.217 0.2857142985
103645  33.730  -0.891  -28.976 0.2857142985
103655  33.482  -1.662  -29.511 0.2857142985
106207  34.992  1.072  -29.480 0.2857142985
110649  38.086  3.501  -30.510 0.8571428657
108491  36.953  2.500  -29.949 0.4285714328
106199  34.670  0.724  -28.912 0.2857142985
110645  41.231  4.785  -31.459 0.7142857313
111773  40.367  4.484  -30.716 0.7142857313
110630  39.350  4.267  -30.517 0.7142857313
109590  37.428  3.080  -30.438 0.7142857313
110679  43.095  4.705  -32.920 0.8571428657
111789  42.427  5.180  -32.020 0.5714285970
110664  41.507  4.910  -32.061 0.8571428657
110629  40.036  4.147  -30.720 0.7142857313
110648  38.619  3.659  -30.823 0.7142857313
111808  44.627  5.493  -33.439 0.4285714328
110686  42.958  4.607  -33.258 0.7142857313
111803  42.581  5.113  -32.708 0.8571428657
115159  45.165  8.344  -32.601 0.2857142985
115166  44.571  8.497  -33.030 0.5714285970
111812  43.946  5.500  -33.936 0.8571428657
114023  44.664  6.904  -33.447 0.7142857313
111814  42.655  5.726  -34.214 0.8571428657
115161  43.679  9.215  -32.084 0.1428571492
115160  44.724  8.587  -32.120 0.1428571492
115167  43.877  8.997  -32.934 0.4285714328
115174  44.182  7.834  -34.296 0.5714285970
114030  43.766  7.387  -34.337 0.8571428657
118935  41.360  11.135  -30.879 0.1428571492
115147  42.927  8.996  -31.164 0.1428571492
116350  42.742  9.642  -32.093 0.1428571492
116349  43.072  9.581  -32.541 0.4285714328
116365  42.973  8.752  -34.788 0.8571428657
120109  39.405  12.588  -30.678 0.1428571492
118937  40.256  11.718  -30.266 0.1428571492
120108  40.207  12.267  -30.916 0.1428571492
117631  41.734  10.931  -31.838 0.1428571492
118961  41.396  11.360  -32.264 0.4285714328
117639  42.333  10.392  -32.865 0.5714285970
116359  42.558  9.759  -33.569 0.7142857313
115172  41.685  8.732  -33.650 0.8571428657
121213  39.069  13.127  -31.622 0.1428571492
122205  38.484  13.782  -30.851 0.1428571492
120121  39.997  12.570  -32.144 0.1428571492
120120  40.562  12.047  -32.371 0.5714285970
117644  42.053  10.375  -33.360 0.8571428657
116363  42.118  9.164  -34.125 0.8571428657
116356  41.441  10.131  -32.950 0.8571428657
122193  37.956  14.021  -30.016 0.1428571492
122194  37.242  14.580  -30.345 0.2857142985
121224  38.334  13.174  -33.028 0.8571428657
118962  40.782  11.604  -32.800 0.8571428657
117640  41.611  10.848  -32.768 0.7142857313
118966  40.053  11.901  -33.112 0.8571428657
123151  35.895  15.589  -31.210 0.1428571492
124050  35.282  16.150  -29.496 0.1428571492
122207  37.020  14.495  -31.499 0.4285714328
122229  37.058  13.792  -33.143 0.8571428657
121225  37.496  13.466  -33.086 0.8571428657
118968  38.741  11.944  -33.617 0.8571428657
118964  38.976  11.660  -32.829 0.8571428657
123163  36.425  15.063  -31.959 0.4285714328
121233  37.182  13.228  -33.673 0.8571428657
121232  37.891  12.849  -33.436 0.8571428657
120141  37.598  12.528  -33.449 0.8571428657
124063  35.375  16.180  -30.624 0.1428571492
124064  34.744  16.752  -30.235 0.2857142985
124076  35.361  16.131  -31.714 0.8571428657
123164  35.747  15.512  -32.377 0.8571428657
123174  36.196  14.962  -33.172 0.8571428657
121234  36.139  13.324  -34.181 0.8571428657
123186  35.769  14.839  -33.995 0.8571428657
120142  36.572  12.815  -33.974 0.8571428657
125008  34.374  17.666  -30.036 0.2857142985
125024  34.512  17.380  -31.076 0.7142857313
124077  34.806  16.622  -31.235 0.5714285970
124091  34.773  16.522  -32.214 0.8571428657
123187  34.934  15.105  -34.349 0.8571428657
122234  34.455  14.921  -34.670 0.8571428657
121235  35.730  13.273  -33.903 0.8571428657
125046  34.214  16.989  -32.578 0.8571428657
126024  33.583  17.404  -32.806 0.8571428657
123188  34.265  15.705  -34.428 0.8571428657
124123  32.981  16.449  -35.052 0.7142857313
123196  33.683  15.796  -35.209 0.7142857313
126010  33.792  18.178  -32.030 0.8571428657
158402  33.493  18.017  -32.641 0.8571428657
124113  33.491  16.450  -34.482 0.8571428657
126038  33.248  18.252  -34.414 0.8571428657
158398  32.767  18.977  -33.680 0.8571428657
124114  32.892  16.856  -34.358 0.7142857313
158417  32.589  20.498  -31.309 0.7142857313
158405  32.656  19.358  -32.648 0.8571428657
158406  31.991  20.286  -32.755 0.8571428657
128976  31.632  21.895  -31.697 0.7142857313
126029  33.283  17.402  -33.429 0.8571428657
158399  32.193  19.170  -33.995 0.8571428657
130766  32.480  23.466  -28.999 0.1428571492
158407  32.110  21.122  -32.314 0.8571428657
128970  31.917  21.791  -31.619 0.7142857313
127970  31.563  21.351  -32.344 0.8571428657
132628  32.155  25.356  -29.817 0.1428571492
130786  31.446  23.042  -30.387 0.5714285970
130777  31.383  23.724  -30.474 0.5714285970
158423  30.884  23.513  -30.587 0.5714285970
132629  31.385  24.976  -30.311 0.1428571492
135144  31.928  27.125  -31.310 0.1428571492
158425  30.235  24.735  -30.600 0.5714285970
134340  30.969  27.497  -32.861 0.1428571492
135923  31.409  29.139  -31.858 0.1428571492
158428  30.942  25.744  -30.758 0.1428571492
135140  31.816  29.022  -30.410 0.1428571492
135146  30.309  28.717  -32.457 0.1428571492
134333  29.997  28.079  -31.586 0.1428571492
135136  31.794  28.467  -30.080 0.1428571492
134326  30.608  27.450  -30.405 0.1428571492
89840  26.791  -12.942  -26.740 0.1428571492
88641  26.531  -13.450  -26.765 0.1428571492
92322  28.256  -10.462  -26.831 0.1428571492
93587  29.042  -9.307  -26.397 0.2857142985
93609  29.051  -9.112  -27.261 0.2857142985
98645  32.021  -4.688  -27.523 0.2857142985
98636  31.561  -5.615  -27.180 0.2857142985
97366  31.018  -5.946  -27.529 0.1428571492
106208  34.819  0.362  -29.736 0.2857142985
104973  34.537  -0.469  -30.023 0.2857142985
109578  37.284  2.994  -29.692 0.4285714328
107327  36.108  1.686  -29.859 0.5714285970
110685  43.598  4.193  -33.424 0.2857142985
109589  38.107  3.086  -30.840 0.7142857313
112910  45.605  6.553  -33.023 0.1428571492
111815  42.153  6.185  -33.866 0.8571428657
116361  43.430  9.043  -34.368 0.7142857313
122192  38.431  13.691  -30.259 0.1428571492
121212  39.204  12.875  -32.693 0.8571428657
120138  39.694  12.133  -33.322 0.8571428657
118963  39.946  11.372  -32.578 0.8571428657
118965  38.157  11.846  -33.195 0.8571428657
126009  34.093  18.323  -31.247 0.8571428657
126974  33.465  19.308  -31.321 0.8571428657
129904  31.987  21.926  -31.023 0.7142857313
130776  31.918  23.413  -29.864 0.2857142985
134331  31.360  26.773  -31.614 0.1428571492
158742  32.977  28.296  -29.875 0.1428571492
87423  26.179  -14.039  -27.390 0.1428571492
93628  28.663  -9.380  -28.720 0.4285714328
94865  30.029  -7.989  -28.110 0.2857142985
93627  29.244  -9.153  -28.122 0.4285714328
94882  28.863  -8.811  -29.263 0.2857142985
97352  30.876  -6.734  -27.240 0.1428571492
99924  32.470  -4.170  -27.512 0.2857142985
101200  32.313  -3.400  -29.216 0.2857142985
99936  31.824  -4.487  -28.937 0.2857142985
101199  32.636  -3.005  -28.447 0.2857142985
108492  36.445  2.187  -30.299 0.7142857313
117616  41.092  10.675  -30.299 0.1428571492
121183  38.396  12.861  -29.415 0.1428571492
123150  36.554  15.087  -30.720 0.2857142985
123139  35.941  15.578  -30.014 0.1428571492
122218  37.474  13.799  -32.299 0.8571428657
117641  40.726  10.720  -32.865 0.8571428657
116351  41.142  10.007  -32.440 1.0000000000
126001  33.952  18.815  -29.820 0.2857142985
122232  34.135  14.712  -34.474 0.8571428657
158413  33.296  19.659  -30.316 0.5714285970
128948  32.588  20.892  -30.103 0.5714285970
158416  32.087  21.664  -31.130 0.7142857313
129900  31.898  22.504  -30.349 0.4285714328
129893  32.152  22.714  -29.421 0.2857142985
131684  31.638  24.346  -30.021 0.1428571492
158426  29.694  25.850  -30.756 0.2857142985
132636  31.711  25.976  -30.424 0.1428571492
134339  29.988  28.107  -32.816 0.1428571492
158430  29.964  27.074  -31.810 0.1428571492
158429  29.847  26.515  -30.322 0.1428571492
135149  31.331  27.606  -32.165 0.1428571492
134319  31.276  27.775  -29.632 0.1428571492
134320  30.813  27.506  -29.784 0.1428571492
134311  32.062  27.394  -28.650 0.1428571492
158418  32.372  21.735  -30.376 0.5714285970
91106  27.458  -11.429  -27.686 0.1428571492
89851  26.769  -12.677  -27.273 0.1428571492
87438  26.154  -13.853  -28.110 0.1428571492
92361  27.521  -10.462  -28.353 0.4285714328
91124  27.025  -11.560  -28.316 0.2857142985
92340  28.275  -10.210  -28.065 0.5714285970
92321  28.644  -9.830  -26.510 0.1428571492
94866  29.574  -8.574  -27.711 0.1428571492
96098  30.346  -7.316  -27.523 0.1428571492
99935  32.121  -3.984  -28.383 0.2857142985
110647  39.508  3.829  -31.105 0.7142857313
110684  44.088  4.524  -33.629 0.8571428657
111809  42.444  5.457  -33.351 0.8571428657
114022  45.368  7.227  -33.202 0.5714285970
116354  43.258  9.601  -32.988 0.5714285970
120107  40.585  12.026  -31.606 0.2857142985
117615  41.562  10.596  -30.777 0.1428571492
117630  42.133  10.433  -32.092 0.1428571492
122217  38.219  13.595  -31.763 0.5714285970
120132  38.977  12.809  -33.567 0.8571428657
122219  36.779  14.381  -32.668 0.8571428657
124102  34.888  15.698  -33.295 0.8571428657
123175  35.412  15.383  -33.468 0.8571428657
122231  35.239  14.263  -34.120 0.8571428657
124103  34.416  16.230  -33.364 0.8571428657
126983  33.367  18.660  -32.361 0.8571428657
158404  32.816  18.873  -32.968 0.8571428657
131675  32.503  24.262  -29.249 0.1428571492
131685  31.096  24.456  -30.786 0.5714285970
158736  32.761  27.940  -30.653 0.1428571492
158431  30.526  26.513  -31.812 0.1428571492
158743  32.313  29.153  -30.896 0.1428571492
135924  32.194  28.312  -31.382 0.1428571492
133502  31.125  26.484  -31.267 0.1428571492
134325  30.965  28.280  -30.256 0.1428571492
98635  32.206  -5.127  -26.702 0.1428571492
94881  29.446  -8.355  -28.899 0.4285714328
102444  32.995  -3.119  -29.746 0.5714285970
101212  31.682  -3.893  -30.087 0.5714285970
101213  30.410  -3.814  -29.701 0.5714285970
101214  29.350  -3.684  -29.418 0.2857142985
102457  31.942  -2.531  -30.420 0.5714285970
102446  30.805  -2.776  -29.854 0.5714285970
99949  28.815  -4.772  -28.905 0.4285714328
102445  31.656  -3.060  -30.275 0.5714285970
101215  28.460  -3.399  -29.109 0.2857142985
102448  28.836  -2.471  -29.391 0.4285714328
104974  34.161  -0.475  -30.355 0.4285714328
103667  32.006  -1.556  -30.467 0.5714285970
103668  30.987  -1.772  -30.165 0.5714285970
103669  29.938  -1.380  -29.722 0.4285714328
106217  34.078  0.356  -30.507 0.5714285970
106218  32.778  0.542  -30.289 0.5714285970
104977  31.259  -0.616  -30.292 0.4285714328
106225  31.801  0.754  -30.387 0.4285714328
107341  34.914  1.167  -30.171 0.4285714328
103657  29.850  -2.148  -29.651 0.4285714328
102460  28.452  -1.993  -29.262 0.2857142985
101216  27.872  -3.228  -28.768 0.2857142985
104978  30.224  -0.709  -30.175 0.4285714328
108494  34.827  2.189  -30.576 0.7142857313
108496  32.589  2.591  -30.331 0.4285714328
110670  36.133  3.963  -30.761 0.7142857313
109594  33.147  3.597  -30.700 0.5714285970
110651  35.452  4.380  -30.401 0.7142857313
110652  33.991  4.490  -30.486 0.2857142985
108493  35.851  1.992  -30.697 0.5714285970
109591  36.714  2.833  -30.640 0.5714285970
109592  35.874  3.187  -30.671 0.7142857313
111794  37.765  4.646  -31.345 0.7142857313
111776  36.783  5.060  -30.740 0.7142857313
111774  38.491  5.761  -31.206 0.7142857313
112887  37.355  6.092  -30.341 0.7142857313
111778  34.645  5.385  -30.201 0.4285714328
112874  36.583  6.739  -29.397 0.4285714328
110646  40.371  4.307  -31.185 0.5714285970
110667  38.482  3.939  -31.220 0.5714285970
110665  40.675  4.685  -31.857 0.5714285970
111793  38.900  5.322  -31.497 0.5714285970
112901  39.085  6.078  -31.496 0.7142857313
112885  39.535  6.894  -31.072 0.7142857313
114000  40.435  8.121  -30.842 0.7142857313
112873  37.807  6.861  -29.810 0.7142857313
113982  37.267  7.563  -29.182 0.5714285970
115130  38.616  8.734  -29.374 0.5714285970
112919  42.752  6.656  -34.485 0.7142857313
112913  41.165  6.654  -33.239 0.5714285970
111806  40.344  6.000  -32.227 0.5714285970
114020  41.083  7.469  -32.570 0.7142857313
112899  40.650  6.957  -32.074 0.7142857313
115164  41.017  8.806  -31.533 0.8571428657
115148  40.407  9.249  -31.022 0.7142857313
116321  38.867  9.785  -29.780 0.7142857313
116338  39.317  9.971  -30.280 0.7142857313
116322  38.117  9.457  -29.233 0.5714285970
117603  38.053  10.445  -29.620 0.7142857313
112917  42.281  6.906  -34.189 0.5714285970
114016  40.054  7.278  -31.132 0.7142857313
115163  41.271  9.452  -32.333 0.8571428657
116353  40.202  10.132  -31.388 0.8571428657
117619  38.390  10.650  -30.298 0.7142857313
117581  37.276  10.772  -29.029 0.5714285970
120092  36.417  12.381  -29.591 0.2857142985
115168  41.406  9.157  -33.093 0.7142857313
117634  39.352  10.681  -31.314 0.7142857313
121204  35.938  13.218  -30.623 0.7142857313
117633  39.892  10.625  -31.763 0.7142857313
118938  38.690  10.995  -31.062 0.8571428657
118939  38.134  11.401  -30.722 0.8571428657
121227  35.888  13.097  -32.806 0.8571428657
120123  37.697  11.966  -31.717 0.8571428657
120111  36.956  12.503  -30.611 0.5714285970
121214  36.341  13.044  -31.959 0.8571428657
121215  35.892  13.296  -31.500 0.8571428657
122195  35.602  13.811  -30.570 0.7142857313
118955  38.278  11.702  -32.152 0.8571428657
120134  36.703  12.620  -33.111 0.8571428657
122208  35.637  14.094  -31.907 0.8571428657
122220  35.236  13.929  -33.176 0.8571428657
122209  34.648  14.656  -32.215 0.7142857313
158392  33.078  17.973  -33.632 0.7142857313
125047  32.250  17.827  -33.337 0.7142857313
124079  32.723  17.342  -31.227 0.7142857313
158394  31.854  18.771  -32.914 0.7142857313
158401  31.723  19.468  -33.127 0.7142857313
158411  31.559  20.425  -32.231 0.8571428657
127954  31.475  20.428  -31.042 0.7142857313
158410  31.742  19.878  -31.791 0.7142857313
128959  31.299  21.551  -29.890 0.7142857313
128949  31.345  21.232  -28.874 0.5714285970
127959  30.964  21.215  -31.520 0.7142857313
128964  30.818  21.301  -30.762 0.7142857313
128950  31.152  21.792  -29.142 0.5714285970
158420  30.852  22.575  -30.192 0.4285714328
129895  30.809  22.396  -28.991 0.5714285970
158419  31.331  21.448  -31.525 0.5714285970
129883  31.037  21.823  -28.035 0.5714285970
130778  30.045  23.188  -28.766 0.5714285970
130767  29.923  22.645  -28.245 0.5714285970
129884  30.297  22.165  -28.102 0.4285714328
129870  30.351  21.628  -27.750 0.5714285970
129869  30.875  21.510  -27.767 0.4285714328
130754  28.615  22.001  -28.119 0.5714285970
129885  29.326  22.160  -28.099 0.5714285970
130779  28.841  23.645  -29.207 0.5714285970
128929  29.282  21.314  -27.229 0.4285714328
127940  29.788  20.239  -27.690 0.4285714328
129872  28.128  21.992  -27.595 0.5714285970
129871  29.212  21.511  -27.966 0.5714285970
129854  28.916  22.471  -26.039 0.4285714328
111757  38.666  4.712  -29.437 0.2857142985
111810  41.605  6.031  -33.151 0.5714285970
129873  27.237  22.824  -26.961 0.2857142985
99947  30.878  -4.769  -29.602 0.5714285970
98664  29.548  -5.710  -29.426 0.5714285970
102455  33.139  -2.391  -30.381 0.2857142985
101210  33.136  -2.932  -30.279 0.4285714328
103665  33.652  -1.283  -30.156 0.2857142985
103666  32.892  -1.459  -30.459 0.5714285970
99950  28.066  -3.991  -28.849 0.2857142985
103670  29.036  -1.596  -29.475 0.4285714328
106220  31.066  0.081  -30.274 0.4285714328
106226  31.033  0.709  -30.641 0.5714285970
103671  28.358  -1.679  -29.482 0.2857142985
104980  28.419  -1.240  -29.971 0.2857142985
107343  32.825  1.650  -30.232 0.5714285970
111755  40.206  4.959  -30.026 0.2857142985
109595  32.199  3.452  -30.822 0.2857142985
111759  36.210  4.880  -30.256 0.7142857313
118954  39.179  11.222  -31.614 0.8571428657
118940  37.431  11.976  -30.623 0.7142857313
123178  32.785  16.476  -33.800 0.7142857313
124115  33.001  17.088  -33.708 0.7142857313
123167  32.659  16.217  -32.960 0.7142857313
128928  29.828  21.097  -27.652 0.2857142985
158422  31.300  22.235  -30.703 0.5714285970
130768  28.854  22.777  -28.243 0.5714285970
130769  27.543  22.865  -28.593 0.2857142985
107361  30.332  0.895  -31.458 0.4285714328
102443  33.444  -2.651  -30.042 0.2857142985
111804  41.808  5.394  -32.538 0.7142857313
109606  37.544  3.375  -30.925 0.5714285970
114032  42.659  7.374  -34.812 0.7142857313
114014  41.355  8.433  -32.302 0.7142857313
114019  41.488  8.276  -33.013 0.7142857313
120133  37.517  12.091  -32.667 0.7142857313
158415  30.941  21.339  -32.326 0.8571428657
107351  35.203  1.073  -30.019 0.5714285970
122210  33.828  14.860  -32.753 0.7142857313
110666  39.715  4.447  -31.480 0.5714285970
101223  32.192  -3.243  -30.388 0.5714285970
102447  29.705  -2.877  -29.763 0.4285714328
99948  29.875  -4.755  -29.578 0.5714285970
102456  32.619  -2.313  -30.476 0.5714285970
102459  28.629  -1.844  -29.374 0.4285714328
104975  33.379  -0.512  -30.489 0.5714285970
104976  32.349  -0.569  -30.517 0.5714285970
104979  29.020  -0.645  -30.473 0.4285714328
107342  33.878  1.376  -30.275 0.5714285970
108495  33.640  2.471  -30.277 0.7142857313
109593  34.494  3.372  -30.499 0.5714285970
108497  31.784  2.583  -30.037 0.4285714328
107344  31.955  1.785  -30.396 0.4285714328
109607  36.831  3.487  -30.832 0.7142857313
110669  36.729  4.133  -30.901 0.7142857313
109609  32.438  4.042  -31.272 0.2857142985
111758  36.349  4.749  -30.456 0.7142857313
111792  40.152  5.301  -31.968 0.7142857313
112886  38.692  6.437  -30.856 0.7142857313
114002  38.939  7.249  -29.971 0.7142857313
113980  39.232  8.059  -29.684 0.7142857313
114015  40.708  7.599  -31.686 0.5714285970
115149  39.761  8.735  -30.345 0.7142857313
115112  36.837  8.928  -28.491 0.2857142985
118901  36.795  11.428  -29.050 0.5714285970
118902  35.979  11.457  -28.101 0.2857142985
120124  37.098  12.734  -31.839 0.8571428657
129886  27.250  22.314  -27.952 0.5714285970
129853  28.806  21.716  -27.284 0.4285714328
104968  28.674  -0.379  -30.195 0.1428571492
106221  29.431  0.456  -30.868 0.4285714328
103637  33.694  -1.581  -27.550 0.1428571492
103646  33.403  -1.682  -28.594 0.1428571492
104958  33.802  -1.046  -28.246 0.1428571492
108466  35.712  2.010  -29.263 0.1428571492
108464  36.632  3.041  -28.938 0.1428571492
106186  34.690  0.602  -27.962 0.1428571492
104946  34.511  -0.346  -27.261 0.1428571492
109550  36.954  3.799  -27.905 0.1428571492
108450  35.500  2.109  -28.534 0.1428571492
107305  35.217  1.499  -27.857 0.1428571492
110613  37.554  4.205  -28.638 0.1428571492
111771  42.195  5.111  -31.006 0.2857142985
111801  43.783  4.771  -32.337 0.1428571492
122233  33.380  15.289  -34.687 0.5714285970
158445  31.052  25.210  -27.489 0.1428571492
123152  34.273  15.195  -31.101 0.4285714328
158446  30.792  24.857  -26.996 0.1428571492
158434  30.102  26.791  -29.549 0.1428571492
124078  33.150  16.477  -30.747 0.4285714328
124093  32.932  16.786  -31.986 0.5714285970
125026  32.915  17.580  -30.338 0.4285714328
136708  27.867  25.675  -26.402 0.2857142985
158433  27.286  24.385  -28.870 0.2857142985
131694  27.635  24.689  -29.146 0.2857142985
124994  31.584  17.707  -27.619 0.1428571492
158409  32.471  18.548  -29.755 0.5714285970
158442  26.489  24.255  -27.895 0.2857142985
158421  29.928  24.035  -29.920 0.4285714328
125993  32.003  18.655  -28.458 0.4285714328
126975  31.895  19.695  -28.783 0.5714285970
130770  26.772  23.603  -28.451 0.2857142985
125994  31.048  18.634  -27.441 0.4285714328
126965  31.417  19.730  -27.692 0.2857142985
129874  26.363  23.626  -26.982 0.1428571492
129887  26.578  22.924  -27.865 0.1428571492
129888  26.331  23.608  -27.786 0.1428571492
126966  30.245  19.621  -27.313 0.1428571492
127928  30.225  20.653  -27.546 0.4285714328
158450  26.293  24.380  -26.870 0.1428571492
126955  30.263  20.208  -27.397 0.2857142985
158468  29.343  23.062  -24.980 0.2857142985
158472  30.167  22.925  -24.398 0.1428571492
129855  27.652  24.455  -25.469 0.1428571492
158474  28.274  24.237  -24.813 0.1428571492
158465  28.222  24.390  -24.622 0.1428571492
158464  28.459  24.474  -23.917 0.1428571492
96111  27.473  -7.643  -28.710 0.2857142985
108449  35.941  2.332  -27.845 0.1428571492
111734  38.719  5.224  -28.985 0.1428571492
123153  33.506  15.696  -31.316 0.2857142985
158424  29.146  24.806  -30.071 0.2857142985
158453  26.935  24.842  -27.382 0.2857142985
158427  28.336  25.251  -29.027 0.2857142985
158455  27.644  25.384  -25.515 0.2857142985
96112  26.656  -7.735  -28.245 0.2857142985
97351  31.563  -6.334  -26.649 0.1428571492
101188  33.014  -3.311  -27.607 0.1428571492
102413  33.476  -2.510  -27.156 0.1428571492
111788  43.260  5.280  -31.772 0.1428571492
111756  39.173  4.841  -29.651 0.1428571492
125995  29.890  18.467  -27.371 0.1428571492
123165  33.921  15.278  -31.986 0.4285714328
158414  31.730  20.357  -29.143 0.5714285970
158432  29.678  25.552  -28.390 0.2857142985
158439  29.497  25.165  -27.270 0.1428571492
133487  30.555  26.820  -28.913 0.1428571492
158454  27.230  25.298  -26.198 0.2857142985
132630  30.125  26.190  -28.239 0.1428571492
133479  30.415  26.150  -28.129 0.1428571492
108509  44.777  2.717  -33.247 0.2857142985
93642  28.096  -8.736  -29.432 0.4285714328
92360  28.116  -9.953  -28.672 0.4285714328
125038  32.173  18.702  -31.911 0.5714285970
158412  32.195  19.747  -29.965 0.5714285970
128958  31.556  20.632  -29.798 0.5714285970
130787  29.045  24.283  -29.710 0.2857142985
123166  33.100  15.544  -32.449 0.5714285970
127939  31.563  20.502  -28.282 0.5714285970
130780  27.569  23.618  -28.874 0.2857142985
108465  36.126  2.681  -28.806 0.1428571492
106185  35.142  0.605  -27.214 0.1428571492
110591  37.550  4.402  -27.986 0.1428571492
125025  33.438  16.983  -30.024 0.2857142985
158435  27.257  24.638  -28.545 0.2857142985
131686  27.730  24.146  -29.163 0.2857142985
131693  28.389  24.504  -29.423 0.2857142985
125992  32.397  18.110  -29.003 0.2857142985
126003  32.153  19.147  -29.252 0.5714285970
126954  30.771  20.207  -27.284 0.4285714328
94884  26.602  -8.920  -28.391 0.2857142985
111714  39.068  5.390  -28.314 0.1428571492
123141  33.724  15.519  -30.113 0.2857142985
158444  29.900  25.229  -27.369 0.1428571492
113961  36.696  8.081  -28.661 0.4285714328
117582  36.593  10.578  -28.465 0.2857142985
133426  27.713  26.640  -23.332 0.1428571492
133446  27.624  27.211  -23.385 0.1428571492
132560  28.175  25.237  -23.476 0.1428571492
134262  27.427  27.192  -22.618 0.1428571492
133425  27.663  25.924  -23.772 0.1428571492
132548  27.781  25.360  -22.315 0.1428571492
134261  27.601  26.602  -22.511 0.1428571492
134263  27.003  27.641  -22.786 0.1428571492
134253  27.379  27.269  -21.103 0.1428571492
116301  37.358  9.789  -28.690 0.2857142985
133413  27.508  26.267  -21.709 0.1428571492
135084  26.954  28.253  -21.715 0.1428571492
134284  27.320  27.356  -23.235 0.1428571492
106215  35.291  0.957  -29.966 0.2857142985
158475  27.841  26.856  -23.355 0.1428571492
133471  28.164  26.180  -23.805 0.1428571492
134252  27.532  26.861  -21.956 0.1428571492
133414  27.268  26.590  -20.804 0.1428571492
97392  30.099  -6.451  -29.371 0.4285714328
97381  30.422  -6.599  -28.824 0.2857142985
97367  30.501  -6.565  -28.006 0.1428571492
98662  30.983  -5.554  -29.334 0.2857142985
99946  31.634  -4.813  -29.555 0.2857142985
96122  29.557  -7.363  -29.165 0.2857142985
128941  31.216  21.210  -27.951 0.4285714328
101201  32.143  -4.133  -29.742 0.2857142985
97393  29.323  -6.614  -29.173 0.4285714328
98653  31.533  -5.300  -28.966 0.1428571492
98663  30.348  -5.593  -29.504 0.2857142985
125010  32.764  17.731  -29.295 0.2857142985
96121  30.010  -7.073  -28.987 0.2857142985
96124  28.092  -7.572  -29.170 0.2857142985
94895  28.041  -8.296  -29.505 0.2857142985
96123  28.946  -7.448  -29.344 0.2857142985
97395  28.072  -6.862  -28.850 0.2857142985
97394  28.568  -6.686  -28.953 0.2857142985
107354  31.388  1.133  -30.453 0.2857142985
107345  31.208  1.512  -29.929 0.2857142985
108498  31.373  2.143  -29.903 0.2857142985
112890  34.138  6.294  -30.304 0.1428571492
112889  35.060  6.361  -30.225 0.2857142985
113983  36.492  7.409  -28.957 0.1428571492
117583  35.710  10.403  -27.927 0.1428571492
120074  36.280  12.164  -28.633 0.1428571492
121186  35.765  13.347  -29.658 0.1428571492
121147  35.233  12.987  -27.956 0.1428571492
122180  35.147  14.202  -29.603 0.1428571492
122160  34.534  14.277  -28.571 0.1428571492
124052  33.287  16.731  -28.354 0.1428571492
124053  32.312  16.963  -27.467 0.1428571492
124992  33.027  17.363  -28.841 0.1428571492
127918  29.468  20.863  -27.103 0.1428571492
127930  28.945  19.956  -28.185 0.1428571492
158471  29.122  21.202  -26.484 0.1428571492
93630  27.037  -9.700  -28.681 0.2857142985
94893  29.254  -7.909  -29.509 0.1428571492
122196  34.975  14.500  -30.909 0.2857142985
122181  34.234  14.891  -29.240 0.1428571492
124993  32.508  17.637  -28.397 0.1428571492
93631  26.140  -9.890  -28.057 0.2857142985
104985  29.238  -0.048  -31.142 0.2857142985
107346  30.122  0.707  -30.288 0.2857142985
107330  30.537  1.502  -29.695 0.2857142985
114003  34.454  6.822  -30.330 0.1428571492
115113  35.969  8.626  -28.459 0.1428571492
116302  36.315  9.620  -28.312 0.1428571492
117585  33.413  10.603  -28.087 0.1428571492
117564  35.146  11.189  -27.531 0.1428571492
118885  34.637  11.923  -27.374 0.1428571492
120062  34.139  12.701  -27.475 0.1428571492
124039  32.155  16.259  -26.812 0.1428571492
127929  29.458  20.596  -27.984 0.1428571492
107331  29.326  0.991  -29.840 0.2857142985
94894  28.683  -8.303  -29.600 0.2857142985
112875  35.554  6.762  -29.650 0.1428571492
120093  35.863  12.685  -28.897 0.1428571492
127941  29.410  19.920  -28.074 0.1428571492
106222  29.094  0.197  -30.750 0.1428571492
123140  34.397  14.813  -30.169 0.1428571492
124065  33.494  16.417  -29.556 0.1428571492
108482  30.095  2.383  -29.586 0.1428571492
121187  35.390  13.686  -29.101 0.1428571492
117566  33.681  11.292  -27.745 0.1428571492
94885  26.155  -9.077  -27.995 0.1428571492
94868  24.866  -8.823  -27.290 0.1428571492
96113  26.187  -8.508  -27.995 0.1428571492
98654  28.240  -5.730  -28.637 0.1428571492
109622  44.736  3.570  -33.659 0.1428571492
109621  45.295  3.624  -33.349 0.1428571492
126002  33.369  19.420  -29.441 0.1428571492
92363  26.129  -10.933  -27.956 0.1428571492
97368  26.212  -7.318  -27.774 0.1428571492
97383  27.477  -6.635  -28.519 0.1428571492
97384  26.351  -6.552  -27.957 0.1428571492
127947  32.811  20.157  -29.558 0.1428571492
110683  45.170  4.604  -33.227 0.1428571492
99938  27.904  -4.768  -28.601 0.1428571492
94883  27.501  -8.536  -28.974 0.1428571492
94867  25.575  -8.966  -27.600 0.1428571492
98655  27.433  -5.463  -28.475 0.1428571492
88640  26.862  -13.117  -26.465 0.1428571492
92300  28.862  -10.024  -25.968 0.1428571492
93588  28.614  -9.602  -26.920 0.1428571492
93641  28.445  -8.987  -29.357 0.2857142985
96099  26.274  -7.638  -27.895 0.1428571492
97382  28.105  -6.484  -28.728 0.2857142985
97391  30.660  -6.116  -29.162 0.2857142985
97401  30.609  -5.960  -29.298 0.2857142985
97402  30.422  -5.991  -29.395 0.2857142985
98665  28.936  -5.916  -29.018 0.5714285970
98672  30.792  -5.796  -29.255 0.2857142985
98673  30.611  -5.730  -29.372 0.2857142985
99923  33.144  -3.933  -27.025 0.1428571492
99937  28.344  -5.084  -28.656 0.1428571492
101202  27.425  -3.803  -28.577 0.1428571492
101211  32.750  -3.420  -30.145 0.5714285970
101221  32.980  -2.869  -30.414 0.4285714328
101222  32.657  -2.901  -30.432 0.4285714328
101224  32.815  -2.729  -30.456 0.4285714328
101225  32.675  -2.639  -30.474 0.4285714328
102433  32.804  -2.532  -29.210 0.2857142985
102434  32.704  -3.042  -29.480 0.5714285970
102449  28.042  -2.237  -28.930 0.2857142985
102458  31.387  -2.556  -30.174 0.5714285970
102461  33.050  -2.640  -30.426 0.4285714328
102462  32.885  -2.503  -30.469 0.4285714328
103636  34.241  -1.098  -27.365 0.1428571492
103654  34.020  -0.928  -29.720 0.2857142985
103656  30.406  -2.007  -29.774 0.4285714328
103658  29.336  -2.275  -29.524 0.4285714328
103664  34.165  -0.916  -30.035 0.2857142985
103672  34.127  -0.839  -30.219 0.2857142985
103673  33.949  -1.008  -30.180 0.2857142985
104947  34.126  -0.887  -27.752 0.1428571492
104957  34.242  -0.289  -28.331 0.1428571492
104981  34.271  -0.690  -30.224 0.2857142985
104982  33.915  -0.822  -30.345 0.4285714328
104983  30.496  -0.133  -30.350 0.4285714328
104984  29.762  -0.146  -30.836 0.2857142985
106198  34.876  1.107  -29.113 0.2857142985
106209  28.721  0.017  -30.176 0.1428571492
106216  34.786  0.381  -30.172 0.2857142985
106219  31.707  0.187  -30.275 0.5714285970
106223  35.136  0.803  -29.938 0.5714285970
106224  34.908  0.685  -30.045 0.5714285970
106227  30.359  0.335  -30.950 0.4285714328
106228  29.709  0.404  -31.190 0.2857142985
106229  29.307  0.253  -31.106 0.2857142985
106230  30.945  0.981  -31.411 0.4285714328
106231  30.577  0.756  -31.361 0.4285714328
106232  30.168  0.660  -31.348 0.4285714328
107306  34.871  1.093  -28.461 0.2857142985
107318  35.045  1.453  -28.914 0.1428571492
107319  34.847  1.098  -28.753 0.2857142985
107328  35.757  1.515  -29.727 0.5714285970
107329  30.970  1.746  -29.745 0.2857142985
107339  36.166  1.633  -30.095 0.5714285970
107340  35.659  1.377  -30.155 0.5714285970
107347  29.529  0.524  -30.384 0.4285714328
107352  34.970  0.926  -30.008 0.5714285970
107353  32.127  1.173  -30.358 0.4285714328
107355  30.698  1.195  -30.868 0.2857142985
107356  30.089  1.045  -31.309 0.4285714328
107359  30.972  1.164  -31.099 0.2857142985
107360  30.592  1.103  -31.404 0.4285714328
108477  36.750  2.771  -29.381 0.1428571492
108478  36.226  2.086  -29.730 0.4285714328
108479  35.940  1.838  -29.600 0.1428571492
108481  31.096  2.374  -29.742 0.2857142985
108510  44.448  2.887  -33.606 0.2857142985
108513  45.574  2.933  -33.299 0.1428571492
108514  45.026  2.861  -33.854 0.1428571492
108515  44.575  3.049  -33.866 0.1428571492
109566  37.023  3.446  -28.994 0.1428571492
109567  36.588  3.239  -28.523 0.1428571492
109605  38.203  3.300  -30.757 0.5714285970
109608  36.413  3.678  -30.783 0.7142857313
109617  44.396  3.007  -32.575 0.2857142985
109618  43.981  3.119  -33.217 0.2857142985
109620  45.781  4.076  -32.864 0.1428571492
109623  44.189  3.449  -33.602 0.1428571492
110590  38.255  4.794  -28.126 0.1428571492
110612  38.270  4.459  -29.120 0.1428571492
110631  38.468  4.278  -30.061 0.2857142985
110632  37.674  3.770  -29.695 0.4285714328
110633  36.037  4.639  -30.347 0.7142857313
110634  35.876  4.785  -30.207 0.7142857313
110644  41.835  4.987  -31.720 0.5714285970
110650  36.274  4.456  -30.576 0.7142857313
110663  41.985  5.056  -31.967 0.8571428657
110668  37.435  3.946  -31.133 0.5714285970
110676  45.607  5.174  -32.812 0.1428571492
110678  43.606  4.038  -32.849 0.2857142985
110680  41.339  5.233  -32.228 0.7142857313
110681  41.019  5.025  -32.178 0.5714285970
110682  45.556  4.254  -33.042 0.1428571492
110687  43.618  5.020  -34.056 0.8571428657
110688  43.256  4.777  -34.133 0.8571428657
110689  42.776  4.700  -33.905 0.7142857313
111772  40.927  4.930  -30.779 0.7142857313
111775  38.015  5.509  -30.985 0.7142857313
111777  35.769  5.262  -30.112 0.7142857313
111790  42.057  5.137  -32.252 0.8571428657
111791  40.685  5.111  -32.110 0.5714285970
111795  37.162  4.433  -31.146 0.7142857313
111802  43.175  5.003  -32.547 0.8571428657
111805  40.928  5.693  -32.360 0.5714285970
111807  45.400  5.728  -33.009 0.1428571492
111811  40.977  6.140  -32.912 0.5714285970
111813  43.338  5.543  -34.175 0.8571428657
111816  42.381  6.486  -34.259 0.7142857313
111817  42.355  6.270  -34.273 0.8571428657
112854  36.136  6.911  -28.623 0.1428571492
112872  38.467  7.013  -29.973 0.7142857313
112888  36.185  6.084  -30.173 0.7142857313
112891  33.225  6.376  -30.314 0.1428571492
112900  39.894  6.417  -31.743 0.7142857313
112907  40.713  6.498  -32.457 0.5714285970
112908  40.312  6.283  -32.147 0.5714285970
112911  45.004  6.375  -33.309 0.1428571492
112912  41.845  6.833  -33.684 0.5714285970
112914  44.274  6.299  -33.595 0.7142857313
112915  43.664  6.316  -34.120 0.8571428657
112916  43.105  6.168  -34.293 0.7142857313
112918  43.263  6.670  -34.399 0.7142857313
112920  42.356  6.856  -34.584 0.7142857313
113962  35.850  7.525  -28.544 0.1428571492
113981  38.362  7.648  -29.398 0.5714285970
114001  39.575  7.478  -30.488 0.7142857313
114024  41.494  7.614  -33.488 0.7142857313
114025  41.000  7.051  -33.018 0.7142857313
114026  44.693  7.361  -33.588 0.7142857313
114027  44.153  7.108  -33.917 0.8571428657
114028  43.617  6.958  -34.304 0.8571428657
114029  42.056  7.551  -34.146 0.5714285970
114031  43.276  7.246  -34.612 0.8571428657
114033  42.213  7.444  -34.727 0.7142857313
115129  39.197  8.948  -29.822 0.7142857313
115131  37.671  8.582  -28.861 0.5714285970
115162  43.275  9.126  -31.605 0.1428571492
115165  45.346  8.098  -33.139 0.2857142985
115169  44.863  7.781  -33.739 0.5714285970
115170  44.529  8.299  -33.788 0.5714285970
115171  43.906  8.790  -33.702 0.5714285970
115173  44.504  7.579  -33.911 0.5714285970
115175  43.828  8.503  -34.311 0.5714285970
115176  42.320  8.685  -34.667 0.8571428657
115177  41.861  8.326  -34.237 0.8571428657
115178  43.623  7.661  -34.497 0.8571428657
115179  43.300  8.044  -34.664 0.8571428657
115180  42.514  8.075  -34.891 0.7142857313
115181  42.047  8.024  -34.709 0.7142857313
116320  39.404  9.473  -30.174 0.7142857313
116334  42.146  9.681  -31.117 0.1428571492
116336  40.296  9.835  -31.249 0.8571428657
116337  39.802  9.939  -30.814 0.8571428657
116352  40.689  10.004  -31.916 1.0000000000
116355  42.757  9.952  -32.908 0.5714285970
116357  41.003  10.272  -32.609 1.0000000000
116358  43.361  9.416  -33.749 0.7142857313
116360  41.818  9.642  -33.581 0.8571428657
116362  42.808  9.301  -34.356 0.8571428657
116364  43.382  8.648  -34.579 0.8571428657
117565  34.205  11.177  -27.538 0.1428571492
117602  38.603  10.368  -30.051 0.7142857313
117614  41.893  10.453  -31.478 0.1428571492
117617  39.472  10.427  -31.152 0.7142857313
117618  38.920  10.488  -30.744 0.7142857313
117632  40.389  10.572  -32.274 0.7142857313
117642  40.240  10.833  -32.431 0.7142857313
117643  42.436  10.223  -33.223 0.5714285970
118884  35.392  11.958  -27.505 0.1428571492
118900  37.184  11.133  -29.191 0.2857142985
118920  37.437  11.165  -29.585 0.5714285970
118921  37.143  11.773  -30.044 0.7142857313
118936  40.867  11.330  -30.614 0.1428571492
118951  41.414  11.262  -31.364 0.1428571492
118952  41.013  11.685  -31.871 0.2857142985
118953  39.675  11.064  -32.027 0.8571428657
118967  39.472  11.866  -33.379 0.8571428657
118969  38.259  12.202  -33.492 0.8571428657
120061  35.018  12.620  -27.561 0.1428571492
120075  35.670  12.481  -28.063 0.1428571492
120090  39.755  12.002  -30.042 0.1428571492
120110  37.632  12.301  -31.039 0.7142857313
120122  39.663  12.615  -31.360 0.1428571492
120130  40.196  12.168  -32.962 0.8571428657
120131  39.476  12.524  -33.146 0.8571428657
120135  36.082  12.795  -33.816 0.8571428657
120139  39.184  12.313  -33.645 0.8571428657
120140  38.476  12.527  -33.535 0.8571428657
120143  36.025  12.881  -34.238 0.8571428657
121164  35.410  13.233  -28.576 0.1428571492
121165  35.077  13.825  -28.708 0.1428571492
121185  36.277  12.880  -30.304 0.1428571492
121201  38.732  13.166  -30.356 0.1428571492
121202  38.288  13.463  -29.865 0.1428571492
121203  36.381  12.951  -31.125 0.8571428657
121223  39.025  12.895  -33.247 0.8571428657
121226  36.480  12.843  -32.452 0.8571428657
122179  35.586  13.855  -29.909 0.1428571492
122206  37.944  14.371  -31.174 0.2857142985
122221  34.415  14.491  -33.469 0.8571428657
122222  33.617  15.031  -33.632 0.5714285970
122230  36.349  14.101  -33.702 0.8571428657
122235  33.876  15.042  -35.281 0.7142857313
122236  33.307  15.639  -35.196 0.7142857313
123176  34.761  15.562  -33.777 0.8571428657
123177  33.016  15.733  -33.739 0.7142857313
123189  32.604  16.110  -34.834 0.7142857313
123190  32.633  16.607  -34.319 0.7142857313
123195  34.278  15.263  -34.966 0.8571428657
123197  33.117  16.107  -35.310 0.7142857313
124038  32.884  16.291  -27.354 0.1428571492
124090  35.086  15.883  -32.711 0.8571428657
124092  33.098  16.042  -31.591 0.7142857313
124104  32.785  17.215  -32.989 0.7142857313
124122  33.313  16.338  -35.255 0.7142857313
125009  33.290  17.194  -29.387 0.1428571492
125037  34.493  17.040  -31.788 0.8571428657
125054  33.575  16.853  -33.355 0.8571428657
125055  33.160  17.188  -33.864 0.8571428657
125063  33.343  17.848  -34.373 0.8571428657
125064  33.290  17.962  -34.178 0.7142857313
125068  33.407  17.815  -34.668 0.7142857313
125069  33.265  18.212  -34.507 0.7142857313
125070  33.011  18.540  -34.198 0.7142857313
125991  33.488  18.995  -28.933 0.1428571492
126017  34.088  17.648  -31.997 0.8571428657
126030  33.309  17.877  -34.151 0.8571428657
126037  33.397  18.061  -34.699 0.8571428657
126041  33.270  18.131  -34.940 0.8571428657
126042  33.205  18.256  -34.735 0.8571428657
126043  32.995  18.548  -34.430 0.8571428657
127927  31.121  20.628  -27.571 0.4285714328
127942  29.110  19.664  -28.121 0.1428571492
128927  30.622  21.114  -27.729 0.4285714328
128963  31.991  21.741  -31.412 0.7142857313
129894  30.980  21.927  -28.655 0.5714285970
130755  27.957  22.227  -28.238 0.5714285970
130756  26.054  24.043  -27.487 0.1428571492
130771  26.363  23.902  -28.033 0.1428571492
130781  27.225  24.012  -28.777 0.2857142985
131608  30.175  23.323  -24.114 0.1428571492
131676  26.553  24.029  -28.298 0.2857142985
131687  26.863  24.228  -28.538 0.2857142985
131688  26.657  24.237  -28.260 0.2857142985
132640  30.791  26.412  -31.333 0.1428571492
133494  31.531  26.278  -30.778 0.1428571492
133495  30.514  27.151  -29.669 0.1428571492
133501  31.663  26.628  -31.098 0.1428571492
133503  30.837  26.509  -31.628 0.1428571492
133507  30.999  26.594  -31.848 0.1428571492
134283  27.567  27.069  -23.191 0.1428571492
134312  31.484  27.455  -28.911 0.1428571492
134318  31.999  27.868  -29.610 0.1428571492
134332  30.740  28.456  -31.005 0.1428571492
134337  31.152  26.876  -32.320 0.1428571492
134338  30.446  27.209  -32.777 0.1428571492
134341  30.614  28.015  -33.144 0.1428571492
134342  30.467  28.519  -33.075 0.1428571492
135137  31.402  28.650  -30.220 0.1428571492
135141  31.252  29.119  -30.794 0.1428571492
135145  30.767  29.039  -31.735 0.1428571492
135150  30.753  29.009  -32.546 0.1428571492
135151  30.403  28.737  -32.993 0.1428571492
135152  31.133  28.188  -32.628 0.1428571492
135153  30.842  28.704  -32.995 0.1428571492
135154  30.622  28.711  -33.094 0.1428571492
135920  32.003  29.259  -30.906 0.1428571492
135921  31.508  29.333  -31.338 0.1428571492
135922  32.126  29.208  -31.229 0.1428571492
135925  31.236  28.731  -32.487 0.1428571492
135926  31.321  28.557  -32.676 0.1428571492
135927  31.154  28.579  -32.832 0.1428571492
158393  31.811  18.569  -33.453 0.7142857313
158395  31.722  18.920  -33.133 0.7142857313
158396  31.680  19.043  -33.578 0.7142857313
158397  33.311  17.808  -33.283 0.8571428657
158400  33.024  18.540  -33.929 0.7142857313
158403  33.122  18.441  -33.651 0.8571428657
158408  32.059  21.600  -31.684 0.7142857313
158436  30.029  25.637  -27.844 0.1428571492
158438  26.761  24.479  -28.177 0.2857142985
158448  26.326  24.372  -27.425 0.1428571492
158460  27.928  24.512  -24.824 0.1428571492
158466  29.762  23.192  -24.564 0.1428571492
158470  27.658  26.980  -23.267 0.1428571492
158737  32.436  26.956  -30.720 0.1428571492
158738  32.722  28.430  -30.505 0.1428571492
158741  33.450  28.185  -29.751 0.1428571492
