#!ascii label  , from subject 3168 vox2ras=TkReg
1046
65162  -39.284  -21.969  63.394 0.0000000000
62568  -19.937  -24.186  65.883 0.0000000000
61459  -29.500  -25.121  63.567 0.0000000000
85315  -40.844  -4.659  45.104 0.0000000000
86413  -45.523  -3.604  39.564 0.0000000000
63620  -14.018  -22.099  74.596 0.0000000000
80894  -39.481  -7.789  48.326 0.0000000000
68794  -39.845  -18.753  60.593 0.0000000000
61451  -34.966  -24.420  64.180 0.0000000000
62469  -16.031  -23.572  69.945 0.0000000000
60085  -17.043  -26.463  74.243 0.0000000000
66398  -35.784  -20.721  62.319 0.0000000000
70037  -35.312  -18.702  62.224 0.0000000000
65119  -24.346  -22.939  63.939 0.0000000000
66372  -31.185  -20.662  62.740 0.0000000000
74090  -35.243  -14.369  50.437 0.0000000000
76316  -38.542  -12.734  47.820 0.0000000000
78678  -42.857  -10.693  45.857 0.0000000000
61167  -9.584  -24.807  80.892 0.0000000000
61141  -8.305  -24.285  84.343 0.0000000000
71465  -32.956  -17.770  60.351 0.0000000000
70138  -32.236  -18.433  57.000 0.0000000000
70220  -33.106  -17.550  52.266 0.0000000000
58894  -12.426  -26.513  77.180 0.0000000000
61356  -20.657  -25.340  69.315 0.0000000000
63752  -22.923  -23.899  67.344 0.0000000000
63811  -37.479  -23.246  63.973 0.0000000000
65036  -18.765  -21.291  66.442 0.0000000000
62523  -17.618  -23.616  67.701 0.0000000000
60183  -18.081  -26.028  70.100 0.0000000000
65129  -35.098  -20.403  64.881 0.0000000000
65182  -33.657  -21.217  62.641 0.0000000000
77472  -33.754  -11.914  49.410 0.0000000000
76282  -36.583  -13.195  49.247 0.0000000000
78654  -35.861  -10.463  48.044 0.0000000000
80904  -40.268  -8.820  46.607 0.0000000000
82058  -41.877  -7.621  45.037 0.0000000000
80924  -44.503  -8.274  45.132 0.0000000000
84250  -42.860  -6.352  44.189 0.0000000000
84280  -42.992  -5.512  42.935 0.0000000000
72693  -32.769  -16.518  63.711 0.0000000000
70053  -34.301  -18.027  61.389 0.0000000000
72718  -31.395  -16.267  62.499 0.0000000000
72758  -28.989  -15.832  58.381 0.0000000000
71548  -29.073  -16.390  55.744 0.0000000000
68901  -31.937  -18.809  54.619 0.0000000000
71585  -30.216  -15.902  53.348 0.0000000000
74052  -31.507  -14.198  52.070 0.0000000000
62608  -27.135  -24.438  63.605 0.0000000000
61221  -11.164  -23.698  76.495 0.0000000000
60061  -12.707  -24.984  75.286 0.0000000000
58798  -7.751  -26.563  86.082 0.0000000000
59936  -7.044  -25.694  87.999 0.0000000000
80878  -37.288  -7.846  48.796 0.0000000000
72737  -38.904  -16.534  60.226 0.0000000000
61448  -32.346  -25.152  64.386 0.0000000000
62416  -14.978  -22.970  72.773 0.0000000000
60084  -14.131  -25.302  73.574 0.0000000000
60133  -16.347  -26.170  71.908 0.0000000000
86428  -46.653  -3.507  38.598 0.0000000000
65186  -37.308  -21.863  62.065 0.0000000000
67564  -38.044  -20.524  60.287 0.0000000000
67551  -36.484  -19.901  61.753 0.0000000000
65115  -20.278  -21.343  64.493 0.0000000000
63807  -22.480  -23.262  64.516 0.0000000000
66366  -23.221  -20.070  62.567 0.0000000000
65173  -25.052  -20.741  62.085 0.0000000000
63865  -28.049  -21.880  61.587 0.0000000000
65151  -29.147  -20.188  62.635 0.0000000000
63845  -30.384  -22.657  61.574 0.0000000000
62630  -33.010  -23.254  62.028 0.0000000000
63850  -35.096  -22.695  61.962 0.0000000000
71605  -37.097  -16.958  51.553 0.0000000000
79776  -38.157  -9.675  47.772 0.0000000000
77517  -40.937  -12.040  46.762 0.0000000000
84291  -44.672  -6.084  41.441 0.0000000000
61155  -8.930  -24.773  82.466 0.0000000000
58814  -9.682  -27.328  84.524 0.0000000000
68791  -37.551  -19.486  59.708 0.0000000000
71469  -36.639  -17.744  59.362 0.0000000000
73942  -35.995  -16.607  58.833 0.0000000000
72730  -29.614  -16.036  60.395 0.0000000000
70100  -31.653  -18.078  58.930 0.0000000000
72782  -34.780  -17.300  58.040 0.0000000000
70141  -34.869  -18.728  57.019 0.0000000000
68904  -35.256  -19.401  54.269 0.0000000000
70202  -36.363  -18.562  52.688 0.0000000000
71618  -34.062  -16.493  51.422 0.0000000000
75189  -32.591  -13.017  50.625 0.0000000000
65041  -24.900  -23.128  67.537 0.0000000000
63519  -10.445  -22.871  78.873 0.0000000000
58882  -10.793  -26.318  78.662 0.0000000000
58921  -14.518  -26.577  75.739 0.0000000000
61114  -6.419  -24.732  88.649 0.0000000000
61394  -20.188  -25.084  67.192 0.0000000000
62524  -21.588  -24.746  68.071 0.0000000000
62570  -21.754  -24.363  66.052 0.0000000000
65161  -38.627  -22.262  63.429 0.0000000000
63770  -18.999  -22.275  66.074 0.0000000000
63750  -18.326  -22.916  67.268 0.0000000000
61410  -18.778  -24.362  66.823 0.0000000000
61376  -18.828  -25.160  68.200 0.0000000000
79748  -33.603  -9.764  49.589 0.0000000000
77501  -35.060  -11.133  48.535 0.0000000000
79750  -35.213  -9.210  48.711 0.0000000000
84229  -40.152  -5.182  46.507 0.0000000000
83163  -40.300  -6.558  45.892 0.0000000000
84237  -40.561  -5.562  45.671 0.0000000000
83165  -42.286  -6.895  44.794 0.0000000000
85316  -41.263  -5.130  44.386 0.0000000000
85328  -41.656  -4.899  43.801 0.0000000000
71435  -32.561  -16.807  62.743 0.0000000000
73974  -28.365  -14.455  56.691 0.0000000000
71565  -29.869  -16.463  54.334 0.0000000000
72815  -29.456  -14.587  54.652 0.0000000000
74018  -30.160  -13.746  53.469 0.0000000000
61458  -28.321  -24.912  63.902 0.0000000000
61444  -28.000  -25.235  65.209 0.0000000000
61445  -29.239  -25.083  64.827 0.0000000000
62373  -12.015  -23.001  75.298 0.0000000000
62395  -13.236  -23.225  74.426 0.0000000000
85367  -45.562  -4.601  39.951 0.0000000000
58797  -7.413  -26.214  86.712 0.0000000000
68757  -41.086  -18.841  61.710 0.0000000000
70057  -39.684  -17.453  60.750 0.0000000000
61450  -34.153  -24.751  64.259 0.0000000000
61435  -34.740  -24.627  65.042 0.0000000000
63694  -16.884  -21.629  69.953 0.0000000000
63673  -16.551  -21.814  70.797 0.0000000000
64929  -15.699  -21.615  71.928 0.0000000000
62451  -15.433  -23.562  71.108 0.0000000000
61298  -15.250  -24.489  71.635 0.0000000000
61316  -15.640  -24.430  70.705 0.0000000000
60161  -19.475  -25.880  71.528 0.0000000000
60160  -18.348  -25.954  71.313 0.0000000000
65185  -36.318  -21.609  61.955 0.0000000000
66408  -36.821  -20.998  60.974 0.0000000000
66399  -36.200  -20.321  62.037 0.0000000000
67493  -20.631  -19.483  64.530 0.0000000000
67532  -21.464  -20.029  63.320 0.0000000000
67516  -22.477  -18.591  63.161 0.0000000000
67549  -24.961  -19.201  61.695 0.0000000000
66368  -26.608  -19.153  61.925 0.0000000000
63842  -26.848  -22.493  61.764 0.0000000000
66392  -27.817  -20.661  61.592 0.0000000000
65123  -31.188  -20.284  64.264 0.0000000000
65153  -30.706  -20.516  63.060 0.0000000000
65178  -30.058  -21.443  62.179 0.0000000000
65179  -30.998  -21.366  62.122 0.0000000000
62640  -31.614  -23.219  61.639 0.0000000000
65180  -31.772  -21.705  62.010 0.0000000000
65183  -34.589  -20.957  62.570 0.0000000000
63869  -34.487  -22.218  61.693 0.0000000000
63871  -35.420  -21.832  61.806 0.0000000000
63852  -36.818  -22.471  62.479 0.0000000000
72887  -35.598  -15.810  51.178 0.0000000000
72871  -37.645  -16.227  51.358 0.0000000000
74075  -36.821  -14.918  50.608 0.0000000000
76303  -37.920  -12.897  48.524 0.0000000000
75194  -37.727  -13.758  49.563 0.0000000000
79751  -38.568  -7.585  48.787 0.0000000000
79762  -37.765  -9.093  48.232 0.0000000000
79764  -38.983  -8.811  48.031 0.0000000000
79787  -41.195  -9.702  45.700 0.0000000000
79786  -40.459  -9.946  46.024 0.0000000000
78677  -41.842  -10.699  45.813 0.0000000000
77519  -43.065  -12.264  46.839 0.0000000000
84289  -43.318  -5.382  42.262 0.0000000000
85351  -43.231  -4.789  41.698 0.0000000000
86402  -44.003  -4.339  41.094 0.0000000000
62296  -10.007  -23.619  80.648 0.0000000000
62289  -9.517  -23.006  81.753 0.0000000000
61160  -9.365  -24.858  81.763 0.0000000000
58826  -10.136  -27.227  83.556 0.0000000000
58800  -9.457  -27.268  85.322 0.0000000000
68772  -36.888  -19.553  60.214 0.0000000000
67579  -38.160  -20.034  59.830 0.0000000000
70055  -35.743  -18.854  60.945 0.0000000000
70069  -33.417  -17.762  60.818 0.0000000000
68807  -35.261  -18.555  59.996 0.0000000000
71467  -34.932  -17.811  59.559 0.0000000000
71468  -35.865  -17.546  59.408 0.0000000000
72731  -33.592  -17.808  59.514 0.0000000000
73939  -28.760  -14.503  60.358 0.0000000000
70116  -30.285  -17.805  57.722 0.0000000000
70099  -30.691  -17.716  58.727 0.0000000000
70117  -31.711  -18.213  58.007 0.0000000000
71496  -33.458  -17.794  58.673 0.0000000000
70118  -32.925  -18.251  57.687 0.0000000000
70120  -34.666  -18.293  57.457 0.0000000000
70139  -33.222  -18.746  57.056 0.0000000000
68925  -32.381  -18.833  53.770 0.0000000000
68903  -34.032  -19.457  54.432 0.0000000000
68927  -34.461  -18.971  53.232 0.0000000000
68928  -35.739  -19.218  53.070 0.0000000000
70201  -34.392  -18.327  52.439 0.0000000000
70222  -35.025  -17.701  52.025 0.0000000000
71602  -33.396  -16.816  51.759 0.0000000000
75153  -31.381  -12.841  52.397 0.0000000000
74070  -31.850  -13.659  51.574 0.0000000000
76259  -31.789  -12.201  51.447 0.0000000000
65117  -23.082  -22.882  64.320 0.0000000000
65090  -23.509  -23.405  65.804 0.0000000000
65068  -24.507  -23.257  66.185 0.0000000000
60028  -11.943  -25.563  76.712 0.0000000000
60012  -10.750  -25.496  78.164 0.0000000000
60013  -11.602  -26.006  77.678 0.0000000000
58954  -15.157  -26.452  74.094 0.0000000000
58937  -14.460  -26.393  74.690 0.0000000000
58938  -15.347  -26.683  75.001 0.0000000000
61336  -21.063  -24.833  70.557 0.0000000000
62470  -21.294  -24.348  70.034 0.0000000000
62499  -22.440  -23.990  69.326 0.0000000000
63733  -23.826  -23.177  68.486 0.0000000000
62600  -35.900  -23.859  63.870 0.0000000000
62587  -36.173  -24.210  64.643 0.0000000000
64987  -18.432  -20.690  68.413 0.0000000000
65006  -17.305  -22.448  68.307 0.0000000000
62496  -16.863  -23.688  68.653 0.0000000000
60201  -16.555  -25.025  69.596 0.0000000000
61354  -18.306  -25.336  69.091 0.0000000000
60204  -19.767  -25.899  69.758 0.0000000000
66377  -35.440  -20.359  63.294 0.0000000000
66378  -35.804  -20.044  63.346 0.0000000000
65124  -32.030  -20.208  64.322 0.0000000000
65181  -32.600  -21.292  62.196 0.0000000000
66375  -34.729  -20.664  63.327 0.0000000000
75191  -34.377  -13.561  50.311 0.0000000000
75192  -35.554  -13.886  50.095 0.0000000000
76300  -34.871  -12.188  48.758 0.0000000000
77490  -35.865  -11.963  48.508 0.0000000000
77504  -36.905  -11.763  47.824 0.0000000000
80903  -39.846  -8.338  47.381 0.0000000000
80912  -40.304  -8.153  46.587 0.0000000000
80920  -40.575  -8.159  45.855 0.0000000000
79799  -42.460  -9.194  45.456 0.0000000000
79800  -43.391  -9.001  45.292 0.0000000000
80922  -42.620  -8.384  45.161 0.0000000000
83166  -43.179  -6.873  44.677 0.0000000000
83167  -44.145  -6.947  44.555 0.0000000000
84263  -42.999  -5.953  43.667 0.0000000000
85341  -42.046  -4.711  42.946 0.0000000000
59993  -10.811  -26.542  80.555 0.0000000000
59985  -10.028  -25.987  81.428 0.0000000000
57709  -11.085  -27.473  81.913 0.0000000000
71438  -34.439  -17.845  62.739 0.0000000000
70035  -34.566  -18.039  61.947 0.0000000000
71453  -33.797  -17.099  61.931 0.0000000000
71452  -33.154  -17.004  62.092 0.0000000000
70067  -32.021  -17.373  61.446 0.0000000000
73957  -28.483  -14.841  58.865 0.0000000000
73973  -28.366  -14.478  57.495 0.0000000000
71530  -29.127  -16.491  56.752 0.0000000000
70136  -29.863  -17.685  56.682 0.0000000000
68876  -31.959  -18.822  55.639 0.0000000000
70177  -30.066  -17.285  55.089 0.0000000000
71566  -30.498  -16.925  53.551 0.0000000000
71587  -31.612  -17.073  52.605 0.0000000000
71600  -31.618  -16.286  52.497 0.0000000000
72865  -30.656  -14.892  52.622 0.0000000000
63810  -25.779  -23.490  64.323 0.0000000000
63792  -26.004  -23.627  65.553 0.0000000000
62584  -26.588  -24.137  65.463 0.0000000000
61222  -11.672  -24.564  76.112 0.0000000000
60029  -12.696  -25.767  76.312 0.0000000000
59957  -7.574  -25.505  84.875 0.0000000000
63459  -7.741  -22.991  85.719 0.0000000000
61137  -7.416  -24.554  86.040 0.0000000000
61133  -7.464  -24.568  86.949 0.0000000000
62264  -6.748  -23.974  87.843 0.0000000000
73907  -38.732  -16.011  60.029 0.0000000000
61460  -30.607  -25.256  63.520 0.0000000000
61431  -31.040  -25.813  65.508 0.0000000000
64909  -15.790  -21.143  73.373 0.0000000000
63638  -14.839  -21.963  73.166 0.0000000000
61277  -13.730  -23.912  73.432 0.0000000000
62432  -14.520  -23.706  72.635 0.0000000000
60107  -14.763  -25.444  72.918 0.0000000000
60109  -16.556  -26.425  73.148 0.0000000000
60159  -17.250  -25.863  71.083 0.0000000000
60134  -17.461  -26.076  72.203 0.0000000000
60086  -18.074  -26.371  74.308 0.0000000000
86414  -46.167  -3.563  39.168 0.0000000000
65187  -38.443  -21.810  62.275 0.0000000000
66400  -38.426  -21.278  61.612 0.0000000000
65203  -37.601  -21.452  61.462 0.0000000000
70038  -35.720  -19.005  62.304 0.0000000000
68744  -35.699  -19.034  63.554 0.0000000000
70023  -35.544  -18.531  63.331 0.0000000000
71439  -34.833  -18.239  62.856 0.0000000000
70020  -34.063  -17.129  63.705 0.0000000000
63787  -20.246  -22.919  64.889 0.0000000000
63788  -21.081  -23.412  64.751 0.0000000000
63824  -21.169  -22.291  63.645 0.0000000000
65146  -21.935  -22.005  63.339 0.0000000000
65147  -23.027  -21.602  63.079 0.0000000000
68739  -23.471  -18.095  62.982 0.0000000000
66367  -24.224  -20.413  62.134 0.0000000000
63826  -25.015  -22.193  63.099 0.0000000000
63841  -25.632  -22.235  62.138 0.0000000000
62625  -27.500  -23.706  62.265 0.0000000000
62626  -28.679  -23.957  62.026 0.0000000000
66371  -28.849  -19.905  62.736 0.0000000000
65150  -28.742  -20.347  61.940 0.0000000000
63844  -29.371  -22.637  61.748 0.0000000000
62610  -30.018  -24.918  62.708 0.0000000000
62611  -30.847  -24.751  62.453 0.0000000000
62613  -32.750  -24.087  62.695 0.0000000000
62614  -33.688  -23.969  62.725 0.0000000000
63848  -33.021  -22.254  61.634 0.0000000000
62631  -34.027  -23.249  62.201 0.0000000000
62616  -35.371  -23.714  63.125 0.0000000000
62617  -36.214  -23.356  63.233 0.0000000000
63829  -37.343  -22.973  63.056 0.0000000000
66301  -19.622  -21.020  65.530 0.0000000000
75173  -37.298  -14.394  50.126 0.0000000000
80890  -36.609  -8.505  48.477 0.0000000000
79775  -37.293  -9.729  47.732 0.0000000000
77514  -38.082  -11.182  47.392 0.0000000000
79778  -39.911  -9.483  46.641 0.0000000000
78666  -39.352  -10.392  46.841 0.0000000000
76328  -39.233  -12.291  47.304 0.0000000000
76330  -41.373  -12.949  47.286 0.0000000000
84299  -45.067  -5.730  40.839 0.0000000000
85359  -44.873  -4.668  40.379 0.0000000000
86409  -44.821  -3.648  40.021 0.0000000000
63466  -9.379  -22.450  82.956 0.0000000000
61147  -8.653  -24.560  83.579 0.0000000000
59979  -9.513  -25.794  82.293 0.0000000000
59978  -8.824  -25.577  82.978 0.0000000000
59969  -8.389  -25.708  83.858 0.0000000000
58813  -8.758  -26.651  84.659 0.0000000000
66410  -39.264  -20.594  60.884 0.0000000000
67580  -38.859  -19.473  60.247 0.0000000000
68793  -39.089  -18.625  60.255 0.0000000000
70054  -35.149  -18.554  61.067 0.0000000000
70073  -36.967  -18.812  59.545 0.0000000000
70074  -38.299  -18.108  59.906 0.0000000000
71470  -37.689  -17.464  59.746 0.0000000000
72735  -37.375  -16.711  59.769 0.0000000000
73944  -36.930  -16.054  59.123 0.0000000000
72716  -29.826  -16.109  61.523 0.0000000000
71464  -31.708  -17.552  60.918 0.0000000000
72746  -29.510  -16.223  59.422 0.0000000000
71479  -30.138  -17.200  59.678 0.0000000000
71481  -32.522  -17.862  59.675 0.0000000000
71482  -33.150  -17.785  59.042 0.0000000000
72761  -35.061  -17.054  58.506 0.0000000000
68878  -33.836  -19.540  55.475 0.0000000000
68879  -34.872  -19.365  55.442 0.0000000000
70223  -36.320  -17.612  52.059 0.0000000000
71620  -35.799  -16.629  51.434 0.0000000000
72886  -34.332  -15.764  51.185 0.0000000000
74053  -32.606  -15.003  51.882 0.0000000000
74072  -33.375  -14.855  51.241 0.0000000000
75170  -33.732  -13.978  50.817 0.0000000000
76278  -32.853  -12.385  50.372 0.0000000000
78617  -33.060  -10.439  50.854 0.0000000000
63771  -22.608  -23.960  66.245 0.0000000000
63753  -23.482  -23.166  67.484 0.0000000000
63755  -25.554  -23.363  67.296 0.0000000000
62303  -9.933  -23.488  79.723 0.0000000000
62318  -10.501  -23.022  78.345 0.0000000000
61183  -10.321  -24.238  78.443 0.0000000000
60001  -10.196  -25.324  79.458 0.0000000000
58868  -11.244  -26.789  79.864 0.0000000000
60062  -13.204  -25.331  74.696 0.0000000000
60047  -13.060  -25.598  75.706 0.0000000000
58904  -13.379  -26.414  76.420 0.0000000000
58767  -7.528  -26.498  88.891 0.0000000000
61115  -6.862  -25.085  88.748 0.0000000000
62255  -6.423  -22.870  88.717 0.0000000000
65188  -39.688  -21.580  62.563 0.0000000000
61412  -20.327  -24.762  66.401 0.0000000000
62547  -21.145  -24.823  66.928 0.0000000000
62569  -20.849  -24.473  65.881 0.0000000000
62581  -19.831  -23.208  65.671 0.0000000000
62567  -19.051  -23.435  66.503 0.0000000000
61411  -19.531  -24.597  66.561 0.0000000000
61393  -19.254  -25.010  67.325 0.0000000000
79732  -33.662  -8.713  50.321 0.0000000000
79749  -34.202  -9.220  49.405 0.0000000000
80875  -34.304  -8.292  49.982 0.0000000000
85306  -40.458  -4.501  46.238 0.0000000000
84248  -41.243  -5.686  44.820 0.0000000000
85327  -41.302  -4.476  44.478 0.0000000000
61471  -28.738  -24.816  62.863 0.0000000000
63619  -13.171  -22.209  74.978 0.0000000000
85368  -46.167  -4.576  39.447 0.0000000000
68774  -40.529  -18.525  61.132 0.0000000000
70058  -40.071  -17.617  61.282 0.0000000000
68773  -39.745  -18.076  60.716 0.0000000000
63711  -16.303  -23.082  69.640 0.0000000000
63693  -16.208  -22.694  70.238 0.0000000000
63672  -15.826  -22.556  71.320 0.0000000000
62468  -15.712  -23.532  70.453 0.0000000000
61332  -15.758  -23.996  70.205 0.0000000000
66407  -36.342  -21.043  61.601 0.0000000000
67494  -21.365  -18.550  64.477 0.0000000000
67517  -26.792  -18.084  62.696 0.0000000000
67536  -26.361  -18.672  62.121 0.0000000000
66369  -27.421  -19.070  62.150 0.0000000000
66391  -27.172  -20.291  61.564 0.0000000000
65122  -30.440  -20.274  64.120 0.0000000000
63846  -31.376  -22.644  61.565 0.0000000000
66394  -31.614  -21.059  62.293 0.0000000000
66397  -35.162  -20.611  62.667 0.0000000000
65184  -35.389  -21.333  62.034 0.0000000000
74073  -34.656  -14.687  50.709 0.0000000000
72888  -36.429  -15.442  50.979 0.0000000000
74074  -35.816  -14.741  50.556 0.0000000000
76315  -37.495  -12.230  47.836 0.0000000000
76317  -39.548  -13.221  47.764 0.0000000000
80881  -39.093  -7.826  48.660 0.0000000000
80893  -38.956  -8.374  48.447 0.0000000000
79788  -42.243  -9.898  45.743 0.0000000000
77529  -42.455  -11.545  46.199 0.0000000000
86401  -43.553  -3.797  41.379 0.0000000000
70056  -35.906  -19.190  60.912 0.0000000000
70070  -34.370  -18.126  60.334 0.0000000000
71466  -34.020  -17.961  60.006 0.0000000000
70137  -30.999  -18.383  56.789 0.0000000000
70199  -32.389  -17.936  52.981 0.0000000000
68926  -33.268  -18.960  53.497 0.0000000000
70200  -33.560  -18.338  52.649 0.0000000000
70221  -33.952  -17.634  52.142 0.0000000000
65118  -23.949  -22.472  63.867 0.0000000000
65091  -23.879  -23.198  65.272 0.0000000000
65092  -24.375  -23.168  64.734 0.0000000000
58883  -12.049  -26.914  78.425 0.0000000000
58895  -13.448  -27.123  77.600 0.0000000000
58955  -16.020  -26.636  74.192 0.0000000000
58939  -16.426  -26.618  75.201 0.0000000000
62279  -8.515  -23.403  84.449 0.0000000000
62274  -8.393  -22.893  85.166 0.0000000000
67552  -40.815  -19.632  61.523 0.0000000000
62497  -21.094  -24.628  69.812 0.0000000000
62525  -22.332  -24.256  68.285 0.0000000000
63714  -23.213  -23.718  69.412 0.0000000000
63732  -23.125  -23.782  68.385 0.0000000000
62601  -36.659  -23.692  64.012 0.0000000000
65009  -19.057  -20.388  67.895 0.0000000000
65008  -18.245  -21.204  67.602 0.0000000000
63730  -17.819  -22.744  67.644 0.0000000000
63729  -17.014  -23.069  68.078 0.0000000000
62522  -17.249  -23.829  68.167 0.0000000000
61353  -17.068  -24.781  69.030 0.0000000000
61375  -17.806  -24.483  68.162 0.0000000000
61377  -19.931  -25.607  68.136 0.0000000000
61355  -19.424  -25.548  69.032 0.0000000000
60185  -20.186  -25.710  70.530 0.0000000000
65159  -35.274  -20.620  64.147 0.0000000000
65160  -35.525  -20.348  64.066 0.0000000000
65125  -32.834  -20.249  64.496 0.0000000000
65128  -35.090  -20.916  65.013 0.0000000000
65158  -34.866  -20.726  64.101 0.0000000000
66376  -35.082  -20.553  63.397 0.0000000000
76280  -34.711  -12.707  49.370 0.0000000000
78653  -35.353  -10.797  48.422 0.0000000000
77502  -35.617  -11.288  48.402 0.0000000000
77503  -36.352  -11.570  48.168 0.0000000000
78655  -36.420  -10.955  47.950 0.0000000000
82039  -39.945  -7.354  47.089 0.0000000000
82057  -40.880  -7.514  45.517 0.0000000000
80921  -41.483  -8.619  45.500 0.0000000000
83175  -42.523  -6.480  44.509 0.0000000000
83176  -42.928  -6.598  44.464 0.0000000000
84251  -43.632  -6.402  44.140 0.0000000000
84262  -42.364  -5.712  43.871 0.0000000000
86380  -41.521  -3.987  44.295 0.0000000000
71418  -33.458  -16.981  63.271 0.0000000000
71437  -33.991  -17.337  62.474 0.0000000000
71436  -33.196  -16.934  62.773 0.0000000000
72705  -31.700  -16.205  63.150 0.0000000000
71451  -32.242  -16.858  62.270 0.0000000000
70050  -32.283  -17.217  61.691 0.0000000000
71450  -31.601  -16.860  61.790 0.0000000000
72800  -28.572  -15.460  56.224 0.0000000000
70160  -29.339  -16.801  56.195 0.0000000000
70135  -29.533  -17.061  56.463 0.0000000000
70161  -29.618  -17.226  55.846 0.0000000000
70162  -30.484  -18.009  55.689 0.0000000000
70198  -31.205  -17.526  53.241 0.0000000000
71586  -30.877  -16.448  52.794 0.0000000000
72852  -30.567  -15.530  52.796 0.0000000000
74037  -30.777  -13.933  52.785 0.0000000000
62607  -26.331  -23.724  63.655 0.0000000000
62596  -26.479  -24.009  64.595 0.0000000000
61428  -28.295  -25.033  66.370 0.0000000000
62586  -27.591  -25.017  66.177 0.0000000000
61237  -12.235  -24.218  75.416 0.0000000000
61236  -11.546  -23.667  75.763 0.0000000000
60046  -12.364  -25.163  75.910 0.0000000000
59948  -7.458  -25.927  85.511 0.0000000000
59956  -7.464  -25.234  85.568 0.0000000000
58787  -7.307  -26.344  87.406 0.0000000000
59941  -7.314  -25.501  87.159 0.0000000000
61128  -7.084  -24.618  87.712 0.0000000000
71455  -39.781  -17.014  60.995 0.0000000000
72720  -39.527  -16.488  60.466 0.0000000000
72719  -38.808  -16.205  60.123 0.0000000000
61461  -31.604  -24.954  63.471 0.0000000000
61447  -31.352  -25.293  64.468 0.0000000000
63654  -15.401  -22.184  72.225 0.0000000000
63639  -15.611  -21.636  72.670 0.0000000000
62415  -14.177  -23.205  73.257 0.0000000000
60132  -15.487  -25.436  71.911 0.0000000000
60131  -15.036  -24.994  72.201 0.0000000000
60108  -15.683  -25.957  72.847 0.0000000000
60182  -16.996  -25.450  70.022 0.0000000000
60135  -18.582  -25.871  72.444 0.0000000000
60110  -17.723  -26.148  73.316 0.0000000000
68756  -36.339  -19.564  61.392 0.0000000000
67539  -35.756  -19.298  63.523 0.0000000000
67538  -36.211  -19.576  63.009 0.0000000000
70003  -35.372  -18.116  63.782 0.0000000000
71421  -35.081  -17.994  63.526 0.0000000000
70022  -35.411  -18.450  63.042 0.0000000000
71420  -34.509  -17.642  63.585 0.0000000000
63804  -20.074  -22.078  64.432 0.0000000000
63805  -20.758  -22.663  64.171 0.0000000000
65144  -20.602  -21.379  63.932 0.0000000000
66365  -22.019  -20.356  63.036 0.0000000000
66389  -24.762  -19.899  61.837 0.0000000000
67548  -24.434  -19.437  61.908 0.0000000000
65148  -24.231  -21.424  62.739 0.0000000000
65149  -25.177  -21.571  62.310 0.0000000000
65196  -27.584  -21.762  61.488 0.0000000000
63864  -27.690  -22.086  61.567 0.0000000000
63843  -28.206  -22.426  61.708 0.0000000000
65121  -29.806  -20.077  63.964 0.0000000000
65093  -29.470  -19.563  64.514 0.0000000000
65120  -29.418  -19.700  63.991 0.0000000000
66349  -28.919  -19.609  63.361 0.0000000000
62627  -29.926  -23.906  62.049 0.0000000000
62629  -32.051  -23.533  61.973 0.0000000000
65198  -33.385  -21.596  61.809 0.0000000000
62643  -34.048  -22.647  61.827 0.0000000000
63849  -34.507  -22.855  61.977 0.0000000000
62632  -34.885  -23.328  62.346 0.0000000000
62633  -35.636  -23.116  62.489 0.0000000000
63853  -37.752  -22.463  62.601 0.0000000000
66324  -20.145  -20.548  64.975 0.0000000000
66302  -19.553  -20.304  66.009 0.0000000000
66323  -19.926  -21.126  65.213 0.0000000000
63786  -19.417  -22.330  65.147 0.0000000000
70224  -37.546  -17.620  52.165 0.0000000000
74056  -38.195  -15.484  51.214 0.0000000000
76281  -35.935  -13.143  49.273 0.0000000000
75193  -36.622  -13.825  49.569 0.0000000000
80877  -36.227  -7.883  48.981 0.0000000000
78664  -37.679  -10.460  47.535 0.0000000000
78665  -38.518  -10.357  47.296 0.0000000000
77527  -40.665  -11.269  46.380 0.0000000000
78667  -40.172  -10.554  46.375 0.0000000000
77516  -39.894  -11.554  46.735 0.0000000000
76329  -40.265  -12.687  47.190 0.0000000000
76331  -42.471  -12.879  47.518 0.0000000000
79801  -44.092  -8.782  45.225 0.0000000000
84281  -43.912  -5.914  42.777 0.0000000000
84290  -43.919  -5.847  41.781 0.0000000000
83212  -44.789  -6.430  41.996 0.0000000000
86408  -44.177  -3.750  40.752 0.0000000000
85358  -44.235  -4.880  40.731 0.0000000000
62287  -9.145  -24.024  82.298 0.0000000000
62286  -9.373  -23.170  82.245 0.0000000000
62282  -9.208  -23.604  83.232 0.0000000000
61148  -9.087  -24.387  83.021 0.0000000000
58840  -10.246  -27.027  82.352 0.0000000000
58825  -9.040  -26.676  83.638 0.0000000000
58839  -9.490  -26.524  82.899 0.0000000000
59958  -7.966  -26.050  84.419 0.0000000000
57670  -9.574  -27.747  86.021 0.0000000000
66409  -38.133  -21.081  60.829 0.0000000000
66401  -38.949  -20.947  61.857 0.0000000000
66416  -38.489  -20.439  60.444 0.0000000000
68792  -38.179  -19.117  59.749 0.0000000000
71485  -36.030  -17.950  59.449 0.0000000000
68790  -35.866  -18.807  59.849 0.0000000000
72733  -35.798  -17.079  59.088 0.0000000000
72734  -36.532  -16.890  59.419 0.0000000000
73922  -36.100  -16.715  59.019 0.0000000000
73924  -37.174  -16.211  59.503 0.0000000000
72715  -29.407  -15.348  60.996 0.0000000000
73904  -29.583  -15.018  61.550 0.0000000000
71449  -30.865  -16.711  61.426 0.0000000000
71463  -30.528  -16.906  60.687 0.0000000000
72745  -29.046  -15.576  59.222 0.0000000000
72759  -29.264  -16.136  58.899 0.0000000000
70084  -31.049  -17.811  59.398 0.0000000000
71480  -31.209  -17.714  60.049 0.0000000000
70085  -31.791  -18.014  59.485 0.0000000000
71495  -32.598  -18.023  59.015 0.0000000000
72781  -34.274  -17.520  58.066 0.0000000000
72760  -34.235  -17.431  58.404 0.0000000000
72762  -36.241  -17.001  58.752 0.0000000000
72783  -35.675  -17.191  58.193 0.0000000000
70121  -35.566  -18.279  57.428 0.0000000000
68900  -31.257  -18.444  55.229 0.0000000000
68877  -32.961  -19.293  55.381 0.0000000000
68880  -35.986  -19.145  55.435 0.0000000000
68929  -36.873  -19.110  53.306 0.0000000000
70203  -37.189  -18.370  52.678 0.0000000000
71603  -34.252  -17.124  51.639 0.0000000000
71619  -34.949  -16.722  51.371 0.0000000000
72867  -32.059  -15.599  52.261 0.0000000000
75168  -32.159  -13.165  51.215 0.0000000000
74071  -32.341  -14.155  51.408 0.0000000000
75169  -32.855  -13.785  50.858 0.0000000000
75190  -33.277  -13.264  50.381 0.0000000000
77452  -32.881  -11.117  50.989 0.0000000000
63806  -21.688  -22.993  64.073 0.0000000000
63789  -22.049  -23.735  65.119 0.0000000000
63790  -22.915  -23.486  65.428 0.0000000000
65067  -23.941  -23.237  66.498 0.0000000000
65066  -23.667  -23.292  66.774 0.0000000000
65040  -24.168  -22.819  67.402 0.0000000000
63734  -24.066  -22.663  68.017 0.0000000000
63773  -25.339  -23.393  66.417 0.0000000000
63774  -25.970  -23.677  66.683 0.0000000000
60240  -30.459  -26.111  65.992 0.0000000000
62355  -10.766  -22.503  76.914 0.0000000000
62337  -10.786  -22.632  77.746 0.0000000000
61200  -10.710  -23.939  77.467 0.0000000000
60011  -10.385  -25.128  78.803 0.0000000000
58867  -10.457  -26.120  79.422 0.0000000000
61257  -13.788  -24.895  73.631 0.0000000000
61256  -13.398  -24.410  73.897 0.0000000000
60083  -13.698  -25.278  74.005 0.0000000000
58920  -13.675  -26.139  75.245 0.0000000000
58905  -14.615  -27.165  76.830 0.0000000000
59910  -7.070  -26.413  89.688 0.0000000000
59919  -7.053  -25.826  89.236 0.0000000000
61120  -6.547  -24.296  88.465 0.0000000000
61378  -20.791  -25.078  68.054 0.0000000000
61357  -21.212  -24.989  68.697 0.0000000000
62548  -22.040  -24.270  67.162 0.0000000000
63830  -38.026  -22.749  63.305 0.0000000000
63751  -18.547  -22.364  67.073 0.0000000000
62546  -18.596  -23.063  67.047 0.0000000000
62545  -18.289  -23.509  67.173 0.0000000000
61409  -18.349  -24.137  67.047 0.0000000000
61392  -18.453  -24.594  67.438 0.0000000000
65102  -35.338  -20.876  65.707 0.0000000000
77487  -33.595  -11.075  49.462 0.0000000000
77488  -34.386  -11.467  48.843 0.0000000000
78643  -33.892  -10.326  49.225 0.0000000000
78644  -34.868  -10.292  48.612 0.0000000000
78645  -35.432  -9.808  48.307 0.0000000000
83155  -39.565  -6.452  46.812 0.0000000000
84236  -39.848  -5.821  46.322 0.0000000000
83164  -41.235  -6.601  45.090 0.0000000000
83174  -41.859  -6.296  44.673 0.0000000000
84249  -41.986  -5.788  44.327 0.0000000000
72706  -32.438  -16.549  63.286 0.0000000000
73906  -30.843  -15.095  62.886 0.0000000000
72814  -29.212  -15.161  55.370 0.0000000000
71564  -29.306  -16.121  54.994 0.0000000000
72830  -29.459  -15.491  54.619 0.0000000000
72831  -29.621  -14.975  53.831 0.0000000000
72851  -30.231  -14.854  53.066 0.0000000000
61457  -27.639  -24.869  64.488 0.0000000000
61429  -29.168  -24.984  65.985 0.0000000000
62394  -12.665  -22.826  74.911 0.0000000000
61238  -12.890  -24.321  74.786 0.0000000000
84318  -45.545  -5.365  40.316 0.0000000000
84319  -46.321  -5.806  39.836 0.0000000000
58789  -8.518  -27.198  86.782 0.0000000000
58788  -7.692  -26.880  86.943 0.0000000000
58778  -7.641  -27.013  87.700 0.0000000000
58777  -7.263  -26.489  88.192 0.0000000000
71472  -39.368  -17.149  60.485 0.0000000000
61449  -33.276  -24.974  64.324 0.0000000000
61434  -33.933  -24.855  65.181 0.0000000000
61421  -34.629  -24.861  65.972 0.0000000000
63713  -17.010  -21.606  69.303 0.0000000000
63674  -16.870  -21.357  70.535 0.0000000000
64950  -16.852  -20.854  70.970 0.0000000000
64949  -16.118  -21.627  71.485 0.0000000000
64948  -15.726  -21.949  71.733 0.0000000000
62433  -15.075  -23.411  71.968 0.0000000000
60157  -15.629  -24.950  71.286 0.0000000000
60184  -19.169  -26.051  70.476 0.0000000000
65202  -36.845  -21.404  61.513 0.0000000000
67492  -20.619  -20.181  64.240 0.0000000000
66344  -20.898  -20.545  63.754 0.0000000000
67514  -21.078  -19.921  63.615 0.0000000000
67515  -21.690  -19.498  63.397 0.0000000000
66346  -22.262  -19.642  63.008 0.0000000000
67535  -25.201  -18.423  62.039 0.0000000000
67550  -25.624  -18.991  61.795 0.0000000000
66390  -26.002  -19.720  62.085 0.0000000000
65174  -26.093  -21.236  61.730 0.0000000000
65175  -27.284  -21.278  61.516 0.0000000000
65197  -27.876  -21.708  61.534 0.0000000000
65152  -29.922  -20.445  62.899 0.0000000000
62628  -31.122  -23.728  61.627 0.0000000000
63866  -31.728  -22.912  61.687 0.0000000000
63847  -32.129  -22.636  61.818 0.0000000000
65199  -34.084  -21.525  61.867 0.0000000000
65200  -34.812  -21.583  61.810 0.0000000000
63870  -35.163  -22.061  61.695 0.0000000000
63851  -35.800  -22.274  62.091 0.0000000000
72869  -36.102  -16.291  51.490 0.0000000000
72870  -36.624  -16.104  51.426 0.0000000000
74055  -37.244  -15.500  51.094 0.0000000000
76302  -36.711  -12.595  48.717 0.0000000000
75210  -37.048  -13.282  49.278 0.0000000000
75211  -37.562  -13.137  49.113 0.0000000000
80879  -38.093  -7.674  48.657 0.0000000000
80891  -37.478  -8.435  48.451 0.0000000000
82031  -37.971  -8.103  48.520 0.0000000000
79763  -38.537  -8.971  48.152 0.0000000000
79779  -40.514  -9.346  46.228 0.0000000000
78676  -40.906  -10.658  45.923 0.0000000000
77528  -41.449  -11.453  46.243 0.0000000000
77518  -41.960  -12.236  46.778 0.0000000000
85342  -42.655  -4.689  42.277 0.0000000000
85352  -43.674  -4.949  41.099 0.0000000000
84298  -44.260  -5.542  41.120 0.0000000000
86407  -43.674  -3.241  41.005 0.0000000000
62290  -9.573  -23.623  81.520 0.0000000000
67563  -37.235  -20.259  60.497 0.0000000000
67578  -37.481  -19.862  59.939 0.0000000000
70052  -33.684  -17.544  61.368 0.0000000000
70071  -35.132  -18.486  60.298 0.0000000000
70087  -34.780  -18.120  59.793 0.0000000000
71484  -35.384  -17.994  59.582 0.0000000000
72732  -34.644  -17.461  59.257 0.0000000000
72729  -29.359  -15.302  60.545 0.0000000000
71509  -29.182  -16.344  57.785 0.0000000000
71493  -29.571  -16.818  58.506 0.0000000000
71511  -32.189  -18.216  58.678 0.0000000000
71512  -32.789  -18.123  58.383 0.0000000000
71513  -33.688  -17.791  58.052 0.0000000000
71514  -34.398  -17.752  57.772 0.0000000000
71515  -35.195  -17.644  57.736 0.0000000000
70119  -33.850  -18.312  57.555 0.0000000000
70140  -34.120  -19.019  57.190 0.0000000000
68902  -33.034  -19.253  54.484 0.0000000000
68905  -36.426  -19.352  54.265 0.0000000000
68943  -35.057  -18.607  52.567 0.0000000000
68944  -35.699  -18.323  52.504 0.0000000000
75167  -31.672  -13.016  51.801 0.0000000000
76260  -32.248  -12.290  50.851 0.0000000000
61201  -11.295  -24.641  76.788 0.0000000000
60027  -11.139  -25.217  77.277 0.0000000000
60003  -11.181  -26.232  78.204 0.0000000000
58953  -14.501  -25.938  73.787 0.0000000000
58952  -14.074  -25.599  73.973 0.0000000000
60162  -20.571  -25.612  71.596 0.0000000000
61337  -21.624  -24.598  71.016 0.0000000000
62471  -21.950  -24.087  70.510 0.0000000000
62498  -21.562  -24.527  69.310 0.0000000000
62599  -35.377  -24.102  63.785 0.0000000000
61452  -35.593  -24.211  64.300 0.0000000000
64986  -17.602  -21.291  68.873 0.0000000000
63731  -18.107  -22.064  67.638 0.0000000000
65007  -17.803  -21.990  68.177 0.0000000000
63712  -16.598  -22.409  68.950 0.0000000000
62495  -16.440  -23.785  69.359 0.0000000000
61333  -16.028  -24.423  69.936 0.0000000000
61352  -16.469  -24.567  69.511 0.0000000000
61334  -17.708  -25.527  69.506 0.0000000000
61335  -18.128  -25.724  69.534 0.0000000000
60203  -18.887  -25.934  69.615 0.0000000000
66353  -35.569  -19.621  63.972 0.0000000000
65154  -31.478  -20.478  63.435 0.0000000000
66374  -32.034  -20.832  62.449 0.0000000000
65155  -32.270  -20.592  63.306 0.0000000000
65156  -33.222  -20.811  63.547 0.0000000000
65157  -34.202  -20.737  63.702 0.0000000000
76301  -35.510  -12.458  48.787 0.0000000000
76314  -36.830  -12.104  48.069 0.0000000000
82048  -40.228  -7.377  46.271 0.0000000000
80913  -40.679  -8.834  46.057 0.0000000000
79798  -41.845  -9.354  45.623 0.0000000000
79789  -43.196  -9.841  45.557 0.0000000000
80923  -43.572  -8.252  45.082 0.0000000000
82059  -42.909  -7.598  44.871 0.0000000000
82060  -43.865  -7.601  44.808 0.0000000000
84264  -43.783  -6.134  43.517 0.0000000000
84279  -42.364  -5.418  43.394 0.0000000000
59992  -10.252  -25.869  80.327 0.0000000000
59986  -10.657  -26.416  80.964 0.0000000000
58852  -10.608  -27.026  81.396 0.0000000000
70036  -34.960  -18.459  61.956 0.0000000000
70051  -32.924  -17.350  61.605 0.0000000000
70068  -32.544  -17.617  61.193 0.0000000000
73956  -28.394  -14.563  58.056 0.0000000000
72757  -28.508  -15.155  58.104 0.0000000000
72780  -28.551  -15.452  57.404 0.0000000000
71510  -29.572  -17.081  57.391 0.0000000000
68850  -31.828  -18.594  56.329 0.0000000000
68875  -31.308  -18.454  55.931 0.0000000000
70178  -30.719  -17.897  54.352 0.0000000000
70179  -31.656  -18.310  53.731 0.0000000000
71601  -32.361  -16.809  52.165 0.0000000000
72866  -31.136  -15.395  52.455 0.0000000000
74051  -30.997  -14.630  52.470 0.0000000000
74038  -31.201  -13.460  52.572 0.0000000000
76225  -31.390  -11.540  52.845 0.0000000000
63809  -24.913  -23.132  63.881 0.0000000000
63791  -25.152  -23.366  65.197 0.0000000000
63793  -26.447  -23.930  66.132 0.0000000000
62597  -27.199  -24.616  64.982 0.0000000000
62585  -26.887  -24.609  66.055 0.0000000000
63598  -12.396  -22.207  76.128 0.0000000000
62372  -11.417  -22.694  76.114 0.0000000000
58903  -12.608  -26.104  76.663 0.0000000000
60063  -17.523  -26.586  75.282 0.0000000000
61140  -7.828  -24.664  84.620 0.0000000000
62278  -7.938  -23.884  84.848 0.0000000000
62277  -7.540  -24.171  84.979 0.0000000000
62272  -7.515  -23.691  85.584 0.0000000000
62268  -7.511  -23.657  86.680 0.0000000000
59947  -7.393  -25.537  86.257 0.0000000000
62265  -7.059  -23.503  87.649 0.0000000000
80861  -36.977  -7.478  49.475 0.0000000000
79714  -38.441  -7.005  49.404 0.0000000000
79734  -38.930  -7.395  49.280 0.0000000000
79753  -39.370  -7.540  48.923 0.0000000000
73925  -38.301  -16.046  59.966 0.0000000000
61446  -30.313  -25.137  64.626 0.0000000000
61436  -35.487  -24.492  64.938 0.0000000000
64908  -15.092  -21.319  73.948 0.0000000000
63637  -14.323  -22.408  73.815 0.0000000000
62396  -13.840  -22.876  73.930 0.0000000000
61278  -14.085  -24.453  73.155 0.0000000000
61297  -14.705  -24.457  72.362 0.0000000000
58968  -15.089  -26.037  73.431 0.0000000000
58969  -15.678  -26.423  73.516 0.0000000000
60181  -16.218  -25.113  70.027 0.0000000000
60158  -16.157  -25.348  70.897 0.0000000000
87432  -45.709  -2.565  39.458 0.0000000000
65204  -38.146  -21.414  61.510 0.0000000000
68743  -36.148  -19.066  62.785 0.0000000000
70024  -35.518  -18.562  63.810 0.0000000000
71419  -33.944  -17.198  63.565 0.0000000000
72694  -33.369  -16.774  63.836 0.0000000000
71399  -33.730  -17.080  64.456 0.0000000000
62582  -20.545  -23.729  65.387 0.0000000000
65145  -21.068  -21.581  63.558 0.0000000000
65116  -22.365  -22.905  63.873 0.0000000000
67534  -23.993  -18.868  62.325 0.0000000000
66388  -24.098  -19.745  62.083 0.0000000000
63825  -24.473  -22.049  63.424 0.0000000000
63827  -25.809  -23.051  63.016 0.0000000000
62624  -26.642  -23.570  62.775 0.0000000000
62609  -27.993  -24.559  62.791 0.0000000000
66348  -28.394  -18.931  63.112 0.0000000000
66370  -28.388  -19.972  62.204 0.0000000000
65176  -28.306  -21.118  61.584 0.0000000000
65177  -29.225  -21.298  61.910 0.0000000000
61472  -29.357  -24.675  62.526 0.0000000000
62612  -31.848  -24.423  62.497 0.0000000000
61462  -32.540  -24.716  63.476 0.0000000000
61463  -33.469  -24.593  63.449 0.0000000000
61464  -34.313  -24.360  63.466 0.0000000000
66395  -31.998  -21.208  62.213 0.0000000000
63868  -33.739  -22.139  61.660 0.0000000000
62642  -33.550  -22.726  61.785 0.0000000000
62615  -34.546  -23.842  62.855 0.0000000000
61465  -34.931  -24.125  63.473 0.0000000000
62618  -36.909  -23.281  63.436 0.0000000000
62634  -36.243  -22.842  62.676 0.0000000000
63828  -36.725  -22.999  62.977 0.0000000000
63854  -38.269  -22.389  62.847 0.0000000000
65037  -19.122  -20.373  66.884 0.0000000000
65063  -19.159  -21.575  65.650 0.0000000000
62580  -19.447  -22.737  65.957 0.0000000000
75171  -35.910  -14.321  50.309 0.0000000000
75172  -36.338  -14.349  50.228 0.0000000000
80876  -35.089  -8.146  49.254 0.0000000000
80889  -35.780  -8.542  48.627 0.0000000000
79760  -35.947  -9.327  48.011 0.0000000000
79761  -36.926  -9.054  47.944 0.0000000000
79774  -36.486  -9.753  47.671 0.0000000000
78662  -36.218  -10.148  47.642 0.0000000000
78663  -36.736  -10.516  47.675 0.0000000000
76326  -37.798  -11.693  47.552 0.0000000000
76327  -38.336  -11.933  47.483 0.0000000000
80902  -39.323  -8.567  47.991 0.0000000000
79777  -39.033  -9.276  47.439 0.0000000000
77515  -38.919  -11.281  47.201 0.0000000000
76318  -40.681  -13.587  47.869 0.0000000000
83232  -45.832  -6.488  40.971 0.0000000000
87426  -45.127  -2.581  39.960 0.0000000000
88430  -44.934  -1.721  40.488 0.0000000000
63464  -8.755  -22.362  84.016 0.0000000000
61154  -8.786  -24.786  82.927 0.0000000000
61146  -8.204  -24.897  84.091 0.0000000000
59968  -7.988  -25.372  84.338 0.0000000000
58812  -7.960  -26.373  85.148 0.0000000000
58799  -8.854  -26.935  85.842 0.0000000000
66417  -38.854  -20.082  60.381 0.0000000000
67581  -39.511  -19.223  60.439 0.0000000000
70072  -36.105  -18.767  59.745 0.0000000000
70075  -39.207  -17.706  60.268 0.0000000000
71471  -38.710  -17.125  60.124 0.0000000000
72736  -38.273  -16.557  60.014 0.0000000000
72717  -30.672  -16.135  62.176 0.0000000000
75021  -29.912  -14.275  61.842 0.0000000000
73905  -30.082  -15.200  62.162 0.0000000000
73941  -29.341  -15.537  59.810 0.0000000000
72748  -34.160  -17.523  58.940 0.0000000000
72749  -35.576  -17.059  58.896 0.0000000000
72750  -35.951  -16.846  59.004 0.0000000000
73959  -36.778  -16.214  58.870 0.0000000000
73960  -37.328  -15.786  58.827 0.0000000000
71516  -36.169  -17.474  57.855 0.0000000000
68851  -32.598  -18.973  56.340 0.0000000000
68852  -33.524  -19.342  56.404 0.0000000000
68853  -34.473  -19.256  56.409 0.0000000000
67655  -33.531  -19.426  54.912 0.0000000000
70239  -36.053  -17.094  51.536 0.0000000000
71604  -36.342  -16.796  51.480 0.0000000000
72868  -32.825  -15.948  51.843 0.0000000000
72885  -33.505  -15.895  51.513 0.0000000000
74054  -33.098  -15.430  51.654 0.0000000000
76279  -33.625  -12.587  49.915 0.0000000000
77471  -33.149  -11.431  50.170 0.0000000000
77470  -32.597  -11.690  50.690 0.0000000000
78629  -33.242  -10.223  49.966 0.0000000000
79731  -33.412  -9.379  49.981 0.0000000000
63772  -23.249  -23.537  66.533 0.0000000000
63756  -26.149  -23.500  67.755 0.0000000000
65042  -25.474  -23.216  68.065 0.0000000000
65013  -25.060  -22.983  68.793 0.0000000000
61430  -29.989  -25.596  65.608 0.0000000000
63485  -10.442  -22.516  80.199 0.0000000000
61173  -9.811  -24.596  80.028 0.0000000000
62317  -10.213  -23.434  78.971 0.0000000000
61182  -9.971  -24.368  79.201 0.0000000000
62414  -13.629  -23.532  73.749 0.0000000000
58936  -13.888  -25.851  74.386 0.0000000000
58922  -15.647  -26.781  76.081 0.0000000000
58768  -7.725  -27.049  88.370 0.0000000000
58776  -7.324  -26.308  88.551 0.0000000000
58758  -7.518  -26.894  89.422 0.0000000000
59928  -7.118  -25.706  88.730 0.0000000000
61121  -7.053  -24.888  88.388 0.0000000000
62259  -6.685  -23.599  88.232 0.0000000000
61113  -6.014  -25.002  88.581 0.0000000000
58766  -7.437  -26.319  88.772 0.0000000000
58881  -10.464  -25.741  78.912 0.0000000000
58892  -10.564  -25.546  78.619 0.0000000000
58893  -10.624  -25.802  78.581 0.0000000000
58967  -14.792  -25.815  73.401 0.0000000000
59927  -7.291  -26.133  88.721 0.0000000000
59935  -7.150  -26.086  88.457 0.0000000000
60002  -10.865  -26.074  78.307 0.0000000000
60200  -16.285  -24.803  69.745 0.0000000000
60202  -18.366  -25.807  69.553 0.0000000000
60239  -30.120  -26.061  66.174 0.0000000000
61127  -6.733  -24.272  88.108 0.0000000000
61139  -7.443  -24.626  85.227 0.0000000000
61317  -15.943  -24.875  70.377 0.0000000000
61374  -17.235  -24.209  68.483 0.0000000000
61391  -18.020  -24.094  67.430 0.0000000000
61443  -27.576  -24.960  64.888 0.0000000000
62283  -9.246  -24.209  82.802 0.0000000000
62374  -12.618  -23.542  74.956 0.0000000000
62566  -18.555  -23.919  66.811 0.0000000000
62583  -21.284  -24.041  65.351 0.0000000000
62598  -27.375  -24.936  65.581 0.0000000000
62641  -31.876  -23.099  61.774 0.0000000000
63474  -9.682  -22.880  81.554 0.0000000000
63655  -15.667  -21.600  72.245 0.0000000000
63692  -15.702  -23.048  70.746 0.0000000000
63695  -17.323  -21.374  69.539 0.0000000000
63754  -23.892  -22.794  67.703 0.0000000000
63803  -19.659  -21.940  64.776 0.0000000000
63808  -24.536  -22.532  63.646 0.0000000000
63822  -20.367  -21.698  64.131 0.0000000000
63823  -20.586  -21.985  63.818 0.0000000000
63867  -31.939  -22.867  61.812 0.0000000000
64930  -16.192  -21.229  72.211 0.0000000000
64968  -17.141  -21.214  70.393 0.0000000000
64985  -17.243  -21.972  68.526 0.0000000000
65039  -23.845  -22.950  67.219 0.0000000000
65064  -19.597  -20.010  66.559 0.0000000000
65088  -19.623  -21.570  65.107 0.0000000000
65089  -20.050  -21.276  64.965 0.0000000000
65094  -29.808  -19.581  64.882 0.0000000000
65114  -19.923  -21.655  64.748 0.0000000000
65201  -35.200  -21.700  61.784 0.0000000000
66280  -19.171  -20.941  65.971 0.0000000000
66281  -19.068  -20.672  66.298 0.0000000000
66343  -20.618  -20.753  64.173 0.0000000000
66345  -22.042  -19.829  63.089 0.0000000000
66363  -20.901  -20.996  63.761 0.0000000000
66364  -21.312  -20.772  63.423 0.0000000000
66373  -31.639  -20.644  62.741 0.0000000000
66379  -35.744  -19.543  63.558 0.0000000000
66393  -31.330  -20.880  62.466 0.0000000000
66396  -34.874  -20.585  62.944 0.0000000000
67513  -20.778  -20.333  63.937 0.0000000000
67533  -21.685  -19.865  63.254 0.0000000000
67537  -27.127  -18.530  62.437 0.0000000000
67639  -33.212  -19.336  55.214 0.0000000000
67640  -33.431  -19.410  55.191 0.0000000000
67654  -33.259  -19.341  54.981 0.0000000000
68716  -21.409  -19.589  63.604 0.0000000000
68717  -21.534  -19.506  63.561 0.0000000000
68737  -21.320  -19.805  63.525 0.0000000000
68738  -21.579  -19.708  63.431 0.0000000000
68789  -35.587  -18.767  59.984 0.0000000000
68808  -35.488  -18.581  59.854 0.0000000000
70001  -34.082  -17.189  63.928 0.0000000000
70086  -32.276  -18.038  59.384 0.0000000000
70088  -35.100  -18.322  59.863 0.0000000000
70089  -35.646  -18.407  59.694 0.0000000000
70101  -32.097  -18.149  59.216 0.0000000000
70238  -35.632  -17.196  51.587 0.0000000000
71454  -39.250  -16.915  60.422 0.0000000000
71483  -34.918  -17.986  59.644 0.0000000000
71492  -29.272  -16.335  58.233 0.0000000000
71494  -32.143  -18.206  58.977 0.0000000000
71531  -29.569  -17.077  56.833 0.0000000000
71549  -29.536  -16.744  55.186 0.0000000000
72681  -33.524  -16.826  64.077 0.0000000000
72747  -33.346  -17.766  59.241 0.0000000000
72779  -28.416  -14.948  57.772 0.0000000000
73919  -28.855  -14.421  60.572 0.0000000000
73921  -29.292  -15.247  60.242 0.0000000000
73923  -36.505  -16.494  59.166 0.0000000000
73940  -28.786  -14.853  59.914 0.0000000000
73943  -36.359  -16.611  59.116 0.0000000000
73958  -36.410  -16.652  58.877 0.0000000000
74089  -34.954  -14.120  50.400 0.0000000000
75028  -28.674  -14.188  60.448 0.0000000000
75036  -28.575  -14.358  60.157 0.0000000000
77489  -35.181  -11.786  48.562 0.0000000000
77512  -36.719  -11.253  47.798 0.0000000000
77513  -37.321  -11.333  47.595 0.0000000000
79733  -38.490  -7.345  48.988 0.0000000000
79752  -38.885  -7.588  48.892 0.0000000000
79773  -36.001  -9.892  47.608 0.0000000000
80880  -38.653  -7.869  48.639 0.0000000000
80892  -38.150  -8.297  48.477 0.0000000000
82022  -37.754  -8.012  48.576 0.0000000000
82023  -37.986  -7.916  48.571 0.0000000000
82030  -37.817  -8.236  48.510 0.0000000000
84238  -43.164  -6.633  44.453 0.0000000000
84239  -43.431  -6.640  44.437 0.0000000000
