#!ascii label  , from subject 3168 vox2ras=TkReg
1408
70965  52.984  -9.151  61.795 0.0000000000
58787  39.506  -19.653  72.633 0.0000000000
53828  29.725  -23.262  73.071 0.0000000000
52522  22.341  -24.095  75.777 0.0000000000
57462  34.972  -19.829  79.781 0.0000000000
51347  36.142  -25.959  74.337 0.0000000000
68666  46.952  -11.591  63.384 0.0000000000
74709  54.785  -5.912  56.332 0.0000000000
74556  42.621  -6.652  64.586 0.0000000000
62795  39.241  -16.348  64.912 0.0000000000
52641  34.067  -24.412  66.466 0.0000000000
56303  27.816  -21.053  79.638 0.0000000000
55115  25.720  -22.459  73.781 0.0000000000
57498  23.781  -20.212  78.186 0.0000000000
53739  31.702  -23.648  78.550 0.0000000000
76934  46.103  -4.275  65.533 0.0000000000
63921  40.924  -15.731  76.426 0.0000000000
63964  42.631  -15.249  72.618 0.0000000000
66313  41.929  -13.285  68.674 0.0000000000
60191  39.651  -18.373  68.347 0.0000000000
57688  36.340  -20.363  65.559 0.0000000000
57602  36.727  -20.706  68.705 0.0000000000
47984  36.321  -28.812  72.221 0.0000000000
47983  38.982  -28.436  71.102 0.0000000000
73475  54.073  -7.465  59.124 0.0000000000
72340  50.420  -8.031  56.662 0.0000000000
50259  31.840  -26.276  69.050 0.0000000000
52643  27.690  -24.388  66.395 0.0000000000
58726  38.748  -19.655  77.163 0.0000000000
56380  35.879  -21.254  73.814 0.0000000000
53750  35.255  -23.732  77.285 0.0000000000
51340  33.638  -25.288  74.129 0.0000000000
70929  50.127  -9.276  64.858 0.0000000000
57455  19.841  -20.206  81.559 0.0000000000
52461  18.716  -23.817  79.632 0.0000000000
74657  51.061  -6.769  58.893 0.0000000000
73387  50.176  -6.781  62.359 0.0000000000
73360  48.291  -6.883  64.454 0.0000000000
72206  45.033  -8.763  61.983 0.0000000000
69796  41.558  -10.290  61.439 0.0000000000
73325  41.806  -7.656  68.203 0.0000000000
68633  40.905  -11.361  65.138 0.0000000000
64173  38.900  -14.778  61.292 0.0000000000
59006  35.924  -18.958  60.920 0.0000000000
51399  35.616  -25.732  69.494 0.0000000000
56277  26.610  -20.090  80.853 0.0000000000
57496  25.720  -20.444  78.579 0.0000000000
58657  24.885  -19.177  80.896 0.0000000000
56274  29.313  -21.543  81.538 0.0000000000
60080  41.293  -18.448  75.044 0.0000000000
61381  41.586  -17.179  72.395 0.0000000000
62669  41.349  -16.582  69.936 0.0000000000
60152  39.588  -19.051  70.041 0.0000000000
58864  38.628  -19.690  68.392 0.0000000000
57585  38.597  -20.048  70.752 0.0000000000
46834  36.561  -29.586  70.269 0.0000000000
46815  38.301  -29.870  72.058 0.0000000000
71004  53.385  -8.745  60.807 0.0000000000
71040  51.950  -9.188  58.914 0.0000000000
70985  51.579  -9.516  61.361 0.0000000000
52578  30.647  -24.296  70.486 0.0000000000
51411  30.085  -25.122  67.868 0.0000000000
52595  28.924  -23.650  70.111 0.0000000000
53816  23.633  -23.321  74.625 0.0000000000
53857  24.514  -23.136  71.181 0.0000000000
52557  22.328  -23.868  72.522 0.0000000000
51352  20.703  -24.683  73.911 0.0000000000
60014  38.500  -18.197  77.911 0.0000000000
57490  36.934  -20.554  78.522 0.0000000000
55058  37.244  -21.750  77.258 0.0000000000
55010  35.644  -22.420  79.251 0.0000000000
53773  30.767  -23.391  76.671 0.0000000000
52504  32.389  -23.885  76.082 0.0000000000
52543  31.434  -23.889  73.505 0.0000000000
51374  33.418  -25.675  71.295 0.0000000000
69739  48.338  -10.554  64.683 0.0000000000
68617  49.755  -11.666  66.274 0.0000000000
68632  48.312  -12.133  65.463 0.0000000000
52437  17.032  -24.241  82.178 0.0000000000
75746  49.898  -5.818  64.262 0.0000000000
76950  48.308  -4.840  64.371 0.0000000000
75753  43.723  -5.485  65.010 0.0000000000
74553  45.169  -5.762  64.473 0.0000000000
73376  43.952  -6.997  63.283 0.0000000000
72225  43.214  -8.911  61.700 0.0000000000
72210  41.674  -8.786  62.943 0.0000000000
64073  40.503  -15.555  66.758 0.0000000000
67500  41.138  -12.396  66.651 0.0000000000
65275  40.000  -14.285  64.706 0.0000000000
66394  39.860  -12.984  62.883 0.0000000000
64133  38.776  -15.887  62.612 0.0000000000
62863  37.557  -16.879  60.540 0.0000000000
61578  37.844  -17.860  63.336 0.0000000000
56494  34.352  -21.458  63.449 0.0000000000
52541  35.478  -24.247  73.346 0.0000000000
53851  35.219  -23.456  71.560 0.0000000000
51373  35.943  -25.273  71.700 0.0000000000
48043  37.569  -28.812  68.557 0.0000000000
77120  54.122  -5.246  52.809 0.0000000000
75907  53.701  -5.484  54.390 0.0000000000
55042  29.135  -22.240  76.795 0.0000000000
55113  27.751  -22.358  73.458 0.0000000000
56348  26.910  -21.600  76.346 0.0000000000
55046  24.865  -22.081  76.953 0.0000000000
55048  22.612  -22.705  77.439 0.0000000000
58631  32.636  -19.758  81.191 0.0000000000
55012  33.600  -23.025  79.933 0.0000000000
54996  31.439  -23.047  81.694 0.0000000000
53741  29.916  -22.938  79.108 0.0000000000
76970  46.714  -4.731  63.886 0.0000000000
76938  43.258  -4.382  66.198 0.0000000000
66298  41.879  -14.088  70.139 0.0000000000
64037  40.994  -15.815  68.770 0.0000000000
61501  39.201  -17.692  66.661 0.0000000000
60272  38.084  -18.563  64.813 0.0000000000
58904  37.883  -18.981  66.412 0.0000000000
56454  36.611  -21.042  66.903 0.0000000000
55191  34.803  -22.695  67.579 0.0000000000
47928  36.810  -28.061  74.229 0.0000000000
50224  37.957  -27.227  72.487 0.0000000000
47945  39.233  -28.905  72.952 0.0000000000
73498  54.903  -6.856  57.454 0.0000000000
73538  53.246  -6.951  56.029 0.0000000000
72302  51.921  -8.361  57.805 0.0000000000
53863  26.882  -22.791  70.316 0.0000000000
60034  39.903  -18.722  76.750 0.0000000000
57530  39.219  -20.106  75.285 0.0000000000
57563  37.608  -20.490  72.668 0.0000000000
56354  37.707  -21.134  75.697 0.0000000000
55076  36.062  -22.226  75.563 0.0000000000
52516  34.958  -24.677  75.244 0.0000000000
52471  33.709  -24.123  78.427 0.0000000000
52517  34.282  -24.381  75.767 0.0000000000
50208  34.977  -26.547  74.834 0.0000000000
49124  35.282  -27.504  72.801 0.0000000000
49147  34.188  -27.707  70.565 0.0000000000
70946  52.162  -9.633  63.452 0.0000000000
69773  51.679  -10.846  62.978 0.0000000000
68645  51.186  -11.286  64.698 0.0000000000
57483  21.155  -20.370  79.018 0.0000000000
53726  21.328  -23.149  78.821 0.0000000000
53696  20.246  -22.741  81.451 0.0000000000
52490  20.750  -24.265  77.779 0.0000000000
74670  54.091  -5.609  58.343 0.0000000000
74643  53.349  -7.230  59.728 0.0000000000
73425  53.270  -7.508  60.875 0.0000000000
73385  51.851  -7.831  62.457 0.0000000000
73370  50.740  -7.294  63.701 0.0000000000
72176  49.584  -8.279  64.441 0.0000000000
72187  48.207  -8.686  63.800 0.0000000000
75750  46.683  -5.312  65.301 0.0000000000
73373  46.891  -7.491  63.390 0.0000000000
70969  45.796  -9.725  62.269 0.0000000000
69793  44.699  -10.704  61.501 0.0000000000
68696  43.552  -11.677  60.889 0.0000000000
73346  41.332  -7.131  66.711 0.0000000000
69700  42.427  -10.418  68.011 0.0000000000
70882  41.544  -9.434  67.109 0.0000000000
70913  41.533  -9.434  65.035 0.0000000000
69760  40.749  -10.743  63.332 0.0000000000
67583  39.716  -12.693  61.170 0.0000000000
58972  36.496  -19.204  63.292 0.0000000000
56406  36.532  -21.437  70.730 0.0000000000
55152  35.225  -22.698  69.818 0.0000000000
52623  34.794  -25.020  67.851 0.0000000000
50255  37.007  -26.884  70.104 0.0000000000
50268  35.978  -26.506  68.627 0.0000000000
57454  25.793  -19.269  80.884 0.0000000000
59939  25.208  -18.340  81.534 0.0000000000
58770  40.538  -19.423  73.844 0.0000000000
60100  41.297  -18.822  73.830 0.0000000000
60119  40.557  -18.717  72.274 0.0000000000
60134  40.930  -18.197  71.220 0.0000000000
58819  40.020  -19.399  71.154 0.0000000000
58820  39.391  -19.523  70.589 0.0000000000
57572  38.888  -20.022  71.593 0.0000000000
70983  53.224  -9.031  61.294 0.0000000000
71006  52.361  -9.035  60.718 0.0000000000
70984  52.585  -9.502  61.708 0.0000000000
53839  30.097  -23.522  72.561 0.0000000000
52579  29.534  -23.897  70.883 0.0000000000
53853  29.245  -23.468  71.546 0.0000000000
52534  22.932  -23.930  74.789 0.0000000000
53845  23.110  -23.591  72.928 0.0000000000
52546  22.381  -24.181  73.732 0.0000000000
52558  21.577  -24.611  72.927 0.0000000000
52547  21.309  -24.537  73.991 0.0000000000
59953  34.477  -18.336  80.426 0.0000000000
59975  35.398  -18.395  79.998 0.0000000000
58666  36.506  -19.197  79.207 0.0000000000
58687  36.181  -19.753  79.006 0.0000000000
56299  36.553  -21.367  78.858 0.0000000000
56301  35.171  -21.515  79.684 0.0000000000
53797  29.980  -23.182  74.608 0.0000000000
53812  31.296  -23.647  74.398 0.0000000000
52544  30.879  -23.698  73.390 0.0000000000
52553  31.528  -24.243  72.498 0.0000000000
69757  47.777  -10.708  64.211 0.0000000000
68648  48.092  -11.558  64.883 0.0000000000
68665  47.546  -11.603  63.989 0.0000000000
74582  47.197  -5.602  62.526 0.0000000000
75764  48.475  -4.818  63.603 0.0000000000
76988  47.411  -4.881  63.346 0.0000000000
75754  42.956  -5.818  64.908 0.0000000000
74554  44.196  -5.949  64.512 0.0000000000
74571  43.085  -6.677  64.247 0.0000000000
73392  42.653  -7.987  62.869 0.0000000000
73378  41.753  -7.890  63.897 0.0000000000
64094  39.736  -15.671  65.412 0.0000000000
65240  40.484  -14.560  66.194 0.0000000000
64114  39.415  -15.540  64.455 0.0000000000
65276  39.587  -14.624  64.006 0.0000000000
62818  38.959  -16.107  64.141 0.0000000000
61599  38.271  -17.244  62.869 0.0000000000
61577  38.278  -17.356  63.864 0.0000000000
51348  35.803  -25.141  73.900 0.0000000000
51361  35.967  -25.131  72.832 0.0000000000
51360  36.510  -25.830  73.425 0.0000000000
75906  54.332  -4.952  54.756 0.0000000000
75885  54.001  -5.729  55.274 0.0000000000
56314  28.503  -21.603  78.382 0.0000000000
56346  28.401  -21.955  76.192 0.0000000000
56330  27.571  -21.495  77.602 0.0000000000
57497  24.748  -20.104  78.707 0.0000000000
56333  25.394  -21.296  77.269 0.0000000000
57514  24.149  -20.763  77.676 0.0000000000
55047  23.684  -22.344  76.813 0.0000000000
57515  23.352  -20.764  77.537 0.0000000000
57435  32.128  -19.974  81.780 0.0000000000
56271  32.139  -21.619  81.585 0.0000000000
56257  30.744  -21.108  82.119 0.0000000000
56289  28.430  -21.573  80.519 0.0000000000
54998  29.290  -22.345  80.439 0.0000000000
55015  28.763  -22.211  79.009 0.0000000000
55041  29.375  -22.412  77.554 0.0000000000
63948  42.531  -15.275  73.539 0.0000000000
65124  43.151  -13.774  73.446 0.0000000000
65152  43.221  -13.640  72.079 0.0000000000
66281  43.014  -13.522  70.927 0.0000000000
65168  42.531  -14.530  71.118 0.0000000000
60167  40.729  -17.618  69.565 0.0000000000
62670  40.898  -16.559  69.285 0.0000000000
62693  40.035  -17.074  68.302 0.0000000000
62718  39.889  -16.929  67.794 0.0000000000
61477  39.540  -17.631  67.503 0.0000000000
60232  38.576  -18.281  66.425 0.0000000000
60212  38.842  -18.343  67.268 0.0000000000
57618  37.428  -20.442  68.378 0.0000000000
57639  37.378  -20.420  67.436 0.0000000000
57619  36.792  -20.688  67.877 0.0000000000
55189  36.074  -21.380  67.399 0.0000000000
55175  35.555  -22.285  68.063 0.0000000000
47948  36.855  -28.342  73.662 0.0000000000
47947  37.578  -28.289  73.617 0.0000000000
46790  37.758  -28.869  73.397 0.0000000000
72276  53.668  -7.809  58.110 0.0000000000
72300  53.337  -7.945  57.548 0.0000000000
72277  52.743  -8.305  58.623 0.0000000000
71041  50.986  -8.894  58.878 0.0000000000
49174  32.924  -27.088  68.702 0.0000000000
49189  32.166  -26.846  67.821 0.0000000000
55114  26.744  -22.320  73.576 0.0000000000
55143  27.331  -22.364  71.589 0.0000000000
55144  26.362  -22.392  71.697 0.0000000000
52582  23.252  -23.984  69.989 0.0000000000
53879  24.424  -23.470  69.428 0.0000000000
58683  39.105  -19.487  78.017 0.0000000000
60013  39.185  -18.707  77.583 0.0000000000
60035  39.519  -19.180  77.161 0.0000000000
58724  39.967  -19.085  76.060 0.0000000000
57522  39.218  -20.038  76.089 0.0000000000
57542  38.503  -20.528  74.748 0.0000000000
56343  38.145  -20.834  76.291 0.0000000000
55040  35.856  -22.793  77.431 0.0000000000
55059  36.662  -22.169  76.699 0.0000000000
55060  35.518  -23.074  76.376 0.0000000000
55077  35.373  -22.891  75.397 0.0000000000
53792  34.847  -23.755  75.570 0.0000000000
53722  32.647  -23.853  79.302 0.0000000000
53721  33.741  -23.607  79.376 0.0000000000
52457  33.024  -24.298  78.658 0.0000000000
52519  32.741  -24.501  75.275 0.0000000000
52518  33.631  -24.555  75.447 0.0000000000
51331  33.910  -25.251  74.882 0.0000000000
51330  34.558  -25.486  75.206 0.0000000000
51339  34.228  -25.946  74.488 0.0000000000
49111  35.300  -27.315  74.150 0.0000000000
50216  33.957  -26.248  73.356 0.0000000000
51388  33.051  -25.630  70.495 0.0000000000
49148  33.965  -27.138  70.928 0.0000000000
49159  33.627  -27.359  69.740 0.0000000000
70928  51.088  -9.473  64.224 0.0000000000
69755  51.712  -10.575  63.997 0.0000000000
69736  50.486  -10.639  65.136 0.0000000000
67496  50.566  -12.380  65.962 0.0000000000
57469  20.239  -20.277  80.577 0.0000000000
56305  20.784  -21.381  79.394 0.0000000000
56292  20.278  -21.312  80.236 0.0000000000
53698  18.561  -23.042  81.689 0.0000000000
53729  19.626  -23.487  80.067 0.0000000000
53728  20.308  -23.394  79.901 0.0000000000
52475  19.829  -24.251  78.584 0.0000000000
52509  19.565  -23.943  76.406 0.0000000000
52492  18.536  -24.491  77.146 0.0000000000
77021  54.219  -4.967  57.478 0.0000000000
74672  52.650  -6.298  57.874 0.0000000000
74656  52.370  -6.807  58.860 0.0000000000
74621  53.503  -7.570  60.323 0.0000000000
74644  51.791  -6.894  59.997 0.0000000000
73407  50.539  -6.708  62.055 0.0000000000
74600  51.834  -6.770  61.590 0.0000000000
74578  51.560  -6.831  62.228 0.0000000000
73369  51.287  -7.569  63.131 0.0000000000
74563  51.130  -6.923  62.968 0.0000000000
74549  49.326  -6.254  64.659 0.0000000000
73358  49.773  -7.213  64.387 0.0000000000
73359  48.996  -7.253  64.606 0.0000000000
72177  48.890  -8.461  64.350 0.0000000000
73371  48.507  -7.711  64.188 0.0000000000
76952  46.223  -4.095  64.950 0.0000000000
76933  46.806  -4.590  65.199 0.0000000000
75734  46.712  -4.774  65.409 0.0000000000
73375  45.038  -7.110  63.283 0.0000000000
74567  46.615  -6.529  63.783 0.0000000000
73389  45.587  -7.806  62.652 0.0000000000
72205  46.372  -8.689  62.585 0.0000000000
69792  45.519  -10.658  61.855 0.0000000000
72223  44.625  -9.404  61.687 0.0000000000
70989  42.487  -9.482  61.550 0.0000000000
69795  42.732  -10.263  60.995 0.0000000000
69812  42.239  -10.968  60.661 0.0000000000
68711  41.980  -11.800  60.632 0.0000000000
73336  41.431  -7.420  67.518 0.0000000000
68582  42.626  -11.616  69.504 0.0000000000
69680  42.910  -10.552  69.574 0.0000000000
68595  42.162  -11.472  68.293 0.0000000000
67514  41.003  -12.072  65.824 0.0000000000
68619  41.188  -11.341  66.215 0.0000000000
69721  41.346  -10.399  65.613 0.0000000000
70897  41.421  -9.408  66.084 0.0000000000
69740  41.147  -10.331  64.615 0.0000000000
69759  41.184  -10.135  63.683 0.0000000000
68650  40.564  -11.505  64.126 0.0000000000
65316  39.180  -14.109  62.334 0.0000000000
66412  39.710  -12.703  62.347 0.0000000000
66426  39.461  -13.422  60.901 0.0000000000
66442  39.800  -13.555  60.435 0.0000000000
65347  38.923  -14.861  60.000 0.0000000000
64187  38.527  -15.625  59.763 0.0000000000
61620  36.791  -17.854  60.682 0.0000000000
61635  37.168  -17.613  60.131 0.0000000000
58929  36.873  -19.751  65.272 0.0000000000
58955  37.254  -19.193  64.300 0.0000000000
58956  36.205  -19.808  64.361 0.0000000000
57733  34.364  -20.833  62.283 0.0000000000
57553  37.079  -20.544  73.299 0.0000000000
56396  37.306  -20.895  72.067 0.0000000000
56389  35.893  -21.550  72.480 0.0000000000
52562  35.407  -24.476  71.071 0.0000000000
53859  35.146  -23.609  70.437 0.0000000000
53873  35.098  -23.730  69.341 0.0000000000
53891  35.013  -24.085  68.733 0.0000000000
52591  35.291  -24.736  69.016 0.0000000000
49135  38.415  -27.676  71.599 0.0000000000
50243  37.919  -27.568  71.289 0.0000000000
49146  38.256  -28.043  70.943 0.0000000000
49185  36.542  -27.900  68.390 0.0000000000
50289  35.108  -26.904  67.214 0.0000000000
73539  52.234  -7.182  56.056 0.0000000000
74713  51.526  -6.729  55.424 0.0000000000
69790  51.279  -10.312  62.101 0.0000000000
56290  27.211  -20.696  80.462 0.0000000000
57494  27.045  -20.995  78.709 0.0000000000
57466  26.491  -20.100  80.257 0.0000000000
57482  25.005  -19.915  79.790 0.0000000000
58674  24.322  -19.405  79.594 0.0000000000
56275  27.839  -20.574  81.703 0.0000000000
61338  41.188  -17.563  75.629 0.0000000000
62607  42.130  -15.833  75.743 0.0000000000
62630  41.835  -17.648  74.039 0.0000000000
62638  42.054  -16.777  73.532 0.0000000000
62645  42.341  -15.975  72.300 0.0000000000
63996  41.942  -15.646  71.104 0.0000000000
61393  41.430  -17.279  71.549 0.0000000000
60150  40.866  -17.938  70.063 0.0000000000
60169  39.633  -18.718  69.453 0.0000000000
58863  39.180  -19.167  68.842 0.0000000000
58839  39.204  -19.287  69.706 0.0000000000
57600  38.111  -19.959  69.848 0.0000000000
57601  37.343  -20.510  69.463 0.0000000000
46817  36.519  -29.281  71.458 0.0000000000
46816  37.436  -29.534  71.862 0.0000000000
46832  37.938  -29.813  71.232 0.0000000000
72261  53.273  -8.314  59.721 0.0000000000
71039  52.554  -8.534  59.288 0.0000000000
72242  52.584  -8.643  60.247 0.0000000000
71007  51.095  -9.450  60.521 0.0000000000
51390  31.672  -25.402  69.689 0.0000000000
50260  31.380  -25.803  68.775 0.0000000000
52593  30.799  -24.746  69.385 0.0000000000
52607  29.938  -24.596  68.447 0.0000000000
52608  28.531  -23.849  68.792 0.0000000000
53830  24.356  -22.867  73.945 0.0000000000
53856  25.270  -22.706  71.947 0.0000000000
53844  24.194  -23.461  72.553 0.0000000000
52556  23.270  -23.907  71.970 0.0000000000
51377  20.720  -24.946  72.220 0.0000000000
58685  37.539  -19.226  78.210 0.0000000000
57507  37.762  -20.389  77.627 0.0000000000
56326  37.741  -21.184  77.424 0.0000000000
56311  37.571  -21.064  77.943 0.0000000000
55025  36.495  -22.044  78.729 0.0000000000
53735  35.424  -23.402  78.014 0.0000000000
53754  30.848  -23.540  77.798 0.0000000000
53753  31.887  -23.920  77.352 0.0000000000
53772  31.820  -23.689  76.106 0.0000000000
52520  32.276  -24.397  74.927 0.0000000000
51341  33.046  -25.090  73.566 0.0000000000
51350  33.490  -25.799  73.269 0.0000000000
52552  32.398  -24.659  72.224 0.0000000000
51375  32.618  -25.121  70.992 0.0000000000
69738  49.001  -10.371  65.244 0.0000000000
69719  49.996  -10.739  66.220 0.0000000000
69720  49.511  -10.766  65.798 0.0000000000
68631  48.936  -11.566  65.777 0.0000000000
53676  17.965  -23.265  82.880 0.0000000000
53712  18.142  -23.554  81.102 0.0000000000
52462  17.477  -24.575  79.161 0.0000000000
51296  16.709  -24.937  79.969 0.0000000000
74580  49.467  -6.220  62.665 0.0000000000
74564  50.186  -6.197  63.454 0.0000000000
75781  49.294  -5.450  63.409 0.0000000000
76949  49.148  -4.865  64.266 0.0000000000
75748  48.783  -5.384  64.661 0.0000000000
75736  44.957  -5.189  65.725 0.0000000000
75751  45.706  -5.365  65.342 0.0000000000
75752  44.705  -5.391  65.167 0.0000000000
74569  44.593  -6.482  63.924 0.0000000000
73390  44.488  -7.644  62.504 0.0000000000
72207  43.864  -8.366  62.065 0.0000000000
73391  43.397  -7.628  62.660 0.0000000000
72226  42.579  -8.844  61.923 0.0000000000
70990  41.924  -9.516  61.772 0.0000000000
65222  41.152  -14.452  67.899 0.0000000000
67486  41.477  -12.462  67.528 0.0000000000
66347  40.809  -13.544  66.534 0.0000000000
67501  40.830  -12.795  65.917 0.0000000000
67515  40.662  -12.377  65.268 0.0000000000
67530  40.449  -12.574  64.483 0.0000000000
66375  39.998  -13.542  63.929 0.0000000000
65294  39.366  -14.525  63.059 0.0000000000
64154  38.990  -15.030  62.101 0.0000000000
64174  38.438  -15.307  60.908 0.0000000000
64155  38.475  -15.805  61.872 0.0000000000
61618  38.003  -17.102  62.050 0.0000000000
60320  37.170  -18.041  62.140 0.0000000000
56466  35.299  -21.191  65.778 0.0000000000
57704  35.472  -20.491  64.408 0.0000000000
56480  34.394  -21.711  64.407 0.0000000000
53951  33.472  -22.542  63.650 0.0000000000
53952  33.055  -22.886  63.368 0.0000000000
55110  35.447  -22.290  73.245 0.0000000000
55126  35.475  -22.495  72.038 0.0000000000
53838  35.288  -23.326  72.711 0.0000000000
51387  35.863  -25.413  70.561 0.0000000000
48025  38.002  -28.457  69.700 0.0000000000
48042  38.222  -29.316  68.678 0.0000000000
77097  55.068  -4.243  53.697 0.0000000000
77098  54.319  -4.937  53.502 0.0000000000
75929  52.496  -5.580  53.350 0.0000000000
55095  29.301  -22.864  74.190 0.0000000000
55112  28.658  -22.629  73.414 0.0000000000
55096  28.444  -22.289  74.546 0.0000000000
56371  27.529  -21.997  75.070 0.0000000000
55082  26.325  -22.179  75.593 0.0000000000
57511  26.390  -20.775  77.677 0.0000000000
55045  25.815  -21.733  76.920 0.0000000000
55083  25.311  -22.246  75.434 0.0000000000
55084  24.570  -22.459  75.652 0.0000000000
53775  23.686  -23.122  76.177 0.0000000000
53777  22.590  -23.433  76.886 0.0000000000
58650  33.719  -19.622  80.481 0.0000000000
56285  34.217  -21.345  80.146 0.0000000000
56286  33.517  -21.679  80.773 0.0000000000
54995  31.937  -22.518  81.172 0.0000000000
53723  31.554  -23.325  79.669 0.0000000000
54981  30.384  -22.513  81.546 0.0000000000
53724  30.550  -22.874  80.056 0.0000000000
53740  30.725  -23.309  78.873 0.0000000000
53774  30.354  -23.266  77.310 0.0000000000
55062  29.959  -22.773  76.730 0.0000000000
68677  46.363  -11.547  62.831 0.0000000000
67546  46.996  -12.581  63.912 0.0000000000
67547  46.397  -12.881  63.304 0.0000000000
75784  46.759  -5.089  63.069 0.0000000000
78143  44.591  -4.100  65.805 0.0000000000
76936  44.552  -4.309  65.753 0.0000000000
75738  42.880  -4.932  65.659 0.0000000000
74543  42.426  -6.067  65.204 0.0000000000
67440  42.782  -12.561  70.233 0.0000000000
65187  41.940  -13.862  69.440 0.0000000000
64012  41.703  -15.679  70.056 0.0000000000
64036  41.409  -15.245  69.195 0.0000000000
64054  41.297  -15.093  68.436 0.0000000000
64055  40.961  -15.553  67.748 0.0000000000
62741  40.247  -16.238  66.769 0.0000000000
62767  39.336  -16.665  65.891 0.0000000000
61551  38.491  -17.752  64.862 0.0000000000
60249  38.353  -18.439  65.585 0.0000000000
58928  37.737  -19.141  65.292 0.0000000000
58905  37.363  -19.755  66.123 0.0000000000
58883  38.228  -19.435  67.411 0.0000000000
57663  37.064  -20.440  66.738 0.0000000000
57664  36.447  -20.670  66.357 0.0000000000
56455  35.795  -21.261  66.604 0.0000000000
55204  34.544  -22.336  66.592 0.0000000000
53916  34.405  -23.514  67.038 0.0000000000
50205  37.111  -27.082  74.199 0.0000000000
50225  37.264  -26.469  72.988 0.0000000000
49109  37.980  -27.774  73.348 0.0000000000
49108  38.386  -27.823  72.738 0.0000000000
49133  39.038  -28.381  71.520 0.0000000000
46800  38.780  -29.690  72.756 0.0000000000
46814  39.918  -29.367  71.721 0.0000000000
73518  55.037  -6.744  56.864 0.0000000000
73537  53.799  -6.659  56.026 0.0000000000
73520  53.136  -7.503  56.569 0.0000000000
73521  52.082  -7.698  56.696 0.0000000000
73522  51.139  -7.823  57.064 0.0000000000
72278  51.465  -8.584  58.384 0.0000000000
72303  50.777  -8.296  57.615 0.0000000000
53842  28.359  -22.998  71.594 0.0000000000
53862  27.785  -23.056  70.473 0.0000000000
52609  27.255  -23.652  68.435 0.0000000000
53864  25.661  -22.603  70.537 0.0000000000
53895  26.037  -23.379  68.610 0.0000000000
61321  40.370  -17.645  76.474 0.0000000000
60058  40.659  -18.639  75.763 0.0000000000
58756  40.342  -19.498  74.516 0.0000000000
58771  39.877  -19.742  73.781 0.0000000000
57561  39.098  -19.983  72.609 0.0000000000
57541  39.274  -20.274  74.260 0.0000000000
56378  37.610  -20.576  74.032 0.0000000000
56379  36.926  -20.671  73.905 0.0000000000
56344  37.525  -21.508  76.609 0.0000000000
56368  36.688  -21.533  74.866 0.0000000000
56369  35.859  -21.601  74.586 0.0000000000
53825  35.337  -23.238  73.875 0.0000000000
52530  35.261  -24.243  74.511 0.0000000000
51338  35.444  -25.340  74.752 0.0000000000
55011  34.350  -22.578  79.937 0.0000000000
53736  34.760  -23.657  78.346 0.0000000000
52485  34.443  -24.180  77.760 0.0000000000
52487  32.824  -24.225  77.109 0.0000000000
52502  33.568  -24.341  76.497 0.0000000000
53770  34.442  -24.208  76.304 0.0000000000
51329  35.121  -25.625  75.373 0.0000000000
50206  36.289  -26.748  74.585 0.0000000000
49096  36.033  -27.601  74.571 0.0000000000
49110  35.796  -27.876  73.815 0.0000000000
47966  35.922  -28.252  72.650 0.0000000000
50226  34.369  -26.951  72.380 0.0000000000
49136  34.491  -27.460  71.598 0.0000000000
47985  35.610  -28.581  71.609 0.0000000000
48006  35.335  -28.617  70.446 0.0000000000
69789  52.356  -10.268  62.544 0.0000000000
69772  52.365  -10.452  63.241 0.0000000000
68629  50.744  -11.406  65.564 0.0000000000
67526  51.357  -11.923  65.084 0.0000000000
67529  47.409  -12.906  64.645 0.0000000000
61233  24.239  -17.426  81.464 0.0000000000
59962  23.436  -18.169  80.818 0.0000000000
59985  23.299  -18.683  79.986 0.0000000000
58677  21.496  -19.312  79.793 0.0000000000
58697  22.577  -19.662  78.719 0.0000000000
56318  22.003  -21.439  77.717 0.0000000000
55029  22.213  -23.045  78.029 0.0000000000
53758  22.020  -23.507  77.674 0.0000000000
54983  20.309  -22.122  81.939 0.0000000000
53727  20.826  -23.073  79.512 0.0000000000
52473  21.237  -23.725  78.718 0.0000000000
52523  21.396  -24.262  75.790 0.0000000000
52524  20.498  -24.220  75.599 0.0000000000
75854  54.685  -5.264  56.663 0.0000000000
75832  54.751  -5.837  57.591 0.0000000000
74653  54.760  -6.398  57.929 0.0000000000
75835  53.210  -5.725  57.479 0.0000000000
74655  53.565  -6.609  58.827 0.0000000000
73450  53.703  -7.842  59.814 0.0000000000
73449  53.723  -7.920  60.091 0.0000000000
73424  53.627  -7.999  60.763 0.0000000000
73406  53.208  -7.942  61.425 0.0000000000
74623  51.785  -6.709  60.968 0.0000000000
74577  52.354  -7.317  61.846 0.0000000000
72202  52.758  -8.616  62.033 0.0000000000
72203  52.178  -8.894  62.724 0.0000000000
72174  50.945  -8.533  63.935 0.0000000000
72175  50.417  -8.153  64.198 0.0000000000
74548  50.063  -6.324  64.228 0.0000000000
70930  49.336  -9.339  64.821 0.0000000000
70932  47.959  -10.099  64.324 0.0000000000
70949  47.019  -10.250  63.367 0.0000000000
76969  47.814  -4.675  63.792 0.0000000000
75749  47.491  -5.151  64.902 0.0000000000
74551  47.457  -6.099  64.421 0.0000000000
74552  46.235  -5.776  64.504 0.0000000000
73372  47.773  -7.424  63.866 0.0000000000
72188  47.263  -8.565  63.220 0.0000000000
70967  47.193  -9.307  63.073 0.0000000000
69774  46.630  -10.744  63.210 0.0000000000
69775  46.154  -10.658  62.521 0.0000000000
68694  45.146  -11.558  61.654 0.0000000000
70987  44.271  -9.910  61.511 0.0000000000
69794  43.740  -10.679  61.123 0.0000000000
75723  41.970  -5.134  66.632 0.0000000000
74544  41.889  -6.567  65.435 0.0000000000
72140  42.214  -8.878  68.323 0.0000000000
68606  41.964  -10.899  67.820 0.0000000000
69701  41.893  -10.363  67.435 0.0000000000
72141  41.747  -8.494  67.743 0.0000000000
72154  41.294  -8.241  66.661 0.0000000000
72165  41.355  -8.371  65.440 0.0000000000
73362  41.806  -7.285  64.676 0.0000000000
72191  41.472  -8.636  63.614 0.0000000000
70950  41.395  -9.388  63.219 0.0000000000
69777  40.735  -10.782  62.293 0.0000000000
68667  40.410  -11.521  62.961 0.0000000000
68679  40.499  -11.574  61.983 0.0000000000
68698  40.650  -11.672  61.186 0.0000000000
67601  40.573  -12.465  60.556 0.0000000000
62878  37.975  -16.203  60.186 0.0000000000
62904  37.952  -16.999  58.725 0.0000000000
61552  37.843  -18.031  64.246 0.0000000000
60291  37.068  -18.717  63.212 0.0000000000
58988  36.123  -19.009  62.074 0.0000000000
57716  35.047  -20.524  63.249 0.0000000000
57732  34.827  -20.088  62.040 0.0000000000
57573  38.014  -20.474  71.590 0.0000000000
56405  37.208  -20.930  71.155 0.0000000000
56413  36.439  -21.251  69.576 0.0000000000
55141  35.316  -22.606  70.910 0.0000000000
56407  35.733  -21.890  70.269 0.0000000000
56414  35.605  -21.931  69.217 0.0000000000
55176  34.839  -23.024  68.218 0.0000000000
53906  34.597  -23.621  67.824 0.0000000000
52624  34.485  -24.567  67.495 0.0000000000
50234  37.274  -26.732  72.005 0.0000000000
51386  36.641  -26.187  71.138 0.0000000000
51398  36.216  -26.201  70.140 0.0000000000
49170  37.588  -28.160  69.250 0.0000000000
50267  36.855  -26.883  69.093 0.0000000000
50269  35.114  -26.302  68.302 0.0000000000
51423  34.593  -25.588  67.564 0.0000000000
74726  52.965  -6.166  54.940 0.0000000000
75908  52.372  -5.883  54.205 0.0000000000
75930  51.522  -5.852  53.579 0.0000000000
58786  40.173  -19.209  73.012 0.0000000000
60101  40.877  -19.001  73.327 0.0000000000
58801  40.061  -19.321  72.004 0.0000000000
58802  39.356  -19.703  71.592 0.0000000000
58788  39.076  -19.881  72.108 0.0000000000
53852  29.797  -23.525  71.928 0.0000000000
55127  29.358  -23.054  72.869 0.0000000000
52521  23.020  -23.911  75.884 0.0000000000
52535  21.956  -24.401  74.851 0.0000000000
58649  34.420  -19.120  80.054 0.0000000000
58668  34.969  -18.864  79.814 0.0000000000
58648  34.943  -19.254  79.743 0.0000000000
58667  35.614  -19.289  79.566 0.0000000000
57475  35.661  -20.450  79.275 0.0000000000
57476  34.806  -20.658  79.692 0.0000000000
53814  29.832  -23.264  73.824 0.0000000000
53813  30.525  -23.416  74.234 0.0000000000
53827  30.384  -23.510  73.397 0.0000000000
52554  30.803  -23.785  72.851 0.0000000000
69758  47.279  -10.775  63.604 0.0000000000
75783  47.800  -5.101  63.129 0.0000000000
74583  46.658  -5.545  62.558 0.0000000000
74555  43.375  -6.221  64.567 0.0000000000
73377  42.692  -7.228  63.745 0.0000000000
73361  42.389  -7.084  64.354 0.0000000000
62796  38.681  -16.827  64.432 0.0000000000
75884  54.448  -5.269  55.500 0.0000000000
74710  54.248  -6.251  55.835 0.0000000000
56315  27.582  -21.150  78.638 0.0000000000
58695  24.099  -19.844  78.793 0.0000000000
57513  25.060  -20.693  77.789 0.0000000000
58617  31.696  -19.492  81.592 0.0000000000
56256  31.683  -20.896  81.908 0.0000000000
56302  28.353  -21.587  79.328 0.0000000000
54999  28.774  -22.169  79.787 0.0000000000
55028  28.870  -22.078  78.530 0.0000000000
65138  43.084  -14.556  73.029 0.0000000000
65137  43.267  -13.721  72.622 0.0000000000
65153  42.921  -14.251  71.965 0.0000000000
63980  42.387  -15.322  71.700 0.0000000000
60190  40.094  -17.897  68.589 0.0000000000
61423  40.623  -17.241  69.164 0.0000000000
61452  39.900  -17.558  68.194 0.0000000000
55174  35.935  -21.514  67.721 0.0000000000
56424  36.097  -21.379  68.348 0.0000000000
47965  36.806  -28.602  72.920 0.0000000000
47964  37.373  -28.653  73.312 0.0000000000
50270  32.260  -26.600  68.716 0.0000000000
55131  26.018  -22.340  72.743 0.0000000000
52598  23.366  -24.013  69.081 0.0000000000
58706  38.613  -19.818  77.738 0.0000000000
58705  39.179  -19.443  77.467 0.0000000000
58725  39.416  -19.492  76.677 0.0000000000
57523  38.627  -20.161  76.600 0.0000000000
53769  34.818  -23.965  76.538 0.0000000000
53738  32.487  -24.000  78.262 0.0000000000
52531  33.379  -24.795  74.818 0.0000000000
50215  34.453  -26.684  73.623 0.0000000000
51349  34.023  -25.963  73.744 0.0000000000
50246  32.868  -25.966  69.824 0.0000000000
50257  33.234  -26.537  69.648 0.0000000000
50258  32.582  -26.474  69.249 0.0000000000
49160  33.174  -26.792  69.256 0.0000000000
69735  51.110  -10.514  64.489 0.0000000000
56278  20.213  -21.287  81.286 0.0000000000
53711  19.011  -23.330  80.795 0.0000000000
52476  18.661  -24.380  78.334 0.0000000000
77046  53.287  -4.271  56.438 0.0000000000
77047  52.686  -4.632  56.364 0.0000000000
74673  51.511  -6.588  57.965 0.0000000000
74601  51.178  -6.500  61.856 0.0000000000
74579  50.596  -6.647  62.531 0.0000000000
74550  48.453  -6.116  64.763 0.0000000000
75735  46.023  -4.800  65.692 0.0000000000
69813  41.614  -11.189  60.810 0.0000000000
67474  42.275  -12.499  68.871 0.0000000000
67475  41.748  -12.480  68.247 0.0000000000
68649  40.829  -10.952  64.524 0.0000000000
65332  39.171  -14.177  61.376 0.0000000000
65346  39.671  -14.190  60.297 0.0000000000
65333  39.010  -14.638  60.774 0.0000000000
61636  36.851  -17.986  60.254 0.0000000000
60337  36.514  -18.398  60.227 0.0000000000
58930  36.371  -20.043  65.039 0.0000000000
56388  36.775  -20.771  72.803 0.0000000000
52576  35.267  -24.681  69.984 0.0000000000
49134  38.808  -28.213  71.389 0.0000000000
73540  50.851  -7.431  56.106 0.0000000000
56291  26.745  -20.352  80.767 0.0000000000
57465  26.897  -20.359  79.804 0.0000000000
57467  25.608  -19.594  80.433 0.0000000000
57468  24.955  -19.555  80.218 0.0000000000
59961  24.123  -18.620  80.364 0.0000000000
56276  26.847  -20.250  81.268 0.0000000000
57452  27.109  -19.616  82.054 0.0000000000
62620  41.898  -16.756  75.180 0.0000000000
61353  41.798  -17.803  74.436 0.0000000000
60118  41.137  -18.059  72.566 0.0000000000
61368  41.869  -17.635  73.091 0.0000000000
62646  41.771  -16.577  72.790 0.0000000000
62654  42.054  -16.448  71.762 0.0000000000
60151  40.185  -18.752  70.379 0.0000000000
58821  38.706  -19.564  70.066 0.0000000000
57586  37.740  -20.515  70.514 0.0000000000
46818  35.892  -29.133  70.769 0.0000000000
46833  37.255  -29.689  70.898 0.0000000000
72240  53.510  -8.430  60.413 0.0000000000
72262  52.805  -8.515  60.032 0.0000000000
72241  53.055  -8.680  60.349 0.0000000000
52577  31.490  -24.675  70.038 0.0000000000
52592  31.376  -24.970  69.547 0.0000000000
52580  28.963  -23.666  70.737 0.0000000000
52594  29.789  -24.035  69.655 0.0000000000
53846  22.637  -23.690  73.194 0.0000000000
52568  23.188  -23.866  70.940 0.0000000000
52569  22.426  -24.136  71.326 0.0000000000
52584  21.708  -24.652  70.560 0.0000000000
52570  21.604  -24.591  71.750 0.0000000000
51364  20.747  -24.866  73.326 0.0000000000
51365  19.940  -25.343  72.910 0.0000000000
61265  36.549  -17.746  79.355 0.0000000000
58686  36.864  -19.711  78.730 0.0000000000
58665  37.088  -19.090  78.903 0.0000000000
58708  37.080  -19.795  78.016 0.0000000000
58707  37.791  -19.736  77.720 0.0000000000
57508  37.307  -20.218  77.865 0.0000000000
57489  37.405  -20.729  78.118 0.0000000000
55009  36.277  -21.889  79.147 0.0000000000
55026  35.918  -22.644  78.352 0.0000000000
53719  35.345  -23.151  78.679 0.0000000000
53795  31.801  -23.999  75.181 0.0000000000
52533  31.993  -24.196  74.304 0.0000000000
52532  32.804  -24.636  74.336 0.0000000000
52542  32.387  -24.453  73.311 0.0000000000
51351  32.902  -25.229  72.796 0.0000000000
52564  31.701  -24.600  71.258 0.0000000000
51376  31.975  -25.034  70.406 0.0000000000
67512  48.955  -12.317  66.400 0.0000000000
53687  17.492  -23.656  82.577 0.0000000000
53699  17.784  -23.707  81.779 0.0000000000
52446  17.203  -24.210  80.781 0.0000000000
75782  48.706  -5.368  63.231 0.0000000000
75763  49.065  -4.883  63.707 0.0000000000
76968  48.787  -4.541  63.966 0.0000000000
74570  43.639  -6.578  64.051 0.0000000000
72190  42.041  -8.168  63.244 0.0000000000
72209  42.216  -8.631  62.484 0.0000000000
70970  42.152  -9.138  61.985 0.0000000000
70971  41.690  -9.373  62.336 0.0000000000
65223  40.777  -14.589  67.090 0.0000000000
66328  40.909  -13.786  67.391 0.0000000000
65256  40.098  -14.724  65.429 0.0000000000
66359  40.440  -13.558  65.310 0.0000000000
64132  39.138  -15.475  63.390 0.0000000000
61600  37.668  -17.645  62.454 0.0000000000
56479  35.102  -21.225  64.887 0.0000000000
56467  34.510  -21.844  65.488 0.0000000000
53935  33.551  -22.791  63.948 0.0000000000
53953  32.762  -23.816  63.358 0.0000000000
52551  35.507  -24.324  72.204 0.0000000000
75928  53.427  -5.282  53.101 0.0000000000
55063  29.235  -22.296  76.107 0.0000000000
55080  28.744  -22.278  75.511 0.0000000000
56347  27.454  -21.615  76.560 0.0000000000
56357  27.366  -21.878  75.703 0.0000000000
55081  27.013  -22.185  75.093 0.0000000000
57495  26.535  -20.827  78.448 0.0000000000
55066  25.356  -22.134  76.275 0.0000000000
55067  24.140  -22.476  76.317 0.0000000000
55068  23.547  -22.964  76.552 0.0000000000
53776  23.179  -23.501  76.357 0.0000000000
53756  23.051  -23.060  76.956 0.0000000000
58616  32.537  -19.309  81.132 0.0000000000
58615  33.078  -18.948  80.835 0.0000000000
58630  33.300  -19.169  80.846 0.0000000000
57447  33.021  -20.089  80.849 0.0000000000
57464  33.596  -20.648  80.557 0.0000000000
56270  32.966  -21.093  81.136 0.0000000000
54979  31.616  -22.246  81.766 0.0000000000
53706  32.305  -23.133  80.268 0.0000000000
53707  31.354  -23.035  80.882 0.0000000000
56258  29.726  -21.027  82.254 0.0000000000
55013  29.870  -22.589  80.109 0.0000000000
54997  30.091  -22.615  80.797 0.0000000000
53725  29.942  -22.712  79.694 0.0000000000
53755  29.940  -23.160  77.986 0.0000000000
55079  29.618  -22.735  75.391 0.0000000000
67561  46.617  -12.253  63.127 0.0000000000
76921  44.160  -4.051  66.195 0.0000000000
76937  43.800  -4.353  66.043 0.0000000000
62619  42.715  -16.135  74.970 0.0000000000
67439  43.287  -12.410  70.936 0.0000000000
66297  42.310  -13.399  70.034 0.0000000000
62661  41.566  -16.475  70.820 0.0000000000
64013  41.206  -15.966  69.485 0.0000000000
62742  39.842  -16.909  66.777 0.0000000000
62717  40.392  -16.322  67.340 0.0000000000
61525  39.325  -17.245  66.314 0.0000000000
61526  38.884  -17.643  65.919 0.0000000000
60213  38.314  -18.708  66.902 0.0000000000
58882  39.050  -19.114  67.982 0.0000000000
57638  38.056  -20.151  68.068 0.0000000000
56438  36.975  -20.702  67.260 0.0000000000
55190  35.478  -21.749  67.312 0.0000000000
49095  36.820  -27.528  74.341 0.0000000000
49094  37.426  -27.611  73.950 0.0000000000
47946  38.574  -28.494  73.071 0.0000000000
47963  38.693  -28.119  72.477 0.0000000000
47962  39.140  -28.554  72.129 0.0000000000
46799  39.509  -29.641  72.488 0.0000000000
73519  54.231  -6.950  56.559 0.0000000000
73499  53.872  -7.505  57.355 0.0000000000
72301  52.848  -8.249  57.676 0.0000000000
73500  52.967  -8.085  57.061 0.0000000000
73501  52.086  -8.064  57.298 0.0000000000
73502  51.484  -8.154  57.439 0.0000000000
72279  50.363  -8.557  58.439 0.0000000000
51410  30.634  -25.381  68.394 0.0000000000
50272  31.259  -25.869  67.923 0.0000000000
51424  30.551  -25.473  67.534 0.0000000000
53841  28.757  -23.138  71.975 0.0000000000
55129  28.143  -22.576  72.301 0.0000000000
55155  26.751  -22.473  70.979 0.0000000000
55154  27.475  -22.628  70.901 0.0000000000
53876  27.256  -23.186  69.713 0.0000000000
53893  27.608  -23.449  69.141 0.0000000000
53894  26.866  -23.304  68.954 0.0000000000
53865  24.499  -23.116  70.053 0.0000000000
52611  24.868  -23.730  67.956 0.0000000000
53896  25.281  -23.534  68.407 0.0000000000
53908  25.266  -23.596  67.966 0.0000000000
61284  37.993  -17.666  78.479 0.0000000000
61303  38.633  -17.566  77.770 0.0000000000
60012  39.686  -18.341  77.128 0.0000000000
61302  39.556  -17.561  77.209 0.0000000000
61301  39.925  -18.127  76.915 0.0000000000
61339  40.777  -18.052  75.817 0.0000000000
58742  39.694  -19.594  75.767 0.0000000000
58741  40.319  -19.318  75.332 0.0000000000
58757  39.835  -19.761  74.867 0.0000000000
57543  38.118  -20.736  75.350 0.0000000000
56367  37.665  -20.831  74.694 0.0000000000
56355  37.028  -21.851  75.966 0.0000000000
55093  35.899  -21.807  74.950 0.0000000000
55094  35.389  -22.180  74.581 0.0000000000
54993  33.915  -22.134  80.494 0.0000000000
53737  34.224  -23.721  78.713 0.0000000000
52470  34.268  -23.938  78.309 0.0000000000
52488  32.342  -24.005  76.554 0.0000000000
53752  32.569  -24.091  77.686 0.0000000000
52501  34.316  -24.391  76.830 0.0000000000
50201  35.003  -26.113  75.506 0.0000000000
50200  35.338  -26.263  75.190 0.0000000000
51337  35.724  -26.050  74.979 0.0000000000
50199  35.664  -26.338  74.901 0.0000000000
50207  35.648  -26.755  74.769 0.0000000000
49123  35.892  -27.861  73.173 0.0000000000
51362  33.397  -25.859  72.322 0.0000000000
50227  33.856  -26.434  72.811 0.0000000000
50236  33.884  -26.580  71.687 0.0000000000
49137  34.181  -27.052  71.466 0.0000000000
47986  34.973  -28.097  71.923 0.0000000000
48007  34.812  -28.120  71.022 0.0000000000
68663  51.412  -11.474  64.050 0.0000000000
69718  50.368  -11.106  66.030 0.0000000000
69706  50.316  -11.330  66.123 0.0000000000
67511  51.080  -12.072  65.553 0.0000000000
67527  51.233  -12.519  64.922 0.0000000000
59941  23.582  -17.538  81.233 0.0000000000
59986  22.533  -18.541  80.284 0.0000000000
58676  22.485  -19.116  79.488 0.0000000000
58698  21.787  -19.600  78.922 0.0000000000
57500  21.856  -20.427  78.373 0.0000000000
55016  20.976  -22.364  78.987 0.0000000000
55030  21.711  -22.564  78.087 0.0000000000
53742  22.258  -23.203  77.831 0.0000000000
53743  21.801  -23.382  78.229 0.0000000000
53684  20.203  -22.664  82.444 0.0000000000
55000  20.497  -22.156  80.931 0.0000000000
53709  20.469  -22.867  80.452 0.0000000000
52474  20.776  -24.206  78.699 0.0000000000
52459  20.746  -23.692  79.233 0.0000000000
52489  21.515  -24.052  78.077 0.0000000000
52508  20.579  -24.000  76.596 0.0000000000
52525  19.670  -24.343  75.548 0.0000000000
52477  17.748  -24.707  77.917 0.0000000000
77044  54.462  -4.317  56.625 0.0000000000
77020  54.417  -5.028  57.272 0.0000000000
75834  53.847  -5.380  57.914 0.0000000000
75833  54.334  -5.420  57.968 0.0000000000
74654  54.310  -6.216  58.486 0.0000000000
75857  51.895  -5.355  56.705 0.0000000000
74642  53.674  -7.654  59.968 0.0000000000
73405  53.527  -8.140  61.069 0.0000000000
73451  51.349  -6.871  60.773 0.0000000000
73426  51.359  -6.742  61.017 0.0000000000
73384  52.603  -7.910  61.939 0.0000000000
72185  51.364  -8.442  63.390 0.0000000000
72186  50.856  -8.097  63.804 0.0000000000
75761  49.955  -5.718  64.048 0.0000000000
70947  48.133  -9.329  63.896 0.0000000000
70948  47.602  -9.712  63.668 0.0000000000
75765  46.522  -4.969  63.468 0.0000000000
76989  47.210  -4.826  63.496 0.0000000000
75733  47.004  -4.821  65.270 0.0000000000
76951  47.227  -4.743  64.550 0.0000000000
74566  47.264  -6.789  63.778 0.0000000000
72204  46.982  -9.099  62.795 0.0000000000
70968  46.715  -9.780  62.916 0.0000000000
68695  44.365  -11.597  61.262 0.0000000000
72224  44.072  -9.162  61.701 0.0000000000
70988  43.413  -9.707  61.393 0.0000000000
69811  43.022  -11.018  60.694 0.0000000000
74527  41.450  -6.334  67.238 0.0000000000
74536  41.648  -6.370  66.269 0.0000000000
75739  42.097  -5.777  65.791 0.0000000000
69691  42.627  -10.543  68.862 0.0000000000
70857  42.972  -9.594  69.403 0.0000000000
70868  42.489  -9.594  68.574 0.0000000000
72125  42.566  -8.529  69.021 0.0000000000
68596  41.728  -11.942  67.856 0.0000000000
68607  41.562  -11.405  67.338 0.0000000000
69708  41.465  -10.408  66.644 0.0000000000
70881  42.195  -9.529  67.784 0.0000000000
72178  41.393  -8.475  64.447 0.0000000000
69776  41.192  -10.090  62.713 0.0000000000
67548  40.256  -12.416  63.482 0.0000000000
67564  39.759  -12.551  61.914 0.0000000000
67563  40.108  -12.264  62.457 0.0000000000
67582  40.205  -12.171  61.528 0.0000000000
68713  40.880  -11.766  60.803 0.0000000000
65345  40.158  -14.097  60.023 0.0000000000
62862  37.953  -16.416  61.336 0.0000000000
61651  37.429  -17.538  59.293 0.0000000000
62894  37.677  -17.000  58.931 0.0000000000
60363  37.640  -17.974  58.783 0.0000000000
60273  37.677  -18.651  64.380 0.0000000000
58971  37.092  -18.933  63.631 0.0000000000
60303  36.796  -18.561  62.526 0.0000000000
58989  35.598  -19.664  62.635 0.0000000000
56493  34.879  -21.082  64.083 0.0000000000
58957  35.609  -20.135  63.900 0.0000000000
57562  38.594  -20.177  72.480 0.0000000000
56397  36.622  -21.303  71.757 0.0000000000
56412  36.994  -20.854  70.311 0.0000000000
56425  35.579  -22.081  68.558 0.0000000000
55161  35.047  -22.738  68.810 0.0000000000
52604  34.899  -24.666  68.275 0.0000000000
53892  34.723  -23.767  68.378 0.0000000000
52605  34.611  -24.170  68.037 0.0000000000
50254  37.585  -27.512  70.726 0.0000000000
50244  37.383  -27.043  71.180 0.0000000000
49172  36.582  -27.227  68.570 0.0000000000
50256  36.408  -26.395  69.422 0.0000000000
51408  35.125  -25.625  68.624 0.0000000000
50279  34.860  -26.364  67.686 0.0000000000
51440  34.265  -25.470  66.590 0.0000000000
77119  54.820  -4.889  52.850 0.0000000000
74711  53.441  -6.496  55.570 0.0000000000
74712  52.571  -6.666  55.469 0.0000000000
74727  52.016  -6.356  54.775 0.0000000000
75909  51.540  -5.972  54.231 0.0000000000
57453  26.260  -19.610  81.077 0.0000000000
58637  25.592  -18.942  81.216 0.0000000000
58638  24.834  -18.871  81.356 0.0000000000
60081  40.816  -19.041  74.571 0.0000000000
60135  40.460  -18.962  71.384 0.0000000000
57584  39.124  -19.923  71.167 0.0000000000
70982  53.358  -8.919  61.049 0.0000000000
71005  53.224  -9.040  60.871 0.0000000000
52565  30.520  -23.848  71.716 0.0000000000
52566  29.769  -23.650  71.487 0.0000000000
53860  28.933  -23.635  71.039 0.0000000000
53831  23.487  -23.640  73.778 0.0000000000
52545  22.979  -23.965  73.982 0.0000000000
53832  22.916  -23.754  73.549 0.0000000000
59974  36.122  -18.485  79.565 0.0000000000
59973  36.761  -18.617  79.167 0.0000000000
57491  36.393  -20.262  78.826 0.0000000000
57474  36.338  -20.825  78.970 0.0000000000
56300  36.017  -21.454  79.288 0.0000000000
53796  30.773  -23.382  75.350 0.0000000000
53826  30.910  -23.609  73.789 0.0000000000
68647  48.640  -11.030  65.105 0.0000000000
67545  47.560  -12.256  64.537 0.0000000000
74581  48.173  -5.923  62.612 0.0000000000
64093  40.150  -15.313  66.043 0.0000000000
65257  39.728  -14.952  64.833 0.0000000000
62819  38.687  -16.517  63.369 0.0000000000
51372  36.675  -25.875  72.350 0.0000000000
74725  53.654  -5.991  55.247 0.0000000000
56329  28.615  -21.847  77.387 0.0000000000
55064  27.094  -21.307  76.875 0.0000000000
57512  25.916  -20.504  77.615 0.0000000000
56334  24.463  -21.554  77.286 0.0000000000
56335  23.358  -21.606  77.083 0.0000000000
57448  32.458  -20.546  81.485 0.0000000000
56272  31.291  -21.796  81.903 0.0000000000
56288  29.105  -22.066  80.967 0.0000000000
55014  29.377  -22.547  79.530 0.0000000000
55027  29.273  -22.467  78.479 0.0000000000
56328  29.129  -22.100  77.901 0.0000000000
62628  42.582  -16.129  74.028 0.0000000000
65125  42.624  -14.500  73.843 0.0000000000
66263  43.328  -13.000  72.159 0.0000000000
66280  43.385  -12.953  71.434 0.0000000000
66264  43.215  -13.493  71.676 0.0000000000
66282  42.394  -14.087  70.548 0.0000000000
61422  41.062  -17.265  69.706 0.0000000000
62692  40.431  -16.565  68.415 0.0000000000
61502  38.900  -17.912  66.380 0.0000000000
60231  38.853  -18.017  66.657 0.0000000000
57617  38.158  -20.220  68.892 0.0000000000
57640  36.931  -20.724  67.350 0.0000000000
56439  36.533  -21.070  67.408 0.0000000000
56440  36.186  -21.348  67.133 0.0000000000
46789  38.263  -29.055  73.366 0.0000000000
73474  54.524  -7.036  58.149 0.0000000000
71025  50.885  -9.264  59.510 0.0000000000
52625  29.700  -24.804  67.680 0.0000000000
55130  27.073  -22.305  72.536 0.0000000000
52567  23.865  -23.589  70.563 0.0000000000
52581  23.930  -23.671  69.670 0.0000000000
52612  24.254  -23.947  68.054 0.0000000000
59993  38.915  -19.175  78.078 0.0000000000
57531  38.567  -20.524  75.783 0.0000000000
56353  38.144  -20.799  75.949 0.0000000000
55039  36.844  -22.091  77.835 0.0000000000
53705  33.137  -23.340  79.974 0.0000000000
52456  33.295  -24.148  79.023 0.0000000000
52472  33.045  -24.239  77.956 0.0000000000
52503  32.810  -24.242  76.107 0.0000000000
49097  35.520  -27.059  74.586 0.0000000000
50245  33.527  -26.374  70.486 0.0000000000
49158  34.080  -27.764  70.006 0.0000000000
49173  33.562  -27.724  68.709 0.0000000000
68646  50.865  -11.278  65.156 0.0000000000
68616  50.405  -11.695  66.037 0.0000000000
67497  50.147  -12.411  66.293 0.0000000000
58678  20.708  -19.529  80.189 0.0000000000
57484  20.439  -20.281  79.648 0.0000000000
54968  19.225  -22.767  82.820 0.0000000000
53697  19.619  -22.851  81.900 0.0000000000
53710  19.968  -23.207  80.801 0.0000000000
52460  20.052  -23.911  79.375 0.0000000000
52491  19.646  -24.166  77.500 0.0000000000
77045  54.010  -4.422  57.009 0.0000000000
75855  54.001  -4.960  57.587 0.0000000000
74691  51.736  -6.146  57.416 0.0000000000
74622  52.796  -7.105  60.528 0.0000000000
73427  50.926  -6.740  61.289 0.0000000000
74624  51.432  -6.652  61.428 0.0000000000
75747  49.574  -5.588  64.326 0.0000000000
74568  45.604  -6.473  63.884 0.0000000000
73374  46.008  -7.247  63.364 0.0000000000
73388  46.362  -7.833  62.905 0.0000000000
72189  46.751  -8.129  62.975 0.0000000000
70986  45.041  -9.840  61.706 0.0000000000
68710  42.753  -11.751  60.664 0.0000000000
70933  41.235  -9.376  64.100 0.0000000000
69741  40.855  -10.704  64.085 0.0000000000
66395  39.513  -13.724  62.987 0.0000000000
66413  39.403  -13.230  62.003 0.0000000000
67602  39.862  -13.074  60.525 0.0000000000
65359  39.624  -14.922  59.475 0.0000000000
64200  38.909  -15.917  59.254 0.0000000000
61619  37.325  -17.440  61.365 0.0000000000
60336  36.888  -18.078  59.953 0.0000000000
58954  37.759  -18.934  64.682 0.0000000000
58973  35.749  -19.802  63.518 0.0000000000
55245  33.777  -21.962  63.167 0.0000000000
57717  34.408  -21.072  62.899 0.0000000000
56506  33.901  -21.527  62.567 0.0000000000
57564  37.223  -20.525  73.045 0.0000000000
56387  37.237  -20.722  72.476 0.0000000000
53874  34.882  -23.508  68.767 0.0000000000
49122  38.328  -27.439  71.981 0.0000000000
50233  37.900  -27.324  71.780 0.0000000000
48044  36.876  -28.297  68.445 0.0000000000
49186  36.079  -27.492  67.917 0.0000000000
50278  35.368  -26.894  67.885 0.0000000000
68675  50.470  -11.361  62.674 0.0000000000
57479  27.132  -20.706  79.274 0.0000000000
57480  26.412  -20.464  79.337 0.0000000000
57481  25.651  -20.145  79.544 0.0000000000
56259  28.614  -20.585  82.307 0.0000000000
62608  41.344  -16.390  76.069 0.0000000000
62629  42.252  -17.008  74.270 0.0000000000
61369  41.675  -18.038  73.615 0.0000000000
62639  41.774  -17.487  73.696 0.0000000000
62637  42.225  -15.964  73.176 0.0000000000
61406  41.147  -17.276  70.540 0.0000000000
60168  40.300  -18.021  69.267 0.0000000000
58840  38.677  -19.660  69.290 0.0000000000
46802  36.935  -29.145  72.330 0.0000000000
45756  37.753  -30.215  70.496 0.0000000000
71023  52.687  -8.416  59.572 0.0000000000
71024  52.144  -8.576  59.846 0.0000000000
50247  32.013  -26.039  69.628 0.0000000000
51391  31.383  -25.571  69.236 0.0000000000
51401  30.992  -25.349  69.013 0.0000000000
52606  30.542  -25.094  68.840 0.0000000000
52626  28.880  -24.561  67.298 0.0000000000
52627  27.548  -24.063  67.558 0.0000000000
55116  25.095  -22.553  74.184 0.0000000000
53843  25.089  -22.748  73.089 0.0000000000
52555  23.821  -23.649  71.467 0.0000000000
51392  20.806  -25.151  70.962 0.0000000000
59995  37.388  -18.382  78.772 0.0000000000
59994  38.306  -18.729  78.112 0.0000000000
58684  38.534  -19.439  78.000 0.0000000000
57506  38.197  -20.227  77.216 0.0000000000
56327  37.357  -21.495  77.861 0.0000000000
56312  37.127  -21.374  78.352 0.0000000000
53794  32.255  -24.293  75.301 0.0000000000
51363  32.979  -25.136  71.881 0.0000000000
52563  32.465  -24.827  71.594 0.0000000000
51389  32.329  -25.531  70.164 0.0000000000
69737  49.753  -10.132  65.490 0.0000000000
68630  49.556  -11.177  66.030 0.0000000000
68618  49.288  -12.030  66.310 0.0000000000
54969  18.509  -22.928  82.669 0.0000000000
54985  18.481  -22.815  82.190 0.0000000000
52445  18.251  -23.685  80.551 0.0000000000
74565  49.655  -5.718  63.359 0.0000000000
75762  49.571  -5.275  63.856 0.0000000000
72208  42.973  -8.359  62.253 0.0000000000
73324  42.123  -7.510  68.876 0.0000000000
66327  41.394  -13.392  67.974 0.0000000000
66346  41.192  -13.125  67.189 0.0000000000
68634  40.626  -11.954  64.770 0.0000000000
66376  39.584  -14.093  63.523 0.0000000000
62842  38.384  -16.513  62.350 0.0000000000
60321  36.619  -18.282  61.432 0.0000000000
57689  35.657  -20.670  65.286 0.0000000000
57703  36.013  -20.267  64.936 0.0000000000
55234  33.840  -22.193  63.810 0.0000000000
55235  33.453  -22.345  63.352 0.0000000000
48004  38.705  -28.542  70.550 0.0000000000
48024  38.574  -29.115  69.366 0.0000000000
46852  38.029  -29.615  68.288 0.0000000000
77079  54.449  -4.762  54.254 0.0000000000
72341  49.685  -8.075  56.218 0.0000000000
55111  29.325  -22.939  73.341 0.0000000000
56370  27.878  -21.928  74.799 0.0000000000
56356  28.101  -21.858  75.285 0.0000000000
55097  27.399  -22.182  74.435 0.0000000000
55098  26.468  -22.299  74.543 0.0000000000
55099  25.609  -22.344  74.725 0.0000000000
56316  26.963  -21.149  78.445 0.0000000000
56331  26.825  -21.223  77.833 0.0000000000
55044  26.619  -21.099  76.838 0.0000000000
56332  26.214  -20.791  77.052 0.0000000000
55065  26.509  -21.718  76.444 0.0000000000
55100  24.798  -22.480  74.824 0.0000000000
53815  24.120  -22.909  75.081 0.0000000000
53798  23.991  -22.920  75.807 0.0000000000
53799  23.497  -23.398  75.559 0.0000000000
52505  23.010  -23.782  76.196 0.0000000000
52506  22.690  -23.752  76.322 0.0000000000
58629  33.999  -18.907  80.650 0.0000000000
57463  34.269  -20.182  80.100 0.0000000000
56287  32.783  -21.955  81.097 0.0000000000
54994  33.224  -22.599  80.520 0.0000000000
56273  30.470  -21.820  81.861 0.0000000000
53695  30.797  -23.081  81.881 0.0000000000
54982  29.642  -22.265  81.091 0.0000000000
53708  30.694  -23.034  81.294 0.0000000000
53694  31.096  -23.162  81.755 0.0000000000
55078  30.351  -22.993  76.140 0.0000000000
76971  45.696  -4.506  64.131 0.0000000000
78158  45.909  -4.065  65.544 0.0000000000
78141  45.954  -4.132  65.637 0.0000000000
78159  45.479  -3.778  65.358 0.0000000000
76935  45.378  -4.335  65.651 0.0000000000
75737  44.151  -4.809  65.493 0.0000000000
68562  43.101  -11.776  70.363 0.0000000000
67459  42.467  -12.685  69.538 0.0000000000
66312  42.271  -13.290  69.193 0.0000000000
65206  42.079  -13.716  68.961 0.0000000000
63995  42.246  -15.096  71.101 0.0000000000
65169  42.052  -14.836  70.534 0.0000000000
65188  41.669  -14.636  69.714 0.0000000000
65207  41.636  -14.226  68.765 0.0000000000
64074  40.011  -16.077  66.273 0.0000000000
62768  38.802  -17.001  65.269 0.0000000000
57687  36.878  -20.234  66.029 0.0000000000
58884  37.542  -19.811  66.867 0.0000000000
57665  35.877  -20.761  65.978 0.0000000000
56456  35.011  -21.602  66.282 0.0000000000
55203  35.172  -21.682  66.749 0.0000000000
50214  36.888  -26.525  73.917 0.0000000000
50213  37.643  -27.103  73.500 0.0000000000
50212  38.101  -27.450  72.948 0.0000000000
50223  38.289  -27.528  72.538 0.0000000000
49121  38.661  -27.725  72.084 0.0000000000
49120  38.893  -28.197  71.702 0.0000000000
46801  37.668  -29.359  72.983 0.0000000000
46788  38.964  -29.161  73.113 0.0000000000
47982  39.264  -28.741  71.178 0.0000000000
74690  54.782  -6.456  56.543 0.0000000000
50271  31.850  -26.385  68.311 0.0000000000
50281  31.823  -26.476  67.361 0.0000000000
55128  28.956  -22.882  72.696 0.0000000000
53861  28.513  -23.432  70.680 0.0000000000
55142  27.971  -22.672  71.357 0.0000000000
53855  28.228  -23.091  71.049 0.0000000000
53875  28.122  -23.364  69.815 0.0000000000
53878  25.143  -23.307  69.220 0.0000000000
53877  26.311  -23.027  69.523 0.0000000000
52610  26.630  -23.508  68.432 0.0000000000
52628  26.343  -23.661  67.701 0.0000000000
52644  26.641  -24.144  66.651 0.0000000000
62609  40.516  -16.500  76.554 0.0000000000
61320  40.838  -17.008  76.183 0.0000000000
60057  41.042  -18.242  75.590 0.0000000000
57550  39.194  -20.170  73.216 0.0000000000
57551  38.364  -20.448  73.601 0.0000000000
56366  38.030  -20.583  74.186 0.0000000000
56377  37.902  -20.533  73.823 0.0000000000
56325  38.175  -20.876  76.882 0.0000000000
56345  37.082  -21.856  76.442 0.0000000000
53811  35.236  -23.248  74.808 0.0000000000
53720  34.742  -23.293  79.144 0.0000000000
53751  34.958  -23.840  77.791 0.0000000000
52484  34.864  -24.027  77.515 0.0000000000
52486  33.656  -24.404  77.468 0.0000000000
52500  34.805  -24.204  77.211 0.0000000000
53793  34.511  -24.018  76.044 0.0000000000
47929  36.317  -28.114  74.059 0.0000000000
47949  36.273  -28.168  73.423 0.0000000000
50235  34.277  -26.991  71.759 0.0000000000
47967  35.381  -28.170  72.279 0.0000000000
48027  34.505  -28.212  69.912 0.0000000000
48026  35.334  -28.693  69.438 0.0000000000
46835  35.815  -29.210  69.897 0.0000000000
70966  52.624  -9.609  62.502 0.0000000000
69756  51.635  -10.910  63.550 0.0000000000
67510  51.236  -11.912  65.305 0.0000000000
67542  51.355  -11.965  64.555 0.0000000000
67528  47.843  -12.671  65.187 0.0000000000
61232  25.126  -17.835  81.864 0.0000000000
59940  24.442  -18.261  81.474 0.0000000000
59984  23.828  -18.881  79.738 0.0000000000
58675  23.340  -19.246  79.366 0.0000000000
59987  21.855  -18.438  80.458 0.0000000000
57499  22.767  -20.364  77.926 0.0000000000
56317  22.739  -21.195  77.388 0.0000000000
56336  22.492  -21.901  77.240 0.0000000000
56304  21.340  -21.457  78.559 0.0000000000
55049  22.124  -22.249  77.515 0.0000000000
53757  22.482  -23.230  77.408 0.0000000000
53778  22.243  -23.451  77.268 0.0000000000
52507  21.759  -23.716  76.896 0.0000000000
55017  20.602  -22.240  79.924 0.0000000000
52458  21.070  -23.454  79.094 0.0000000000
52536  21.041  -24.550  74.930 0.0000000000
52548  20.682  -24.639  74.341 0.0000000000
53779  20.135  -23.666  75.976 0.0000000000
52537  20.255  -24.680  74.899 0.0000000000
51320  17.956  -24.829  77.041 0.0000000000
77063  54.709  -4.308  55.884 0.0000000000
74689  55.087  -6.229  57.021 0.0000000000
74669  54.951  -6.347  57.536 0.0000000000
75824  54.745  -6.071  57.888 0.0000000000
73473  54.768  -6.802  57.854 0.0000000000
74671  53.708  -5.822  58.362 0.0000000000
72260  53.755  -8.125  59.936 0.0000000000
72221  53.478  -8.514  61.034 0.0000000000
72222  53.216  -8.682  61.508 0.0000000000
74599  52.582  -7.182  61.203 0.0000000000
73357  50.269  -7.202  64.148 0.0000000000
70931  48.419  -9.549  64.399 0.0000000000
68678  45.715  -11.538  62.293 0.0000000000
75722  42.488  -4.757  66.253 0.0000000000
74557  42.179  -6.661  64.975 0.0000000000
72126  42.198  -8.190  68.389 0.0000000000
73352  41.481  -7.325  65.854 0.0000000000
69797  40.872  -11.078  61.550 0.0000000000
68697  41.149  -11.296  61.063 0.0000000000
68712  41.281  -11.819  60.661 0.0000000000
66441  40.291  -13.628  60.083 0.0000000000
62893  38.275  -16.514  59.068 0.0000000000
62879  37.605  -16.892  59.652 0.0000000000
60290  37.435  -18.511  63.735 0.0000000000
60302  37.421  -18.298  62.871 0.0000000000
56398  35.893  -21.887  71.360 0.0000000000
55162  34.808  -23.241  68.548 0.0000000000
48005  38.081  -28.298  70.375 0.0000000000
49156  37.519  -27.854  69.975 0.0000000000
49157  37.183  -27.258  69.448 0.0000000000
49171  37.221  -27.674  68.881 0.0000000000
51422  34.911  -25.314  68.076 0.0000000000
51409  34.860  -25.832  68.101 0.0000000000
75948  51.458  -5.685  52.574 0.0000000000
74714  50.532  -6.802  55.198 0.0000000000
47927  37.190  -27.908  74.153 0.0000000000
49145  38.796  -28.336  71.061 0.0000000000
50248  31.602  -25.867  69.305 0.0000000000
51328  35.497  -26.079  75.201 0.0000000000
51400  31.271  -25.235  69.340 0.0000000000
51425  29.846  -25.063  67.109 0.0000000000
52493  17.877  -24.772  77.323 0.0000000000
52596  24.761  -23.723  68.541 0.0000000000
52597  24.255  -23.903  68.916 0.0000000000
52629  25.302  -23.809  67.489 0.0000000000
53674  20.218  -22.552  83.079 0.0000000000
53686  18.093  -23.212  82.280 0.0000000000
53771  32.315  -24.083  75.668 0.0000000000
53780  19.792  -23.808  75.927 0.0000000000
53800  20.138  -23.921  75.678 0.0000000000
53801  19.921  -23.835  75.754 0.0000000000
53829  25.043  -22.637  73.718 0.0000000000
53840  29.400  -23.270  72.379 0.0000000000
53854  28.651  -23.343  71.314 0.0000000000
53907  25.645  -23.507  68.021 0.0000000000
54980  31.170  -22.724  82.035 0.0000000000
54984  18.898  -22.605  82.225 0.0000000000
55038  37.305  -21.640  77.612 0.0000000000
55043  27.035  -21.256  77.333 0.0000000000
55061  30.343  -23.085  76.520 0.0000000000
55153  27.917  -22.842  70.916 0.0000000000
56313  28.974  -21.913  78.155 0.0000000000
56358  26.886  -21.780  76.116 0.0000000000
56453  36.932  -20.762  67.177 0.0000000000
57532  38.130  -20.769  75.721 0.0000000000
57552  37.526  -20.483  73.482 0.0000000000
57571  39.120  -19.890  71.426 0.0000000000
58656  25.463  -19.263  80.910 0.0000000000
58696  23.496  -19.714  78.712 0.0000000000
58803  39.104  -19.869  71.755 0.0000000000
59919  32.822  -19.066  80.874 0.0000000000
59976  34.841  -18.536  80.165 0.0000000000
60364  37.458  -17.861  59.025 0.0000000000
61354  41.728  -17.897  74.224 0.0000000000
61355  41.628  -18.092  74.071 0.0000000000
61370  41.834  -17.717  73.973 0.0000000000
61451  40.247  -17.405  68.656 0.0000000000
61664  37.930  -17.474  58.647 0.0000000000
61665  37.629  -17.484  58.854 0.0000000000
62631  41.732  -17.885  74.001 0.0000000000
62640  41.695  -17.809  73.827 0.0000000000
62653  42.340  -15.944  71.811 0.0000000000
62905  37.797  -17.205  58.758 0.0000000000
63981  42.194  -15.852  71.598 0.0000000000
67420  43.588  -12.183  71.687 0.0000000000
68628  51.128  -11.681  65.239 0.0000000000
69707  50.148  -11.223  66.219 0.0000000000
73386  50.427  -6.723  62.310 0.0000000000
75825  54.629  -5.947  58.072 0.0000000000
76967  49.217  -4.717  63.970 0.0000000000
78142  45.646  -4.145  65.567 0.0000000000
