#!ascii label  , from subject 3167 vox2ras=TkReg
2263
71738  -30.803  -11.872  63.038 0.0000000000
84503  -46.769  -1.673  40.562 0.0000000000
85521  -36.081  -1.754  51.486 0.0000000000
62857  -2.323  -19.587  59.808 0.0000000000
68074  -18.265  -13.057  61.936 0.0000000000
74214  -6.748  -10.295  59.790 0.0000000000
76541  -2.619  -8.777  68.624 0.0000000000
87852  -41.020  1.809  45.432 0.0000000000
70686  -3.421  -12.148  51.789 0.0000000000
57936  -1.163  -23.181  68.145 0.0000000000
68171  -30.004  -13.127  54.388 0.0000000000
75383  -27.825  -8.734  60.327 0.0000000000
77878  -25.027  -6.840  64.455 0.0000000000
88989  -48.676  1.784  38.200 0.0000000000
85555  -38.371  0.474  49.175 0.0000000000
64115  -12.307  -16.315  59.563 0.0000000000
79277  -3.269  -6.447  58.358 0.0000000000
70602  -4.070  -14.745  59.192 0.0000000000
68178  -6.611  -16.196  54.027 0.0000000000
61689  -3.823  -20.379  55.531 0.0000000000
62679  -6.048  -18.334  71.641 0.0000000000
65322  -2.359  -17.679  72.154 0.0000000000
79368  -35.380  -6.404  53.127 0.0000000000
72916  -23.287  -9.975  66.432 0.0000000000
69342  -21.542  -13.246  59.905 0.0000000000
75356  -4.562  -9.572  63.823 0.0000000000
71744  -2.111  -13.789  63.532 0.0000000000
84465  -44.233  -1.002  42.844 0.0000000000
63995  -7.490  -17.587  67.843 0.0000000000
65437  -10.495  -16.988  63.360 0.0000000000
74269  -6.871  -10.254  54.386 0.0000000000
66989  -5.250  -16.301  48.098 0.0000000000
74066  -2.190  -10.636  72.813 0.0000000000
68027  -2.286  -16.425  68.028 0.0000000000
61535  -1.363  -20.630  63.992 0.0000000000
70557  -32.539  -12.024  62.180 0.0000000000
69321  -30.372  -12.296  61.055 0.0000000000
69349  -31.578  -12.792  58.964 0.0000000000
72970  -29.113  -10.307  62.210 0.0000000000
70582  -28.657  -12.103  59.290 0.0000000000
76606  -28.574  -7.765  62.834 0.0000000000
87911  -48.020  0.799  39.312 0.0000000000
82135  -43.271  -3.100  39.299 0.0000000000
85684  -44.702  -0.698  38.267 0.0000000000
86882  -45.488  1.516  36.375 0.0000000000
84400  -37.034  -0.823  50.545 0.0000000000
81968  -33.300  -4.211  49.980 0.0000000000
84436  -34.793  -1.515  48.775 0.0000000000
84447  -35.920  -0.207  47.408 0.0000000000
68098  -2.566  -16.447  59.363 0.0000000000
66854  -3.615  -17.362  57.212 0.0000000000
62891  -3.128  -20.214  58.170 0.0000000000
59317  -2.292  -22.959  55.973 0.0000000000
60443  -2.266  -22.155  58.030 0.0000000000
60302  -5.115  -20.459  68.919 0.0000000000
59119  -3.911  -20.756  70.902 0.0000000000
76763  -35.031  -7.680  53.975 0.0000000000
71875  -32.657  -11.114  55.257 0.0000000000
71929  -30.539  -11.433  52.934 0.0000000000
74302  -32.976  -9.498  54.196 0.0000000000
76769  -33.458  -7.695  52.178 0.0000000000
79156  -24.828  -6.441  68.404 0.0000000000
76640  -23.289  -8.151  61.106 0.0000000000
74178  -23.138  -9.462  63.011 0.0000000000
92498  -47.130  5.352  35.180 0.0000000000
94939  -47.886  6.786  35.052 0.0000000000
76581  -4.052  -8.852  66.115 0.0000000000
74152  -3.005  -11.613  63.383 0.0000000000
72930  -2.091  -11.445  65.458 0.0000000000
87875  -42.885  0.331  43.549 0.0000000000
86795  -38.488  0.673  44.179 0.0000000000
84477  -39.821  -0.764  41.615 0.0000000000
82080  -41.333  -3.259  41.340 0.0000000000
63957  -9.390  -16.326  70.849 0.0000000000
65372  -10.555  -15.942  68.472 0.0000000000
77958  -7.603  -7.163  58.839 0.0000000000
79313  -7.035  -6.708  56.479 0.0000000000
74234  -7.895  -10.169  57.400 0.0000000000
62979  -4.620  -19.682  51.393 0.0000000000
65610  -7.054  -17.776  50.842 0.0000000000
64324  -3.817  -18.578  49.409 0.0000000000
71620  -3.117  -11.729  75.053 0.0000000000
60289  -1.825  -20.939  69.505 0.0000000000
66687  -2.441  -17.373  70.154 0.0000000000
62720  -0.947  -19.660  68.319 0.0000000000
65388  -2.139  -18.219  66.131 0.0000000000
60328  -0.980  -21.523  66.538 0.0000000000
69404  -31.979  -11.969  56.774 0.0000000000
79166  -25.863  -5.523  66.587 0.0000000000
79186  -26.820  -5.554  64.940 0.0000000000
77904  -26.529  -6.813  61.743 0.0000000000
91281  -49.830  3.893  37.611 0.0000000000
90124  -46.115  2.746  35.648 0.0000000000
86754  -39.757  1.202  47.617 0.0000000000
85604  -37.255  0.493  45.287 0.0000000000
65483  -17.287  -14.062  58.623 0.0000000000
66791  -15.437  -13.751  60.443 0.0000000000
73044  -2.901  -9.603  55.174 0.0000000000
71798  -6.193  -12.808  59.840 0.0000000000
70619  -7.227  -13.540  57.283 0.0000000000
69394  -4.993  -15.481  57.334 0.0000000000
65565  -4.782  -17.883  55.003 0.0000000000
60518  -3.740  -21.368  52.793 0.0000000000
146941  -5.157  -16.309  73.968 0.0000000000
69224  -3.131  -14.906  73.505 0.0000000000
146940  -4.357  -18.688  73.637 0.0000000000
59116  -2.780  -21.455  71.432 0.0000000000
81947  -35.505  -4.030  52.099 0.0000000000
79388  -33.385  -5.967  51.054 0.0000000000
70535  -20.798  -11.174  64.298 0.0000000000
75328  -24.369  -8.711  65.773 0.0000000000
70552  -21.648  -11.003  63.369 0.0000000000
66782  -19.923  -13.990  60.837 0.0000000000
77909  -6.945  -7.033  61.327 0.0000000000
79215  -5.807  -7.000  63.815 0.0000000000
75375  -6.015  -9.787  61.892 0.0000000000
72993  -4.534  -12.001  61.586 0.0000000000
71781  -2.638  -14.528  61.355 0.0000000000
66804  -2.347  -16.735  61.198 0.0000000000
82064  -45.090  -2.297  41.857 0.0000000000
80803  -42.606  -3.381  40.843 0.0000000000
66665  -7.754  -16.401  72.573 0.0000000000
62725  -6.678  -18.368  69.741 0.0000000000
61481  -6.164  -19.717  67.072 0.0000000000
66766  -14.503  -14.210  62.699 0.0000000000
66755  -13.034  -14.947  64.811 0.0000000000
65393  -11.604  -15.140  66.503 0.0000000000
64030  -9.216  -17.621  65.666 0.0000000000
61506  -7.120  -19.138  64.663 0.0000000000
81853  -5.770  -4.975  57.498 0.0000000000
76726  -5.251  -7.950  55.956 0.0000000000
71866  -4.944  -11.093  53.186 0.0000000000
70662  -8.066  -13.146  54.284 0.0000000000
69472  -6.783  -13.561  51.247 0.0000000000
69485  -5.042  -13.537  50.008 0.0000000000
76514  -2.087  -9.223  70.939 0.0000000000
70486  -2.404  -13.624  72.269 0.0000000000
71684  -0.996  -13.248  70.371 0.0000000000
146975  -1.503  -11.385  68.195 0.0000000000
69286  -1.695  -14.767  65.995 0.0000000000
66758  -1.722  -16.915  64.120 0.0000000000
62821  -1.805  -19.943  62.465 0.0000000000
55747  -0.646  -25.971  66.473 0.0000000000
56832  -0.618  -24.849  64.899 0.0000000000
60410  -2.253  -22.370  60.214 0.0000000000
70546  -31.659  -12.769  63.172 0.0000000000
74148  -31.097  -10.124  62.657 0.0000000000
70553  -30.117  -12.429  62.737 0.0000000000
70565  -31.287  -12.064  62.239 0.0000000000
72972  -29.758  -11.471  62.892 0.0000000000
71764  -30.075  -11.215  61.979 0.0000000000
74147  -30.576  -10.098  62.905 0.0000000000
74145  -29.530  -9.809  62.797 0.0000000000
86838  -47.564  -0.543  40.359 0.0000000000
83340  -45.027  -3.026  39.683 0.0000000000
84528  -44.075  -1.585  39.032 0.0000000000
84522  -45.606  -1.501  39.231 0.0000000000
84531  -46.050  -0.512  38.658 0.0000000000
84399  -36.090  -1.395  51.147 0.0000000000
85522  -37.936  -0.490  52.219 0.0000000000
84372  -37.414  -1.130  52.849 0.0000000000
83222  -34.230  -2.307  49.271 0.0000000000
84413  -35.299  -1.858  50.470 0.0000000000
84428  -35.650  -1.433  49.338 0.0000000000
65493  -2.496  -17.727  59.166 0.0000000000
65515  -3.077  -18.070  58.244 0.0000000000
64137  -2.606  -19.356  59.041 0.0000000000
61634  -2.594  -21.232  58.501 0.0000000000
62874  -2.717  -20.442  59.409 0.0000000000
59162  -4.628  -21.082  68.073 0.0000000000
57929  -4.469  -21.389  68.459 0.0000000000
73082  -33.446  -10.412  55.344 0.0000000000
73100  -32.403  -10.557  54.388 0.0000000000
74290  -33.954  -9.759  54.833 0.0000000000
75505  -34.182  -8.302  53.588 0.0000000000
92489  -49.204  5.252  36.024 0.0000000000
93765  -47.432  6.069  35.106 0.0000000000
96113  -49.333  7.735  35.507 0.0000000000
76568  -3.042  -8.873  67.205 0.0000000000
74124  -2.922  -10.624  65.669 0.0000000000
74115  -2.358  -10.309  66.792 0.0000000000
87865  -41.760  1.376  44.637 0.0000000000
87854  -43.072  1.557  45.622 0.0000000000
86784  -39.690  0.982  45.004 0.0000000000
85616  -39.238  0.407  42.706 0.0000000000
86809  -40.473  0.413  42.989 0.0000000000
85632  -41.659  -0.700  42.770 0.0000000000
66692  -10.853  -15.131  70.298 0.0000000000
65350  -11.443  -15.318  69.307 0.0000000000
68058  -18.803  -12.381  63.017 0.0000000000
68065  -17.823  -12.818  62.821 0.0000000000
71884  -2.562  -10.828  53.043 0.0000000000
76669  -7.300  -8.086  59.633 0.0000000000
76689  -7.527  -8.234  58.390 0.0000000000
74226  -7.534  -10.193  58.532 0.0000000000
61793  -3.524  -20.606  50.849 0.0000000000
64308  -3.976  -19.272  50.188 0.0000000000
64306  -2.720  -19.939  49.387 0.0000000000
72846  -3.271  -11.353  75.338 0.0000000000
71622  -4.153  -12.395  75.284 0.0000000000
59142  -1.153  -21.693  68.998 0.0000000000
61461  -1.440  -20.147  69.084 0.0000000000
60308  -1.168  -21.203  67.837 0.0000000000
61479  -1.012  -20.368  67.263 0.0000000000
59169  -0.988  -22.564  67.275 0.0000000000
69337  -32.874  -12.416  59.870 0.0000000000
69381  -31.702  -12.910  57.681 0.0000000000
69365  -32.999  -12.361  58.515 0.0000000000
70624  -33.503  -11.835  57.465 0.0000000000
76631  -28.211  -7.656  61.884 0.0000000000
77893  -27.495  -6.784  62.343 0.0000000000
76643  -27.063  -7.759  61.014 0.0000000000
77931  -25.995  -7.193  60.245 0.0000000000
90104  -49.328  2.980  37.949 0.0000000000
88993  -46.785  1.495  37.365 0.0000000000
89013  -46.040  2.188  35.960 0.0000000000
90108  -48.028  2.316  36.824 0.0000000000
91287  -48.208  3.038  36.453 0.0000000000
85572  -39.054  0.923  47.829 0.0000000000
86740  -40.522  1.408  49.034 0.0000000000
86722  -39.869  0.979  49.757 0.0000000000
85582  -37.303  -0.258  47.711 0.0000000000
85594  -36.580  0.057  46.353 0.0000000000
85583  -37.935  0.170  47.388 0.0000000000
85596  -38.394  0.307  46.441 0.0000000000
77939  -2.429  -6.952  58.632 0.0000000000
74224  -2.295  -9.093  57.077 0.0000000000
76708  -3.061  -7.807  56.882 0.0000000000
71806  -4.837  -13.778  59.286 0.0000000000
70604  -5.254  -14.179  58.558 0.0000000000
70615  -4.359  -15.237  58.211 0.0000000000
64190  -4.201  -18.976  56.367 0.0000000000
65563  -3.990  -17.553  56.028 0.0000000000
62934  -4.437  -19.532  54.899 0.0000000000
61734  -4.412  -20.544  53.860 0.0000000000
60507  -3.932  -21.132  53.784 0.0000000000
59323  -2.906  -22.211  54.224 0.0000000000
65319  -6.361  -17.629  72.286 0.0000000000
146951  -4.848  -17.396  72.931 0.0000000000
63943  -4.779  -18.383  71.947 0.0000000000
57913  -3.068  -22.574  69.568 0.0000000000
59118  -3.275  -21.231  71.577 0.0000000000
57912  -2.693  -22.790  70.153 0.0000000000
59144  -2.220  -22.502  70.296 0.0000000000
80643  -34.728  -5.056  52.937 0.0000000000
78053  -34.346  -6.656  52.476 0.0000000000
78066  -33.645  -6.714  51.842 0.0000000000
79377  -34.905  -5.959  52.032 0.0000000000
80664  -34.267  -5.111  51.868 0.0000000000
72904  -22.127  -10.045  66.980 0.0000000000
70525  -21.517  -11.140  66.202 0.0000000000
70531  -21.982  -10.773  65.467 0.0000000000
77851  -25.386  -6.712  65.761 0.0000000000
77842  -25.193  -6.998  66.460 0.0000000000
76588  -24.583  -7.738  65.295 0.0000000000
71773  -21.575  -11.068  61.430 0.0000000000
72984  -22.600  -9.987  63.406 0.0000000000
69319  -21.648  -12.629  61.224 0.0000000000
69311  -20.532  -12.554  61.714 0.0000000000
68089  -21.119  -13.942  60.375 0.0000000000
65486  -19.298  -14.579  58.898 0.0000000000
76597  -4.907  -8.394  64.830 0.0000000000
77883  -5.608  -7.761  63.765 0.0000000000
76625  -5.812  -8.212  62.613 0.0000000000
74155  -5.396  -9.822  63.110 0.0000000000
74185  -5.560  -10.815  62.153 0.0000000000
74170  -4.945  -10.948  62.703 0.0000000000
72977  -2.565  -12.829  63.405 0.0000000000
72990  -3.015  -12.764  62.546 0.0000000000
71759  -1.922  -13.919  62.741 0.0000000000
70578  -2.168  -14.972  61.194 0.0000000000
69317  -1.936  -15.380  62.072 0.0000000000
83291  -44.741  -1.878  42.341 0.0000000000
85620  -46.207  -1.049  43.672 0.0000000000
86801  -45.697  -0.405  44.100 0.0000000000
84478  -42.869  -1.505  42.514 0.0000000000
82095  -41.724  -3.422  41.333 0.0000000000
82082  -43.320  -2.520  41.686 0.0000000000
82083  -44.309  -2.756  41.477 0.0000000000
66655  -8.144  -16.169  73.187 0.0000000000
63980  -8.491  -16.888  69.165 0.0000000000
63967  -8.675  -16.828  70.273 0.0000000000
63979  -7.319  -17.732  68.975 0.0000000000
62734  -5.819  -18.373  68.195 0.0000000000
63994  -6.481  -17.959  67.748 0.0000000000
66790  -14.525  -14.253  60.672 0.0000000000
66776  -15.181  -13.999  61.560 0.0000000000
66775  -14.098  -14.714  61.571 0.0000000000
65447  -11.217  -16.437  62.380 0.0000000000
65448  -12.179  -15.853  62.631 0.0000000000
65424  -11.619  -15.962  64.609 0.0000000000
65409  -12.228  -14.752  65.700 0.0000000000
65407  -10.719  -15.993  65.395 0.0000000000
64032  -10.497  -16.490  66.381 0.0000000000
65405  -9.793  -17.247  65.173 0.0000000000
61525  -7.793  -18.914  63.955 0.0000000000
81838  -6.815  -4.365  58.319 0.0000000000
76744  -7.059  -8.685  56.014 0.0000000000
78010  -6.210  -6.822  55.751 0.0000000000
75469  -5.621  -9.318  55.011 0.0000000000
74267  -4.859  -9.763  54.264 0.0000000000
73075  -6.285  -10.629  53.774 0.0000000000
69413  -7.144  -14.853  56.071 0.0000000000
70647  -7.759  -13.356  55.380 0.0000000000
68162  -7.510  -15.023  54.155 0.0000000000
65646  -6.072  -17.262  49.160 0.0000000000
68225  -7.370  -15.426  50.533 0.0000000000
68242  -6.502  -15.464  49.351 0.0000000000
69486  -5.672  -13.901  50.269 0.0000000000
68240  -5.005  -14.884  49.009 0.0000000000
69516  -4.078  -14.525  48.335 0.0000000000
75259  -1.922  -9.715  72.047 0.0000000000
67997  -2.652  -16.369  72.678 0.0000000000
69230  -2.655  -14.687  73.173 0.0000000000
69239  -2.125  -15.459  71.837 0.0000000000
66700  -2.015  -16.832  68.989 0.0000000000
68008  -1.750  -15.596  70.086 0.0000000000
69260  -0.939  -14.254  69.255 0.0000000000
71699  -1.228  -12.632  69.422 0.0000000000
69268  -1.269  -14.039  68.290 0.0000000000
70528  -1.874  -13.525  66.843 0.0000000000
68025  -1.460  -15.321  67.279 0.0000000000
62785  -1.638  -19.740  64.978 0.0000000000
65420  -1.673  -17.785  64.644 0.0000000000
64072  -2.097  -18.729  64.414 0.0000000000
64100  -1.864  -18.725  62.691 0.0000000000
62804  -1.796  -20.084  63.402 0.0000000000
54605  -0.543  -27.098  65.513 0.0000000000
55759  -0.532  -26.024  65.477 0.0000000000
70568  -32.925  -12.070  61.731 0.0000000000
69346  -29.397  -12.790  58.806 0.0000000000
68103  -30.005  -13.157  57.743 0.0000000000
69334  -30.781  -12.565  59.807 0.0000000000
69324  -32.211  -12.426  60.715 0.0000000000
74179  -28.696  -9.667  61.404 0.0000000000
71775  -29.218  -11.272  60.508 0.0000000000
70584  -29.566  -12.177  60.416 0.0000000000
75364  -29.212  -8.997  62.405 0.0000000000
88988  -48.156  1.325  38.533 0.0000000000
85682  -42.795  -0.689  38.118 0.0000000000
87920  -43.781  0.339  37.339 0.0000000000
87931  -44.353  1.033  36.264 0.0000000000
85700  -45.138  0.158  37.911 0.0000000000
86869  -46.238  0.479  37.786 0.0000000000
85554  -37.709  -0.159  49.898 0.0000000000
85543  -38.575  0.366  50.483 0.0000000000
85523  -38.591  0.083  51.674 0.0000000000
85505  -38.699  -0.252  52.584 0.0000000000
80698  -33.073  -4.901  49.081 0.0000000000
82000  -32.647  -3.501  48.677 0.0000000000
82020  -32.757  -2.612  47.924 0.0000000000
83255  -33.533  -2.029  47.438 0.0000000000
84445  -33.561  -1.344  46.619 0.0000000000
84437  -35.723  -0.964  48.316 0.0000000000
84429  -36.600  -0.938  48.893 0.0000000000
69354  -2.703  -15.544  58.801 0.0000000000
69371  -3.577  -15.681  58.045 0.0000000000
68110  -3.152  -17.028  58.196 0.0000000000
65531  -3.421  -18.286  57.791 0.0000000000
61662  -3.527  -20.628  56.709 0.0000000000
60479  -3.096  -21.927  55.955 0.0000000000
60461  -2.734  -21.564  56.929 0.0000000000
59308  -2.506  -23.099  57.106 0.0000000000
62713  -5.117  -19.421  70.572 0.0000000000
61444  -4.591  -19.954  71.049 0.0000000000
60291  -4.619  -20.403  70.042 0.0000000000
78032  -36.002  -7.043  53.396 0.0000000000
70680  -30.912  -12.114  54.714 0.0000000000
69463  -29.837  -12.667  53.490 0.0000000000
71895  -31.304  -11.514  54.457 0.0000000000
73127  -31.625  -10.464  53.168 0.0000000000
74313  -31.752  -9.752  52.833 0.0000000000
75512  -33.068  -8.330  52.438 0.0000000000
76761  -34.435  -7.350  53.046 0.0000000000
76553  -24.220  -7.930  67.435 0.0000000000
77902  -24.360  -7.178  62.865 0.0000000000
75361  -23.729  -8.769  63.270 0.0000000000
75382  -22.795  -8.601  62.101 0.0000000000
73008  -21.709  -10.411  60.977 0.0000000000
93763  -45.722  5.602  34.481 0.0000000000
94945  -46.126  6.822  33.970 0.0000000000
97234  -46.315  7.963  33.541 0.0000000000
97241  -46.014  8.397  32.847 0.0000000000
76609  -4.162  -9.135  64.894 0.0000000000
74153  -4.105  -11.014  63.636 0.0000000000
74138  -3.708  -10.412  64.832 0.0000000000
72943  -2.619  -11.443  64.900 0.0000000000
71733  -2.252  -12.663  64.509 0.0000000000
85634  -43.335  -0.830  42.862 0.0000000000
87867  -44.428  0.633  44.459 0.0000000000
83287  -38.586  -1.539  41.333 0.0000000000
83304  -39.598  -2.116  41.079 0.0000000000
80783  -39.881  -3.671  40.975 0.0000000000
84489  -40.492  -1.446  41.396 0.0000000000
85643  -42.011  -1.238  42.519 0.0000000000
66667  -9.654  -15.811  71.961 0.0000000000
65326  -10.165  -15.660  71.562 0.0000000000
63981  -9.493  -16.357  69.519 0.0000000000
63996  -8.760  -17.445  68.079 0.0000000000
64103  -10.408  -17.391  61.147 0.0000000000
62798  -9.107  -17.873  62.873 0.0000000000
80543  -7.702  -5.292  58.962 0.0000000000
80557  -7.444  -5.457  58.048 0.0000000000
77979  -7.378  -7.294  57.783 0.0000000000
76730  -7.836  -8.733  56.883 0.0000000000
74256  -7.588  -9.893  55.314 0.0000000000
66908  -6.121  -17.541  53.330 0.0000000000
66889  -6.908  -16.551  53.184 0.0000000000
65627  -5.758  -18.775  50.848 0.0000000000
65645  -4.930  -18.321  49.446 0.0000000000
65665  -4.064  -17.679  48.402 0.0000000000
75251  -3.858  -9.652  74.425 0.0000000000
74055  -2.224  -10.692  76.646 0.0000000000
72849  -2.688  -11.314  74.249 0.0000000000
63950  -1.650  -18.825  71.106 0.0000000000
65329  -1.933  -17.734  71.276 0.0000000000
63962  -1.156  -18.448  70.713 0.0000000000
63975  -2.108  -18.351  69.281 0.0000000000
65370  -0.999  -17.398  68.208 0.0000000000
66725  -1.096  -17.006  67.352 0.0000000000
64008  -1.505  -19.077  67.418 0.0000000000
61502  -0.784  -20.292  66.049 0.0000000000
60337  -1.152  -21.638  65.790 0.0000000000
68151  -30.408  -13.282  55.259 0.0000000000
68104  -30.657  -13.215  57.642 0.0000000000
68134  -31.118  -13.220  56.548 0.0000000000
69420  -31.141  -12.490  55.806 0.0000000000
70653  -32.283  -11.309  56.235 0.0000000000
70654  -33.296  -11.111  56.270 0.0000000000
79198  -26.035  -5.621  64.425 0.0000000000
79213  -27.790  -6.473  63.928 0.0000000000
77880  -27.414  -6.256  63.259 0.0000000000
77892  -26.262  -6.186  62.815 0.0000000000
77916  -24.906  -6.649  61.476 0.0000000000
89029  -44.948  2.584  35.144 0.0000000000
91293  -46.478  3.454  35.674 0.0000000000
92488  -48.477  4.427  35.954 0.0000000000
86779  -40.281  1.571  46.184 0.0000000000
87830  -41.316  1.885  47.395 0.0000000000
87818  -41.377  1.575  48.332 0.0000000000
85592  -34.349  -0.205  46.065 0.0000000000
85605  -38.269  0.527  45.421 0.0000000000
86777  -39.260  0.619  45.808 0.0000000000
66793  -17.506  -13.629  59.808 0.0000000000
66778  -17.145  -13.419  60.881 0.0000000000
66792  -16.370  -13.351  59.946 0.0000000000
65481  -14.884  -15.005  58.889 0.0000000000
71826  -2.414  -9.974  54.759 0.0000000000
71864  -3.393  -10.815  53.567 0.0000000000
73015  -6.791  -11.243  60.010 0.0000000000
71809  -7.451  -12.047  58.759 0.0000000000
71808  -6.809  -13.131  58.691 0.0000000000
69396  -6.405  -14.670  56.818 0.0000000000
69425  -5.878  -15.603  55.598 0.0000000000
69409  -4.343  -16.243  56.786 0.0000000000
68158  -4.623  -16.371  55.533 0.0000000000
66887  -5.561  -17.254  54.274 0.0000000000
64254  -5.691  -19.126  53.610 0.0000000000
69226  -4.198  -14.332  74.138 0.0000000000
67972  -4.702  -15.454  73.920 0.0000000000
66646  -3.529  -16.334  73.482 0.0000000000
63937  -3.318  -18.561  73.432 0.0000000000
61427  -4.613  -19.987  72.344 0.0000000000
61424  -3.545  -19.917  72.850 0.0000000000
62674  -2.761  -18.909  72.090 0.0000000000
61433  -2.353  -20.414  71.010 0.0000000000
57910  -1.433  -22.597  69.743 0.0000000000
57925  -0.820  -23.322  69.378 0.0000000000
83178  -35.762  -2.895  52.106 0.0000000000
84371  -36.656  -1.811  52.685 0.0000000000
83165  -36.465  -3.068  53.012 0.0000000000
70711  -29.622  -12.469  52.124 0.0000000000
79397  -33.046  -5.996  49.609 0.0000000000
81955  -34.355  -4.111  51.408 0.0000000000
69297  -19.651  -12.080  64.376 0.0000000000
68068  -19.747  -13.050  62.452 0.0000000000
80446  -25.429  -5.291  67.644 0.0000000000
76554  -24.593  -7.642  67.172 0.0000000000
72926  -23.964  -9.855  65.895 0.0000000000
74162  -23.524  -9.433  64.189 0.0000000000
72968  -22.922  -9.971  64.360 0.0000000000
71727  -22.800  -10.334  65.116 0.0000000000
70543  -21.040  -10.932  63.628 0.0000000000
68069  -20.070  -12.998  62.388 0.0000000000
66769  -19.257  -13.436  61.588 0.0000000000
65473  -18.509  -14.419  59.710 0.0000000000
97242  -47.087  8.996  32.706 0.0000000000
98320  -47.099  10.056  31.338 0.0000000000
99464  -47.850  10.649  30.502 0.0000000000
77924  -7.158  -7.144  60.554 0.0000000000
76668  -6.882  -8.685  60.358 0.0000000000
79224  -6.786  -6.870  62.537 0.0000000000
76635  -6.306  -8.521  62.040 0.0000000000
75390  -6.571  -9.593  60.771 0.0000000000
73007  -6.307  -11.512  60.590 0.0000000000
71785  -5.047  -12.710  60.882 0.0000000000
71796  -4.315  -13.878  60.145 0.0000000000
72980  -3.727  -11.865  62.726 0.0000000000
73003  -3.790  -13.277  62.093 0.0000000000
71795  -3.504  -14.089  60.498 0.0000000000
70588  -2.538  -15.247  59.852 0.0000000000
68091  -2.432  -16.406  60.133 0.0000000000
65466  -2.269  -18.086  60.903 0.0000000000
82085  -45.574  -2.786  41.034 0.0000000000
80801  -40.423  -4.157  40.946 0.0000000000
79557  -41.033  -4.609  40.158 0.0000000000
79595  -41.351  -4.086  39.117 0.0000000000
80847  -42.392  -3.593  39.798 0.0000000000
80829  -44.777  -3.555  40.714 0.0000000000
66664  -6.489  -16.698  72.788 0.0000000000
65324  -6.515  -17.342  71.708 0.0000000000
66677  -8.405  -16.326  71.678 0.0000000000
65345  -6.909  -16.845  70.609 0.0000000000
62703  -6.120  -18.277  70.627 0.0000000000
61480  -5.634  -20.089  67.778 0.0000000000
68072  -16.472  -13.518  62.528 0.0000000000
68063  -16.009  -13.475  63.427 0.0000000000
68053  -14.721  -14.218  64.685 0.0000000000
65460  -13.066  -15.346  61.855 0.0000000000
66759  -13.724  -14.348  63.581 0.0000000000
66757  -14.292  -14.425  65.359 0.0000000000
66741  -13.637  -14.223  66.410 0.0000000000
68028  -12.865  -15.033  67.543 0.0000000000
66717  -12.221  -15.365  68.396 0.0000000000
65381  -11.126  -15.949  67.773 0.0000000000
64014  -9.950  -17.229  67.201 0.0000000000
64013  -8.506  -17.214  66.777 0.0000000000
62787  -8.939  -17.855  64.387 0.0000000000
62776  -8.440  -18.253  64.902 0.0000000000
62747  -7.551  -17.919  66.344 0.0000000000
61491  -6.212  -19.459  65.759 0.0000000000
80556  -4.165  -5.556  57.840 0.0000000000
80570  -6.566  -5.679  57.065 0.0000000000
79295  -5.118  -6.233  56.985 0.0000000000
79309  -3.746  -6.787  56.912 0.0000000000
76724  -3.886  -8.726  55.743 0.0000000000
71846  -4.117  -10.659  53.774 0.0000000000
71886  -4.412  -11.847  52.548 0.0000000000
71817  -7.588  -12.593  57.485 0.0000000000
73047  -8.357  -11.744  55.831 0.0000000000
73077  -8.229  -11.519  54.179 0.0000000000
68194  -7.541  -15.676  52.393 0.0000000000
69457  -7.757  -13.739  52.624 0.0000000000
73093  -7.577  -11.584  53.304 0.0000000000
70690  -6.185  -12.875  51.931 0.0000000000
69454  -5.354  -12.769  51.555 0.0000000000
69452  -3.833  -12.702  51.178 0.0000000000
69483  -4.081  -13.019  49.493 0.0000000000
70463  -3.199  -13.120  74.190 0.0000000000
71630  -2.800  -12.333  73.731 0.0000000000
71640  -2.386  -12.491  72.618 0.0000000000
69248  -2.105  -14.963  71.343 0.0000000000
70491  -1.640  -14.075  71.070 0.0000000000
72862  -1.757  -11.778  71.385 0.0000000000
74073  -1.813  -10.952  70.687 0.0000000000
75280  -1.592  -10.539  69.129 0.0000000000
146979  -1.676  -9.982  68.153 0.0000000000
146976  -1.509  -11.071  67.465 0.0000000000
72927  -1.404  -12.947  65.589 0.0000000000
70541  -2.758  -14.009  64.908 0.0000000000
66748  -1.535  -16.683  65.521 0.0000000000
68051  -1.603  -15.866  65.030 0.0000000000
69306  -1.358  -15.118  63.760 0.0000000000
66772  -2.277  -17.019  62.775 0.0000000000
65454  -2.080  -17.984  61.999 0.0000000000
64111  -2.319  -19.164  61.017 0.0000000000
55718  -1.296  -24.804  67.938 0.0000000000
55735  -0.970  -25.207  66.933 0.0000000000
56808  -0.747  -24.203  67.143 0.0000000000
56820  -0.637  -24.013  66.668 0.0000000000
59187  -0.864  -22.692  65.525 0.0000000000
59193  -1.150  -22.827  64.561 0.0000000000
57983  -1.591  -24.187  63.383 0.0000000000
60370  -1.538  -21.824  63.769 0.0000000000
61561  -2.016  -21.052  61.959 0.0000000000
61576  -2.049  -21.227  60.795 0.0000000000
61594  -2.296  -21.532  59.718 0.0000000000
60421  -2.051  -22.548  59.393 0.0000000000
58081  -2.070  -24.141  58.661 0.0000000000
71739  -31.704  -11.932  62.767 0.0000000000
72954  -31.149  -11.023  62.777 0.0000000000
71752  -30.328  -12.492  63.161 0.0000000000
70545  -31.163  -12.746  63.256 0.0000000000
71737  -30.013  -11.694  63.237 0.0000000000
71751  -29.576  -12.206  63.128 0.0000000000
72953  -30.436  -10.916  62.809 0.0000000000
74146  -30.013  -10.034  63.165 0.0000000000
84515  -46.600  -1.245  39.970 0.0000000000
86839  -47.931  -0.700  40.588 0.0000000000
84504  -47.345  -1.358  40.727 0.0000000000
82128  -45.662  -2.382  39.978 0.0000000000
83351  -45.515  -2.034  39.729 0.0000000000
83342  -46.226  -1.674  39.803 0.0000000000
84523  -46.163  -1.028  39.289 0.0000000000
84386  -36.958  -0.990  51.821 0.0000000000
84385  -36.233  -1.920  51.869 0.0000000000
84398  -35.701  -2.068  51.343 0.0000000000
84412  -34.849  -1.992  50.174 0.0000000000
64121  -2.318  -19.004  59.565 0.0000000000
65479  -2.404  -18.638  59.248 0.0000000000
62875  -2.481  -19.572  59.483 0.0000000000
59172  -4.467  -21.783  66.967 0.0000000000
73102  -33.685  -10.050  55.106 0.0000000000
76555  -2.776  -8.782  67.855 0.0000000000
75320  -2.563  -9.486  67.308 0.0000000000
87853  -42.208  1.709  45.683 0.0000000000
87843  -42.222  2.098  46.553 0.0000000000
86785  -40.213  1.449  45.228 0.0000000000
86798  -40.441  1.211  44.212 0.0000000000
87864  -40.902  1.467  44.658 0.0000000000
87873  -41.249  1.116  44.027 0.0000000000
66694  -12.119  -14.622  70.513 0.0000000000
66693  -11.456  -14.937  70.091 0.0000000000
66704  -12.102  -15.213  69.240 0.0000000000
68066  -18.684  -12.737  62.544 0.0000000000
68057  -18.166  -12.661  63.329 0.0000000000
70685  -2.787  -11.481  52.306 0.0000000000
70684  -2.446  -11.440  52.183 0.0000000000
75409  -6.828  -9.254  59.701 0.0000000000
75410  -7.334  -9.149  58.881 0.0000000000
74215  -6.983  -9.869  59.148 0.0000000000
62977  -3.054  -20.369  50.087 0.0000000000
70458  -4.785  -13.274  75.074 0.0000000000
57924  -0.586  -22.519  68.952 0.0000000000
59153  -1.189  -21.789  68.421 0.0000000000
59161  -1.233  -22.196  67.968 0.0000000000
69351  -33.095  -12.688  59.168 0.0000000000
70596  -33.435  -12.351  59.259 0.0000000000
69366  -33.565  -12.038  58.515 0.0000000000
75371  -27.967  -8.207  61.272 0.0000000000
90103  -48.881  2.335  37.763 0.0000000000
88994  -47.544  1.696  37.547 0.0000000000
88995  -48.392  2.143  37.422 0.0000000000
90109  -48.873  2.673  36.977 0.0000000000
85556  -38.780  0.875  48.542 0.0000000000
86738  -38.896  0.912  49.026 0.0000000000
86721  -39.134  0.700  49.606 0.0000000000
85570  -37.613  -0.179  48.609 0.0000000000
85571  -38.283  0.589  48.061 0.0000000000
79261  -2.782  -6.272  58.985 0.0000000000
79276  -2.698  -6.631  58.681 0.0000000000
77974  -3.084  -7.391  57.669 0.0000000000
77957  -3.307  -7.012  57.790 0.0000000000
71805  -4.451  -14.223  59.317 0.0000000000
70603  -4.614  -14.507  58.708 0.0000000000
62908  -4.125  -19.696  56.348 0.0000000000
64213  -4.462  -18.680  55.975 0.0000000000
62923  -4.274  -19.594  55.659 0.0000000000
61712  -3.979  -20.312  54.679 0.0000000000
60495  -3.691  -21.117  54.570 0.0000000000
60494  -3.289  -21.741  54.600 0.0000000000
60481  -3.551  -21.085  55.282 0.0000000000
63938  -5.837  -18.247  72.174 0.0000000000
63944  -5.499  -18.385  71.624 0.0000000000
57896  -3.060  -22.202  70.737 0.0000000000
80644  -35.152  -5.312  53.233 0.0000000000
80632  -35.803  -5.480  54.144 0.0000000000
68186  -30.052  -14.020  53.403 0.0000000000
80653  -34.707  -5.247  52.560 0.0000000000
74095  -23.040  -9.095  67.129 0.0000000000
72905  -22.886  -9.849  66.827 0.0000000000
71721  -22.350  -10.727  65.867 0.0000000000
71722  -22.735  -10.462  65.593 0.0000000000
77865  -25.281  -6.431  64.955 0.0000000000
77864  -24.791  -7.234  65.086 0.0000000000
76604  -24.376  -7.620  64.691 0.0000000000
70580  -21.622  -12.195  60.652 0.0000000000
70570  -21.535  -12.015  61.229 0.0000000000
69329  -21.977  -12.844  60.611 0.0000000000
69328  -21.695  -13.431  60.539 0.0000000000
68094  -21.291  -13.744  59.768 0.0000000000
66813  -20.676  -14.076  59.202 0.0000000000
76611  -5.100  -8.629  63.999 0.0000000000
77871  -5.423  -7.904  64.601 0.0000000000
76624  -5.518  -8.538  63.134 0.0000000000
75357  -5.187  -9.341  63.365 0.0000000000
74154  -4.998  -10.197  63.294 0.0000000000
71745  -2.433  -13.146  63.826 0.0000000000
71760  -2.405  -13.360  63.128 0.0000000000
70559  -1.668  -14.658  62.408 0.0000000000
70550  -1.520  -14.397  63.237 0.0000000000
84480  -44.507  -1.389  42.716 0.0000000000
85635  -44.962  -1.356  43.075 0.0000000000
85619  -45.001  -0.997  43.363 0.0000000000
84479  -43.601  -1.225  42.630 0.0000000000
83308  -43.186  -2.217  42.094 0.0000000000
83290  -43.789  -1.966  42.207 0.0000000000
82062  -43.758  -2.215  41.881 0.0000000000
63978  -6.488  -17.843  68.432 0.0000000000
65468  -13.444  -15.271  60.143 0.0000000000
65438  -11.500  -16.322  63.531 0.0000000000
65423  -10.887  -16.595  64.432 0.0000000000
65406  -10.303  -16.722  65.109 0.0000000000
65422  -10.312  -17.170  64.423 0.0000000000
83085  -7.287  -3.974  58.775 0.0000000000
75470  -6.573  -9.133  55.282 0.0000000000
74255  -6.343  -9.682  54.869 0.0000000000
74268  -5.716  -9.751  54.324 0.0000000000
69426  -6.659  -15.413  55.415 0.0000000000
69427  -7.356  -14.958  55.044 0.0000000000
68161  -7.029  -15.599  54.510 0.0000000000
65667  -5.634  -16.797  48.451 0.0000000000
66968  -6.670  -16.385  49.450 0.0000000000
66967  -5.985  -16.113  48.698 0.0000000000
68241  -5.720  -15.137  49.100 0.0000000000
68262  -5.326  -15.536  48.551 0.0000000000
68261  -4.648  -15.393  48.241 0.0000000000
66988  -4.406  -16.559  47.828 0.0000000000
75252  -2.350  -9.657  73.969 0.0000000000
75260  -2.094  -10.229  72.315 0.0000000000
66661  -2.925  -16.844  72.294 0.0000000000
67996  -2.354  -16.007  72.234 0.0000000000
66660  -2.357  -16.714  71.598 0.0000000000
68017  -1.907  -16.087  68.410 0.0000000000
68007  -1.092  -15.129  69.533 0.0000000000
68010  -1.189  -15.123  68.782 0.0000000000
68016  -1.444  -15.150  67.931 0.0000000000
69278  -1.581  -14.253  67.286 0.0000000000
61534  -1.538  -20.126  63.995 0.0000000000
62795  -1.825  -19.660  63.941 0.0000000000
62796  -1.621  -20.117  63.765 0.0000000000
52252  -0.696  -28.745  65.575 0.0000000000
53471  -0.269  -27.882  65.981 0.0000000000
53482  -0.723  -27.780  65.115 0.0000000000
69333  -30.134  -12.696  59.883 0.0000000000
69322  -30.822  -12.563  60.818 0.0000000000
70556  -32.017  -12.324  62.385 0.0000000000
69316  -31.885  -12.400  61.340 0.0000000000
70567  -32.442  -12.296  61.531 0.0000000000
70575  -32.719  -12.430  60.911 0.0000000000
74163  -28.885  -9.812  62.138 0.0000000000
72999  -28.814  -10.341  60.636 0.0000000000
72985  -29.081  -10.428  61.856 0.0000000000
70563  -30.403  -11.533  61.947 0.0000000000
70562  -29.959  -11.576  61.376 0.0000000000
69320  -29.991  -12.293  60.674 0.0000000000
69332  -29.600  -12.487  60.025 0.0000000000
72951  -29.627  -10.386  62.699 0.0000000000
74164  -29.164  -9.633  62.419 0.0000000000
87913  -49.273  1.086  39.224 0.0000000000
87906  -48.780  0.401  39.762 0.0000000000
82144  -42.285  -3.041  38.525 0.0000000000
82143  -41.579  -2.891  38.360 0.0000000000
83358  -43.051  -2.519  38.833 0.0000000000
84527  -42.948  -1.539  38.572 0.0000000000
85683  -43.820  -0.827  37.944 0.0000000000
86864  -43.162  -0.135  37.656 0.0000000000
85698  -44.072  -0.245  37.728 0.0000000000
86866  -44.173  0.278  37.581 0.0000000000
86854  -46.955  0.417  39.201 0.0000000000
86859  -46.613  0.442  38.345 0.0000000000
87916  -47.321  0.982  38.426 0.0000000000
85542  -37.753  -0.224  51.139 0.0000000000
85504  -38.043  -0.650  53.124 0.0000000000
85488  -38.732  -0.357  53.472 0.0000000000
81984  -33.096  -3.707  49.342 0.0000000000
83221  -33.591  -2.956  48.856 0.0000000000
83239  -34.142  -2.138  48.320 0.0000000000
83256  -34.012  -2.104  47.717 0.0000000000
84446  -34.525  -1.010  47.514 0.0000000000
84414  -36.378  -1.299  49.935 0.0000000000
84415  -37.089  -0.686  49.437 0.0000000000
84430  -37.155  -0.648  48.845 0.0000000000
69353  -2.532  -15.809  59.146 0.0000000000
69369  -2.790  -16.097  58.472 0.0000000000
68109  -2.819  -16.643  58.652 0.0000000000
64164  -3.053  -19.095  58.236 0.0000000000
64188  -3.477  -19.046  57.436 0.0000000000
62906  -3.485  -19.942  57.602 0.0000000000
61661  -2.952  -20.692  57.303 0.0000000000
60444  -2.445  -21.603  57.686 0.0000000000
59297  -1.956  -23.069  57.957 0.0000000000
61453  -5.055  -19.674  69.877 0.0000000000
61452  -4.733  -19.919  70.510 0.0000000000
60292  -4.880  -20.349  69.449 0.0000000000
78043  -35.392  -7.355  53.737 0.0000000000
71874  -31.888  -11.516  55.042 0.0000000000
71896  -32.244  -10.936  54.906 0.0000000000
73114  -32.627  -10.114  54.369 0.0000000000
73113  -32.245  -10.362  53.637 0.0000000000
74301  -32.479  -9.724  53.418 0.0000000000
75511  -32.376  -8.815  52.456 0.0000000000
75503  -32.826  -9.272  52.993 0.0000000000
75506  -34.560  -8.293  54.057 0.0000000000
77818  -24.242  -7.145  68.141 0.0000000000
76641  -23.771  -7.841  61.438 0.0000000000
76629  -23.930  -7.986  62.578 0.0000000000
75381  -22.758  -8.544  61.169 0.0000000000
92497  -46.458  4.965  35.017 0.0000000000
94937  -46.257  6.479  34.506 0.0000000000
94938  -47.028  6.822  34.582 0.0000000000
96128  -47.158  8.110  34.058 0.0000000000
96121  -47.521  7.619  34.442 0.0000000000
76595  -4.124  -9.024  65.489 0.0000000000
75344  -3.867  -9.606  65.150 0.0000000000
74125  -3.572  -10.051  65.419 0.0000000000
72942  -2.136  -12.045  64.761 0.0000000000
72941  -1.927  -12.615  64.959 0.0000000000
86812  -43.150  -0.357  43.108 0.0000000000
86799  -43.776  0.256  43.573 0.0000000000
87866  -43.050  0.971  44.586 0.0000000000
84463  -38.244  -0.107  42.613 0.0000000000
85630  -39.631  -0.167  41.871 0.0000000000
84476  -38.930  -0.618  41.654 0.0000000000
84488  -39.562  -1.305  41.331 0.0000000000
86811  -42.245  -0.142  43.183 0.0000000000
85633  -42.614  -1.046  42.787 0.0000000000
65327  -10.394  -15.513  71.231 0.0000000000
65349  -10.745  -15.294  69.684 0.0000000000
65348  -9.916  -15.720  70.000 0.0000000000
65359  -10.297  -15.681  68.922 0.0000000000
63997  -10.127  -16.624  68.318 0.0000000000
64102  -10.092  -17.218  61.322 0.0000000000
62823  -9.698  -18.125  61.273 0.0000000000
79262  -7.582  -6.167  59.315 0.0000000000
79279  -7.580  -6.234  58.299 0.0000000000
75428  -7.725  -9.231  57.922 0.0000000000
76710  -7.664  -8.420  57.277 0.0000000000
75441  -8.036  -9.214  56.960 0.0000000000
75455  -7.672  -9.166  56.225 0.0000000000
74243  -7.926  -9.920  56.430 0.0000000000
64270  -5.632  -19.094  52.645 0.0000000000
65608  -6.123  -18.769  52.121 0.0000000000
64290  -5.365  -19.324  51.639 0.0000000000
64325  -4.305  -18.816  49.918 0.0000000000
64344  -3.883  -18.196  48.843 0.0000000000
64323  -3.140  -18.756  48.936 0.0000000000
72843  -2.667  -11.105  76.315 0.0000000000
72842  -2.455  -11.303  76.194 0.0000000000
74057  -1.890  -11.009  76.010 0.0000000000
72845  -2.792  -11.217  75.344 0.0000000000
62698  -1.809  -19.013  70.608 0.0000000000
61450  -2.047  -19.908  69.770 0.0000000000
61460  -1.031  -20.002  68.503 0.0000000000
62722  -1.803  -18.791  69.311 0.0000000000
63974  -1.657  -18.633  68.873 0.0000000000
65371  -1.944  -17.689  68.496 0.0000000000
63991  -1.395  -18.365  68.263 0.0000000000
64009  -1.370  -18.343  67.622 0.0000000000
63990  -1.243  -18.929  67.903 0.0000000000
60327  -0.974  -21.042  66.577 0.0000000000
61488  -0.952  -20.522  66.415 0.0000000000
61489  -0.998  -20.894  66.378 0.0000000000
61503  -1.036  -20.675  66.011 0.0000000000
68169  -30.026  -14.130  54.219 0.0000000000
68150  -30.066  -13.600  55.166 0.0000000000
68096  -30.786  -12.862  58.253 0.0000000000
68097  -31.206  -12.969  58.187 0.0000000000
68117  -31.155  -13.204  56.972 0.0000000000
69403  -31.387  -12.812  56.752 0.0000000000
69419  -31.014  -13.152  56.054 0.0000000000
70652  -31.471  -11.708  55.901 0.0000000000
70640  -33.624  -11.582  56.840 0.0000000000
71802  -27.887  -11.556  58.193 0.0000000000
79185  -25.982  -5.846  65.050 0.0000000000
79199  -26.880  -5.609  64.375 0.0000000000
77866  -28.473  -7.074  63.408 0.0000000000
77881  -27.935  -6.787  63.639 0.0000000000
77903  -25.130  -6.443  62.436 0.0000000000
76657  -25.525  -7.262  59.699 0.0000000000
92473  -50.022  4.534  37.409 0.0000000000
86881  -44.990  1.274  36.566 0.0000000000
86899  -44.807  1.234  35.916 0.0000000000
89012  -45.423  2.218  35.554 0.0000000000
90123  -45.450  2.695  35.315 0.0000000000
91303  -45.777  3.134  35.389 0.0000000000
91292  -45.794  3.770  35.367 0.0000000000
91288  -48.892  3.679  36.538 0.0000000000
91295  -48.259  3.646  36.262 0.0000000000
92481  -48.922  4.214  36.403 0.0000000000
92482  -49.413  4.525  36.735 0.0000000000
86767  -39.830  1.031  46.791 0.0000000000
86768  -40.438  1.546  47.113 0.0000000000
86755  -40.493  1.458  48.062 0.0000000000
86723  -40.475  1.394  49.979 0.0000000000
85524  -39.161  0.738  51.240 0.0000000000
85593  -35.404  0.216  46.364 0.0000000000
85585  -39.419  0.716  47.192 0.0000000000
85606  -38.844  0.413  45.832 0.0000000000
86766  -39.345  0.623  46.547 0.0000000000
86778  -39.606  1.107  45.956 0.0000000000
66808  -16.929  -13.556  59.171 0.0000000000
65482  -16.118  -14.231  59.021 0.0000000000
74222  -1.367  -8.170  56.888 0.0000000000
73034  -2.444  -8.995  55.812 0.0000000000
73033  -2.030  -9.204  56.182 0.0000000000
73043  -2.406  -9.492  55.367 0.0000000000
71844  -2.904  -10.592  54.289 0.0000000000
71828  -3.096  -10.072  54.765 0.0000000000
71786  -6.340  -12.184  60.379 0.0000000000
71799  -6.992  -12.118  59.704 0.0000000000
69374  -5.381  -15.081  57.555 0.0000000000
70617  -5.662  -14.507  57.940 0.0000000000
69395  -5.640  -15.113  56.896 0.0000000000
69412  -6.153  -15.221  56.172 0.0000000000
69411  -5.266  -15.587  56.243 0.0000000000
68125  -3.811  -16.611  57.331 0.0000000000
69392  -4.026  -16.191  57.442 0.0000000000
68141  -3.889  -16.576  56.512 0.0000000000
65564  -4.368  -17.561  55.619 0.0000000000
66869  -3.760  -17.017  55.808 0.0000000000
66870  -4.478  -17.036  55.415 0.0000000000
66886  -5.018  -16.919  55.088 0.0000000000
66871  -5.058  -17.430  54.872 0.0000000000
65578  -5.344  -18.118  54.293 0.0000000000
64235  -5.102  -18.815  54.477 0.0000000000
60519  -4.282  -21.124  53.214 0.0000000000
61756  -4.343  -20.661  52.486 0.0000000000
60478  -2.668  -22.370  55.986 0.0000000000
60492  -2.762  -22.358  55.167 0.0000000000
67973  -5.201  -15.316  74.552 0.0000000000
146949  -4.300  -18.310  72.957 0.0000000000
146942  -4.333  -16.361  73.490 0.0000000000
146946  -3.999  -17.738  72.789 0.0000000000
66662  -3.539  -17.178  72.473 0.0000000000
146945  -3.819  -18.448  73.622 0.0000000000
61436  -4.830  -20.042  71.671 0.0000000000
60258  -4.485  -20.385  71.869 0.0000000000
60269  -3.256  -20.805  71.909 0.0000000000
60256  -3.752  -20.504  72.499 0.0000000000
60254  -3.453  -20.211  72.305 0.0000000000
61423  -3.310  -19.761  72.196 0.0000000000
60268  -2.941  -20.619  71.793 0.0000000000
61434  -2.711  -19.997  71.435 0.0000000000
59115  -2.442  -21.280  71.015 0.0000000000
57911  -1.961  -23.003  70.243 0.0000000000
57894  -2.000  -22.175  69.989 0.0000000000
83164  -36.066  -3.349  52.589 0.0000000000
81932  -35.809  -3.999  52.774 0.0000000000
70712  -30.063  -12.287  52.957 0.0000000000
71928  -29.899  -11.923  52.401 0.0000000000
78065  -33.313  -6.546  51.138 0.0000000000
76796  -33.139  -7.204  50.917 0.0000000000
78079  -33.001  -6.652  50.596 0.0000000000
79398  -33.195  -5.797  50.262 0.0000000000
81946  -34.854  -4.477  52.022 0.0000000000
81956  -35.144  -3.593  51.594 0.0000000000
70530  -21.076  -11.294  65.292 0.0000000000
69293  -20.728  -11.758  65.256 0.0000000000
69298  -20.467  -11.804  64.520 0.0000000000
69301  -19.788  -12.104  63.264 0.0000000000
76578  -25.022  -7.749  66.191 0.0000000000
76567  -24.809  -7.659  66.671 0.0000000000
75319  -24.585  -8.354  66.429 0.0000000000
75308  -24.613  -8.080  66.839 0.0000000000
74121  -24.225  -9.137  65.745 0.0000000000
75362  -23.670  -8.996  64.051 0.0000000000
71762  -21.726  -10.697  62.739 0.0000000000
71749  -22.370  -10.698  63.848 0.0000000000
72949  -23.088  -10.084  65.057 0.0000000000
71736  -22.580  -10.486  64.661 0.0000000000
70544  -22.075  -11.081  64.251 0.0000000000
68086  -20.754  -13.559  61.227 0.0000000000
68078  -20.328  -13.211  61.894 0.0000000000
68077  -20.084  -13.639  62.077 0.0000000000
66781  -19.586  -13.584  60.969 0.0000000000
66795  -18.997  -14.173  60.104 0.0000000000
66796  -19.612  -14.125  60.166 0.0000000000
65502  -18.889  -14.067  58.080 0.0000000000
65501  -18.406  -14.588  57.692 0.0000000000
97236  -47.717  8.672  33.795 0.0000000000
98327  -47.362  10.326  30.980 0.0000000000
98321  -47.771  10.393  31.482 0.0000000000
79234  -7.099  -6.172  61.268 0.0000000000
76650  -7.147  -8.038  60.612 0.0000000000
77923  -7.032  -7.668  61.135 0.0000000000
79216  -6.458  -6.758  63.431 0.0000000000
76634  -5.857  -8.883  62.501 0.0000000000
75376  -6.453  -9.105  61.484 0.0000000000
75389  -6.254  -10.318  61.153 0.0000000000
74200  -6.399  -10.686  60.587 0.0000000000
74199  -5.890  -11.114  61.328 0.0000000000
74184  -4.991  -11.571  61.809 0.0000000000
74198  -5.288  -11.685  61.198 0.0000000000
73005  -4.839  -12.101  61.064 0.0000000000
71784  -4.668  -12.958  61.204 0.0000000000
72963  -3.290  -11.694  63.128 0.0000000000
71770  -3.200  -13.309  62.265 0.0000000000
73002  -3.384  -13.086  62.250 0.0000000000
71782  -3.335  -13.800  61.637 0.0000000000
71794  -2.950  -14.438  60.535 0.0000000000
71793  -2.617  -14.823  60.412 0.0000000000
69326  -2.201  -15.510  61.279 0.0000000000
69338  -2.313  -15.827  60.613 0.0000000000
68090  -2.304  -16.267  60.887 0.0000000000
66805  -2.411  -17.139  60.485 0.0000000000
66789  -2.318  -17.286  61.162 0.0000000000
82065  -46.310  -2.041  41.649 0.0000000000
147149  -46.607  -1.630  42.329 0.0000000000
84358  -37.204  -1.887  53.728 0.0000000000
82079  -40.306  -3.146  41.197 0.0000000000
80784  -40.817  -3.731  41.190 0.0000000000
82096  -42.419  -3.145  41.277 0.0000000000
80802  -41.458  -3.793  41.085 0.0000000000
80826  -41.699  -3.889  40.291 0.0000000000
79576  -41.240  -4.342  39.677 0.0000000000
80846  -41.748  -3.860  39.560 0.0000000000
80827  -42.974  -3.484  40.356 0.0000000000
82098  -44.473  -3.344  41.190 0.0000000000
82084  -45.142  -2.840  41.316 0.0000000000
82100  -45.405  -3.151  40.739 0.0000000000
66654  -7.171  -16.272  73.416 0.0000000000
66675  -6.820  -16.610  71.738 0.0000000000
66678  -9.208  -16.254  71.658 0.0000000000
65333  -9.115  -16.338  71.150 0.0000000000
63966  -7.335  -17.758  70.244 0.0000000000
65346  -7.732  -16.667  70.600 0.0000000000
63954  -6.492  -17.756  70.796 0.0000000000
62715  -6.574  -18.347  70.244 0.0000000000
62714  -5.631  -18.658  70.049 0.0000000000
61473  -5.808  -19.376  67.931 0.0000000000
60320  -5.204  -20.572  67.074 0.0000000000
60321  -6.086  -20.085  66.639 0.0000000000
66777  -16.235  -13.801  61.087 0.0000000000
68081  -16.867  -13.632  61.734 0.0000000000
68080  -16.132  -13.960  61.900 0.0000000000
68071  -15.551  -13.828  62.617 0.0000000000
68062  -15.031  -13.920  63.626 0.0000000000
66760  -14.396  -14.093  63.472 0.0000000000
65459  -12.074  -16.222  61.226 0.0000000000
65439  -12.368  -15.703  63.783 0.0000000000
65449  -12.904  -15.072  63.051 0.0000000000
65440  -12.920  -14.884  64.056 0.0000000000
66756  -13.602  -14.585  64.686 0.0000000000
66752  -13.652  -14.445  65.623 0.0000000000
66751  -13.011  -14.777  65.251 0.0000000000
65394  -12.309  -14.679  66.446 0.0000000000
65383  -12.088  -15.001  67.017 0.0000000000
66728  -12.297  -15.230  67.639 0.0000000000
65374  -11.616  -15.601  68.041 0.0000000000
65382  -11.495  -15.523  67.346 0.0000000000
64031  -9.772  -17.067  66.235 0.0000000000
62797  -8.802  -18.153  62.858 0.0000000000
62789  -9.035  -17.854  63.280 0.0000000000
61539  -8.185  -18.356  63.366 0.0000000000
61507  -7.902  -18.638  64.517 0.0000000000
62775  -7.526  -18.680  64.980 0.0000000000
62762  -8.143  -17.807  65.977 0.0000000000
62761  -7.099  -18.358  65.764 0.0000000000
64028  -6.752  -18.467  66.480 0.0000000000
61492  -6.954  -18.810  65.028 0.0000000000
83083  -5.341  -3.468  58.586 0.0000000000
81836  -4.702  -4.633  58.149 0.0000000000
79297  -7.278  -6.205  57.142 0.0000000000
80571  -7.082  -5.405  57.550 0.0000000000
79296  -6.894  -6.019  56.861 0.0000000000
77993  -5.732  -6.933  55.883 0.0000000000
77992  -4.672  -7.150  56.540 0.0000000000
77977  -4.818  -6.611  56.832 0.0000000000
76725  -4.157  -8.253  56.212 0.0000000000
73074  -5.219  -10.346  53.620 0.0000000000
73059  -4.407  -10.289  54.143 0.0000000000
71847  -4.605  -10.556  53.586 0.0000000000
71865  -4.130  -11.190  53.059 0.0000000000
71887  -5.009  -11.969  52.575 0.0000000000
73035  -7.705  -11.235  57.966 0.0000000000
71829  -8.169  -12.384  56.037 0.0000000000
71848  -8.269  -12.260  55.000 0.0000000000
73060  -8.203  -11.257  55.236 0.0000000000
66930  -6.894  -17.264  51.627 0.0000000000
66910  -7.211  -16.375  52.119 0.0000000000
69488  -7.228  -14.538  50.799 0.0000000000
69473  -7.497  -14.168  51.659 0.0000000000
70691  -7.650  -12.825  52.578 0.0000000000
71924  -7.436  -12.630  51.847 0.0000000000
71908  -6.559  -12.228  52.063 0.0000000000
70706  -6.848  -12.801  51.546 0.0000000000
69471  -5.983  -13.331  50.908 0.0000000000
69470  -5.253  -12.951  50.671 0.0000000000
69453  -4.486  -12.545  51.488 0.0000000000
69469  -4.498  -12.918  50.557 0.0000000000
69468  -3.903  -12.936  50.403 0.0000000000
69484  -4.489  -13.295  49.788 0.0000000000
76515  -2.572  -9.018  70.326 0.0000000000
70464  -3.769  -13.557  74.507 0.0000000000
69225  -3.482  -14.283  73.803 0.0000000000
70477  -2.446  -14.090  72.541 0.0000000000
70470  -2.850  -13.605  73.323 0.0000000000
70478  -2.528  -13.486  72.640 0.0000000000
71653  -2.396  -13.187  72.176 0.0000000000
65330  -2.167  -17.880  70.928 0.0000000000
66671  -1.897  -16.096  71.004 0.0000000000
68004  -1.876  -15.646  70.830 0.0000000000
70490  -1.211  -13.782  70.476 0.0000000000
71667  -1.539  -13.033  70.828 0.0000000000
72869  -1.468  -11.883  70.371 0.0000000000
71698  -1.466  -12.232  68.793 0.0000000000
74087  -1.485  -10.969  69.273 0.0000000000
146986  -1.392  -10.786  68.815 0.0000000000
146987  -1.507  -10.548  68.877 0.0000000000
146974  -1.418  -10.885  68.265 0.0000000000
146973  -1.563  -11.396  67.762 0.0000000000
69287  -1.722  -14.279  66.557 0.0000000000
71718  -1.385  -12.943  66.216 0.0000000000
70527  -1.715  -13.726  66.171 0.0000000000
71724  -1.905  -13.392  65.301 0.0000000000
70533  -2.247  -14.233  65.388 0.0000000000
65389  -1.409  -17.719  66.884 0.0000000000
66749  -1.549  -16.682  66.306 0.0000000000
65404  -1.926  -17.395  66.007 0.0000000000
66754  -1.433  -16.801  64.796 0.0000000000
68060  -1.425  -15.947  64.266 0.0000000000
68070  -1.740  -16.171  63.401 0.0000000000
66762  -2.067  -17.159  63.523 0.0000000000
62820  -1.794  -19.281  62.517 0.0000000000
64101  -2.043  -19.102  61.924 0.0000000000
65455  -2.215  -18.580  61.445 0.0000000000
62838  -1.784  -20.054  61.354 0.0000000000
54583  -0.676  -26.766  67.198 0.0000000000
56809  -0.997  -24.668  66.924 0.0000000000
56821  -0.862  -24.689  66.212 0.0000000000
57967  -0.527  -23.733  65.254 0.0000000000
57975  -1.150  -23.968  64.307 0.0000000000
59209  -1.532  -23.065  63.362 0.0000000000
59225  -1.744  -22.757  62.735 0.0000000000
60384  -1.733  -22.128  62.571 0.0000000000
60400  -2.077  -22.738  62.131 0.0000000000
60399  -2.164  -22.409  61.375 0.0000000000
71754  -32.243  -11.954  62.608 0.0000000000
146970  -32.917  -11.590  63.021 0.0000000000
72955  -32.138  -11.163  62.776 0.0000000000
70564  -30.841  -11.806  62.074 0.0000000000
69314  -30.910  -12.193  61.597 0.0000000000
70555  -31.539  -12.865  62.813 0.0000000000
72971  -29.491  -10.515  62.462 0.0000000000
72986  -29.724  -10.845  62.149 0.0000000000
71750  -29.880  -11.450  62.683 0.0000000000
71765  -29.796  -11.978  62.610 0.0000000000
75340  -29.812  -8.456  63.141 0.0000000000
72952  -29.890  -10.719  62.707 0.0000000000
74134  -30.658  -9.405  62.924 0.0000000000
86849  -47.568  -0.046  40.046 0.0000000000
87905  -48.219  0.306  39.863 0.0000000000
86850  -48.448  -0.072  40.235 0.0000000000
83339  -44.566  -2.878  39.597 0.0000000000
83349  -43.906  -2.603  39.378 0.0000000000
84520  -44.499  -2.350  39.494 0.0000000000
84521  -44.967  -1.888  39.504 0.0000000000
84529  -45.143  -1.266  38.742 0.0000000000
85685  -45.434  -0.490  38.306 0.0000000000
84530  -45.744  -0.886  38.719 0.0000000000
85672  -46.659  -0.387  39.738 0.0000000000
84359  -37.692  -1.209  53.413 0.0000000000
83205  -33.772  -3.233  49.699 0.0000000000
83206  -34.489  -2.476  50.272 0.0000000000
84427  -34.834  -1.837  49.740 0.0000000000
66818  -2.673  -17.497  58.922 0.0000000000
66832  -2.963  -17.422  58.506 0.0000000000
65494  -2.581  -18.211  58.795 0.0000000000
64163  -3.087  -19.875  58.748 0.0000000000
62890  -3.085  -20.570  58.737 0.0000000000
61612  -2.437  -21.577  58.952 0.0000000000
60311  -5.115  -20.527  68.197 0.0000000000
59155  -4.574  -20.963  68.739 0.0000000000
57951  -4.290  -22.032  67.969 0.0000000000
71897  -32.913  -10.707  55.337 0.0000000000
74289  -33.328  -9.769  54.745 0.0000000000
74303  -33.877  -9.143  53.970 0.0000000000
75494  -34.373  -8.956  54.266 0.0000000000
80445  -25.037  -5.575  68.459 0.0000000000
75396  -22.598  -8.586  60.211 0.0000000000
93754  -47.868  5.314  35.327 0.0000000000
93755  -48.675  5.706  35.463 0.0000000000
94929  -48.420  6.412  35.226 0.0000000000
96100  -49.770  7.542  36.085 0.0000000000
76569  -3.645  -8.805  66.753 0.0000000000
75331  -3.612  -9.543  66.005 0.0000000000
75330  -2.915  -9.822  66.489 0.0000000000
87874  -42.071  0.750  43.773 0.0000000000
87844  -43.187  1.908  46.385 0.0000000000
86796  -38.869  0.790  43.995 0.0000000000
86797  -39.879  0.862  43.693 0.0000000000
85617  -40.081  0.446  42.840 0.0000000000
85631  -40.553  -0.341  42.266 0.0000000000
86810  -41.095  0.403  43.313 0.0000000000
66679  -10.871  -15.134  70.878 0.0000000000
65360  -11.008  -15.513  68.825 0.0000000000
69296  -18.762  -12.287  64.171 0.0000000000
71861  -2.026  -10.656  53.544 0.0000000000
71883  -1.914  -10.694  52.941 0.0000000000
71904  -2.126  -11.123  52.379 0.0000000000
62978  -4.204  -19.994  51.181 0.0000000000
62997  -4.266  -19.681  50.754 0.0000000000
62996  -3.797  -20.071  50.653 0.0000000000
64307  -3.278  -19.624  49.612 0.0000000000
71621  -3.431  -12.074  75.121 0.0000000000
61451  -1.681  -20.397  69.415 0.0000000000
60288  -1.483  -21.190  68.808 0.0000000000
60299  -1.328  -20.951  68.374 0.0000000000
61469  -0.844  -20.311  68.039 0.0000000000
62731  -1.025  -19.594  67.791 0.0000000000
60316  -0.945  -21.410  67.103 0.0000000000
59170  -0.875  -22.154  66.835 0.0000000000
69336  -32.265  -12.427  59.849 0.0000000000
69363  -31.747  -12.911  58.386 0.0000000000
69350  -32.374  -12.762  59.153 0.0000000000
69364  -32.358  -12.660  58.485 0.0000000000
69382  -32.289  -12.308  57.702 0.0000000000
70623  -32.779  -11.944  57.379 0.0000000000
69383  -33.147  -11.946  57.983 0.0000000000
69344  -28.652  -12.488  58.886 0.0000000000
76620  -28.309  -7.430  62.662 0.0000000000
77905  -27.500  -7.131  61.886 0.0000000000
77917  -26.076  -7.231  60.876 0.0000000000
90110  -49.369  3.331  37.090 0.0000000000
87923  -46.342  1.250  37.274 0.0000000000
87933  -45.983  1.616  36.620 0.0000000000
88998  -46.663  1.863  36.805 0.0000000000
88999  -47.294  2.224  36.752 0.0000000000
90113  -46.762  2.674  36.244 0.0000000000
90114  -47.535  2.737  36.488 0.0000000000
86739  -39.505  1.253  48.715 0.0000000000
86704  -39.782  1.071  50.677 0.0000000000
84448  -36.864  -0.257  47.212 0.0000000000
85595  -37.560  0.006  46.547 0.0000000000
85584  -38.791  0.456  47.107 0.0000000000
65499  -17.001  -15.201  58.388 0.0000000000
75407  -1.891  -8.109  57.542 0.0000000000
76688  -2.458  -8.086  57.353 0.0000000000
75427  -2.657  -8.585  57.084 0.0000000000
75439  -2.983  -8.383  56.595 0.0000000000
71797  -5.344  -13.212  60.354 0.0000000000
71807  -5.688  -13.453  59.165 0.0000000000
70616  -5.079  -15.198  58.067 0.0000000000
70632  -4.972  -15.439  57.724 0.0000000000
65547  -3.984  -17.958  56.635 0.0000000000
66855  -3.710  -17.199  56.489 0.0000000000
65548  -4.169  -18.491  56.439 0.0000000000
64234  -4.557  -18.437  55.286 0.0000000000
62935  -4.862  -19.349  54.614 0.0000000000
60506  -3.208  -21.752  53.487 0.0000000000
59328  -2.637  -22.393  53.508 0.0000000000
146944  -6.318  -16.351  73.858 0.0000000000
146948  -4.479  -18.253  72.590 0.0000000000
59134  -3.492  -21.264  70.625 0.0000000000
60281  -3.610  -21.039  71.145 0.0000000000
59133  -3.309  -21.637  71.165 0.0000000000
59117  -3.075  -21.376  71.553 0.0000000000
59132  -2.840  -22.062  70.942 0.0000000000
59131  -2.386  -22.058  70.543 0.0000000000
59145  -2.443  -22.467  70.398 0.0000000000
81931  -34.977  -4.655  52.685 0.0000000000
81916  -35.816  -4.532  53.623 0.0000000000
73126  -30.891  -10.613  52.964 0.0000000000
76781  -33.660  -7.137  52.178 0.0000000000
79389  -33.880  -5.942  51.558 0.0000000000
79399  -33.489  -5.649  50.971 0.0000000000
71716  -22.046  -10.694  66.290 0.0000000000
70526  -21.977  -10.961  65.932 0.0000000000
70536  -21.684  -11.262  64.706 0.0000000000
77843  -25.530  -6.031  66.138 0.0000000000
76589  -24.912  -7.707  65.622 0.0000000000
75337  -24.345  -8.401  65.463 0.0000000000
72997  -22.136  -10.053  62.416 0.0000000000
71774  -21.748  -10.778  62.096 0.0000000000
71761  -21.482  -11.198  61.835 0.0000000000
70560  -21.278  -11.455  61.843 0.0000000000
70551  -21.028  -11.222  62.567 0.0000000000
69312  -20.876  -11.954  61.583 0.0000000000
69318  -21.290  -13.212  61.294 0.0000000000
68088  -20.621  -14.026  60.586 0.0000000000
66811  -19.687  -14.398  59.484 0.0000000000
66812  -20.063  -14.325  59.202 0.0000000000
65503  -19.493  -14.223  58.489 0.0000000000
94951  -44.843  6.600  33.233 0.0000000000
77896  -5.652  -7.798  63.021 0.0000000000
75366  -5.656  -9.443  62.843 0.0000000000
74171  -5.525  -10.227  62.739 0.0000000000
74169  -4.406  -11.628  62.483 0.0000000000
74151  -2.596  -11.912  63.344 0.0000000000
72979  -2.925  -11.906  62.762 0.0000000000
72989  -2.727  -12.974  62.917 0.0000000000
71769  -2.756  -13.656  62.387 0.0000000000
71780  -2.207  -14.712  61.614 0.0000000000
71768  -2.172  -14.402  62.072 0.0000000000
70569  -1.922  -14.896  61.737 0.0000000000
83292  -45.736  -1.634  42.381 0.0000000000
84481  -45.149  -1.515  42.830 0.0000000000
147156  -45.550  -1.178  43.338 0.0000000000
83306  -41.829  -2.511  41.621 0.0000000000
82081  -42.191  -2.917  41.555 0.0000000000
82097  -43.509  -3.144  41.241 0.0000000000
62724  -5.799  -18.086  69.085 0.0000000000
62723  -5.902  -17.877  68.543 0.0000000000
63993  -5.992  -17.971  68.112 0.0000000000
62746  -6.188  -18.727  67.344 0.0000000000
65425  -12.499  -15.268  64.794 0.0000000000
65408  -11.476  -15.448  65.587 0.0000000000
64044  -10.811  -15.594  65.834 0.0000000000
64033  -10.906  -15.676  66.382 0.0000000000
64043  -10.572  -15.837  65.983 0.0000000000
65391  -10.293  -16.549  65.760 0.0000000000
61538  -7.558  -18.803  63.118 0.0000000000
61524  -7.148  -19.527  63.864 0.0000000000
61505  -6.216  -19.807  64.640 0.0000000000
81837  -5.941  -4.252  58.127 0.0000000000
76728  -6.971  -8.009  56.042 0.0000000000
77994  -6.674  -7.013  55.843 0.0000000000
76727  -6.194  -7.870  55.783 0.0000000000
76742  -5.847  -8.632  55.617 0.0000000000
76741  -4.950  -8.658  55.451 0.0000000000
75481  -5.273  -9.442  54.624 0.0000000000
71867  -5.935  -11.223  53.377 0.0000000000
70633  -7.155  -14.172  56.794 0.0000000000
70634  -7.514  -13.335  56.490 0.0000000000
70646  -7.324  -13.964  56.000 0.0000000000
69414  -7.476  -14.276  55.404 0.0000000000
69428  -7.763  -14.181  54.482 0.0000000000
65629  -6.655  -17.258  50.165 0.0000000000
66932  -7.534  -15.988  51.163 0.0000000000
66969  -7.087  -16.291  49.869 0.0000000000
68243  -7.122  -15.771  49.807 0.0000000000
68224  -6.957  -14.926  49.974 0.0000000000
69487  -6.439  -14.211  50.515 0.0000000000
68223  -6.126  -14.667  49.765 0.0000000000
69502  -5.388  -14.360  49.575 0.0000000000
69501  -4.819  -14.054  49.371 0.0000000000
69500  -4.424  -13.753  49.033 0.0000000000
69517  -4.584  -14.516  48.793 0.0000000000
67978  -2.852  -15.620  73.698 0.0000000000
67988  -2.512  -15.832  73.076 0.0000000000
69240  -2.345  -14.970  72.306 0.0000000000
66686  -2.208  -16.601  69.770 0.0000000000
69253  -0.953  -14.557  70.048 0.0000000000
70501  -0.891  -13.449  69.808 0.0000000000
71685  -0.955  -12.667  70.019 0.0000000000
70513  -1.085  -13.031  69.497 0.0000000000
70512  -1.465  -13.145  68.998 0.0000000000
70522  -1.796  -12.312  67.558 0.0000000000
68034  -1.547  -15.204  66.134 0.0000000000
64039  -1.756  -19.014  65.856 0.0000000000
65403  -1.651  -17.804  65.395 0.0000000000
64057  -1.677  -18.823  65.189 0.0000000000
64073  -2.342  -18.343  64.096 0.0000000000
65444  -2.297  -18.157  63.685 0.0000000000
64087  -2.136  -18.693  63.596 0.0000000000
62803  -1.799  -19.394  63.080 0.0000000000
54594  -0.642  -26.950  66.233 0.0000000000
55769  -0.689  -25.807  64.303 0.0000000000
59249  -2.284  -23.314  61.812 0.0000000000
69361  -29.275  -13.681  57.952 0.0000000000
68102  -29.591  -13.731  57.768 0.0000000000
69347  -29.974  -12.661  58.539 0.0000000000
69348  -30.858  -12.691  58.942 0.0000000000
69315  -31.364  -12.336  61.501 0.0000000000
69323  -31.452  -12.521  60.722 0.0000000000
69335  -31.549  -12.486  59.840 0.0000000000
69325  -32.724  -12.384  60.471 0.0000000000
75384  -28.284  -9.009  61.138 0.0000000000
74193  -28.368  -9.764  60.115 0.0000000000
73010  -28.719  -11.020  59.941 0.0000000000
71790  -28.826  -11.559  59.776 0.0000000000
71776  -29.704  -11.345  61.174 0.0000000000
70571  -29.068  -11.848  60.062 0.0000000000
69360  -28.738  -13.394  58.149 0.0000000000
76590  -28.879  -7.602  63.050 0.0000000000
74132  -29.767  -9.064  62.972 0.0000000000
75351  -29.295  -8.629  62.650 0.0000000000
76621  -28.837  -8.300  62.553 0.0000000000
75363  -28.759  -8.680  62.254 0.0000000000
75372  -28.471  -8.866  61.742 0.0000000000
88983  -49.670  1.519  39.098 0.0000000000
84526  -41.948  -1.597  38.326 0.0000000000
85681  -41.842  -0.976  38.015 0.0000000000
85697  -42.362  -0.356  37.456 0.0000000000
87921  -44.192  0.812  37.093 0.0000000000
86867  -44.719  0.839  37.469 0.0000000000
86868  -45.588  1.046  37.375 0.0000000000
85701  -45.799  0.053  37.861 0.0000000000
87924  -46.795  1.036  37.750 0.0000000000
83254  -32.671  -2.030  47.058 0.0000000000
84444  -33.037  -1.569  46.692 0.0000000000
84438  -36.628  -0.537  48.018 0.0000000000
85569  -37.091  -0.521  48.440 0.0000000000
80542  -3.172  -5.830  59.012 0.0000000000
70601  -3.391  -14.891  59.083 0.0000000000
70614  -3.795  -15.266  58.504 0.0000000000
69370  -3.097  -15.730  58.365 0.0000000000
69390  -3.177  -16.322  58.114 0.0000000000
68124  -3.393  -16.833  57.699 0.0000000000
66843  -3.357  -17.532  57.896 0.0000000000
65546  -3.617  -17.859  57.386 0.0000000000
65532  -3.633  -18.398  57.124 0.0000000000
62907  -3.822  -19.782  56.961 0.0000000000
61663  -3.903  -20.301  56.354 0.0000000000
60480  -3.308  -21.356  55.729 0.0000000000
60462  -2.980  -21.171  56.494 0.0000000000
61635  -2.574  -20.890  57.882 0.0000000000
60460  -2.619  -22.334  57.017 0.0000000000
62702  -5.436  -18.818  70.841 0.0000000000
63953  -5.199  -18.732  71.400 0.0000000000
62712  -4.813  -19.704  70.857 0.0000000000
59120  -4.147  -20.573  70.760 0.0000000000
59146  -4.299  -20.868  69.388 0.0000000000
57899  -3.766  -21.310  69.535 0.0000000000
59135  -3.898  -20.784  70.193 0.0000000000
57898  -3.401  -21.598  69.907 0.0000000000
79361  -35.772  -6.306  53.693 0.0000000000
78024  -36.188  -6.855  54.127 0.0000000000
69434  -30.704  -12.647  54.889 0.0000000000
69447  -29.836  -12.810  54.145 0.0000000000
70696  -30.341  -12.118  53.979 0.0000000000
71913  -30.838  -11.504  53.675 0.0000000000
71914  -31.799  -11.031  54.026 0.0000000000
73112  -31.332  -10.903  53.414 0.0000000000
74322  -30.754  -9.279  52.302 0.0000000000
75504  -33.494  -8.766  53.305 0.0000000000
75513  -33.816  -7.996  52.789 0.0000000000
76526  -23.581  -7.777  67.683 0.0000000000
74096  -23.705  -8.734  67.140 0.0000000000
77890  -24.274  -7.509  63.446 0.0000000000
76619  -24.353  -8.218  63.836 0.0000000000
76618  -24.010  -7.919  63.219 0.0000000000
75370  -23.352  -8.671  62.625 0.0000000000
74192  -22.740  -9.262  62.579 0.0000000000
74191  -22.213  -9.498  61.722 0.0000000000
72996  -21.908  -10.295  61.669 0.0000000000
70592  -21.307  -12.788  59.771 0.0000000000
93770  -45.135  5.498  33.895 0.0000000000
93764  -46.582  5.975  35.040 0.0000000000
94936  -45.823  6.379  34.192 0.0000000000
94944  -45.319  6.439  33.638 0.0000000000
96125  -45.393  7.009  33.369 0.0000000000
96126  -45.794  7.406  33.467 0.0000000000
96133  -45.477  7.807  33.047 0.0000000000
97235  -46.781  8.383  33.609 0.0000000000
96122  -48.473  7.477  34.880 0.0000000000
76610  -4.416  -8.920  64.448 0.0000000000
75355  -4.079  -9.709  64.413 0.0000000000
74137  -3.202  -11.173  64.444 0.0000000000
74136  -2.620  -11.736  64.083 0.0000000000
72961  -2.482  -12.459  63.869 0.0000000000
71746  -2.356  -12.902  64.224 0.0000000000
71731  -2.358  -13.671  64.076 0.0000000000
85618  -44.005  -0.610  43.018 0.0000000000
86800  -44.730  -0.173  43.818 0.0000000000
87855  -43.989  1.282  45.478 0.0000000000
84475  -37.913  -0.872  42.012 0.0000000000
82078  -39.317  -2.926  40.893 0.0000000000
83305  -40.879  -2.468  41.196 0.0000000000
85641  -41.023  -1.178  41.657 0.0000000000
85642  -41.525  -1.184  41.979 0.0000000000
84490  -41.416  -1.790  41.509 0.0000000000
84491  -42.258  -1.729  42.191 0.0000000000
66657  -9.762  -15.360  72.574 0.0000000000
65334  -9.811  -16.046  71.060 0.0000000000
65335  -10.422  -15.454  70.531 0.0000000000
63968  -9.417  -16.345  70.439 0.0000000000
64105  -11.844  -16.448  60.287 0.0000000000
64104  -11.215  -17.077  60.629 0.0000000000
65458  -10.967  -16.859  61.487 0.0000000000
65457  -10.361  -16.941  61.422 0.0000000000
65446  -10.192  -16.707  62.014 0.0000000000
64076  -9.519  -17.147  62.684 0.0000000000
64075  -9.704  -17.284  63.460 0.0000000000
61551  -8.860  -18.179  62.176 0.0000000000
81839  -7.427  -4.735  58.531 0.0000000000
77995  -7.245  -7.434  56.693 0.0000000000
76729  -7.490  -8.489  56.557 0.0000000000
75471  -7.163  -9.078  55.701 0.0000000000
66888  -6.278  -16.896  53.691 0.0000000000
66909  -6.557  -17.233  52.588 0.0000000000
65609  -6.532  -18.081  51.571 0.0000000000
64309  -4.766  -19.219  50.529 0.0000000000
65628  -6.124  -17.928  50.334 0.0000000000
65666  -5.118  -17.289  48.327 0.0000000000
66987  -3.492  -16.678  47.846 0.0000000000
74059  -2.821  -10.798  75.653 0.0000000000
75248  -2.833  -9.907  75.076 0.0000000000
75247  -2.578  -9.956  75.064 0.0000000000
74061  -2.517  -10.505  74.660 0.0000000000
74063  -2.351  -10.494  73.651 0.0000000000
63940  -1.929  -18.164  71.419 0.0000000000
65328  -1.345  -17.917  71.673 0.0000000000
65341  -0.812  -18.082  71.156 0.0000000000
65342  -1.150  -17.964  70.639 0.0000000000
65343  -2.161  -18.011  70.469 0.0000000000
62710  -2.009  -19.097  69.794 0.0000000000
62711  -2.069  -18.671  69.675 0.0000000000
65358  -2.325  -17.837  69.934 0.0000000000
65357  -2.243  -17.719  69.332 0.0000000000
66713  -1.531  -16.873  68.212 0.0000000000
66726  -1.569  -16.589  67.527 0.0000000000
66712  -0.786  -16.947  67.937 0.0000000000
64026  -1.557  -18.564  67.166 0.0000000000
64025  -1.821  -18.959  66.740 0.0000000000
62744  -1.434  -19.640  67.164 0.0000000000
62758  -1.244  -19.741  66.510 0.0000000000
62771  -1.050  -19.790  65.779 0.0000000000
62786  -1.142  -20.188  65.576 0.0000000000
61522  -1.349  -20.657  65.102 0.0000000000
68170  -30.041  -13.541  54.339 0.0000000000
68114  -29.476  -14.145  57.356 0.0000000000
68132  -30.086  -13.415  56.162 0.0000000000
68105  -31.185  -13.118  57.658 0.0000000000
68116  -30.695  -13.448  56.963 0.0000000000
68133  -30.759  -13.374  56.175 0.0000000000
68152  -30.517  -13.062  54.903 0.0000000000
70666  -31.503  -11.840  55.400 0.0000000000
70667  -32.233  -11.218  55.373 0.0000000000
70639  -32.900  -11.779  56.922 0.0000000000
71853  -32.852  -10.868  55.727 0.0000000000
71854  -33.619  -10.914  56.115 0.0000000000
79200  -27.804  -6.243  64.120 0.0000000000
76605  -28.061  -6.993  63.207 0.0000000000
79212  -27.529  -6.138  63.895 0.0000000000
79211  -26.763  -5.668  63.869 0.0000000000
77879  -25.783  -5.890  63.816 0.0000000000
77891  -24.870  -6.926  63.617 0.0000000000
77915  -24.186  -7.015  62.078 0.0000000000
77930  -25.437  -6.970  60.529 0.0000000000
76642  -24.707  -6.986  60.563 0.0000000000
87949  -45.336  1.885  35.735 0.0000000000
87969  -45.009  2.088  35.441 0.0000000000
90122  -44.619  2.547  34.921 0.0000000000
92485  -45.830  4.137  35.343 0.0000000000
92487  -47.179  4.443  35.505 0.0000000000
91294  -47.560  3.455  36.049 0.0000000000
87842  -41.161  2.065  46.418 0.0000000000
85544  -39.329  0.720  50.374 0.0000000000
85615  -38.063  0.574  43.934 0.0000000000
86783  -39.087  0.665  44.960 0.0000000000
66779  -18.139  -13.517  61.200 0.0000000000
68083  -18.060  -13.297  61.630 0.0000000000
65470  -15.670  -13.738  59.743 0.0000000000
65469  -14.994  -14.314  59.803 0.0000000000
65480  -13.909  -15.689  58.787 0.0000000000
64116  -13.206  -16.216  59.102 0.0000000000
74232  -1.694  -9.148  56.423 0.0000000000
71862  -2.646  -10.774  53.660 0.0000000000
70659  -3.113  -10.825  53.504 0.0000000000
70672  -3.393  -11.424  52.595 0.0000000000
73025  -6.918  -10.911  59.426 0.0000000000
73026  -7.229  -11.143  58.912 0.0000000000
71800  -7.267  -11.700  59.264 0.0000000000
71816  -7.041  -13.336  57.789 0.0000000000
70605  -5.975  -13.854  58.406 0.0000000000
70618  -6.501  -13.979  57.630 0.0000000000
68160  -6.272  -15.992  54.983 0.0000000000
69372  -3.896  -15.556  57.855 0.0000000000
69393  -4.418  -15.765  57.425 0.0000000000
69410  -4.611  -15.873  56.594 0.0000000000
68142  -4.114  -16.025  56.077 0.0000000000
68143  -4.676  -15.905  55.916 0.0000000000
68159  -5.348  -16.054  55.396 0.0000000000
68176  -5.283  -16.611  55.027 0.0000000000
68177  -5.854  -16.486  54.565 0.0000000000
65592  -5.795  -18.240  53.272 0.0000000000
62962  -4.991  -19.752  52.552 0.0000000000
62949  -5.326  -19.882  53.840 0.0000000000
61757  -4.899  -20.210  53.080 0.0000000000
62961  -4.384  -20.072  51.797 0.0000000000
61776  -3.683  -20.705  51.448 0.0000000000
60493  -2.962  -22.017  54.977 0.0000000000
67981  -4.778  -14.870  73.846 0.0000000000
67979  -3.895  -15.499  73.619 0.0000000000
66653  -3.333  -16.708  72.854 0.0000000000
65323  -3.340  -17.770  72.750 0.0000000000
65318  -3.199  -18.225  73.035 0.0000000000
62689  -4.571  -19.285  71.880 0.0000000000
62678  -4.508  -19.079  72.961 0.0000000000
60257  -4.157  -20.475  72.248 0.0000000000
61426  -4.256  -20.072  72.907 0.0000000000
62671  -4.073  -19.245  74.054 0.0000000000
62669  -3.201  -18.909  73.789 0.0000000000
63936  -2.776  -18.611  72.933 0.0000000000
63935  -2.387  -18.310  72.311 0.0000000000
62687  -2.571  -19.066  71.303 0.0000000000
61442  -2.305  -19.698  70.968 0.0000000000
61441  -2.263  -20.013  70.554 0.0000000000
59130  -2.114  -21.733  70.038 0.0000000000
59143  -1.560  -21.904  69.464 0.0000000000
57909  -1.073  -22.223  69.291 0.0000000000
56776  -0.685  -23.559  68.755 0.0000000000
84384  -35.926  -2.167  51.669 0.0000000000
83179  -36.231  -2.405  52.447 0.0000000000
81917  -36.370  -3.889  53.845 0.0000000000
69462  -29.692  -13.168  53.309 0.0000000000
69478  -29.632  -13.040  52.290 0.0000000000
79413  -33.028  -5.663  49.444 0.0000000000
80680  -33.037  -4.957  50.103 0.0000000000
80681  -33.661  -4.933  50.857 0.0000000000
81969  -33.878  -3.603  50.649 0.0000000000
83190  -34.651  -3.134  51.030 0.0000000000
83191  -35.312  -2.710  51.174 0.0000000000
70524  -20.598  -11.573  66.225 0.0000000000
69292  -20.214  -11.991  65.570 0.0000000000
69300  -19.254  -12.108  63.376 0.0000000000
68059  -19.403  -12.525  62.708 0.0000000000
68067  -19.351  -13.038  62.442 0.0000000000
79157  -25.345  -6.113  67.936 0.0000000000
77832  -25.067  -6.260  66.877 0.0000000000
77820  -25.169  -6.232  67.449 0.0000000000
77819  -24.879  -6.828  67.597 0.0000000000
75307  -24.234  -8.425  67.166 0.0000000000
72917  -23.703  -9.636  66.314 0.0000000000
75350  -23.846  -8.588  64.682 0.0000000000
74144  -23.652  -9.340  64.564 0.0000000000
72969  -23.395  -9.640  64.375 0.0000000000
74131  -23.928  -9.250  65.133 0.0000000000
72937  -23.700  -9.791  65.373 0.0000000000
72936  -23.295  -10.163  65.485 0.0000000000
72925  -23.402  -10.210  66.007 0.0000000000
70532  -22.432  -10.509  65.258 0.0000000000
70542  -20.656  -11.290  63.702 0.0000000000
69309  -20.512  -11.596  62.471 0.0000000000
69303  -20.470  -11.522  63.184 0.0000000000
69302  -20.289  -11.746  63.457 0.0000000000
69307  -19.813  -12.328  62.673 0.0000000000
68076  -19.645  -13.635  62.062 0.0000000000
66780  -18.899  -13.502  60.908 0.0000000000
66794  -18.328  -14.068  60.261 0.0000000000
65472  -18.085  -14.218  59.367 0.0000000000
65485  -18.666  -14.584  58.975 0.0000000000
65484  -18.011  -14.178  58.493 0.0000000000
97247  -45.237  8.720  31.842 0.0000000000
97249  -47.361  9.743  31.967 0.0000000000
97255  -46.156  9.683  30.754 0.0000000000
79248  -7.440  -6.161  60.250 0.0000000000
77940  -7.471  -6.944  59.723 0.0000000000
77908  -6.728  -7.553  61.836 0.0000000000
77897  -6.215  -7.573  62.686 0.0000000000
76649  -6.875  -8.495  61.232 0.0000000000
73006  -5.626  -11.926  60.794 0.0000000000
73014  -5.756  -12.529  60.438 0.0000000000
72992  -4.280  -12.261  62.070 0.0000000000
72991  -3.563  -12.537  62.299 0.0000000000
71771  -4.185  -12.897  61.882 0.0000000000
71783  -4.014  -13.529  61.334 0.0000000000
70591  -3.656  -14.510  59.794 0.0000000000
70589  -2.745  -14.914  59.768 0.0000000000
70599  -2.582  -15.257  59.257 0.0000000000
69327  -2.280  -15.384  60.740 0.0000000000
69339  -2.418  -15.712  60.045 0.0000000000
66817  -2.574  -17.182  59.503 0.0000000000
65478  -2.287  -18.090  59.677 0.0000000000
64120  -2.104  -18.969  60.164 0.0000000000
84502  -46.220  -2.261  40.904 0.0000000000
84496  -46.981  -1.838  41.174 0.0000000000
147151  -46.949  -1.850  41.563 0.0000000000
80823  -39.477  -4.186  40.356 0.0000000000
80824  -40.049  -4.341  40.558 0.0000000000
80785  -41.342  -3.629  41.282 0.0000000000
80825  -40.859  -4.380  40.637 0.0000000000
79574  -39.751  -4.266  39.772 0.0000000000
79593  -39.928  -4.216  39.261 0.0000000000
79613  -40.137  -4.029  38.767 0.0000000000
80878  -40.391  -3.453  38.530 0.0000000000
79615  -41.409  -3.755  38.790 0.0000000000
80881  -42.163  -3.403  38.891 0.0000000000
80848  -43.262  -3.446  39.808 0.0000000000
80804  -43.765  -3.464  40.883 0.0000000000
80828  -44.164  -3.516  40.390 0.0000000000
82126  -44.091  -3.252  39.733 0.0000000000
82112  -45.038  -3.410  40.409 0.0000000000
82113  -45.541  -2.834  40.351 0.0000000000
63939  -6.380  -18.138  71.889 0.0000000000
66656  -8.939  -15.711  72.788 0.0000000000
66666  -8.713  -16.151  72.313 0.0000000000
65347  -8.520  -16.469  70.925 0.0000000000
66691  -7.879  -16.429  71.238 0.0000000000
66676  -7.397  -16.370  71.860 0.0000000000
66688  -6.649  -16.899  71.200 0.0000000000
65325  -6.441  -17.539  71.291 0.0000000000
62691  -6.157  -18.145  71.214 0.0000000000
61463  -5.385  -19.880  69.196 0.0000000000
61464  -5.503  -19.161  68.686 0.0000000000
61472  -5.551  -20.007  68.495 0.0000000000
68073  -17.378  -13.296  62.336 0.0000000000
68064  -16.956  -13.191  63.179 0.0000000000
65467  -12.377  -16.022  60.285 0.0000000000
66765  -13.612  -14.686  62.530 0.0000000000
68052  -14.084  -14.223  64.256 0.0000000000
68045  -14.943  -14.405  65.676 0.0000000000
66753  -14.327  -14.324  66.036 0.0000000000
66742  -14.209  -14.108  66.692 0.0000000000
66740  -12.924  -14.401  66.034 0.0000000000
66729  -12.881  -14.641  67.003 0.0000000000
69269  -13.055  -15.043  68.043 0.0000000000
65361  -11.606  -15.534  68.695 0.0000000000
65373  -10.959  -15.870  68.274 0.0000000000
64015  -10.904  -16.376  67.300 0.0000000000
64074  -9.724  -17.420  63.825 0.0000000000
64058  -9.316  -17.596  64.126 0.0000000000
64042  -9.238  -17.650  64.758 0.0000000000
61526  -8.146  -18.331  64.068 0.0000000000
62748  -7.916  -17.617  66.522 0.0000000000
64012  -7.465  -17.851  67.009 0.0000000000
64011  -6.851  -18.315  67.089 0.0000000000
62759  -6.516  -18.645  66.546 0.0000000000
61490  -5.967  -19.975  65.330 0.0000000000
60332  -5.940  -20.211  66.369 0.0000000000
81835  -4.000  -5.215  58.359 0.0000000000
79278  -3.747  -6.099  57.822 0.0000000000
81855  -7.054  -5.022  58.088 0.0000000000
81854  -6.546  -4.961  57.788 0.0000000000
79329  -6.067  -6.557  56.086 0.0000000000
80569  -5.668  -5.681  57.086 0.0000000000
81852  -5.225  -5.163  57.457 0.0000000000
80568  -4.866  -5.613  57.469 0.0000000000
79294  -4.214  -6.267  57.036 0.0000000000
79293  -3.593  -6.640  57.524 0.0000000000
77976  -3.388  -7.251  57.110 0.0000000000
75454  -3.416  -8.277  56.416 0.0000000000
74251  -3.294  -9.028  55.480 0.0000000000
75467  -4.055  -9.273  55.235 0.0000000000
74252  -3.570  -9.526  55.109 0.0000000000
73045  -3.249  -9.798  54.934 0.0000000000
71845  -3.410  -10.563  54.261 0.0000000000
70661  -3.673  -11.180  52.908 0.0000000000
70673  -4.014  -11.992  52.331 0.0000000000
73046  -8.021  -11.146  56.488 0.0000000000
74270  -7.771  -10.710  54.507 0.0000000000
68179  -7.415  -15.673  53.281 0.0000000000
68180  -7.774  -14.575  53.413 0.0000000000
66911  -7.573  -15.638  51.863 0.0000000000
68195  -7.844  -14.980  52.341 0.0000000000
69440  -7.862  -13.726  53.626 0.0000000000
70675  -7.882  -12.959  53.349 0.0000000000
73094  -8.023  -11.572  53.542 0.0000000000
73076  -7.332  -11.104  53.740 0.0000000000
71868  -6.619  -11.130  53.414 0.0000000000
71888  -5.820  -12.032  53.026 0.0000000000
69455  -6.055  -13.141  51.602 0.0000000000
70689  -5.617  -12.828  52.079 0.0000000000
71906  -5.379  -12.451  52.273 0.0000000000
70674  -4.597  -12.183  52.259 0.0000000000
70687  -3.915  -12.329  51.673 0.0000000000
70705  -3.198  -13.014  51.107 0.0000000000
70720  -3.474  -12.777  50.126 0.0000000000
70745  -2.963  -13.291  48.944 0.0000000000
69499  -4.051  -13.531  48.737 0.0000000000
70746  -3.667  -13.663  48.452 0.0000000000
75297  -2.251  -9.303  68.732 0.0000000000
70457  -3.940  -13.062  75.165 0.0000000000
71626  -3.473  -12.789  74.796 0.0000000000
69231  -2.970  -14.383  73.473 0.0000000000
71625  -3.112  -12.059  74.656 0.0000000000
72852  -2.400  -11.439  73.282 0.0000000000
72856  -2.228  -11.435  72.501 0.0000000000
69247  -2.021  -15.494  71.527 0.0000000000
69254  -1.629  -14.758  70.626 0.0000000000
70485  -2.168  -13.807  71.767 0.0000000000
71652  -2.049  -12.646  71.829 0.0000000000
72855  -1.890  -12.014  72.145 0.0000000000
74069  -2.263  -10.811  72.226 0.0000000000
74068  -2.146  -10.639  71.637 0.0000000000
75263  -2.154  -9.944  71.021 0.0000000000
74088  -1.678  -11.206  69.891 0.0000000000
75281  -1.853  -10.437  69.887 0.0000000000
75264  -2.201  -9.714  70.264 0.0000000000
75282  -1.975  -9.915  69.131 0.0000000000
146983  -2.013  -9.601  68.093 0.0000000000
146982  -1.975  -10.023  67.458 0.0000000000
146980  -1.803  -10.576  67.184 0.0000000000
74123  -1.754  -11.123  66.460 0.0000000000
70521  -1.744  -13.121  66.692 0.0000000000
72929  -1.555  -12.241  65.735 0.0000000000
72928  -1.676  -12.883  65.207 0.0000000000
71732  -2.427  -13.329  64.712 0.0000000000
70540  -2.175  -14.241  64.294 0.0000000000
68044  -1.577  -16.256  66.770 0.0000000000
68043  -1.544  -16.032  66.500 0.0000000000
68042  -1.525  -15.675  65.893 0.0000000000
69294  -1.659  -15.093  65.347 0.0000000000
69299  -1.597  -15.045  64.642 0.0000000000
69310  -1.539  -15.278  62.855 0.0000000000
68079  -2.232  -16.071  62.497 0.0000000000
66788  -2.373  -16.950  61.832 0.0000000000
65443  -2.113  -17.952  63.184 0.0000000000
65465  -2.249  -17.571  61.457 0.0000000000
56794  -1.073  -24.212  68.515 0.0000000000
56793  -0.899  -24.008  67.945 0.0000000000
54571  -1.430  -26.066  67.557 0.0000000000
55717  -1.090  -24.513  67.426 0.0000000000
57947  -0.823  -23.487  67.443 0.0000000000
59180  -0.688  -23.089  67.070 0.0000000000
59181  -0.776  -22.605  66.530 0.0000000000
57959  -0.658  -23.554  66.194 0.0000000000
60354  -1.298  -21.689  64.819 0.0000000000
56841  -1.113  -24.950  63.855 0.0000000000
61547  -2.048  -20.888  63.134 0.0000000000
62856  -2.177  -20.126  60.310 0.0000000000
58102  -1.917  -23.940  57.909 0.0000000000
55734  -1.070  -24.611  67.158 0.0000000000
57895  -1.996  -22.505  70.173 0.0000000000
57897  -3.259  -22.095  70.430 0.0000000000
57914  -3.584  -22.086  69.299 0.0000000000
57940  -4.384  -21.720  68.214 0.0000000000
57950  -4.336  -22.386  67.654 0.0000000000
57958  -0.584  -23.525  66.888 0.0000000000
58146  -2.777  -22.434  53.953 0.0000000000
58164  -2.694  -22.425  53.746 0.0000000000
58165  -2.733  -22.254  53.815 0.0000000000
59147  -4.689  -20.636  69.134 0.0000000000
59154  -4.335  -21.318  69.018 0.0000000000
59173  -4.456  -21.575  67.676 0.0000000000
59329  -2.926  -22.160  53.888 0.0000000000
60255  -3.506  -20.438  72.462 0.0000000000
60267  -2.499  -20.675  71.229 0.0000000000
60270  -3.500  -20.789  71.833 0.0000000000
60271  -4.012  -20.636  71.515 0.0000000000
60279  -2.304  -20.870  70.575 0.0000000000
60280  -3.497  -21.037  71.463 0.0000000000
60282  -4.407  -20.364  70.650 0.0000000000
60290  -1.685  -20.632  69.327 0.0000000000
60300  -1.465  -20.880  68.749 0.0000000000
60301  -1.618  -20.786  69.150 0.0000000000
60309  -1.470  -20.810  68.707 0.0000000000
60310  -1.583  -20.881  68.920 0.0000000000
60317  -0.891  -21.911  66.956 0.0000000000
60385  -1.851  -22.695  62.480 0.0000000000
61425  -3.839  -20.102  73.070 0.0000000000
61435  -2.512  -19.497  71.154 0.0000000000
61443  -2.363  -19.469  71.015 0.0000000000
61462  -1.542  -20.486  69.174 0.0000000000
61470  -1.436  -20.565  68.837 0.0000000000
61471  -1.522  -20.665  69.014 0.0000000000
61508  -8.244  -18.378  64.457 0.0000000000
61521  -1.560  -20.154  64.393 0.0000000000
61688  -3.545  -20.717  55.925 0.0000000000
61735  -4.790  -20.354  53.497 0.0000000000
61777  -4.031  -20.355  51.420 0.0000000000
61792  -3.269  -20.717  50.689 0.0000000000
61794  -3.781  -20.472  51.078 0.0000000000
62666  -3.508  -18.695  73.997 0.0000000000
62667  -3.918  -18.837  74.209 0.0000000000
62668  -4.294  -18.930  74.160 0.0000000000
62670  -3.535  -19.147  74.031 0.0000000000
62672  -4.414  -19.148  73.828 0.0000000000
62673  -2.273  -18.265  71.817 0.0000000000
62675  -3.150  -19.247  73.234 0.0000000000
62676  -3.750  -19.522  73.530 0.0000000000
62677  -4.153  -19.536  73.471 0.0000000000
62680  -6.275  -18.164  71.609 0.0000000000
62686  -2.391  -18.529  71.525 0.0000000000
62688  -2.360  -19.221  71.046 0.0000000000
62690  -5.696  -18.379  71.199 0.0000000000
62699  -2.019  -19.241  70.759 0.0000000000
62700  -2.191  -19.328  70.910 0.0000000000
62701  -4.971  -19.425  71.242 0.0000000000
62704  -6.768  -18.244  70.408 0.0000000000
62721  -1.299  -19.220  68.843 0.0000000000
62732  -1.119  -19.175  68.253 0.0000000000
62733  -5.870  -17.967  68.318 0.0000000000
62745  -6.460  -18.612  67.013 0.0000000000
62760  -6.353  -18.823  66.545 0.0000000000
62772  -0.855  -20.195  65.887 0.0000000000
62773  -6.481  -18.745  66.325 0.0000000000
62774  -6.439  -18.691  66.742 0.0000000000
62777  -8.381  -18.202  64.301 0.0000000000
62788  -8.734  -17.955  63.782 0.0000000000
62805  -8.834  -18.170  62.422 0.0000000000
62806  -9.103  -17.820  62.195 0.0000000000
62948  -4.891  -20.075  54.253 0.0000000000
62995  -3.252  -20.403  50.337 0.0000000000
63933  -3.023  -18.844  73.454 0.0000000000
63934  -2.077  -18.209  72.034 0.0000000000
63941  -2.163  -18.700  71.174 0.0000000000
63942  -2.303  -19.005  71.113 0.0000000000
63945  -6.353  -17.951  71.450 0.0000000000
63949  -1.014  -18.527  71.288 0.0000000000
63951  -1.989  -19.076  71.008 0.0000000000
63952  -4.806  -18.935  71.561 0.0000000000
63955  -6.701  -18.058  70.520 0.0000000000
63956  -9.081  -16.478  70.731 0.0000000000
63963  -2.070  -18.454  70.272 0.0000000000
63964  -2.222  -18.150  70.172 0.0000000000
63965  -6.789  -17.321  70.568 0.0000000000
63976  -2.246  -18.148  69.825 0.0000000000
63977  -6.131  -17.872  68.284 0.0000000000
63992  -1.830  -18.300  68.676 0.0000000000
63998  -10.879  -16.359  67.936 0.0000000000
64010  -6.641  -18.521  66.694 0.0000000000
64016  -11.234  -15.695  66.900 0.0000000000
64027  -6.656  -18.585  66.322 0.0000000000
64029  -7.177  -18.203  66.551 0.0000000000
64040  -6.524  -18.788  66.015 0.0000000000
64041  -6.542  -18.651  66.507 0.0000000000
64059  -9.281  -17.572  63.615 0.0000000000
64060  -9.294  -17.481  63.194 0.0000000000
64088  -2.348  -18.333  63.854 0.0000000000
64089  -9.874  -17.180  61.455 0.0000000000
64136  -3.035  -20.078  59.115 0.0000000000
64189  -3.758  -19.033  56.784 0.0000000000
64212  -4.446  -18.029  56.034 0.0000000000
64233  -4.402  -17.844  55.792 0.0000000000
64288  -3.046  -20.180  49.702 0.0000000000
64289  -3.193  -20.170  49.919 0.0000000000
64322  -2.775  -18.585  48.635 0.0000000000
65316  -2.238  -18.104  72.255 0.0000000000
65317  -2.375  -18.124  72.507 0.0000000000
65320  -6.455  -17.806  71.783 0.0000000000
65321  -2.115  -17.945  71.923 0.0000000000
65331  -6.543  -17.120  71.239 0.0000000000
65332  -6.587  -17.211  70.850 0.0000000000
65344  -6.673  -16.919  70.960 0.0000000000
65380  -0.920  -17.560  67.784 0.0000000000
65390  -9.903  -17.059  65.582 0.0000000000
65392  -10.477  -16.132  65.883 0.0000000000
65421  -9.744  -17.420  64.417 0.0000000000
65426  -12.986  -14.920  64.565 0.0000000000
65433  -2.360  -17.870  64.045 0.0000000000
65434  -1.739  -18.182  63.782 0.0000000000
65435  -9.711  -17.460  64.103 0.0000000000
65436  -10.150  -17.325  64.035 0.0000000000
65445  -9.793  -17.012  61.639 0.0000000000
65456  -10.010  -16.980  61.394 0.0000000000
65487  -19.666  -14.523  58.989 0.0000000000
65533  -3.907  -18.525  56.669 0.0000000000
65593  -6.159  -17.939  52.570 0.0000000000
65643  -2.759  -18.818  48.905 0.0000000000
65644  -4.155  -18.221  49.008 0.0000000000
65647  -6.613  -16.936  49.688 0.0000000000
66645  -2.773  -16.255  73.485 0.0000000000
66652  -2.701  -16.294  73.197 0.0000000000
66659  -1.980  -16.243  71.244 0.0000000000
66663  -6.538  -16.951  72.011 0.0000000000
66672  -2.288  -16.713  70.716 0.0000000000
66673  -2.358  -17.547  70.564 0.0000000000
66674  -6.615  -16.892  71.505 0.0000000000
66689  -6.833  -16.747  71.164 0.0000000000
66690  -7.256  -16.571  71.180 0.0000000000
66701  -2.325  -17.296  69.610 0.0000000000
66702  -10.841  -15.638  68.657 0.0000000000
66703  -11.031  -15.683  68.508 0.0000000000
66714  -2.103  -16.812  68.045 0.0000000000
66715  -10.627  -15.743  68.605 0.0000000000
66716  -10.818  -15.789  68.462 0.0000000000
66727  -2.047  -16.597  67.797 0.0000000000
66738  -1.422  -16.887  66.853 0.0000000000
66739  -1.521  -16.559  67.014 0.0000000000
66750  -1.529  -16.482  66.669 0.0000000000
66763  -9.939  -16.855  61.601 0.0000000000
66764  -10.067  -16.764  61.769 0.0000000000
66767  -18.408  -13.308  61.647 0.0000000000
66768  -18.716  -13.333  61.614 0.0000000000
66773  -10.178  -16.851  61.563 0.0000000000
66774  -10.308  -16.751  61.731 0.0000000000
66797  -20.133  -14.169  60.193 0.0000000000
66798  -20.586  -14.210  59.900 0.0000000000
66810  -19.259  -14.461  59.519 0.0000000000
66831  -2.790  -17.033  58.962 0.0000000000
66931  -7.247  -16.900  50.882 0.0000000000
66950  -6.976  -16.708  50.048 0.0000000000
66951  -7.331  -16.214  50.343 0.0000000000
67980  -4.270  -14.810  73.650 0.0000000000
67989  -2.685  -16.313  72.965 0.0000000000
67990  -4.310  -14.603  73.782 0.0000000000
67991  -4.478  -14.691  73.765 0.0000000000
67995  -2.039  -15.934  71.639 0.0000000000
68003  -1.890  -15.725  71.273 0.0000000000
68011  -1.558  -15.933  69.284 0.0000000000
68018  -2.100  -16.592  68.301 0.0000000000
68019  -12.849  -15.143  67.977 0.0000000000
68020  -13.170  -14.944  67.852 0.0000000000
68026  -2.085  -15.976  67.625 0.0000000000
68035  -1.449  -15.178  66.559 0.0000000000
68036  -1.678  -15.970  66.998 0.0000000000
68061  -14.383  -14.079  63.956 0.0000000000
68075  -19.116  -13.157  62.084 0.0000000000
68082  -17.672  -13.384  61.649 0.0000000000
68084  -19.957  -13.858  61.519 0.0000000000
68085  -20.255  -13.758  61.180 0.0000000000
68087  -2.319  -16.113  61.646 0.0000000000
68095  -30.394  -12.707  58.290 0.0000000000
68123  -3.103  -16.614  58.241 0.0000000000
68140  -3.744  -16.926  57.059 0.0000000000
68157  -3.963  -16.477  55.750 0.0000000000
68188  -29.718  -13.164  54.134 0.0000000000
68208  -7.580  -15.135  51.369 0.0000000000
69232  -4.313  -14.477  73.972 0.0000000000
69233  -4.541  -14.571  73.964 0.0000000000
69261  -13.075  -14.854  68.236 0.0000000000
69308  -20.056  -12.170  62.431 0.0000000000
69313  -30.717  -12.058  61.641 0.0000000000
69330  -28.750  -12.416  59.203 0.0000000000
69340  -3.218  -14.606  59.854 0.0000000000
69341  -3.337  -14.607  59.653 0.0000000000
69343  -21.749  -12.786  60.189 0.0000000000
69352  -33.418  -12.364  58.938 0.0000000000
69355  -3.244  -14.692  59.438 0.0000000000
69356  -3.543  -14.705  59.440 0.0000000000
69357  -20.830  -12.979  59.309 0.0000000000
69362  -29.637  -13.303  57.917 0.0000000000
69373  -5.138  -15.333  57.691 0.0000000000
69375  -5.874  -14.646  57.348 0.0000000000
69391  -3.490  -16.223  57.783 0.0000000000
69402  -31.085  -13.223  56.304 0.0000000000
69421  -31.596  -11.773  56.234 0.0000000000
69438  -4.445  -12.291  52.008 0.0000000000
69439  -4.773  -12.461  51.909 0.0000000000
69446  -29.667  -13.220  53.763 0.0000000000
69456  -6.455  -13.097  51.515 0.0000000000
69479  -29.784  -12.852  52.981 0.0000000000
69515  -3.905  -13.981  48.461 0.0000000000
70465  -4.493  -13.803  74.680 0.0000000000
70469  -2.667  -13.985  72.920 0.0000000000
70502  -0.967  -12.942  69.699 0.0000000000
70529  -20.719  -11.635  65.601 0.0000000000
70534  -2.622  -13.722  65.238 0.0000000000
70537  -22.208  -10.613  64.914 0.0000000000
70554  -30.776  -12.868  62.832 0.0000000000
70561  -21.363  -11.051  62.656 0.0000000000
70566  -31.812  -12.236  61.959 0.0000000000
70572  -29.532  -11.808  60.643 0.0000000000
70573  -29.989  -12.008  60.982 0.0000000000
70574  -30.414  -11.892  61.561 0.0000000000
70579  -2.374  -15.068  60.582 0.0000000000
70581  -28.337  -11.785  58.520 0.0000000000
70583  -29.230  -12.190  59.969 0.0000000000
70590  -3.074  -14.669  59.662 0.0000000000
70600  -2.857  -15.046  58.966 0.0000000000
70613  -3.340  -15.320  58.587 0.0000000000
70631  -4.704  -15.459  57.753 0.0000000000
70658  -2.912  -10.813  53.632 0.0000000000
70660  -3.294  -10.899  53.211 0.0000000000
70670  -2.884  -10.821  53.408 0.0000000000
70671  -3.011  -10.964  52.972 0.0000000000
70688  -5.094  -12.489  52.140 0.0000000000
70703  -2.439  -11.610  51.810 0.0000000000
70707  -7.513  -12.978  51.713 0.0000000000
70733  -3.552  -13.092  49.244 0.0000000000
71639  -2.080  -12.388  72.153 0.0000000000
71666  -1.179  -13.355  70.573 0.0000000000
71709  -22.319  -10.298  66.618 0.0000000000
71717  -22.773  -10.395  66.238 0.0000000000
71723  -1.579  -13.409  65.702 0.0000000000
71753  -31.790  -12.461  62.829 0.0000000000
71763  -29.500  -10.893  61.415 0.0000000000
71772  -4.406  -12.571  61.655 0.0000000000
71787  -6.673  -11.794  60.239 0.0000000000
71827  -2.901  -9.965  54.841 0.0000000000
71830  -8.398  -12.072  55.756 0.0000000000
71843  -2.472  -10.566  54.177 0.0000000000
71849  -8.334  -12.192  55.551 0.0000000000
71863  -2.959  -10.819  53.783 0.0000000000
71869  -8.259  -12.235  53.890 0.0000000000
71870  -8.304  -12.003  53.768 0.0000000000
71876  -33.352  -10.682  55.591 0.0000000000
71877  -33.878  -10.694  55.775 0.0000000000
71885  -2.787  -11.087  52.772 0.0000000000
71889  -6.902  -11.690  52.988 0.0000000000
71890  -7.943  -12.063  53.031 0.0000000000
71891  -8.226  -11.918  53.575 0.0000000000
71903  -1.857  -10.763  52.638 0.0000000000
71905  -2.593  -11.138  52.649 0.0000000000
71907  -5.744  -12.483  52.380 0.0000000000
71909  -7.367  -12.396  52.211 0.0000000000
71923  -7.209  -12.549  51.765 0.0000000000
71940  -29.441  -12.096  51.747 0.0000000000
72838  -1.943  -11.229  76.752 0.0000000000
72839  -2.426  -11.335  76.793 0.0000000000
72840  -2.660  -11.227  76.769 0.0000000000
72841  -1.977  -11.249  76.158 0.0000000000
72844  -2.116  -11.081  75.815 0.0000000000
72863  -2.151  -11.327  71.951 0.0000000000
72883  -1.363  -10.943  68.564 0.0000000000
72884  -1.414  -11.343  68.584 0.0000000000
72885  -1.388  -11.826  69.463 0.0000000000
72906  -23.381  -9.544  66.613 0.0000000000
72950  -23.437  -9.717  64.866 0.0000000000
72960  -2.501  -12.801  63.684 0.0000000000
72962  -2.990  -11.722  63.040 0.0000000000
72978  -2.626  -12.319  63.041 0.0000000000
72998  -28.480  -10.197  60.166 0.0000000000
73004  -4.545  -12.294  61.480 0.0000000000
73013  -5.297  -12.464  60.722 0.0000000000
73016  -7.086  -11.410  59.496 0.0000000000
73023  -2.103  -9.181  56.703 0.0000000000
73024  -2.298  -9.064  56.500 0.0000000000
73032  -1.709  -9.245  56.185 0.0000000000
73057  -3.249  -10.136  54.710 0.0000000000
73058  -3.696  -10.202  54.577 0.0000000000
73061  -8.380  -11.905  55.477 0.0000000000
73078  -8.320  -11.898  53.997 0.0000000000
73095  -8.257  -11.761  53.808 0.0000000000
73101  -32.991  -10.117  54.980 0.0000000000
74051  -1.889  -10.912  76.914 0.0000000000
74052  -2.219  -11.041  77.126 0.0000000000
74053  -2.569  -11.223  77.023 0.0000000000
74054  -1.890  -10.951  76.447 0.0000000000
74056  -2.685  -10.963  76.794 0.0000000000
74058  -2.561  -10.787  75.630 0.0000000000
74102  -23.267  -9.358  66.830 0.0000000000
74103  -23.707  -9.006  66.726 0.0000000000
74113  -24.181  -9.057  66.252 0.0000000000
74114  -24.403  -8.730  66.163 0.0000000000
74122  -24.309  -8.936  65.967 0.0000000000
74161  -23.374  -9.533  63.781 0.0000000000
74167  -2.627  -11.931  62.980 0.0000000000
74168  -2.770  -11.790  63.100 0.0000000000
74183  -4.516  -11.903  61.965 0.0000000000
74194  -28.504  -9.447  60.690 0.0000000000
74211  -1.461  -8.116  57.125 0.0000000000
74212  -1.615  -8.357  57.185 0.0000000000
74213  -1.924  -8.712  57.268 0.0000000000
74221  -1.306  -7.919  56.760 0.0000000000
74223  -1.748  -8.971  56.841 0.0000000000
74225  -6.991  -10.489  59.109 0.0000000000
74230  -1.248  -8.161  56.519 0.0000000000
74231  -1.364  -8.974  56.440 0.0000000000
74233  -2.608  -8.832  56.513 0.0000000000
74241  -2.895  -8.825  55.721 0.0000000000
74242  -3.142  -9.387  55.282 0.0000000000
74253  -4.182  -9.750  54.703 0.0000000000
74254  -5.851  -9.645  54.791 0.0000000000
74323  -31.700  -8.787  52.284 0.0000000000
75256  -2.032  -9.618  72.840 0.0000000000
75279  -1.468  -10.728  69.032 0.0000000000
75296  -23.692  -8.353  67.447 0.0000000000
75309  -2.304  -9.301  68.125 0.0000000000
75318  -24.315  -8.604  66.722 0.0000000000
75321  -3.135  -9.264  66.732 0.0000000000
75329  -24.558  -8.484  65.936 0.0000000000
75338  -24.648  -8.240  65.731 0.0000000000
75406  -1.495  -7.759  57.275 0.0000000000
75408  -2.231  -8.517  57.346 0.0000000000
75424  -1.307  -7.496  56.749 0.0000000000
75425  -1.373  -7.569  56.989 0.0000000000
75426  -2.708  -8.033  57.046 0.0000000000
75438  -2.868  -7.977  56.868 0.0000000000
75440  -3.180  -8.116  56.620 0.0000000000
75442  -8.043  -8.981  56.852 0.0000000000
75453  -3.440  -8.605  55.931 0.0000000000
75456  -7.889  -8.906  56.686 0.0000000000
75466  -3.669  -8.991  55.485 0.0000000000
75468  -4.755  -9.276  54.850 0.0000000000
75480  -5.116  -9.523  54.458 0.0000000000
75523  -33.162  -7.974  51.656 0.0000000000
76539  -23.936  -7.595  67.688 0.0000000000
76540  -24.390  -7.417  67.569 0.0000000000
76630  -27.499  -7.487  61.567 0.0000000000
76655  -23.286  -8.032  60.596 0.0000000000
76666  -2.227  -7.678  57.793 0.0000000000
76667  -2.191  -8.111  57.507 0.0000000000
76687  -2.685  -7.696  57.513 0.0000000000
76707  -2.909  -7.709  57.200 0.0000000000
76709  -3.456  -7.859  56.622 0.0000000000
76711  -7.950  -8.904  57.070 0.0000000000
76739  -3.958  -8.963  55.511 0.0000000000
76740  -4.282  -8.858  55.503 0.0000000000
76743  -6.652  -8.584  55.758 0.0000000000
76754  -34.840  -7.990  54.136 0.0000000000
76755  -35.184  -7.823  54.385 0.0000000000
76770  -33.937  -7.363  52.535 0.0000000000
77806  -23.857  -7.435  67.848 0.0000000000
77831  -24.913  -7.096  66.949 0.0000000000
77884  -5.967  -7.392  63.369 0.0000000000
77955  -2.603  -7.338  58.057 0.0000000000
77956  -2.957  -7.014  58.136 0.0000000000
77975  -3.121  -7.404  57.493 0.0000000000
77978  -5.235  -6.680  56.598 0.0000000000
77991  -3.863  -7.340  56.655 0.0000000000
78009  -6.008  -6.694  55.822 0.0000000000
79230  -24.538  -6.687  62.319 0.0000000000
79231  -24.792  -6.545  62.071 0.0000000000
79239  -24.571  -6.665  61.964 0.0000000000
79240  -24.770  -6.608  61.831 0.0000000000
79310  -4.052  -6.822  56.711 0.0000000000
79311  -5.789  -6.294  56.522 0.0000000000
79312  -6.563  -6.321  56.559 0.0000000000
79330  -6.302  -6.693  55.963 0.0000000000
79555  -39.584  -4.272  40.148 0.0000000000
79556  -40.348  -4.416  40.221 0.0000000000
79575  -40.548  -4.405  39.725 0.0000000000
79594  -40.723  -4.264  39.171 0.0000000000
79614  -40.895  -3.940  38.721 0.0000000000
80444  -24.670  -6.102  68.807 0.0000000000
80555  -3.662  -5.713  58.440 0.0000000000
80584  -6.243  -5.949  56.768 0.0000000000
80585  -6.497  -5.961  56.786 0.0000000000
80805  -44.626  -3.600  40.906 0.0000000000
80806  -44.966  -3.646  40.836 0.0000000000
80860  -41.783  -3.720  39.034 0.0000000000
80861  -42.165  -3.550  39.298 0.0000000000
80862  -42.663  -3.378  39.368 0.0000000000
80879  -41.176  -3.446  38.550 0.0000000000
80882  -42.389  -3.386  39.109 0.0000000000
81711  -24.629  -4.699  68.260 0.0000000000
81933  -36.156  -3.895  53.280 0.0000000000
82063  -44.172  -2.221  41.832 0.0000000000
82099  -45.092  -3.439  40.977 0.0000000000
82111  -44.548  -3.441  40.091 0.0000000000
82127  -45.398  -2.917  39.916 0.0000000000
82136  -45.467  -2.421  39.831 0.0000000000
82137  -45.546  -2.240  39.840 0.0000000000
82145  -42.635  -3.166  38.950 0.0000000000
83238  -33.376  -2.490  48.200 0.0000000000
83288  -39.114  -1.411  41.224 0.0000000000
83289  -43.046  -1.895  42.340 0.0000000000
83307  -42.629  -2.349  41.976 0.0000000000
83316  -45.703  -2.685  40.683 0.0000000000
83325  -44.781  -3.292  39.857 0.0000000000
83326  -45.126  -3.244  39.923 0.0000000000
83327  -46.063  -2.187  40.273 0.0000000000
83328  -46.446  -1.726  40.133 0.0000000000
83341  -45.919  -1.992  39.838 0.0000000000
83350  -45.227  -2.477  39.728 0.0000000000
83352  -45.907  -1.668  39.552 0.0000000000
83356  -41.698  -2.290  38.332 0.0000000000
83357  -42.246  -2.360  38.467 0.0000000000
84464  -43.964  -0.912  42.756 0.0000000000
84494  -41.057  -1.563  41.422 0.0000000000
84495  -41.336  -1.527  41.617 0.0000000000
84497  -47.245  -1.592  40.884 0.0000000000
84513  -44.634  -2.645  39.570 0.0000000000
84514  -44.856  -2.554  39.622 0.0000000000
85520  -36.044  -1.953  51.624 0.0000000000
85540  -35.889  -1.938  51.446 0.0000000000
85541  -35.919  -1.746  51.302 0.0000000000
85597  -38.955  0.407  46.350 0.0000000000
85648  -41.125  -1.414  41.565 0.0000000000
85649  -41.270  -1.315  41.713 0.0000000000
85650  -47.775  -1.260  41.098 0.0000000000
85660  -47.215  -0.867  40.387 0.0000000000
85661  -47.577  -1.081  40.713 0.0000000000
85678  -46.340  -0.145  38.921 0.0000000000
85686  -45.942  -0.394  38.222 0.0000000000
85687  -46.259  -0.118  38.224 0.0000000000
85699  -44.453  -0.051  37.859 0.0000000000
85702  -46.123  -0.089  37.935 0.0000000000
86782  -38.558  0.654  44.531 0.0000000000
86824  -48.024  -0.951  40.879 0.0000000000
86857  -43.131  -0.414  37.905 0.0000000000
86858  -43.374  -0.455  37.863 0.0000000000
86865  -43.754  -0.166  37.669 0.0000000000
86880  -44.770  1.117  36.209 0.0000000000
86900  -45.115  1.580  35.826 0.0000000000
86901  -45.421  1.696  35.962 0.0000000000
87912  -48.880  0.892  39.272 0.0000000000
87919  -43.560  0.093  37.519 0.0000000000
87922  -44.589  1.161  36.809 0.0000000000
87929  -43.401  0.234  37.244 0.0000000000
87930  -43.552  0.597  36.699 0.0000000000
87932  -44.714  1.152  36.421 0.0000000000
87950  -45.664  1.857  36.023 0.0000000000
88929  -42.739  1.787  46.047 0.0000000000
88981  -48.509  1.150  38.987 0.0000000000
88982  -48.880  1.325  38.873 0.0000000000
89028  -44.727  2.446  35.105 0.0000000000
90121  -44.197  2.440  34.848 0.0000000000
91289  -49.477  3.810  36.884 0.0000000000
92486  -46.184  4.216  35.422 0.0000000000
93766  -48.109  6.026  35.117 0.0000000000
94946  -46.540  6.910  34.279 0.0000000000
94950  -44.275  6.464  32.901 0.0000000000
96114  -50.036  7.966  35.876 0.0000000000
146938  -4.158  -18.684  74.073 0.0000000000
146939  -3.536  -18.537  73.800 0.0000000000
146943  -4.432  -18.701  73.271 0.0000000000
146947  -4.132  -18.105  72.947 0.0000000000
146950  -4.090  -18.296  73.185 0.0000000000
146977  -1.392  -11.158  68.354 0.0000000000
146978  -1.724  -9.882  67.938 0.0000000000
146981  -1.592  -10.367  67.738 0.0000000000
146984  -1.881  -9.733  67.927 0.0000000000
146985  -2.070  -9.657  67.814 0.0000000000
146988  -1.985  -9.672  68.377 0.0000000000
147152  -45.272  -1.283  43.159 0.0000000000
147154  -45.742  -1.287  43.037 0.0000000000
147155  -47.094  -1.740  41.793 0.0000000000
147158  -47.318  -1.615  41.596 0.0000000000
