#!ascii label  , from subject 3167 vox2ras=TkReg
1050
65711  -32.398  -17.383  46.301 0.0000000000
61760  -16.634  -21.222  52.343 0.0000000000
68284  -23.048  -15.937  47.819 0.0000000000
90147  -38.330  2.402  30.881 0.0000000000
93817  -43.255  5.604  26.778 0.0000000000
61636  -8.680  -20.332  57.315 0.0000000000
86913  -35.913  -0.562  33.766 0.0000000000
72008  -34.091  -12.869  45.174 0.0000000000
64381  -27.086  -18.826  46.553 0.0000000000
62925  -12.160  -20.056  54.608 0.0000000000
60435  -13.542  -22.784  57.907 0.0000000000
68369  -27.259  -15.791  42.826 0.0000000000
70821  -29.058  -13.524  42.268 0.0000000000
64347  -20.177  -18.413  48.543 0.0000000000
70776  -23.566  -12.832  46.064 0.0000000000
77055  -33.933  -9.256  34.570 0.0000000000
79669  -37.755  -6.407  32.974 0.0000000000
83452  -40.234  -3.502  30.901 0.0000000000
54653  -6.190  -26.924  60.324 0.0000000000
52290  -3.546  -28.566  63.329 0.0000000000
74436  -27.673  -11.643  42.416 0.0000000000
76953  -26.712  -9.171  40.080 0.0000000000
74539  -29.984  -10.626  37.272 0.0000000000
58061  -9.568  -25.111  58.976 0.0000000000
60484  -17.000  -22.292  54.660 0.0000000000
61741  -19.109  -21.572  53.667 0.0000000000
64384  -29.762  -18.076  46.612 0.0000000000
64258  -15.667  -17.780  52.513 0.0000000000
62951  -14.190  -20.280  53.193 0.0000000000
61693  -14.629  -21.804  54.985 0.0000000000
67028  -26.718  -16.084  45.963 0.0000000000
68343  -25.328  -15.486  43.697 0.0000000000
78381  -32.631  -6.558  33.804 0.0000000000
78362  -35.263  -8.188  33.500 0.0000000000
80938  -33.895  -5.314  33.156 0.0000000000
85765  -37.158  -1.498  31.480 0.0000000000
86948  -38.885  -0.877  30.273 0.0000000000
85781  -41.388  -1.687  30.034 0.0000000000
88012  -40.244  -0.038  29.036 0.0000000000
88033  -40.913  0.672  27.678 0.0000000000
73235  -28.367  -12.663  45.038 0.0000000000
73260  -29.091  -12.147  41.601 0.0000000000
74403  -26.420  -11.185  45.014 0.0000000000
79515  -26.295  -6.726  41.939 0.0000000000
80816  -27.456  -5.568  39.669 0.0000000000
77005  -28.261  -8.985  38.482 0.0000000000
79603  -28.797  -6.025  37.562 0.0000000000
78332  -30.395  -6.906  35.965 0.0000000000
68247  -21.189  -16.297  48.716 0.0000000000
59284  -6.555  -22.533  58.636 0.0000000000
58103  -8.381  -23.323  57.773 0.0000000000
48798  -5.035  -30.877  64.628 0.0000000000
47778  -3.306  -32.375  66.053 0.0000000000
84551  -34.069  -1.931  35.477 0.0000000000
74406  -32.875  -11.121  45.251 0.0000000000
65704  -23.955  -17.646  46.298 0.0000000000
62910  -10.316  -19.574  56.277 0.0000000000
60447  -10.803  -22.736  56.143 0.0000000000
60468  -13.109  -22.259  55.898 0.0000000000
95011  -43.609  6.519  25.306 0.0000000000
67075  -29.452  -17.126  43.901 0.0000000000
68349  -31.279  -15.858  43.730 0.0000000000
68384  -28.811  -15.401  42.088 0.0000000000
64292  -16.969  -19.189  51.166 0.0000000000
61795  -17.891  -20.581  50.237 0.0000000000
65630  -18.196  -17.310  49.881 0.0000000000
69519  -18.958  -14.844  48.587 0.0000000000
69534  -20.672  -13.765  46.907 0.0000000000
71962  -22.169  -10.902  48.232 0.0000000000
69547  -22.201  -14.951  45.367 0.0000000000
67073  -24.019  -16.373  44.106 0.0000000000
65752  -26.929  -18.214  43.740 0.0000000000
74544  -35.276  -11.362  37.298 0.0000000000
83417  -35.944  -3.751  32.241 0.0000000000
82200  -38.645  -4.938  32.093 0.0000000000
89087  -41.780  1.681  27.237 0.0000000000
52305  -4.864  -28.026  61.838 0.0000000000
52265  -6.868  -29.174  64.001 0.0000000000
70834  -31.919  -13.620  42.502 0.0000000000
73250  -32.290  -11.471  43.091 0.0000000000
76864  -31.082  -9.749  42.902 0.0000000000
76862  -25.631  -8.576  44.540 0.0000000000
75653  -26.978  -9.858  41.398 0.0000000000
76893  -29.962  -8.493  42.383 0.0000000000
78254  -31.045  -8.003  41.116 0.0000000000
75693  -31.439  -10.112  39.711 0.0000000000
74521  -32.775  -11.462  38.486 0.0000000000
75759  -31.760  -10.554  35.646 0.0000000000
77053  -31.545  -8.253  34.725 0.0000000000
61764  -21.402  -21.355  52.246 0.0000000000
58031  -5.460  -23.561  59.955 0.0000000000
55799  -7.966  -25.707  59.666 0.0000000000
58063  -11.669  -24.527  59.141 0.0000000000
48767  -1.897  -32.469  66.964 0.0000000000
60508  -16.005  -21.892  53.137 0.0000000000
60499  -18.122  -21.752  54.109 0.0000000000
60510  -17.683  -21.683  53.318 0.0000000000
65709  -30.660  -17.899  46.030 0.0000000000
64273  -15.678  -19.135  51.967 0.0000000000
64257  -14.693  -18.534  52.750 0.0000000000
61758  -14.977  -20.922  52.719 0.0000000000
61716  -15.122  -21.931  53.909 0.0000000000
80922  -32.390  -5.705  34.633 0.0000000000
79665  -33.416  -6.143  33.283 0.0000000000
82185  -32.471  -3.935  34.264 0.0000000000
89042  -37.709  1.174  32.079 0.0000000000
87994  -37.746  0.247  31.150 0.0000000000
87995  -38.046  0.631  30.633 0.0000000000
86965  -39.032  -0.431  29.760 0.0000000000
89055  -38.513  1.572  29.829 0.0000000000
89068  -39.076  1.630  29.230 0.0000000000
74404  -27.018  -11.746  45.463 0.0000000000
80792  -27.419  -4.717  41.351 0.0000000000
80854  -28.141  -5.782  38.215 0.0000000000
80841  -29.444  -4.289  38.383 0.0000000000
80856  -29.878  -4.729  37.416 0.0000000000
69506  -21.703  -16.120  48.492 0.0000000000
68229  -22.248  -15.930  50.450 0.0000000000
68249  -22.967  -16.259  49.230 0.0000000000
60434  -7.522  -21.251  57.757 0.0000000000
60445  -8.414  -21.256  57.084 0.0000000000
91374  -43.388  3.764  26.808 0.0000000000
47780  -4.920  -32.121  65.435 0.0000000000
69540  -34.676  -14.052  46.850 0.0000000000
72007  -33.687  -12.106  45.306 0.0000000000
65706  -25.348  -18.676  46.312 0.0000000000
64362  -26.662  -19.257  47.367 0.0000000000
64216  -12.803  -17.981  54.387 0.0000000000
64192  -12.084  -17.819  55.507 0.0000000000
62895  -10.674  -18.678  56.453 0.0000000000
62911  -11.012  -19.604  55.593 0.0000000000
61666  -11.771  -20.903  55.466 0.0000000000
61690  -12.195  -20.650  55.085 0.0000000000
61671  -16.495  -22.261  56.307 0.0000000000
61640  -15.307  -22.394  57.014 0.0000000000
65766  -28.263  -17.141  43.399 0.0000000000
67095  -29.057  -16.580  43.131 0.0000000000
68370  -28.002  -15.441  42.312 0.0000000000
64294  -17.510  -17.144  52.325 0.0000000000
64311  -17.624  -18.385  50.121 0.0000000000
66933  -18.303  -16.584  51.107 0.0000000000
70734  -19.077  -13.977  50.092 0.0000000000
70735  -19.332  -13.106  49.509 0.0000000000
70749  -19.662  -13.423  48.373 0.0000000000
71975  -20.379  -12.387  47.982 0.0000000000
70751  -24.063  -13.041  48.285 0.0000000000
71978  -23.105  -12.211  47.186 0.0000000000
70764  -22.058  -12.418  46.439 0.0000000000
70791  -22.411  -13.705  45.125 0.0000000000
67072  -23.048  -16.353  44.731 0.0000000000
69597  -23.580  -14.841  43.816 0.0000000000
68368  -26.496  -15.902  43.133 0.0000000000
67108  -25.682  -16.983  42.768 0.0000000000
65765  -27.431  -17.312  43.208 0.0000000000
65754  -28.963  -17.507  44.059 0.0000000000
74572  -34.397  -10.415  35.504 0.0000000000
74563  -35.727  -11.115  36.315 0.0000000000
75786  -35.716  -9.824  34.807 0.0000000000
79668  -36.848  -6.874  33.021 0.0000000000
77081  -37.711  -8.770  33.798 0.0000000000
85726  -34.778  -1.084  34.371 0.0000000000
84577  -34.337  -2.429  33.520 0.0000000000
85754  -35.722  -1.373  32.842 0.0000000000
84603  -38.870  -2.691  31.405 0.0000000000
83449  -37.827  -3.332  31.581 0.0000000000
83438  -38.896  -4.124  31.455 0.0000000000
80958  -40.411  -5.301  31.924 0.0000000000
89086  -41.140  1.295  27.485 0.0000000000
90180  -41.387  2.763  27.531 0.0000000000
91372  -41.725  3.685  27.446 0.0000000000
55791  -4.769  -25.436  61.445 0.0000000000
55790  -4.373  -25.855  61.802 0.0000000000
53529  -5.473  -27.268  60.765 0.0000000000
52277  -7.244  -28.628  63.434 0.0000000000
50990  -6.608  -29.752  65.509 0.0000000000
68386  -30.439  -15.136  42.026 0.0000000000
69601  -31.834  -14.859  42.551 0.0000000000
69614  -31.350  -14.207  42.383 0.0000000000
73261  -30.059  -12.040  41.782 0.0000000000
74437  -29.294  -11.226  41.626 0.0000000000
74419  -31.217  -10.373  42.965 0.0000000000
75635  -28.937  -10.469  41.728 0.0000000000
78145  -25.561  -7.293  44.207 0.0000000000
76952  -25.909  -8.214  40.507 0.0000000000
76919  -25.493  -8.595  41.573 0.0000000000
76920  -26.387  -9.271  41.016 0.0000000000
76892  -29.032  -9.160  41.819 0.0000000000
76922  -29.072  -9.056  41.395 0.0000000000
78223  -29.794  -8.207  41.590 0.0000000000
76955  -29.468  -8.982  40.801 0.0000000000
75709  -28.512  -9.631  38.067 0.0000000000
75691  -29.818  -9.750  39.489 0.0000000000
74518  -30.416  -10.731  38.318 0.0000000000
74500  -32.557  -11.123  39.320 0.0000000000
74540  -31.027  -11.009  37.705 0.0000000000
74541  -32.041  -11.510  37.544 0.0000000000
74558  -30.553  -10.716  36.686 0.0000000000
78316  -31.542  -5.651  36.903 0.0000000000
77040  -30.570  -8.163  35.443 0.0000000000
78333  -31.374  -6.428  36.144 0.0000000000
63000  -19.420  -20.307  49.269 0.0000000000
61781  -20.606  -21.239  51.300 0.0000000000
61798  -21.021  -20.638  50.590 0.0000000000
58059  -7.817  -24.208  58.439 0.0000000000
56901  -6.801  -24.594  58.788 0.0000000000
56886  -8.955  -25.005  59.849 0.0000000000
59302  -12.134  -23.409  56.919 0.0000000000
58106  -11.312  -23.761  57.275 0.0000000000
58088  -12.674  -23.727  58.554 0.0000000000
61672  -17.548  -22.265  56.464 0.0000000000
61697  -18.689  -21.515  55.524 0.0000000000
61698  -19.647  -21.358  55.484 0.0000000000
61720  -20.907  -21.296  54.378 0.0000000000
64382  -28.079  -18.568  46.532 0.0000000000
64364  -28.854  -18.761  47.400 0.0000000000
64239  -14.820  -17.482  53.404 0.0000000000
64238  -13.803  -18.284  53.601 0.0000000000
62937  -13.215  -20.234  53.833 0.0000000000
61713  -13.268  -20.723  54.414 0.0000000000
61714  -13.900  -20.943  54.206 0.0000000000
61694  -15.605  -22.061  54.981 0.0000000000
68345  -26.918  -15.575  43.918 0.0000000000
68346  -27.866  -15.335  43.857 0.0000000000
70766  -24.290  -13.520  47.387 0.0000000000
69563  -24.274  -13.849  44.884 0.0000000000
68300  -25.582  -15.214  45.689 0.0000000000
77077  -33.538  -8.533  34.019 0.0000000000
77078  -34.611  -8.823  34.195 0.0000000000
78361  -34.210  -7.954  33.580 0.0000000000
79666  -34.397  -6.326  32.992 0.0000000000
80940  -36.130  -5.700  32.627 0.0000000000
85755  -36.418  -1.354  32.277 0.0000000000
86932  -36.930  -0.283  31.963 0.0000000000
85777  -37.830  -1.172  30.860 0.0000000000
85768  -39.782  -2.124  30.792 0.0000000000
84613  -41.109  -2.460  30.450 0.0000000000
85780  -40.312  -1.821  30.354 0.0000000000
86950  -40.503  -1.267  29.830 0.0000000000
88013  -41.323  -0.146  28.993 0.0000000000
88022  -40.406  0.515  28.300 0.0000000000
90171  -39.136  2.613  28.916 0.0000000000
54647  -8.138  -26.541  60.968 0.0000000000
53523  -7.155  -27.646  61.664 0.0000000000
54631  -8.499  -26.862  63.272 0.0000000000
72022  -28.259  -12.956  44.120 0.0000000000
72045  -29.562  -12.841  41.642 0.0000000000
72033  -28.012  -12.709  43.465 0.0000000000
73248  -27.620  -12.370  43.325 0.0000000000
74417  -26.545  -11.454  43.638 0.0000000000
79496  -27.039  -6.096  43.367 0.0000000000
79529  -27.188  -5.273  42.173 0.0000000000
78252  -26.329  -6.537  40.657 0.0000000000
78275  -26.690  -7.415  39.325 0.0000000000
76980  -27.241  -8.415  39.301 0.0000000000
78293  -27.322  -7.196  38.581 0.0000000000
77024  -27.737  -7.844  37.723 0.0000000000
77026  -29.120  -8.356  36.687 0.0000000000
75735  -29.576  -9.595  36.469 0.0000000000
79604  -29.651  -5.554  36.937 0.0000000000
65649  -20.611  -17.705  48.777 0.0000000000
64329  -21.414  -18.843  49.697 0.0000000000
66954  -21.465  -16.849  49.940 0.0000000000
58083  -7.991  -23.605  58.142 0.0000000000
58084  -8.985  -24.081  58.222 0.0000000000
49848  -4.803  -30.223  63.649 0.0000000000
51003  -3.351  -29.334  64.409 0.0000000000
49830  -3.630  -30.332  64.491 0.0000000000
48785  -3.300  -31.588  65.445 0.0000000000
48784  -2.611  -31.594  66.252 0.0000000000
75587  -32.858  -10.349  45.100 0.0000000000
67011  -23.485  -16.683  47.821 0.0000000000
65671  -24.010  -17.266  48.429 0.0000000000
62879  -10.509  -18.149  57.542 0.0000000000
62893  -9.465  -19.451  57.133 0.0000000000
60464  -9.605  -21.306  56.478 0.0000000000
60465  -10.625  -21.704  56.106 0.0000000000
60466  -11.614  -21.873  55.714 0.0000000000
60450  -13.240  -22.454  56.806 0.0000000000
61668  -13.559  -22.115  55.588 0.0000000000
61639  -14.361  -22.404  56.787 0.0000000000
61596  -14.674  -22.392  58.436 0.0000000000
94998  -43.372  6.588  26.249 0.0000000000
65736  -30.980  -17.537  45.393 0.0000000000
67078  -31.737  -16.422  44.463 0.0000000000
68348  -30.480  -16.179  43.742 0.0000000000
68372  -30.323  -15.674  42.939 0.0000000000
69611  -29.114  -15.029  41.850 0.0000000000
69581  -28.328  -14.640  43.123 0.0000000000
69582  -28.780  -14.005  44.042 0.0000000000
70809  -28.668  -13.332  43.794 0.0000000000
72023  -28.559  -12.972  44.965 0.0000000000
64291  -16.304  -19.876  51.490 0.0000000000
61778  -17.070  -20.958  51.749 0.0000000000
62998  -17.294  -20.158  50.423 0.0000000000
62999  -17.999  -19.778  49.599 0.0000000000
64327  -19.007  -18.353  48.847 0.0000000000
68227  -18.147  -15.412  50.616 0.0000000000
68263  -18.594  -16.219  49.023 0.0000000000
66992  -19.523  -16.674  48.402 0.0000000000
68265  -19.832  -15.723  48.397 0.0000000000
68266  -20.475  -15.612  48.104 0.0000000000
69536  -21.642  -15.288  47.208 0.0000000000
73163  -20.977  -10.723  48.633 0.0000000000
71976  -21.106  -11.980  47.384 0.0000000000
69535  -21.297  -14.408  46.624 0.0000000000
68283  -22.343  -15.736  47.160 0.0000000000
67049  -23.011  -16.683  45.609 0.0000000000
65729  -24.313  -17.823  45.395 0.0000000000
65730  -25.516  -18.360  45.413 0.0000000000
67074  -24.966  -16.245  43.773 0.0000000000
65751  -25.957  -18.252  43.955 0.0000000000
65731  -26.701  -18.067  44.965 0.0000000000
64398  -28.684  -17.900  45.735 0.0000000000
65734  -29.369  -17.651  45.044 0.0000000000
64274  -16.619  -18.184  52.099 0.0000000000
77057  -36.438  -9.437  34.384 0.0000000000
83414  -33.160  -3.374  33.726 0.0000000000
83416  -34.918  -3.506  32.814 0.0000000000
82198  -36.587  -4.798  32.417 0.0000000000
84593  -36.409  -2.232  32.254 0.0000000000
83418  -36.949  -4.026  32.064 0.0000000000
80942  -38.352  -5.767  32.792 0.0000000000
80943  -39.470  -5.692  32.540 0.0000000000
89094  -43.263  1.671  26.690 0.0000000000
91373  -42.599  3.694  27.160 0.0000000000
93816  -42.660  5.547  27.541 0.0000000000
54636  -3.739  -26.580  62.494 0.0000000000
52291  -3.880  -28.505  62.636 0.0000000000
53512  -6.669  -28.435  62.107 0.0000000000
51037  -6.131  -29.290  62.762 0.0000000000
51018  -5.155  -29.817  63.116 0.0000000000
49833  -5.996  -30.300  64.318 0.0000000000
68350  -32.261  -15.740  44.318 0.0000000000
70811  -33.141  -14.224  44.121 0.0000000000
72037  -33.494  -13.521  43.875 0.0000000000
72046  -30.670  -12.639  41.661 0.0000000000
72047  -32.016  -12.583  42.449 0.0000000000
73238  -33.095  -11.635  43.811 0.0000000000
73237  -32.532  -11.131  44.203 0.0000000000
75621  -31.811  -10.075  43.727 0.0000000000
76865  -31.521  -9.299  43.332 0.0000000000
75618  -25.608  -9.805  44.598 0.0000000000
74416  -25.839  -10.781  43.459 0.0000000000
78164  -25.678  -7.394  43.144 0.0000000000
75640  -25.481  -9.385  42.624 0.0000000000
75633  -26.842  -11.040  41.636 0.0000000000
76873  -28.605  -9.917  41.752 0.0000000000
76874  -30.055  -9.420  42.351 0.0000000000
76982  -29.599  -9.220  40.013 0.0000000000
76983  -30.556  -9.209  40.119 0.0000000000
74543  -34.201  -11.358  37.352 0.0000000000
74561  -33.532  -11.163  36.317 0.0000000000
75760  -32.836  -10.745  35.620 0.0000000000
75758  -30.627  -9.874  35.767 0.0000000000
75782  -31.342  -9.597  35.247 0.0000000000
77054  -32.874  -9.083  34.527 0.0000000000
77075  -32.052  -7.587  34.394 0.0000000000
79648  -32.164  -6.203  34.823 0.0000000000
61762  -18.866  -21.395  52.563 0.0000000000
61763  -20.242  -21.607  52.341 0.0000000000
61784  -22.401  -19.897  51.704 0.0000000000
55806  -5.646  -25.201  59.821 0.0000000000
58032  -5.757  -23.151  59.772 0.0000000000
56900  -6.219  -24.561  59.229 0.0000000000
55798  -7.129  -25.983  59.604 0.0000000000
55792  -8.609  -26.062  60.588 0.0000000000
59299  -9.347  -23.012  56.794 0.0000000000
58105  -10.229  -23.712  57.424 0.0000000000
58062  -10.732  -25.104  58.996 0.0000000000
46745  -4.075  -33.285  68.025 0.0000000000
47768  -2.564  -32.737  66.864 0.0000000000
49804  -1.509  -30.643  66.537 0.0000000000
67031  -32.940  -16.990  45.838 0.0000000000
60520  -16.309  -21.651  52.672 0.0000000000
60509  -16.834  -21.981  53.101 0.0000000000
61740  -17.126  -21.664  52.730 0.0000000000
65710  -31.601  -17.601  46.099 0.0000000000
62965  -16.017  -20.325  52.105 0.0000000000
62964  -15.250  -20.206  52.412 0.0000000000
61759  -15.707  -21.174  52.523 0.0000000000
80923  -32.463  -4.900  34.810 0.0000000000
89043  -37.956  1.776  31.664 0.0000000000
89054  -38.143  1.573  30.494 0.0000000000
87996  -38.415  0.892  30.007 0.0000000000
90160  -38.333  2.079  30.258 0.0000000000
80840  -28.336  -4.845  39.030 0.0000000000
68267  -22.587  -15.900  48.177 0.0000000000
68248  -22.291  -16.239  49.135 0.0000000000
68268  -23.149  -16.186  48.658 0.0000000000
61613  -8.053  -20.295  57.824 0.0000000000
92568  -43.846  4.656  26.665 0.0000000000
71994  -34.377  -12.362  45.885 0.0000000000
64380  -26.010  -18.923  46.499 0.0000000000
64215  -11.936  -19.004  54.670 0.0000000000
64214  -11.449  -19.261  55.221 0.0000000000
62924  -11.630  -19.924  55.004 0.0000000000
67094  -27.855  -16.419  42.591 0.0000000000
65612  -17.951  -16.918  51.677 0.0000000000
71948  -19.455  -11.910  49.946 0.0000000000
71960  -20.090  -12.105  48.838 0.0000000000
70765  -23.778  -12.745  47.105 0.0000000000
70750  -23.566  -12.476  47.822 0.0000000000
71990  -23.111  -12.404  46.474 0.0000000000
70775  -22.409  -12.794  45.850 0.0000000000
70792  -23.325  -13.349  45.312 0.0000000000
69562  -23.230  -14.046  44.609 0.0000000000
67093  -26.907  -16.537  42.776 0.0000000000
75762  -35.206  -10.441  35.542 0.0000000000
75785  -34.624  -9.692  34.952 0.0000000000
79649  -37.308  -7.321  33.121 0.0000000000
80924  -38.396  -6.601  33.020 0.0000000000
86912  -35.410  -0.862  34.062 0.0000000000
85748  -34.975  -1.509  33.523 0.0000000000
86924  -35.588  -0.921  33.394 0.0000000000
84604  -39.629  -2.759  31.043 0.0000000000
83451  -39.385  -3.630  31.281 0.0000000000
82227  -39.933  -4.071  31.185 0.0000000000
82228  -40.545  -4.255  31.265 0.0000000000
91362  -40.951  3.710  27.851 0.0000000000
55796  -5.373  -25.560  60.483 0.0000000000
54652  -5.249  -26.348  60.720 0.0000000000
69624  -30.038  -14.589  41.724 0.0000000000
69613  -30.438  -14.363  42.006 0.0000000000
70832  -30.030  -13.546  41.759 0.0000000000
76921  -27.747  -9.485  41.151 0.0000000000
76954  -28.121  -9.308  40.328 0.0000000000
74538  -29.237  -10.146  37.411 0.0000000000
74517  -29.583  -10.537  38.101 0.0000000000
74519  -31.105  -10.845  38.641 0.0000000000
63013  -20.187  -19.404  48.802 0.0000000000
63001  -20.552  -20.129  49.749 0.0000000000
63014  -20.948  -19.384  49.477 0.0000000000
56904  -9.032  -24.869  59.367 0.0000000000
56903  -8.465  -24.840  59.000 0.0000000000
56887  -9.601  -24.934  60.035 0.0000000000
59303  -12.859  -22.880  57.194 0.0000000000
59293  -12.379  -23.616  57.879 0.0000000000
59294  -12.985  -23.303  58.064 0.0000000000
53509  -3.466  -27.921  63.098 0.0000000000
53496  -3.434  -27.814  63.837 0.0000000000
69551  -34.389  -14.528  46.095 0.0000000000
61695  -16.790  -22.321  55.394 0.0000000000
61673  -18.488  -21.846  56.494 0.0000000000
61696  -17.801  -22.028  55.338 0.0000000000
61718  -18.851  -21.622  54.558 0.0000000000
61719  -19.866  -21.416  54.514 0.0000000000
61699  -20.664  -21.024  55.413 0.0000000000
64383  -29.066  -18.215  46.376 0.0000000000
64240  -15.963  -17.041  53.563 0.0000000000
64271  -14.321  -19.859  52.918 0.0000000000
64256  -13.927  -19.443  53.190 0.0000000000
64255  -13.401  -19.797  53.537 0.0000000000
62950  -13.735  -20.274  53.506 0.0000000000
61736  -14.184  -20.801  53.663 0.0000000000
60483  -16.213  -22.166  54.548 0.0000000000
60482  -15.650  -22.115  54.347 0.0000000000
67050  -26.888  -15.831  45.447 0.0000000000
68321  -27.263  -15.493  45.056 0.0000000000
69537  -24.694  -14.348  46.960 0.0000000000
68301  -26.085  -15.827  46.222 0.0000000000
68320  -26.379  -15.550  45.076 0.0000000000
78360  -33.191  -7.656  33.582 0.0000000000
78382  -33.014  -6.787  33.534 0.0000000000
79667  -35.532  -6.530  32.957 0.0000000000
80939  -34.986  -5.496  32.820 0.0000000000
86926  -36.644  -0.083  32.626 0.0000000000
87981  -37.417  0.508  31.860 0.0000000000
86947  -38.109  -0.447  30.638 0.0000000000
86946  -37.500  -0.418  31.273 0.0000000000
85778  -38.588  -1.370  30.653 0.0000000000
85767  -39.112  -2.071  30.960 0.0000000000
85779  -39.400  -1.582  30.496 0.0000000000
88011  -39.093  0.462  29.392 0.0000000000
86966  -39.925  -0.636  29.444 0.0000000000
88021  -39.596  0.765  28.794 0.0000000000
90161  -38.436  2.744  29.853 0.0000000000
73234  -27.827  -12.505  44.606 0.0000000000
74418  -27.123  -11.971  44.093 0.0000000000
80791  -27.178  -5.429  40.537 0.0000000000
79547  -26.776  -6.208  40.192 0.0000000000
79546  -26.367  -6.814  40.230 0.0000000000
79567  -27.050  -6.426  39.240 0.0000000000
80868  -28.395  -5.976  37.847 0.0000000000
79602  -28.157  -6.377  37.895 0.0000000000
78313  -28.131  -7.140  37.587 0.0000000000
77025  -28.160  -8.404  37.426 0.0000000000
78314  -28.991  -6.988  36.872 0.0000000000
80871  -30.466  -4.827  37.160 0.0000000000
66972  -20.885  -17.032  49.173 0.0000000000
68230  -22.914  -16.053  50.931 0.0000000000
68211  -21.907  -15.941  50.804 0.0000000000
59292  -7.575  -22.441  58.024 0.0000000000
49831  -4.519  -30.651  64.140 0.0000000000
48797  -4.408  -31.085  64.615 0.0000000000
47779  -4.143  -32.352  65.606 0.0000000000
49815  -2.591  -30.644  65.952 0.0000000000
73200  -33.617  -11.640  45.467 0.0000000000
74387  -33.326  -10.916  45.440 0.0000000000
74362  -33.762  -10.662  45.479 0.0000000000
74386  -32.810  -10.601  45.162 0.0000000000
65686  -23.898  -17.776  47.392 0.0000000000
65687  -24.481  -18.407  47.553 0.0000000000
62894  -9.975  -18.945  57.146 0.0000000000
62909  -9.834  -19.508  56.650 0.0000000000
61664  -9.852  -20.307  56.316 0.0000000000
61665  -10.758  -20.660  55.717 0.0000000000
60467  -12.498  -22.112  55.692 0.0000000000
60449  -12.389  -22.776  56.151 0.0000000000
61692  -13.795  -21.460  54.977 0.0000000000
61669  -14.551  -22.266  55.811 0.0000000000
61615  -15.034  -22.314  57.886 0.0000000000
61614  -14.411  -22.395  57.634 0.0000000000
67052  -30.781  -17.175  44.761 0.0000000000
67077  -30.978  -16.576  44.334 0.0000000000
67076  -30.067  -16.836  44.099 0.0000000000
67110  -29.088  -15.830  42.411 0.0000000000
68371  -29.577  -15.938  42.735 0.0000000000
68385  -29.601  -15.383  42.004 0.0000000000
68322  -27.923  -15.016  45.281 0.0000000000
69564  -28.555  -13.877  45.238 0.0000000000
70794  -28.569  -13.434  44.695 0.0000000000
70810  -28.493  -13.122  44.788 0.0000000000
62981  -16.822  -20.391  51.124 0.0000000000
65611  -18.283  -17.324  50.851 0.0000000000
63011  -18.232  -18.804  49.451 0.0000000000
64326  -18.487  -18.038  49.287 0.0000000000
69503  -18.466  -15.193  49.088 0.0000000000
69504  -18.548  -14.822  49.684 0.0000000000
69518  -18.599  -15.559  48.907 0.0000000000
66991  -18.909  -16.726  48.719 0.0000000000
68264  -19.036  -15.945  48.619 0.0000000000
69520  -20.218  -14.525  47.689 0.0000000000
69521  -21.099  -15.426  47.725 0.0000000000
71949  -23.388  -10.828  49.664 0.0000000000
73147  -22.133  -10.271  49.405 0.0000000000
71961  -20.619  -11.248  47.980 0.0000000000
70774  -21.726  -13.700  45.679 0.0000000000
70763  -21.332  -12.961  46.519 0.0000000000
68297  -21.752  -14.821  46.146 0.0000000000
68282  -21.777  -15.137  46.587 0.0000000000
68298  -22.231  -15.302  45.974 0.0000000000
67026  -22.724  -16.167  46.324 0.0000000000
67048  -22.534  -16.032  45.428 0.0000000000
65749  -23.724  -17.200  44.712 0.0000000000
65748  -23.213  -17.016  45.067 0.0000000000
65750  -24.934  -17.367  44.211 0.0000000000
68318  -24.929  -14.510  44.079 0.0000000000
64411  -26.567  -17.860  43.483 0.0000000000
65763  -25.769  -17.440  43.237 0.0000000000
64404  -26.384  -18.037  43.623 0.0000000000
65732  -27.693  -18.283  44.793 0.0000000000
65735  -30.164  -17.444  45.144 0.0000000000
75763  -36.213  -10.678  35.476 0.0000000000
74564  -36.767  -11.315  36.225 0.0000000000
77079  -35.749  -8.916  34.127 0.0000000000
84550  -33.340  -2.624  34.835 0.0000000000
83398  -32.786  -3.177  34.401 0.0000000000
84561  -33.387  -2.652  33.986 0.0000000000
84578  -35.588  -2.443  32.703 0.0000000000
82197  -35.505  -4.612  32.636 0.0000000000
85764  -36.667  -0.907  31.914 0.0000000000
85756  -36.759  -1.958  31.954 0.0000000000
83437  -38.229  -4.102  31.640 0.0000000000
83436  -37.438  -3.689  31.774 0.0000000000
83419  -37.732  -4.388  31.928 0.0000000000
82199  -37.596  -4.945  32.365 0.0000000000
80944  -40.535  -5.698  32.455 0.0000000000
88035  -42.701  0.709  27.238 0.0000000000
89088  -42.615  1.733  26.853 0.0000000000
92558  -42.151  4.647  27.664 0.0000000000
92559  -43.009  4.652  27.148 0.0000000000
54643  -4.114  -26.584  61.700 0.0000000000
55783  -3.891  -25.782  62.439 0.0000000000
53520  -3.949  -27.292  61.808 0.0000000000
53510  -3.752  -27.558  62.511 0.0000000000
53511  -4.365  -27.869  61.878 0.0000000000
53522  -6.199  -28.003  61.474 0.0000000000
53513  -7.332  -28.051  62.550 0.0000000000
52276  -6.678  -29.168  62.994 0.0000000000
51036  -5.499  -29.263  62.652 0.0000000000
51019  -6.139  -29.737  63.443 0.0000000000
49849  -5.523  -30.185  63.709 0.0000000000
51004  -6.551  -29.775  64.575 0.0000000000
49807  -6.375  -30.241  65.804 0.0000000000
69615  -32.062  -14.263  42.605 0.0000000000
69602  -32.568  -14.635  42.948 0.0000000000
70822  -33.155  -13.930  43.373 0.0000000000
70823  -33.298  -13.876  44.003 0.0000000000
72048  -32.669  -13.327  42.788 0.0000000000
73262  -31.161  -11.659  42.097 0.0000000000
72035  -32.614  -12.134  43.037 0.0000000000
75620  -31.100  -10.044  43.057 0.0000000000
76849  -25.657  -9.191  45.201 0.0000000000
75632  -25.564  -9.591  43.306 0.0000000000
78190  -26.323  -6.692  42.805 0.0000000000
78189  -25.787  -7.476  42.230 0.0000000000
75652  -26.003  -9.676  41.577 0.0000000000
75651  -25.437  -9.402  41.977 0.0000000000
74451  -26.278  -10.449  42.244 0.0000000000
75642  -26.646  -10.418  41.871 0.0000000000
76872  -27.919  -10.144  41.635 0.0000000000
75643  -27.449  -10.092  41.665 0.0000000000
76875  -30.990  -8.848  42.567 0.0000000000
78253  -30.277  -8.280  41.233 0.0000000000
76981  -28.362  -9.179  39.480 0.0000000000
75690  -28.862  -9.566  39.147 0.0000000000
75692  -30.693  -9.895  39.651 0.0000000000
76984  -31.427  -9.436  40.264 0.0000000000
75695  -32.831  -10.831  40.140 0.0000000000
74501  -33.312  -11.366  39.407 0.0000000000
74502  -34.295  -11.467  39.403 0.0000000000
74522  -33.762  -11.530  38.417 0.0000000000
74560  -32.411  -11.384  36.394 0.0000000000
77039  -29.799  -8.255  36.054 0.0000000000
75757  -29.955  -9.054  35.722 0.0000000000
77041  -31.113  -7.243  35.326 0.0000000000
77052  -30.911  -9.173  35.175 0.0000000000
75783  -32.320  -9.779  35.097 0.0000000000
77076  -32.524  -8.101  34.068 0.0000000000
79647  -31.935  -6.375  35.257 0.0000000000
61779  -17.810  -21.214  51.080 0.0000000000
61743  -21.134  -21.413  53.303 0.0000000000
61744  -21.946  -20.743  53.217 0.0000000000
64312  -21.830  -18.510  50.449 0.0000000000
62982  -22.292  -19.132  51.202 0.0000000000
65652  -24.253  -17.518  49.361 0.0000000000
56872  -4.778  -24.427  61.222 0.0000000000
56884  -5.225  -24.432  60.304 0.0000000000
59272  -5.943  -22.289  59.214 0.0000000000
59271  -5.839  -22.656  59.752 0.0000000000
59283  -5.918  -22.941  58.803 0.0000000000
55809  -7.589  -25.221  58.991 0.0000000000
55808  -6.954  -25.424  59.003 0.0000000000
55807  -6.279  -25.295  59.447 0.0000000000
54655  -7.855  -26.161  60.235 0.0000000000
59311  -10.241  -22.179  56.471 0.0000000000
59310  -9.594  -22.217  56.596 0.0000000000
59300  -10.361  -23.065  56.632 0.0000000000
58087  -11.986  -24.018  58.249 0.0000000000
58086  -11.044  -24.491  58.085 0.0000000000
58085  -9.939  -24.614  58.036 0.0000000000
93825  -44.182  5.548  25.977 0.0000000000
47758  -2.320  -33.174  67.178 0.0000000000
48768  -2.174  -32.530  67.013 0.0000000000
48777  -2.103  -31.791  66.866 0.0000000000
60497  -16.545  -22.107  53.919 0.0000000000
60498  -17.481  -21.982  54.167 0.0000000000
60522  -18.240  -21.511  53.031 0.0000000000
65688  -30.241  -17.982  46.666 0.0000000000
64272  -14.702  -19.536  52.615 0.0000000000
62963  -14.599  -20.308  52.782 0.0000000000
61737  -14.616  -21.077  53.326 0.0000000000
61738  -15.295  -21.545  53.204 0.0000000000
60496  -15.760  -22.054  53.834 0.0000000000
67013  -26.503  -16.121  46.950 0.0000000000
79663  -32.396  -6.224  34.113 0.0000000000
79664  -32.740  -6.099  33.661 0.0000000000
80937  -32.898  -5.188  33.718 0.0000000000
82195  -33.389  -4.277  33.437 0.0000000000
87982  -37.683  0.911  31.427 0.0000000000
86964  -38.483  -0.195  30.212 0.0000000000
88010  -38.538  0.247  29.927 0.0000000000
73217  -27.453  -12.271  45.896 0.0000000000
74383  -26.497  -10.613  46.253 0.0000000000
80839  -27.585  -5.762  38.797 0.0000000000
80855  -28.930  -5.292  37.933 0.0000000000
79585  -29.272  -5.454  37.516 0.0000000000
68228  -21.793  -16.227  50.109 0.0000000000
66955  -22.815  -16.349  50.031 0.0000000000
59298  -8.364  -22.493  57.275 0.0000000000
90192  -43.724  3.179  26.744 0.0000000000
91381  -44.092  3.680  26.495 0.0000000000
49806  -5.980  -30.930  66.084 0.0000000000
48787  -5.214  -31.402  65.149 0.0000000000
48778  -5.455  -31.866  65.908 0.0000000000
47771  -4.904  -32.361  66.162 0.0000000000
47770  -4.145  -32.679  66.432 0.0000000000
71993  -33.846  -12.027  45.605 0.0000000000
65705  -24.660  -18.366  46.566 0.0000000000
64360  -24.984  -18.719  47.460 0.0000000000
64361  -25.683  -19.110  47.449 0.0000000000
64351  -27.310  -19.509  48.217 0.0000000000
64191  -11.335  -18.613  55.648 0.0000000000
61667  -12.688  -21.489  55.446 0.0000000000
61670  -15.515  -22.234  56.053 0.0000000000
61641  -16.250  -22.300  57.286 0.0000000000
67109  -28.509  -15.947  42.305 0.0000000000
64293  -17.485  -17.827  51.537 0.0000000000
70721  -19.053  -13.911  50.555 0.0000000000
70748  -18.823  -13.917  49.130 0.0000000000
70762  -20.437  -13.160  47.377 0.0000000000
73149  -24.243  -11.928  48.386 0.0000000000
71963  -23.310  -11.884  48.018 0.0000000000
71977  -22.211  -11.939  47.080 0.0000000000
71989  -22.550  -12.274  46.565 0.0000000000
69560  -22.097  -14.425  45.198 0.0000000000
68317  -22.352  -15.403  45.157 0.0000000000
69561  -22.414  -14.657  44.852 0.0000000000
68341  -23.356  -15.524  44.072 0.0000000000
68367  -25.894  -15.942  43.328 0.0000000000
67091  -25.481  -16.320  43.167 0.0000000000
67092  -25.998  -16.593  42.742 0.0000000000
65764  -26.565  -17.451  43.095 0.0000000000
65753  -28.041  -17.933  43.941 0.0000000000
74562  -34.612  -10.874  36.327 0.0000000000
78385  -35.902  -7.456  33.263 0.0000000000
78363  -36.250  -8.216  33.428 0.0000000000
78364  -37.204  -7.869  33.338 0.0000000000
85709  -34.278  -1.429  34.724 0.0000000000
84562  -33.932  -2.100  34.414 0.0000000000
85725  -34.356  -1.635  33.979 0.0000000000
84602  -37.965  -2.603  31.465 0.0000000000
83450  -38.534  -3.417  31.515 0.0000000000
82216  -38.830  -4.512  31.650 0.0000000000
82201  -39.406  -5.237  32.048 0.0000000000
82217  -39.651  -4.725  31.563 0.0000000000
82218  -40.850  -4.843  31.721 0.0000000000
89076  -40.481  1.620  27.908 0.0000000000
89077  -41.101  2.025  27.640 0.0000000000
90190  -42.195  2.706  27.146 0.0000000000
92557  -41.391  4.383  27.839 0.0000000000
54644  -4.714  -26.513  61.153 0.0000000000
53521  -4.761  -27.626  61.327 0.0000000000
68373  -31.200  -15.296  42.776 0.0000000000
69583  -32.072  -15.305  43.299 0.0000000000
68387  -31.048  -14.774  42.373 0.0000000000
73249  -28.233  -12.193  42.344 0.0000000000
74453  -29.656  -11.692  41.689 0.0000000000
74454  -30.281  -11.387  41.834 0.0000000000
74455  -30.854  -11.160  42.196 0.0000000000
74439  -31.362  -10.959  42.701 0.0000000000
74438  -30.639  -10.778  42.121 0.0000000000
75636  -30.447  -10.133  42.181 0.0000000000
78221  -25.741  -7.312  41.311 0.0000000000
75654  -27.570  -9.832  41.465 0.0000000000
78191  -29.476  -8.330  42.000 0.0000000000
78192  -30.212  -7.945  42.169 0.0000000000
75710  -29.169  -10.185  38.690 0.0000000000
75711  -30.098  -10.269  38.908 0.0000000000
75712  -30.870  -10.421  39.092 0.0000000000
75694  -32.126  -10.476  39.654 0.0000000000
75713  -31.470  -10.626  39.198 0.0000000000
74520  -31.818  -11.174  38.731 0.0000000000
74559  -31.350  -10.982  36.566 0.0000000000
78348  -31.712  -6.508  35.542 0.0000000000
61796  -18.695  -20.945  50.114 0.0000000000
61780  -19.353  -21.481  51.199 0.0000000000
61797  -20.044  -21.183  50.124 0.0000000000
61782  -21.538  -20.799  51.398 0.0000000000
58058  -6.830  -23.733  58.603 0.0000000000
56902  -7.660  -24.704  58.727 0.0000000000
56885  -8.331  -25.219  59.364 0.0000000000
56873  -8.785  -25.395  60.267 0.0000000000
59301  -11.220  -23.364  56.338 0.0000000000
58107  -11.991  -23.714  57.575 0.0000000000
70796  -34.259  -13.812  45.113 0.0000000000
61643  -18.217  -22.104  57.617 0.0000000000
61674  -19.450  -21.605  56.484 0.0000000000
61717  -18.184  -21.716  54.759 0.0000000000
64363  -27.737  -18.900  47.453 0.0000000000
64217  -13.924  -17.225  54.319 0.0000000000
64237  -12.889  -19.285  53.818 0.0000000000
62936  -12.689  -20.170  54.210 0.0000000000
61715  -14.649  -21.445  54.170 0.0000000000
70777  -24.249  -13.397  46.516 0.0000000000
70793  -24.015  -13.473  45.746 0.0000000000
69548  -24.606  -13.996  45.895 0.0000000000
68299  -25.106  -14.448  45.159 0.0000000000
68319  -25.519  -15.171  44.602 0.0000000000
68344  -26.096  -15.489  43.895 0.0000000000
77056  -34.436  -9.245  34.588 0.0000000000
78383  -33.818  -7.064  33.239 0.0000000000
78384  -34.855  -7.277  33.208 0.0000000000
86925  -36.131  -0.514  32.966 0.0000000000
85766  -38.272  -1.916  31.161 0.0000000000
83469  -40.885  -3.117  30.693 0.0000000000
84605  -40.307  -2.631  30.660 0.0000000000
86949  -39.660  -1.156  29.976 0.0000000000
89075  -39.642  1.593  28.445 0.0000000000
90178  -39.943  2.615  28.425 0.0000000000
54654  -7.228  -26.542  60.269 0.0000000000
54646  -7.436  -27.088  61.186 0.0000000000
54637  -7.840  -27.294  62.335 0.0000000000
72034  -28.535  -12.885  42.601 0.0000000000
79516  -26.879  -6.064  42.446 0.0000000000
79528  -26.636  -6.001  41.308 0.0000000000
79527  -26.143  -6.665  41.415 0.0000000000
78251  -26.038  -7.142  40.594 0.0000000000
78274  -26.293  -7.431  40.008 0.0000000000
76979  -26.449  -8.193  39.733 0.0000000000
77004  -27.644  -8.276  38.341 0.0000000000
79582  -27.446  -6.348  38.635 0.0000000000
78312  -27.672  -7.466  38.030 0.0000000000
75734  -28.808  -9.404  37.209 0.0000000000
78331  -29.636  -7.351  36.348 0.0000000000
78315  -30.103  -6.195  36.442 0.0000000000
78295  -32.241  -5.321  37.636 0.0000000000
64328  -20.919  -18.667  48.951 0.0000000000
65650  -21.281  -17.838  49.666 0.0000000000
65631  -21.669  -17.497  50.765 0.0000000000
66935  -21.774  -16.476  51.046 0.0000000000
60423  -7.164  -21.190  58.984 0.0000000000
59285  -7.045  -22.106  58.487 0.0000000000
58082  -7.295  -23.392  58.359 0.0000000000
58060  -8.656  -24.519  58.631 0.0000000000
60425  -14.189  -22.602  58.815 0.0000000000
51017  -4.271  -29.777  63.148 0.0000000000
51016  -3.648  -29.385  63.610 0.0000000000
49846  -3.640  -29.821  64.043 0.0000000000
50989  -3.011  -29.414  65.316 0.0000000000
48786  -4.282  -31.819  64.907 0.0000000000
48796  -3.728  -31.104  64.893 0.0000000000
49816  -3.160  -30.492  65.339 0.0000000000
50988  -2.621  -29.839  65.805 0.0000000000
50974  -2.145  -29.605  66.387 0.0000000000
85710  -34.870  -0.961  35.298 0.0000000000
86875  -35.428  -0.690  35.121 0.0000000000
86891  -35.989  -0.436  34.634 0.0000000000
75606  -33.245  -9.567  44.747 0.0000000000
66993  -23.636  -16.717  48.681 0.0000000000
65672  -24.477  -18.167  48.381 0.0000000000
62878  -9.802  -18.595  58.029 0.0000000000
64165  -9.570  -19.114  57.658 0.0000000000
62892  -9.026  -19.746  57.451 0.0000000000
60446  -9.005  -20.954  56.903 0.0000000000
61637  -9.177  -20.308  56.842 0.0000000000
60448  -11.469  -22.944  55.740 0.0000000000
61691  -12.943  -20.852  55.010 0.0000000000
61638  -13.641  -22.389  56.434 0.0000000000
60451  -13.928  -22.394  57.125 0.0000000000
60436  -13.998  -22.440  57.816 0.0000000000
67030  -32.202  -17.168  45.666 0.0000000000
67053  -31.587  -17.120  45.045 0.0000000000
67096  -29.901  -16.239  43.329 0.0000000000
68398  -29.945  -15.017  41.605 0.0000000000
69612  -29.550  -14.489  41.930 0.0000000000
68347  -28.462  -14.649  44.548 0.0000000000
69599  -28.699  -14.820  42.182 0.0000000000
69600  -28.801  -14.047  42.817 0.0000000000
72006  -28.598  -12.860  46.131 0.0000000000
62980  -16.552  -20.529  51.779 0.0000000000
64310  -17.434  -19.377  50.304 0.0000000000
63012  -19.025  -19.035  49.031 0.0000000000
63025  -19.649  -18.793  48.587 0.0000000000
66934  -17.921  -15.974  51.609 0.0000000000
66953  -18.154  -16.121  50.910 0.0000000000
66952  -18.313  -16.362  50.325 0.0000000000
68245  -18.425  -15.422  49.991 0.0000000000
68226  -18.367  -15.729  50.120 0.0000000000
66970  -18.417  -16.598  49.521 0.0000000000
65668  -18.721  -17.344  48.922 0.0000000000
65669  -19.222  -17.389  48.579 0.0000000000
65670  -19.908  -17.539  48.348 0.0000000000
66971  -20.375  -16.726  48.374 0.0000000000
68246  -20.439  -16.037  48.432 0.0000000000
69505  -21.453  -15.959  48.186 0.0000000000
69522  -21.877  -15.816  48.004 0.0000000000
73145  -20.382  -11.171  49.314 0.0000000000
73162  -20.479  -11.242  48.638 0.0000000000
67010  -23.043  -16.220  47.152 0.0000000000
67027  -23.393  -16.912  46.595 0.0000000000
65728  -23.546  -17.289  45.577 0.0000000000
64395  -26.549  -18.667  45.779 0.0000000000
69580  -23.939  -14.481  44.034 0.0000000000
68342  -24.263  -15.262  43.653 0.0000000000
65762  -25.344  -16.849  43.384 0.0000000000
64396  -27.409  -18.453  45.719 0.0000000000
64397  -28.234  -18.202  45.701 0.0000000000
65707  -29.084  -17.810  45.655 0.0000000000
65733  -28.584  -17.902  44.983 0.0000000000
65708  -29.775  -17.923  45.929 0.0000000000
64259  -16.745  -17.615  53.233 0.0000000000
74545  -36.370  -11.194  37.276 0.0000000000
75805  -35.077  -9.296  34.542 0.0000000000
75787  -36.722  -10.051  34.895 0.0000000000
77080  -36.772  -8.803  33.864 0.0000000000
82165  -32.477  -3.529  34.847 0.0000000000
84576  -33.672  -2.968  33.605 0.0000000000
83415  -33.937  -3.475  33.292 0.0000000000
82196  -34.443  -4.443  33.040 0.0000000000
80941  -37.242  -5.756  32.656 0.0000000000
84592  -36.059  -1.840  32.564 0.0000000000
84579  -36.476  -3.087  32.104 0.0000000000
84594  -37.119  -2.732  31.817 0.0000000000
84580  -36.985  -3.391  31.939 0.0000000000
80925  -39.165  -6.464  32.956 0.0000000000
90199  -43.612  2.112  26.656 0.0000000000
90191  -43.198  2.674  26.861 0.0000000000
54629  -3.669  -26.514  63.412 0.0000000000
53530  -6.135  -27.477  60.825 0.0000000000
52306  -5.357  -28.201  61.806 0.0000000000
52294  -6.893  -28.693  62.583 0.0000000000
52293  -6.064  -28.752  62.239 0.0000000000
52292  -4.806  -28.422  62.216 0.0000000000
51035  -4.566  -29.210  62.669 0.0000000000
51034  -3.868  -29.168  62.931 0.0000000000
49832  -5.300  -30.562  64.204 0.0000000000
49817  -5.647  -30.710  64.959 0.0000000000
49818  -6.232  -30.294  65.213 0.0000000000
67054  -32.333  -16.489  45.154 0.0000000000
69584  -32.605  -14.730  44.012 0.0000000000
70812  -33.665  -14.022  44.424 0.0000000000
72025  -33.846  -13.172  44.341 0.0000000000
70833  -30.953  -13.448  41.921 0.0000000000
72036  -33.190  -12.665  43.394 0.0000000000
72024  -33.642  -12.213  44.429 0.0000000000
73221  -32.906  -11.516  44.851 0.0000000000
73220  -32.591  -11.121  44.670 0.0000000000
74420  -31.922  -10.754  43.639 0.0000000000
74405  -32.412  -10.840  44.651 0.0000000000
75605  -32.620  -10.177  44.766 0.0000000000
75604  -25.788  -9.815  45.676 0.0000000000
76850  -25.965  -8.200  45.739 0.0000000000
75619  -25.924  -10.750  44.548 0.0000000000
74435  -26.614  -11.168  42.272 0.0000000000
76871  -25.479  -8.452  43.421 0.0000000000
76890  -25.338  -8.265  42.564 0.0000000000
76889  -25.406  -8.910  42.852 0.0000000000
76870  -25.485  -9.063  43.153 0.0000000000
74434  -26.036  -10.566  42.587 0.0000000000
74452  -26.400  -10.704  42.209 0.0000000000
75634  -27.547  -10.827  41.535 0.0000000000
76891  -28.081  -9.780  41.553 0.0000000000
78136  -32.323  -8.775  44.073 0.0000000000
76956  -30.378  -8.697  40.709 0.0000000000
74523  -34.799  -11.417  38.358 0.0000000000
74542  -33.135  -11.552  37.404 0.0000000000
74571  -33.933  -10.730  35.750 0.0000000000
75761  -33.473  -10.739  35.679 0.0000000000
75784  -33.555  -10.023  35.266 0.0000000000
75736  -30.138  -10.263  36.513 0.0000000000
75781  -30.949  -9.594  35.379 0.0000000000
78359  -32.434  -7.028  34.078 0.0000000000
78358  -31.735  -6.920  34.653 0.0000000000
80904  -32.565  -5.431  35.485 0.0000000000
61761  -17.619  -21.465  52.375 0.0000000000
61742  -20.011  -21.432  53.478 0.0000000000
63002  -21.548  -19.677  50.375 0.0000000000
61799  -21.590  -20.329  50.917 0.0000000000
61765  -22.159  -20.649  52.185 0.0000000000
62967  -22.561  -19.117  52.064 0.0000000000
61766  -22.580  -19.920  52.071 0.0000000000
65651  -23.882  -17.004  48.992 0.0000000000
66975  -23.918  -17.181  50.177 0.0000000000
58057  -5.935  -23.638  59.161 0.0000000000
58056  -5.780  -24.044  59.445 0.0000000000
56899  -5.677  -24.508  59.617 0.0000000000
55797  -6.254  -26.034  59.805 0.0000000000
56864  -9.388  -25.895  61.069 0.0000000000
60463  -9.069  -21.568  56.670 0.0000000000
59309  -8.863  -22.164  56.686 0.0000000000
58104  -9.190  -23.597  57.528 0.0000000000
59286  -13.299  -23.569  59.288 0.0000000000
58034  -11.291  -24.772  60.031 0.0000000000
58033  -10.405  -24.861  60.000 0.0000000000
47760  -4.235  -32.983  67.446 0.0000000000
47769  -3.336  -32.855  66.694 0.0000000000
46744  -3.638  -33.474  67.901 0.0000000000
47759  -3.166  -33.293  67.236 0.0000000000
47777  -2.711  -32.332  66.523 0.0000000000
49805  -2.061  -30.647  66.462 0.0000000000
47767  -1.417  -32.626  66.644 0.0000000000
48775  -0.938  -31.943  66.193 0.0000000000
48776  -1.446  -31.703  66.614 0.0000000000
49847  -3.993  -30.151  63.739 0.0000000000
54635  -3.555  -26.339  63.021 0.0000000000
54645  -6.660  -27.463  61.039 0.0000000000
59291  -7.282  -22.820  58.275 0.0000000000
60511  -18.429  -21.617  53.654 0.0000000000
60521  -16.586  -21.647  52.660 0.0000000000
60523  -18.644  -21.467  53.235 0.0000000000
61739  -16.816  -21.657  52.673 0.0000000000
61783  -22.130  -20.055  51.405 0.0000000000
62952  -22.940  -19.463  52.758 0.0000000000
62966  -22.416  -18.583  51.683 0.0000000000
62983  -22.408  -19.641  51.685 0.0000000000
63024  -19.300  -18.590  48.772 0.0000000000
64138  -9.602  -18.932  57.877 0.0000000000
64139  -9.711  -18.899  57.648 0.0000000000
64166  -9.696  -19.096  57.424 0.0000000000
64236  -12.379  -19.605  54.309 0.0000000000
64345  -18.943  -17.863  48.806 0.0000000000
64346  -19.475  -18.137  48.656 0.0000000000
64348  -24.746  -18.580  47.946 0.0000000000
64379  -25.326  -18.782  46.855 0.0000000000
64403  -26.103  -17.915  43.536 0.0000000000
64410  -26.295  -17.752  43.383 0.0000000000
65648  -18.450  -17.212  49.328 0.0000000000
65755  -29.618  -17.351  44.442 0.0000000000
65772  -25.478  -16.730  43.054 0.0000000000
65773  -25.521  -16.988  42.975 0.0000000000
66973  -22.879  -16.328  49.497 0.0000000000
66974  -23.438  -16.683  49.482 0.0000000000
66990  -18.569  -16.813  49.068 0.0000000000
67071  -22.526  -15.886  44.913 0.0000000000
67107  -25.637  -16.734  42.863 0.0000000000
68212  -22.292  -15.974  51.191 0.0000000000
68244  -18.434  -15.728  49.562 0.0000000000
68287  -26.000  -15.833  46.794 0.0000000000
68340  -22.711  -15.507  44.633 0.0000000000
68365  -23.627  -15.058  43.729 0.0000000000
68366  -23.813  -14.846  43.721 0.0000000000
68399  -30.154  -14.809  41.708 0.0000000000
69546  -21.897  -14.519  45.570 0.0000000000
69578  -22.864  -15.128  44.326 0.0000000000
69579  -23.274  -14.783  44.085 0.0000000000
69598  -23.691  -14.662  43.918 0.0000000000
69623  -29.912  -14.765  41.671 0.0000000000
70790  -22.015  -14.174  45.213 0.0000000000
70835  -32.566  -13.974  42.736 0.0000000000
70842  -30.231  -13.259  41.675 0.0000000000
70843  -30.425  -13.368  41.729 0.0000000000
71951  -24.360  -12.079  48.502 0.0000000000
71964  -23.963  -12.204  48.162 0.0000000000
72021  -27.984  -12.798  44.065 0.0000000000
72057  -30.161  -13.037  41.609 0.0000000000
72058  -30.489  -13.141  41.653 0.0000000000
73148  -24.049  -11.731  48.356 0.0000000000
73164  -21.604  -10.532  48.899 0.0000000000
73165  -23.892  -11.907  48.166 0.0000000000
73166  -24.124  -11.945  48.255 0.0000000000
73219  -28.485  -12.859  45.411 0.0000000000
73236  -28.505  -12.844  45.108 0.0000000000
73251  -32.815  -11.956  43.337 0.0000000000
74516  -28.915  -10.287  37.964 0.0000000000
74537  -28.803  -9.945  37.638 0.0000000000
75603  -25.667  -9.601  45.194 0.0000000000
75631  -25.497  -9.251  42.978 0.0000000000
75641  -25.849  -10.017  42.276 0.0000000000
75804  -34.686  -9.253  34.583 0.0000000000
76918  -25.290  -8.933  42.293 0.0000000000
78222  -26.036  -6.659  41.030 0.0000000000
78294  -27.815  -6.920  38.072 0.0000000000
78386  -36.568  -7.625  33.239 0.0000000000
79566  -26.554  -6.821  39.760 0.0000000000
79583  -27.750  -6.440  38.266 0.0000000000
79584  -28.996  -5.588  37.647 0.0000000000
80853  -27.690  -6.050  38.427 0.0000000000
80869  -28.559  -5.761  37.864 0.0000000000
80870  -30.167  -4.928  36.905 0.0000000000
80936  -32.456  -5.623  34.081 0.0000000000
80945  -41.386  -5.363  32.742 0.0000000000
80957  -39.885  -5.464  31.994 0.0000000000
82184  -32.543  -3.508  34.544 0.0000000000
83379  -32.627  -3.378  34.971 0.0000000000
83397  -32.629  -3.367  34.733 0.0000000000
85747  -34.548  -1.841  33.686 0.0000000000
86874  -35.182  -0.775  35.082 0.0000000000
86890  -35.266  -0.767  34.769 0.0000000000
86931  -36.537  -0.608  32.323 0.0000000000
