#!ascii label  , from subject 3167 vox2ras=TkReg
814
59469  29.467  -22.936  65.025 0.0000000000
77287  46.752  -8.315  42.814 0.0000000000
73308  55.566  -11.668  39.722 0.0000000000
73114  45.824  -12.031  52.364 0.0000000000
60784  34.429  -23.019  58.168 0.0000000000
56010  32.507  -24.786  61.157 0.0000000000
73243  51.556  -11.391  42.905 0.0000000000
74487  51.630  -10.499  45.758 0.0000000000
69480  41.721  -14.266  55.278 0.0000000000
59626  39.640  -23.047  56.494 0.0000000000
83595  52.513  -3.284  36.082 0.0000000000
77376  53.538  -7.875  38.427 0.0000000000
75799  41.986  -10.555  49.798 0.0000000000
77196  46.618  -8.766  48.636 0.0000000000
61964  32.130  -21.946  61.899 0.0000000000
57172  30.815  -23.703  62.752 0.0000000000
75954  48.462  -10.180  43.417 0.0000000000
74509  51.889  -10.456  44.400 0.0000000000
77244  49.449  -8.785  44.628 0.0000000000
64682  43.254  -18.079  54.438 0.0000000000
57225  36.195  -24.954  59.243 0.0000000000
59601  36.774  -24.298  57.368 0.0000000000
56045  38.720  -25.585  57.966 0.0000000000
84542  51.810  -2.716  36.940 0.0000000000
79915  52.234  -6.434  36.233 0.0000000000
79874  52.327  -5.661  37.544 0.0000000000
74599  52.733  -11.342  39.213 0.0000000000
74624  52.293  -9.791  37.717 0.0000000000
74610  54.717  -9.495  39.006 0.0000000000
77373  56.172  -9.176  38.404 0.0000000000
73331  56.244  -11.280  37.957 0.0000000000
73080  44.222  -12.697  54.436 0.0000000000
71969  42.120  -12.397  52.899 0.0000000000
77153  44.036  -10.582  51.848 0.0000000000
75811  44.170  -9.999  49.458 0.0000000000
75796  46.536  -9.605  50.523 0.0000000000
74441  47.956  -10.357  48.737 0.0000000000
71998  46.567  -12.376  50.034 0.0000000000
59540  34.302  -23.155  60.185 0.0000000000
73313  50.635  -11.876  39.951 0.0000000000
73261  54.107  -11.734  41.488 0.0000000000
72070  54.208  -12.584  43.026 0.0000000000
70922  52.861  -13.042  43.983 0.0000000000
64631  40.533  -18.809  56.197 0.0000000000
66945  42.153  -16.969  56.518 0.0000000000
68181  43.704  -15.344  55.165 0.0000000000
68213  44.473  -14.269  53.134 0.0000000000
68291  46.110  -14.174  50.060 0.0000000000
62085  39.861  -20.809  55.092 0.0000000000
60781  40.939  -21.394  56.490 0.0000000000
82549  51.511  -3.946  34.505 0.0000000000
79856  51.536  -6.066  38.179 0.0000000000
79871  54.446  -7.202  38.036 0.0000000000
77403  56.585  -8.443  36.437 0.0000000000
77234  47.083  -9.302  45.722 0.0000000000
75845  49.464  -9.388  47.361 0.0000000000
73179  49.676  -11.125  46.839 0.0000000000
57162  29.409  -24.230  65.095 0.0000000000
58287  29.938  -23.515  64.108 0.0000000000
57174  30.006  -24.160  63.918 0.0000000000
77314  47.337  -8.925  42.817 0.0000000000
77286  48.779  -9.196  43.544 0.0000000000
78543  47.741  -7.838  43.098 0.0000000000
56036  37.355  -25.754  58.624 0.0000000000
83577  50.857  -3.693  37.058 0.0000000000
82504  51.716  -4.463  37.235 0.0000000000
82505  51.171  -4.382  37.349 0.0000000000
73310  54.340  -11.016  39.702 0.0000000000
74598  53.882  -10.705  39.088 0.0000000000
74596  55.690  -10.633  39.560 0.0000000000
75994  56.148  -10.278  39.313 0.0000000000
73106  44.670  -11.840  53.449 0.0000000000
74378  43.815  -11.035  53.286 0.0000000000
75757  45.105  -10.842  52.418 0.0000000000
77151  44.982  -9.891  51.466 0.0000000000
74404  46.358  -10.798  51.481 0.0000000000
74417  46.641  -10.352  50.721 0.0000000000
71989  46.608  -12.540  50.766 0.0000000000
60734  32.912  -22.485  61.028 0.0000000000
58357  33.301  -23.879  61.050 0.0000000000
56025  34.006  -25.218  60.078 0.0000000000
73265  49.676  -12.220  42.237 0.0000000000
73290  48.763  -12.319  40.356 0.0000000000
73264  50.749  -12.033  41.975 0.0000000000
73287  52.337  -11.885  40.828 0.0000000000
73263  51.963  -11.972  41.819 0.0000000000
73241  53.849  -11.693  42.487 0.0000000000
73242  52.744  -11.795  42.638 0.0000000000
74485  52.336  -9.788  45.197 0.0000000000
72059  52.404  -12.203  44.452 0.0000000000
72044  52.212  -11.683  45.172 0.0000000000
70923  52.079  -13.486  44.136 0.0000000000
72045  51.638  -11.844  45.604 0.0000000000
63390  41.396  -19.504  56.535 0.0000000000
66934  40.861  -17.601  56.502 0.0000000000
64640  41.947  -18.819  56.034 0.0000000000
65855  43.333  -17.031  54.497 0.0000000000
68179  44.412  -14.858  54.346 0.0000000000
59600  37.972  -24.460  56.985 0.0000000000
59653  38.869  -23.040  55.940 0.0000000000
60802  39.809  -22.358  56.181 0.0000000000
62069  40.528  -21.415  56.249 0.0000000000
60782  40.577  -21.951  56.387 0.0000000000
84554  52.476  -2.332  36.418 0.0000000000
83604  52.630  -3.084  35.223 0.0000000000
78617  53.004  -6.944  36.532 0.0000000000
76034  53.157  -8.427  38.068 0.0000000000
77404  51.407  -8.233  36.699 0.0000000000
78607  52.030  -7.515  37.690 0.0000000000
79875  51.220  -6.308  37.801 0.0000000000
78599  52.228  -6.948  38.039 0.0000000000
79855  52.439  -6.210  38.071 0.0000000000
78597  54.202  -7.529  38.571 0.0000000000
76056  56.584  -9.595  36.811 0.0000000000
77390  56.035  -8.749  37.569 0.0000000000
68182  40.698  -15.009  55.308 0.0000000000
69498  41.443  -14.394  54.068 0.0000000000
74405  42.349  -11.258  50.822 0.0000000000
71983  42.079  -12.831  51.049 0.0000000000
77198  44.918  -9.442  49.168 0.0000000000
75850  43.520  -10.462  47.841 0.0000000000
75848  45.340  -10.249  47.449 0.0000000000
74472  45.217  -10.731  45.955 0.0000000000
77223  46.887  -9.196  46.743 0.0000000000
77221  48.591  -8.787  46.318 0.0000000000
77194  48.182  -8.533  48.261 0.0000000000
73166  47.439  -11.292  47.785 0.0000000000
73164  49.173  -10.637  47.430 0.0000000000
73180  48.671  -11.221  47.052 0.0000000000
70908  48.782  -12.795  45.047 0.0000000000
59520  31.284  -22.924  62.622 0.0000000000
57183  31.506  -23.916  62.341 0.0000000000
56028  31.640  -24.996  61.302 0.0000000000
55999  30.512  -24.353  62.737 0.0000000000
74549  49.359  -10.904  43.259 0.0000000000
74547  51.450  -11.072  43.592 0.0000000000
75952  50.602  -10.093  44.055 0.0000000000
77258  50.817  -9.762  44.464 0.0000000000
75888  50.779  -9.541  45.691 0.0000000000
59554  35.687  -24.084  58.755 0.0000000000
59602  35.718  -23.871  57.733 0.0000000000
59575  36.737  -24.527  58.146 0.0000000000
58400  38.142  -24.945  57.952 0.0000000000
58415  39.070  -24.513  57.334 0.0000000000
57239  39.798  -24.992  56.888 0.0000000000
54914  39.533  -25.966  57.252 0.0000000000
83586  52.427  -3.303  36.791 0.0000000000
82525  52.024  -4.176  36.136 0.0000000000
82513  52.105  -4.024  36.919 0.0000000000
81247  51.916  -5.029  36.972 0.0000000000
79893  53.471  -6.786  37.221 0.0000000000
74614  50.679  -10.831  38.371 0.0000000000
74613  51.933  -10.725  38.279 0.0000000000
74612  53.131  -10.008  38.369 0.0000000000
76013  54.587  -8.968  38.719 0.0000000000
78591  54.930  -7.977  38.898 0.0000000000
76012  55.927  -9.090  38.925 0.0000000000
76033  56.693  -9.742  37.978 0.0000000000
71944  42.817  -13.074  55.134 0.0000000000
71961  42.367  -12.972  53.892 0.0000000000
73096  43.245  -12.119  53.693 0.0000000000
74393  42.876  -10.823  52.351 0.0000000000
75786  43.288  -10.509  51.320 0.0000000000
75813  42.455  -10.024  49.376 0.0000000000
77173  43.895  -9.948  50.755 0.0000000000
77171  45.417  -9.008  50.537 0.0000000000
77169  46.878  -8.965  49.683 0.0000000000
75809  48.170  -8.988  48.883 0.0000000000
74416  47.172  -9.933  50.240 0.0000000000
73142  47.423  -10.811  49.303 0.0000000000
72022  46.663  -12.105  48.342 0.0000000000
62012  32.602  -21.233  59.959 0.0000000000
62010  33.330  -21.912  59.552 0.0000000000
60753  34.392  -22.724  59.557 0.0000000000
58354  35.213  -23.981  59.274 0.0000000000
54864  35.492  -26.318  59.401 0.0000000000
73312  51.841  -11.961  39.928 0.0000000000
73286  53.339  -11.833  40.586 0.0000000000
73260  54.742  -11.899  41.212 0.0000000000
72099  54.901  -12.181  41.617 0.0000000000
72084  54.638  -12.662  42.287 0.0000000000
69673  53.953  -13.669  42.352 0.0000000000
72072  52.789  -11.860  43.818 0.0000000000
72071  53.393  -12.506  43.552 0.0000000000
64655  39.456  -18.570  55.317 0.0000000000
66958  40.083  -16.955  55.872 0.0000000000
68155  40.741  -16.089  56.245 0.0000000000
69454  41.522  -15.398  56.072 0.0000000000
65828  42.608  -17.363  55.963 0.0000000000
68152  42.633  -16.283  56.146 0.0000000000
70764  43.380  -14.084  55.529 0.0000000000
70779  44.232  -13.819  55.214 0.0000000000
70795  44.650  -13.397  53.746 0.0000000000
70805  45.500  -13.254  52.792 0.0000000000
70828  46.375  -13.183  51.323 0.0000000000
68251  45.270  -14.036  51.533 0.0000000000
63391  40.136  -19.602  55.615 0.0000000000
63370  40.679  -19.573  56.315 0.0000000000
60764  42.187  -21.107  57.026 0.0000000000
58424  41.046  -23.760  56.459 0.0000000000
59652  41.670  -22.741  55.929 0.0000000000
84603  52.661  -2.266  33.802 0.0000000000
82506  50.609  -4.533  37.334 0.0000000000
81213  51.593  -5.467  37.989 0.0000000000
79873  53.022  -6.483  37.691 0.0000000000
78606  54.207  -7.242  37.463 0.0000000000
77391  55.454  -7.889  37.884 0.0000000000
78604  55.857  -7.773  37.098 0.0000000000
78614  56.270  -7.490  36.149 0.0000000000
70815  41.591  -13.266  52.649 0.0000000000
75911  45.728  -10.090  44.645 0.0000000000
77263  46.955  -8.456  43.347 0.0000000000
77246  47.804  -8.921  44.460 0.0000000000
77219  49.819  -9.270  46.025 0.0000000000
74451  50.548  -9.851  46.651 0.0000000000
74439  48.920  -9.629  48.107 0.0000000000
73163  50.051  -10.501  47.065 0.0000000000
72034  51.036  -11.551  46.235 0.0000000000
72046  50.576  -12.330  45.885 0.0000000000
70857  46.590  -13.309  50.062 0.0000000000
69594  46.540  -13.573  48.773 0.0000000000
58277  29.583  -23.440  65.092 0.0000000000
57152  28.910  -24.036  65.699 0.0000000000
58278  28.972  -23.658  65.597 0.0000000000
59468  29.677  -23.180  64.672 0.0000000000
58288  29.999  -23.792  64.813 0.0000000000
77315  46.821  -8.666  42.701 0.0000000000
78552  47.959  -7.926  42.603 0.0000000000
78544  47.120  -7.807  42.919 0.0000000000
73309  54.999  -11.186  39.809 0.0000000000
74595  56.378  -10.952  39.291 0.0000000000
73307  55.869  -11.781  39.249 0.0000000000
73105  45.260  -12.187  53.117 0.0000000000
74376  45.156  -11.254  52.831 0.0000000000
74375  45.488  -11.643  52.618 0.0000000000
75771  45.876  -10.511  51.775 0.0000000000
74391  45.738  -11.161  52.136 0.0000000000
73121  46.401  -11.884  51.591 0.0000000000
57195  32.062  -24.173  61.652 0.0000000000
58335  32.584  -23.535  61.544 0.0000000000
57194  32.914  -24.318  61.203 0.0000000000
54867  32.676  -25.349  60.583 0.0000000000
73244  50.191  -11.493  42.776 0.0000000000
73191  52.290  -11.083  45.310 0.0000000000
73192  51.718  -11.073  45.720 0.0000000000
62067  42.177  -19.968  56.422 0.0000000000
64641  41.536  -18.811  56.361 0.0000000000
63410  42.203  -19.391  56.009 0.0000000000
59599  39.073  -24.117  56.883 0.0000000000
59627  38.978  -23.383  56.299 0.0000000000
60823  39.522  -22.206  55.645 0.0000000000
60801  40.187  -22.149  56.353 0.0000000000
59598  39.906  -23.234  56.667 0.0000000000
84553  52.780  -1.602  35.997 0.0000000000
84570  52.912  -2.458  35.507 0.0000000000
83596  52.181  -3.644  35.538 0.0000000000
77393  52.580  -7.889  37.932 0.0000000000
77392  53.045  -7.905  38.236 0.0000000000
77377  52.914  -7.501  38.317 0.0000000000
78598  53.173  -7.073  38.478 0.0000000000
74660  56.249  -10.044  36.220 0.0000000000
76073  56.500  -9.700  36.244 0.0000000000
69481  41.198  -14.459  54.964 0.0000000000
70797  41.602  -14.209  54.604 0.0000000000
75788  42.114  -10.851  50.146 0.0000000000
75800  41.473  -10.709  49.476 0.0000000000
77197  45.713  -9.003  48.860 0.0000000000
75828  45.092  -9.725  48.325 0.0000000000
77210  45.847  -9.155  47.980 0.0000000000
75847  46.133  -9.585  47.192 0.0000000000
77209  46.795  -8.952  47.786 0.0000000000
77208  47.649  -8.574  47.554 0.0000000000
77195  47.470  -8.600  48.416 0.0000000000
72037  47.544  -11.842  46.701 0.0000000000
73181  48.013  -11.272  47.280 0.0000000000
72048  48.338  -12.309  45.774 0.0000000000
59504  30.554  -23.008  62.938 0.0000000000
60724  30.917  -22.446  62.813 0.0000000000
58301  30.840  -23.291  62.763 0.0000000000
58319  31.511  -23.369  62.448 0.0000000000
57184  30.833  -24.173  62.622 0.0000000000
75968  47.635  -10.306  43.061 0.0000000000
75969  47.339  -10.565  42.588 0.0000000000
74550  48.416  -10.906  43.098 0.0000000000
75929  48.917  -10.470  43.442 0.0000000000
74548  50.681  -10.826  43.610 0.0000000000
75953  49.569  -10.098  43.533 0.0000000000
77260  49.662  -8.847  44.004 0.0000000000
77259  50.395  -9.336  44.316 0.0000000000
77243  50.061  -8.998  44.949 0.0000000000
77242  50.927  -9.428  45.019 0.0000000000
77229  50.724  -9.380  45.310 0.0000000000
58379  35.860  -24.352  58.940 0.0000000000
59553  36.275  -24.453  58.668 0.0000000000
58378  36.752  -24.728  58.698 0.0000000000
56046  38.102  -25.710  58.360 0.0000000000
57223  37.769  -25.293  58.363 0.0000000000
57233  38.419  -25.262  58.055 0.0000000000
58399  38.659  -24.960  57.830 0.0000000000
57232  38.995  -25.039  57.806 0.0000000000
56057  39.457  -25.328  57.605 0.0000000000
85536  51.389  -2.396  36.876 0.0000000000
84555  51.921  -2.222  36.737 0.0000000000
84541  52.287  -2.940  36.928 0.0000000000
83575  52.053  -3.477  37.045 0.0000000000
81231  51.942  -5.206  37.262 0.0000000000
74597  54.835  -10.164  39.360 0.0000000000
74611  54.238  -9.749  38.714 0.0000000000
76014  53.804  -8.890  38.334 0.0000000000
75996  55.006  -9.176  39.170 0.0000000000
75995  55.671  -9.673  39.246 0.0000000000
74609  56.537  -10.672  38.421 0.0000000000
74622  56.517  -10.552  37.578 0.0000000000
73342  56.156  -11.161  37.433 0.0000000000
73081  43.636  -12.566  54.912 0.0000000000
73082  43.204  -12.419  54.702 0.0000000000
73095  43.644  -12.168  54.068 0.0000000000
75760  43.656  -10.712  52.773 0.0000000000
74379  43.276  -11.204  52.930 0.0000000000
75775  43.351  -10.587  52.228 0.0000000000
75776  42.854  -10.647  51.802 0.0000000000
75797  43.429  -10.327  50.806 0.0000000000
77162  43.965  -10.299  51.381 0.0000000000
75783  45.945  -9.898  51.329 0.0000000000
77160  45.257  -9.278  51.263 0.0000000000
77159  45.932  -9.231  50.843 0.0000000000
77170  46.303  -9.143  50.095 0.0000000000
75795  47.166  -9.333  49.843 0.0000000000
73143  46.865  -11.468  49.720 0.0000000000
73131  47.110  -10.625  50.050 0.0000000000
73152  47.036  -11.509  48.952 0.0000000000
72010  46.624  -12.215  49.294 0.0000000000
61996  32.270  -21.375  60.831 0.0000000000
62013  31.794  -21.094  60.232 0.0000000000
59541  33.563  -23.001  60.790 0.0000000000
61994  33.345  -21.998  60.077 0.0000000000
60745  33.774  -22.522  60.272 0.0000000000
60754  33.763  -22.361  59.644 0.0000000000
60744  34.434  -22.856  59.937 0.0000000000
59555  34.840  -23.368  59.318 0.0000000000
58355  34.553  -23.868  59.525 0.0000000000
73289  49.791  -12.246  41.025 0.0000000000
73262  53.088  -11.946  41.655 0.0000000000
73285  54.350  -11.688  40.383 0.0000000000
73224  54.246  -12.004  42.996 0.0000000000
70937  54.378  -13.475  42.329 0.0000000000
74528  51.561  -10.818  43.972 0.0000000000
73227  51.946  -11.089  43.701 0.0000000000
73209  52.182  -11.126  43.965 0.0000000000
72058  52.915  -12.581  44.004 0.0000000000
70939  53.161  -13.472  43.411 0.0000000000
70940  52.500  -13.647  43.610 0.0000000000
65818  40.059  -18.052  55.807 0.0000000000
65831  39.804  -17.795  55.643 0.0000000000
65817  40.412  -17.887  56.164 0.0000000000
66946  41.516  -16.918  56.576 0.0000000000
66947  40.811  -17.102  56.481 0.0000000000
68154  41.396  -16.209  56.404 0.0000000000
68153  42.037  -16.307  56.403 0.0000000000
64668  42.610  -18.636  55.604 0.0000000000
64667  43.045  -18.527  55.218 0.0000000000
66970  43.508  -16.125  54.892 0.0000000000
66957  42.909  -16.658  55.699 0.0000000000
68165  43.240  -15.778  55.592 0.0000000000
69463  42.765  -15.336  55.776 0.0000000000
69479  43.519  -14.916  55.431 0.0000000000
69478  44.073  -14.695  55.150 0.0000000000
68196  44.500  -14.557  54.001 0.0000000000
70778  44.531  -13.776  54.387 0.0000000000
69496  44.592  -13.980  53.732 0.0000000000
70794  45.041  -13.345  53.279 0.0000000000
69511  44.952  -13.641  52.824 0.0000000000
69524  45.692  -13.523  52.085 0.0000000000
68232  45.148  -13.888  52.243 0.0000000000
59630  35.890  -24.153  57.000 0.0000000000
59629  36.979  -24.186  56.660 0.0000000000
62101  39.439  -21.423  54.798 0.0000000000
62086  39.463  -20.173  54.960 0.0000000000
63411  39.698  -19.790  55.265 0.0000000000
63392  39.669  -19.170  55.478 0.0000000000
62050  40.757  -20.641  56.346 0.0000000000
62049  41.304  -20.376  56.614 0.0000000000
59573  41.843  -21.307  56.997 0.0000000000
58413  40.375  -23.985  56.587 0.0000000000
83616  52.412  -2.875  34.506 0.0000000000
83617  51.772  -3.242  33.792 0.0000000000
79895  51.913  -5.546  36.321 0.0000000000
74625  51.265  -10.182  37.571 0.0000000000
76037  50.785  -9.727  36.854 0.0000000000
76036  51.740  -9.190  37.035 0.0000000000
79876  50.621  -6.112  37.353 0.0000000000
79857  50.949  -5.834  37.767 0.0000000000
81232  50.562  -5.288  37.438 0.0000000000
81214  50.953  -5.419  37.697 0.0000000000
79854  53.562  -6.892  38.268 0.0000000000
79872  53.995  -7.029  37.830 0.0000000000
77374  55.534  -8.390  38.500 0.0000000000
70806  41.783  -13.282  53.514 0.0000000000
71977  42.135  -12.658  51.863 0.0000000000
75812  43.240  -9.964  49.426 0.0000000000
74458  43.570  -10.891  47.117 0.0000000000
75889  46.438  -9.781  45.752 0.0000000000
74488  45.337  -10.595  45.186 0.0000000000
77248  45.996  -9.709  43.996 0.0000000000
77247  46.774  -9.410  44.463 0.0000000000
77233  47.769  -8.913  45.508 0.0000000000
77206  49.340  -9.028  46.765 0.0000000000
75844  50.091  -9.474  46.670 0.0000000000
74429  48.081  -9.482  49.140 0.0000000000
74440  48.434  -9.728  48.566 0.0000000000
74471  50.702  -10.505  46.642 0.0000000000
73178  50.580  -11.054  46.610 0.0000000000
72035  50.115  -11.646  46.282 0.0000000000
70926  49.090  -13.502  44.510 0.0000000000
69538  46.146  -13.597  51.116 0.0000000000
70827  46.349  -13.563  50.918 0.0000000000
69574  46.314  -13.698  50.824 0.0000000000
59505  30.158  -23.071  63.598 0.0000000000
58302  30.293  -23.512  63.322 0.0000000000
57173  30.294  -24.022  63.381 0.0000000000
58303  30.011  -23.919  64.071 0.0000000000
57161  30.008  -24.097  64.737 0.0000000000
77339  47.262  -9.517  42.864 0.0000000000
77313  47.807  -9.373  43.168 0.0000000000
78568  48.248  -8.815  42.996 0.0000000000
77261  48.528  -8.658  43.666 0.0000000000
56037  36.536  -25.844  59.170 0.0000000000
57224  37.037  -25.220  58.788 0.0000000000
54876  36.953  -26.389  58.742 0.0000000000
54888  37.690  -26.193  58.486 0.0000000000
83576  51.464  -3.580  37.106 0.0000000000
82498  51.483  -4.988  37.600 0.0000000000
74579  53.609  -11.322  39.857 0.0000000000
73094  44.185  -12.065  54.016 0.0000000000
74363  43.974  -11.588  53.694 0.0000000000
73107  44.405  -11.718  53.599 0.0000000000
75758  44.752  -10.811  52.597 0.0000000000
75773  44.418  -10.642  52.137 0.0000000000
77152  44.530  -10.280  51.631 0.0000000000
75772  45.213  -10.461  51.917 0.0000000000
75784  45.351  -9.849  51.466 0.0000000000
73132  46.674  -11.424  50.647 0.0000000000
61980  32.575  -21.833  61.198 0.0000000000
59529  32.935  -23.008  61.263 0.0000000000
58334  33.277  -23.398  61.077 0.0000000000
58356  33.739  -23.733  60.334 0.0000000000
57210  34.144  -24.494  59.882 0.0000000000
57211  33.524  -24.424  60.496 0.0000000000
72101  48.365  -12.264  42.164 0.0000000000
72116  49.084  -12.444  41.853 0.0000000000
73288  51.224  -12.120  40.909 0.0000000000
73225  53.356  -11.828  43.248 0.0000000000
74508  52.381  -10.268  44.948 0.0000000000
73208  52.321  -11.171  44.311 0.0000000000
72060  51.747  -12.959  44.898 0.0000000000
70906  50.958  -13.138  45.345 0.0000000000
64630  40.833  -18.920  56.462 0.0000000000
65803  40.644  -18.269  56.326 0.0000000000
65802  40.950  -17.969  56.531 0.0000000000
65801  41.502  -18.036  56.477 0.0000000000
65814  42.162  -17.784  56.336 0.0000000000
66969  43.840  -15.674  54.661 0.0000000000
68180  44.106  -15.261  54.684 0.0000000000
66984  43.990  -15.738  54.379 0.0000000000
68197  44.377  -15.130  53.953 0.0000000000
59628  38.002  -23.893  56.428 0.0000000000
59675  38.125  -23.195  55.289 0.0000000000
60824  38.969  -22.795  55.586 0.0000000000
62070  40.381  -20.971  55.903 0.0000000000
83605  51.989  -3.476  34.835 0.0000000000
78618  52.498  -6.616  36.379 0.0000000000
76035  52.667  -8.876  37.517 0.0000000000
77394  52.001  -8.120  37.335 0.0000000000
78608  51.304  -7.126  37.277 0.0000000000
78600  51.587  -6.567  37.932 0.0000000000
79853  54.291  -7.219  38.249 0.0000000000
76055  56.618  -9.043  36.316 0.0000000000
68183  40.273  -15.708  55.206 0.0000000000
73115  42.330  -11.777  51.860 0.0000000000
73122  42.183  -11.994  50.862 0.0000000000
73133  41.711  -11.741  49.939 0.0000000000
75829  44.320  -10.260  48.634 0.0000000000
75849  44.418  -10.560  47.808 0.0000000000
74457  44.499  -11.062  47.010 0.0000000000
74473  44.588  -11.206  46.183 0.0000000000
75871  45.673  -10.260  46.607 0.0000000000
75870  46.211  -9.819  46.435 0.0000000000
77222  47.763  -8.740  46.560 0.0000000000
77207  48.634  -8.776  47.372 0.0000000000
74455  47.888  -10.606  48.112 0.0000000000
74454  48.592  -10.315  48.087 0.0000000000
73165  48.318  -10.842  47.611 0.0000000000
72036  49.000  -11.663  46.347 0.0000000000
72047  49.480  -12.254  45.723 0.0000000000
61981  31.968  -21.576  61.710 0.0000000000
61965  31.579  -21.913  62.334 0.0000000000
60723  31.791  -22.451  62.193 0.0000000000
59519  31.811  -22.959  62.205 0.0000000000
58336  31.897  -23.613  61.956 0.0000000000
56011  31.904  -24.778  61.527 0.0000000000
57196  31.506  -24.389  62.078 0.0000000000
56012  31.132  -24.724  62.037 0.0000000000
57185  30.313  -24.195  63.197 0.0000000000
72086  48.668  -12.047  42.578 0.0000000000
73245  49.044  -11.791  42.839 0.0000000000
74529  51.264  -10.476  44.221 0.0000000000
77285  50.025  -9.429  43.765 0.0000000000
75951  50.687  -9.850  44.143 0.0000000000
75909  51.648  -10.174  44.559 0.0000000000
75908  51.667  -9.881  44.833 0.0000000000
75887  51.405  -9.763  45.599 0.0000000000
62100  42.486  -19.951  55.501 0.0000000000
60767  35.100  -23.455  58.346 0.0000000000
60783  34.922  -23.371  58.203 0.0000000000
59576  35.442  -23.719  58.444 0.0000000000
58377  37.434  -24.994  58.421 0.0000000000
58401  37.375  -24.822  58.229 0.0000000000
59574  37.767  -24.735  57.806 0.0000000000
58416  38.442  -24.598  57.418 0.0000000000
58414  39.816  -24.062  56.715 0.0000000000
57240  39.459  -24.783  57.300 0.0000000000
56056  39.730  -25.353  57.024 0.0000000000
56068  39.742  -25.570  56.867 0.0000000000
82524  52.252  -3.793  36.581 0.0000000000
82514  52.031  -4.362  36.692 0.0000000000
81248  51.851  -5.017  36.566 0.0000000000
79894  52.471  -6.004  36.776 0.0000000000
78616  54.048  -7.349  36.797 0.0000000000
74623  52.848  -9.477  37.845 0.0000000000
76015  53.215  -9.155  37.902 0.0000000000
77375  54.337  -8.223  38.629 0.0000000000
78592  54.658  -8.082  38.774 0.0000000000
77358  54.845  -8.437  38.961 0.0000000000
77357  55.313  -8.743  38.989 0.0000000000
76011  56.447  -9.895  38.909 0.0000000000
74639  56.290  -10.665  36.920 0.0000000000
71945  42.485  -13.490  55.110 0.0000000000
70781  42.140  -13.797  54.993 0.0000000000
71954  42.480  -13.286  54.691 0.0000000000
71960  42.688  -12.311  53.489 0.0000000000
71968  42.541  -11.996  52.994 0.0000000000
74364  43.614  -11.632  53.526 0.0000000000
73108  42.823  -11.703  53.062 0.0000000000
73109  42.510  -11.647  52.564 0.0000000000
74394  42.538  -11.060  51.895 0.0000000000
75787  42.650  -10.837  50.848 0.0000000000
75814  42.000  -9.920  49.289 0.0000000000
75798  42.782  -10.378  50.248 0.0000000000
77185  43.271  -9.974  50.095 0.0000000000
77184  43.984  -9.646  50.144 0.0000000000
77161  44.537  -9.712  51.229 0.0000000000
77172  44.581  -9.233  50.748 0.0000000000
77183  44.805  -9.370  50.030 0.0000000000
77182  45.613  -9.065  49.711 0.0000000000
77181  46.460  -8.877  49.412 0.0000000000
77179  47.847  -8.645  48.738 0.0000000000
77180  47.376  -8.769  49.224 0.0000000000
75810  47.790  -9.266  49.396 0.0000000000
74430  47.750  -9.936  49.500 0.0000000000
73151  47.540  -11.026  48.584 0.0000000000
73167  47.121  -11.437  48.414 0.0000000000
62029  33.906  -22.608  58.623 0.0000000000
61995  32.836  -21.633  60.357 0.0000000000
62030  33.421  -22.180  58.994 0.0000000000
60769  33.642  -22.321  59.337 0.0000000000
60768  34.428  -22.783  58.869 0.0000000000
59577  34.767  -23.017  59.013 0.0000000000
58380  35.268  -23.813  59.132 0.0000000000
57208  35.591  -24.372  59.243 0.0000000000
56039  35.275  -25.208  59.650 0.0000000000
56038  35.993  -25.552  59.357 0.0000000000
74600  51.333  -11.468  39.066 0.0000000000
73311  52.666  -11.774  40.083 0.0000000000
74580  53.061  -11.498  39.977 0.0000000000
73284  55.113  -11.732  40.430 0.0000000000
72132  55.606  -12.169  40.057 0.0000000000
73259  55.068  -12.139  40.864 0.0000000000
72098  54.741  -12.765  41.104 0.0000000000
73240  54.575  -11.872  42.132 0.0000000000
72083  54.798  -12.950  41.837 0.0000000000
73226  52.462  -11.540  43.460 0.0000000000
70938  54.037  -13.234  42.854 0.0000000000
65844  39.314  -17.809  54.930 0.0000000000
66971  39.931  -16.561  55.384 0.0000000000
66948  40.377  -16.980  56.213 0.0000000000
68156  40.345  -16.528  56.159 0.0000000000
68167  40.270  -16.182  55.910 0.0000000000
68166  40.664  -15.475  55.797 0.0000000000
69455  41.152  -15.279  55.897 0.0000000000
69465  41.810  -14.581  55.672 0.0000000000
63429  42.376  -19.046  55.748 0.0000000000
65829  42.528  -17.979  55.734 0.0000000000
66944  42.533  -17.056  56.254 0.0000000000
65842  42.968  -17.465  55.218 0.0000000000
69452  42.404  -15.883  56.190 0.0000000000
69464  42.325  -14.785  55.764 0.0000000000
70765  42.644  -13.835  55.526 0.0000000000
71943  43.298  -13.069  55.389 0.0000000000
71951  44.119  -12.997  55.107 0.0000000000
69477  44.445  -14.434  54.568 0.0000000000
73079  44.382  -12.843  54.175 0.0000000000
73093  44.622  -12.614  53.765 0.0000000000
71958  45.184  -12.901  53.432 0.0000000000
71967  45.700  -12.715  52.658 0.0000000000
71976  46.198  -12.633  51.922 0.0000000000
70814  46.011  -13.181  52.097 0.0000000000
69523  45.950  -13.549  51.648 0.0000000000
68269  45.760  -13.799  50.965 0.0000000000
68252  44.769  -14.547  51.432 0.0000000000
59603  35.139  -23.655  57.761 0.0000000000
59655  37.117  -23.983  55.814 0.0000000000
64643  39.902  -18.622  55.696 0.0000000000
64642  40.224  -18.793  55.875 0.0000000000
62051  40.601  -20.122  56.172 0.0000000000
63371  40.487  -19.576  56.013 0.0000000000
63369  40.949  -19.629  56.575 0.0000000000
62068  41.751  -19.961  56.588 0.0000000000
62066  42.404  -20.422  56.107 0.0000000000
59597  40.844  -22.909  56.577 0.0000000000
59625  41.354  -23.200  56.511 0.0000000000
58423  41.499  -23.374  56.367 0.0000000000
59624  41.374  -23.021  56.273 0.0000000000
59623  41.728  -21.903  56.147 0.0000000000
59454  28.748  -22.893  65.565 0.0000000000
84604  52.037  -2.444  33.083 0.0000000000
82499  51.025  -4.982  37.723 0.0000000000
81212  52.041  -5.309  37.844 0.0000000000
79892  53.938  -7.125  37.403 0.0000000000
78596  54.792  -7.524  38.335 0.0000000000
78605  54.735  -7.499  37.542 0.0000000000
78615  55.173  -7.583  36.447 0.0000000000
78630  56.497  -7.495  35.144 0.0000000000
77288  45.946  -8.837  42.783 0.0000000000
69497  41.768  -13.856  53.797 0.0000000000
69513  41.561  -13.850  53.321 0.0000000000
74489  44.606  -11.153  45.324 0.0000000000
75932  45.060  -9.789  43.706 0.0000000000
77264  45.719  -9.231  43.427 0.0000000000
77262  47.917  -8.678  43.705 0.0000000000
77245  48.650  -8.689  44.532 0.0000000000
77232  48.603  -8.795  45.394 0.0000000000
77231  49.364  -8.865  45.355 0.0000000000
75869  50.424  -9.543  46.067 0.0000000000
75868  50.920  -9.740  46.057 0.0000000000
74470  51.021  -10.120  46.359 0.0000000000
75827  48.675  -9.171  48.141 0.0000000000
75846  48.977  -9.206  47.685 0.0000000000
74453  49.364  -9.952  47.783 0.0000000000
74452  50.304  -9.947  47.038 0.0000000000
73177  51.232  -10.973  46.129 0.0000000000
72033  51.318  -11.366  45.998 0.0000000000
70907  49.886  -13.132  45.372 0.0000000000
71982  46.483  -12.666  51.320 0.0000000000
71997  46.617  -12.824  50.286 0.0000000000
69575  46.457  -13.825  49.949 0.0000000000
70876  46.554  -13.493  49.396 0.0000000000
70859  46.594  -12.767  49.590 0.0000000000
70889  46.522  -13.241  48.354 0.0000000000
54899  39.529  -25.698  57.498 0.0000000000
54913  39.735  -25.790  56.682 0.0000000000
56023  36.021  -26.080  59.355 0.0000000000
56027  31.830  -25.011  61.429 0.0000000000
56040  35.157  -24.985  59.622 0.0000000000
56047  35.927  -25.288  59.404 0.0000000000
56048  35.446  -25.121  59.520 0.0000000000
56049  34.932  -24.918  59.649 0.0000000000
57151  29.596  -23.890  65.238 0.0000000000
57175  29.809  -24.264  64.505 0.0000000000
57209  34.964  -24.242  59.670 0.0000000000
57226  35.462  -24.754  59.480 0.0000000000
57227  35.330  -24.995  59.570 0.0000000000
57234  36.050  -25.192  59.341 0.0000000000
57235  35.830  -24.854  59.308 0.0000000000
57236  35.586  -24.953  59.471 0.0000000000
57238  40.407  -24.383  56.532 0.0000000000
58262  29.080  -23.185  65.438 0.0000000000
58276  29.820  -23.440  64.598 0.0000000000
58318  31.977  -23.235  61.928 0.0000000000
58425  38.769  -23.258  56.146 0.0000000000
58426  38.548  -23.430  56.213 0.0000000000
58434  41.515  -23.633  56.155 0.0000000000
59572  41.984  -21.403  57.089 0.0000000000
59594  42.125  -21.731  56.532 0.0000000000
59595  41.852  -21.491  56.578 0.0000000000
59596  41.443  -21.937  56.512 0.0000000000
59622  41.866  -21.636  56.252 0.0000000000
60713  30.431  -22.787  63.114 0.0000000000
60765  42.091  -21.284  57.070 0.0000000000
60766  41.850  -21.031  57.025 0.0000000000
60778  42.064  -21.209  56.260 0.0000000000
60779  42.065  -21.605  56.750 0.0000000000
60780  41.474  -20.895  56.657 0.0000000000
60799  41.967  -21.171  56.022 0.0000000000
60844  39.554  -21.718  55.111 0.0000000000
61979  33.055  -22.078  60.536 0.0000000000
62026  42.184  -20.973  56.610 0.0000000000
62027  42.095  -20.775  57.135 0.0000000000
62028  41.993  -20.906  56.906 0.0000000000
62046  42.220  -20.856  56.237 0.0000000000
62047  42.184  -20.619  56.465 0.0000000000
62048  41.883  -20.585  56.659 0.0000000000
62052  33.889  -22.671  58.373 0.0000000000
62065  42.866  -20.955  55.836 0.0000000000
63389  41.826  -19.407  56.338 0.0000000000
63409  42.423  -19.720  55.967 0.0000000000
64629  41.136  -18.809  56.548 0.0000000000
64654  42.258  -18.609  55.907 0.0000000000
65800  41.914  -17.748  56.453 0.0000000000
65813  42.439  -17.366  56.247 0.0000000000
65815  41.773  -18.336  56.347 0.0000000000
65816  40.702  -17.766  56.389 0.0000000000
65830  40.143  -17.494  55.864 0.0000000000
65843  42.776  -18.141  55.414 0.0000000000
66932  41.708  -17.479  56.532 0.0000000000
66933  41.173  -17.514  56.564 0.0000000000
68212  44.739  -13.890  52.748 0.0000000000
68231  45.740  -13.606  51.834 0.0000000000
68250  45.746  -13.697  51.558 0.0000000000
69453  42.071  -15.614  56.207 0.0000000000
69466  41.170  -14.821  55.555 0.0000000000
69495  44.736  -13.586  53.395 0.0000000000
69512  44.552  -13.929  53.258 0.0000000000
69525  41.419  -13.905  52.756 0.0000000000
69537  46.446  -13.759  50.859 0.0000000000
69539  46.093  -13.438  51.599 0.0000000000
69553  46.485  -13.933  50.993 0.0000000000
69554  46.036  -13.850  50.614 0.0000000000
69593  46.578  -13.856  49.059 0.0000000000
70763  43.815  -13.716  55.408 0.0000000000
70766  42.302  -13.833  55.331 0.0000000000
70780  43.845  -14.360  55.367 0.0000000000
70782  41.733  -14.115  54.878 0.0000000000
70796  41.979  -13.780  54.320 0.0000000000
70816  41.435  -13.776  52.297 0.0000000000
70826  46.815  -13.944  50.928 0.0000000000
70840  46.829  -13.733  50.738 0.0000000000
70841  46.561  -13.010  50.693 0.0000000000
70842  46.543  -12.893  50.983 0.0000000000
70858  46.583  -13.208  49.836 0.0000000000
70877  46.513  -13.105  49.103 0.0000000000
70951  54.479  -13.226  42.368 0.0000000000
71942  43.770  -13.384  55.379 0.0000000000
71950  44.416  -13.153  54.372 0.0000000000
71952  43.693  -12.933  55.290 0.0000000000
71953  42.857  -12.657  54.351 0.0000000000
71959  44.502  -12.942  53.825 0.0000000000
71988  46.592  -12.893  50.498 0.0000000000
71990  41.939  -12.471  50.292 0.0000000000
72085  48.888  -12.079  42.664 0.0000000000
72100  48.951  -12.243  42.446 0.0000000000
73069  43.398  -12.743  55.230 0.0000000000
73070  43.204  -12.648  55.179 0.0000000000
73092  45.057  -12.576  53.447 0.0000000000
73246  48.276  -11.631  42.608 0.0000000000
73283  55.406  -12.021  40.296 0.0000000000
74362  44.217  -11.636  53.680 0.0000000000
74377  44.418  -11.223  53.336 0.0000000000
74380  42.774  -11.223  52.581 0.0000000000
74392  45.319  -10.922  52.320 0.0000000000
74406  41.894  -11.007  50.008 0.0000000000
74419  41.445  -11.118  49.522 0.0000000000
74456  45.134  -10.789  46.676 0.0000000000
74468  52.795  -9.792  45.955 0.0000000000
74469  52.657  -9.536  46.044 0.0000000000
74486  52.067  -10.057  45.457 0.0000000000
74507  52.507  -10.021  44.802 0.0000000000
74510  51.550  -10.339  44.418 0.0000000000
74511  45.395  -10.469  44.830 0.0000000000
74530  48.720  -10.678  43.314 0.0000000000
74531  48.444  -10.618  43.288 0.0000000000
74659  56.400  -9.697  36.016 0.0000000000
75759  44.151  -10.672  52.824 0.0000000000
75774  43.873  -10.633  52.312 0.0000000000
75785  43.670  -10.301  51.096 0.0000000000
75801  40.832  -11.100  49.171 0.0000000000
75826  49.103  -9.494  47.839 0.0000000000
75843  50.643  -9.760  46.401 0.0000000000
75866  53.229  -9.385  45.813 0.0000000000
75867  53.045  -9.303  46.277 0.0000000000
75885  53.167  -9.591  45.125 0.0000000000
75886  52.113  -9.537  46.136 0.0000000000
75890  45.806  -10.251  45.763 0.0000000000
75906  52.726  -9.688  44.902 0.0000000000
75907  52.217  -9.698  44.982 0.0000000000
75910  46.517  -9.637  45.150 0.0000000000
75927  50.936  -10.048  44.408 0.0000000000
75928  51.160  -10.036  44.518 0.0000000000
75930  48.597  -10.475  43.393 0.0000000000
75931  45.596  -9.774  43.840 0.0000000000
75981  47.373  -9.819  42.997 0.0000000000
77154  43.725  -10.602  52.055 0.0000000000
77163  43.671  -10.533  51.789 0.0000000000
77174  43.367  -10.193  50.488 0.0000000000
77205  49.650  -9.189  46.440 0.0000000000
77217  53.280  -9.000  45.921 0.0000000000
77218  52.943  -8.905  46.155 0.0000000000
77220  49.254  -8.962  46.083 0.0000000000
77227  53.207  -9.192  45.392 0.0000000000
77228  52.916  -8.937  45.559 0.0000000000
77230  50.132  -9.199  45.426 0.0000000000
77240  53.019  -9.425  44.977 0.0000000000
77241  52.789  -9.279  45.007 0.0000000000
77283  50.803  -9.999  44.314 0.0000000000
77284  50.510  -9.739  44.153 0.0000000000
77340  46.817  -9.401  42.597 0.0000000000
78542  48.281  -7.947  43.025 0.0000000000
78551  48.339  -8.416  42.973 0.0000000000
78553  47.292  -7.889  42.630 0.0000000000
78569  47.996  -8.588  42.558 0.0000000000
78570  47.518  -8.283  42.429 0.0000000000
79852  54.534  -7.292  38.223 0.0000000000
82497  51.731  -5.043  37.482 0.0000000000
84543  51.136  -2.849  36.901 0.0000000000
85535  51.591  -2.195  36.781 0.0000000000
