#!ascii label  , from subject 3174 vox2ras=TkReg
987
69679  -34.214  -22.476  55.595 0.0000000000
58700  -19.159  -31.173  55.573 0.0000000000
68380  -25.438  -23.419  53.503 0.0000000000
94065  -41.131  -0.770  39.853 0.0000000000
98544  -47.181  1.692  34.958 0.0000000000
57527  -12.187  -31.420  59.131 0.0000000000
90734  -38.406  -4.033  42.098 0.0000000000
73481  -36.316  -19.306  54.570 0.0000000000
71008  -28.865  -22.382  55.199 0.0000000000
59829  -14.797  -30.416  57.052 0.0000000000
54154  -16.016  -35.740  58.393 0.0000000000
72282  -31.163  -21.044  53.968 0.0000000000
73509  -33.508  -18.935  52.319 0.0000000000
61121  -23.964  -29.791  54.172 0.0000000000
74557  -26.618  -17.787  56.229 0.0000000000
81354  -36.760  -12.070  44.512 0.0000000000
86248  -38.942  -8.987  42.667 0.0000000000
88572  -41.610  -6.351  40.080 0.0000000000
50685  -8.688  -38.562  58.732 0.0000000000
47350  -6.273  -41.415  60.232 0.0000000000
76804  -30.139  -16.636  50.753 0.0000000000
79069  -31.603  -14.823  48.050 0.0000000000
79130  -34.418  -14.654  45.375 0.0000000000
51859  -12.091  -37.273  58.318 0.0000000000
58640  -19.321  -32.381  58.275 0.0000000000
57555  -21.560  -32.798  58.546 0.0000000000
68348  -31.363  -23.312  55.470 0.0000000000
63565  -17.814  -27.951  55.447 0.0000000000
58679  -16.946  -31.025  56.447 0.0000000000
57551  -17.383  -32.856  57.802 0.0000000000
72229  -30.762  -20.120  56.394 0.0000000000
73478  -29.494  -19.316  54.586 0.0000000000
84954  -35.745  -8.949  43.650 0.0000000000
84936  -37.981  -10.107  43.716 0.0000000000
87431  -36.931  -7.766  43.004 0.0000000000
89679  -39.625  -5.453  40.200 0.0000000000
90767  -40.539  -4.568  39.332 0.0000000000
89693  -43.368  -4.993  39.626 0.0000000000
92982  -42.226  -2.792  38.349 0.0000000000
93010  -43.397  -1.956  37.123 0.0000000000
76765  -31.234  -16.373  53.506 0.0000000000
76806  -32.033  -17.368  51.200 0.0000000000
79009  -29.142  -15.159  52.632 0.0000000000
80172  -28.932  -13.678  48.209 0.0000000000
81303  -29.869  -12.522  47.272 0.0000000000
79109  -32.375  -14.898  46.246 0.0000000000
81339  -31.845  -12.557  45.426 0.0000000000
82477  -33.485  -11.214  44.808 0.0000000000
65961  -25.894  -26.081  52.887 0.0000000000
55238  -9.711  -34.613  58.351 0.0000000000
55240  -11.532  -34.107  57.503 0.0000000000
44124  -7.062  -44.700  60.196 0.0000000000
43001  -5.232  -45.567  60.640 0.0000000000
89637  -37.583  -5.172  43.417 0.0000000000
76782  -36.116  -16.046  52.833 0.0000000000
71005  -26.526  -21.802  54.343 0.0000000000
57549  -13.307  -31.501  58.042 0.0000000000
55258  -13.169  -34.273  57.205 0.0000000000
56422  -16.119  -33.647  57.289 0.0000000000
97503  -48.794  1.461  33.881 0.0000000000
69717  -32.308  -22.383  53.573 0.0000000000
71033  -33.763  -21.529  52.943 0.0000000000
72296  -33.262  -20.545  52.965 0.0000000000
61106  -19.694  -29.575  54.852 0.0000000000
58723  -21.605  -31.157  54.477 0.0000000000
63581  -22.850  -28.146  54.047 0.0000000000
65960  -23.116  -26.000  53.380 0.0000000000
71022  -22.663  -21.956  53.772 0.0000000000
73405  -23.858  -18.955  57.162 0.0000000000
73476  -24.911  -18.902  53.852 0.0000000000
73495  -27.316  -19.434  53.163 0.0000000000
69733  -29.936  -21.910  52.819 0.0000000000
80210  -37.841  -13.963  46.756 0.0000000000
87471  -38.111  -7.322  41.625 0.0000000000
87474  -40.956  -7.881  41.452 0.0000000000
94116  -45.300  -1.421  35.726 0.0000000000
49525  -7.453  -39.758  59.750 0.0000000000
45276  -8.852  -43.574  60.742 0.0000000000
72310  -34.645  -19.405  51.518 0.0000000000
77908  -34.697  -16.978  50.901 0.0000000000
77896  -33.692  -15.389  50.763 0.0000000000
79022  -28.428  -14.723  50.965 0.0000000000
79057  -30.825  -15.350  49.392 0.0000000000
80145  -32.627  -14.157  50.067 0.0000000000
80177  -33.699  -14.185  48.971 0.0000000000
77931  -36.138  -15.960  48.732 0.0000000000
77949  -37.426  -15.476  47.569 0.0000000000
81343  -35.407  -12.970  44.761 0.0000000000
83700  -34.699  -10.271  44.355 0.0000000000
58662  -23.335  -31.524  57.377 0.0000000000
53064  -8.547  -36.105  59.013 0.0000000000
50687  -10.725  -38.221  58.398 0.0000000000
53082  -13.766  -36.991  58.275 0.0000000000
41817  -4.154  -46.610  60.744 0.0000000000
58659  -19.394  -31.955  57.091 0.0000000000
58641  -20.049  -32.353  57.752 0.0000000000
58660  -20.236  -32.170  56.942 0.0000000000
69695  -32.797  -23.104  55.510 0.0000000000
61104  -18.140  -29.419  55.397 0.0000000000
61094  -16.794  -29.399  56.095 0.0000000000
58680  -17.729  -31.224  56.305 0.0000000000
58658  -18.495  -31.845  57.141 0.0000000000
87429  -35.555  -7.585  43.786 0.0000000000
86245  -35.987  -8.294  43.518 0.0000000000
87430  -36.160  -7.486  43.340 0.0000000000
92971  -39.995  -1.907  40.185 0.0000000000
92979  -39.763  -3.064  39.694 0.0000000000
92980  -40.291  -2.463  39.387 0.0000000000
91880  -40.913  -3.514  38.855 0.0000000000
92981  -41.534  -2.360  38.527 0.0000000000
94086  -41.667  -1.312  38.049 0.0000000000
77884  -30.461  -16.360  53.190 0.0000000000
83656  -29.683  -10.838  48.196 0.0000000000
81326  -31.197  -12.458  45.878 0.0000000000
83678  -31.628  -10.202  46.522 0.0000000000
82465  -31.882  -11.274  45.721 0.0000000000
67103  -25.205  -24.209  52.856 0.0000000000
64785  -26.210  -26.461  54.148 0.0000000000
65951  -26.285  -25.363  54.381 0.0000000000
56396  -10.793  -33.041  58.323 0.0000000000
56397  -11.750  -33.012  57.859 0.0000000000
96429  -47.061  0.237  35.360 0.0000000000
43002  -6.375  -45.561  60.315 0.0000000000
73463  -36.843  -19.302  55.515 0.0000000000
75713  -36.690  -17.370  54.249 0.0000000000
71006  -27.232  -21.792  54.267 0.0000000000
70991  -28.472  -22.477  55.836 0.0000000000
62315  -14.878  -28.981  57.597 0.0000000000
61065  -14.514  -29.057  58.263 0.0000000000
59812  -13.869  -29.457  59.149 0.0000000000
59821  -14.141  -30.345  57.735 0.0000000000
57572  -14.081  -32.260  57.333 0.0000000000
57573  -15.299  -32.545  56.917 0.0000000000
56402  -18.388  -33.027  58.894 0.0000000000
56400  -16.933  -33.507  58.276 0.0000000000
71031  -32.008  -21.562  53.578 0.0000000000
71045  -32.709  -21.237  53.125 0.0000000000
72283  -32.246  -20.968  53.772 0.0000000000
62350  -20.426  -28.894  55.006 0.0000000000
62365  -21.444  -29.044  54.251 0.0000000000
62352  -22.397  -27.974  55.516 0.0000000000
67077  -22.848  -25.018  55.357 0.0000000000
68343  -22.234  -23.498  55.771 0.0000000000
68377  -22.720  -23.460  53.446 0.0000000000
70986  -22.035  -21.553  55.287 0.0000000000
73408  -27.423  -17.715  57.835 0.0000000000
74539  -25.072  -17.596  57.023 0.0000000000
73457  -23.950  -19.141  55.239 0.0000000000
74574  -25.484  -18.100  55.287 0.0000000000
74618  -25.858  -18.973  53.265 0.0000000000
74598  -27.340  -18.339  54.532 0.0000000000
73498  -30.047  -19.810  54.207 0.0000000000
73497  -29.404  -19.592  53.728 0.0000000000
71030  -30.782  -21.505  53.581 0.0000000000
69716  -31.346  -22.147  53.793 0.0000000000
81345  -37.688  -12.411  45.425 0.0000000000
81328  -38.843  -12.817  46.307 0.0000000000
81355  -37.321  -11.818  44.745 0.0000000000
84957  -38.458  -9.425  43.299 0.0000000000
84937  -39.126  -10.293  43.872 0.0000000000
90716  -37.846  -4.690  42.532 0.0000000000
88539  -37.198  -6.261  42.513 0.0000000000
89667  -37.858  -5.658  41.478 0.0000000000
88571  -40.432  -6.189  40.139 0.0000000000
88553  -40.196  -6.860  40.970 0.0000000000
88554  -41.249  -6.978  40.840 0.0000000000
87453  -41.929  -8.053  41.759 0.0000000000
93017  -44.736  -1.898  36.348 0.0000000000
95288  -44.020  -0.265  35.923 0.0000000000
95296  -45.400  -0.484  35.384 0.0000000000
50684  -7.906  -38.119  58.969 0.0000000000
51840  -7.265  -38.454  59.981 0.0000000000
50670  -8.464  -39.236  59.145 0.0000000000
46343  -9.119  -42.544  60.377 0.0000000000
44126  -8.550  -44.279  61.240 0.0000000000
72297  -33.767  -20.564  52.265 0.0000000000
72285  -34.373  -20.866  52.532 0.0000000000
72309  -33.994  -19.710  51.536 0.0000000000
76807  -33.530  -17.907  51.237 0.0000000000
77906  -32.832  -16.567  50.735 0.0000000000
77897  -34.677  -16.137  51.251 0.0000000000
77905  -31.475  -16.058  50.383 0.0000000000
81268  -28.448  -12.933  50.867 0.0000000000
79067  -29.753  -14.562  47.879 0.0000000000
79055  -29.217  -14.888  48.781 0.0000000000
80173  -30.759  -15.056  48.546 0.0000000000
80144  -31.830  -14.417  50.016 0.0000000000
80175  -31.837  -14.495  48.740 0.0000000000
80162  -33.146  -13.992  49.595 0.0000000000
79070  -32.371  -14.834  48.160 0.0000000000
79110  -33.812  -15.379  45.915 0.0000000000
77946  -34.107  -16.030  47.519 0.0000000000
77963  -34.553  -15.971  46.603 0.0000000000
77948  -36.485  -15.764  47.489 0.0000000000
79112  -35.923  -15.200  46.069 0.0000000000
79132  -36.325  -14.446  45.835 0.0000000000
80227  -34.941  -13.809  45.004 0.0000000000
83691  -33.325  -10.105  45.487 0.0000000000
84916  -33.665  -9.390  45.186 0.0000000000
59868  -23.052  -30.714  54.098 0.0000000000
58685  -22.564  -31.849  56.523 0.0000000000
58705  -23.485  -30.874  55.692 0.0000000000
53080  -11.236  -36.441  57.802 0.0000000000
53079  -10.164  -36.438  57.922 0.0000000000
51842  -12.019  -37.945  58.590 0.0000000000
55242  -14.657  -35.560  57.753 0.0000000000
54167  -13.789  -35.450  57.456 0.0000000000
54153  -15.352  -36.230  58.328 0.0000000000
58615  -18.888  -32.141  59.855 0.0000000000
57553  -19.864  -32.572  59.206 0.0000000000
57533  -21.389  -33.016  59.523 0.0000000000
57534  -22.355  -32.866  59.378 0.0000000000
68346  -29.866  -23.056  55.105 0.0000000000
69659  -29.525  -22.650  56.325 0.0000000000
63548  -16.482  -27.990  56.525 0.0000000000
61093  -16.263  -29.265  56.390 0.0000000000
59830  -15.577  -30.320  56.619 0.0000000000
58655  -15.629  -31.468  56.683 0.0000000000
58656  -16.729  -31.728  56.705 0.0000000000
58639  -18.392  -32.308  57.896 0.0000000000
72241  -30.851  -20.213  55.308 0.0000000000
72261  -32.327  -20.898  54.890 0.0000000000
74542  -27.864  -17.890  57.056 0.0000000000
74577  -28.264  -18.310  55.730 0.0000000000
73460  -30.312  -19.662  55.860 0.0000000000
83701  -35.614  -10.515  43.860 0.0000000000
83703  -37.455  -10.760  44.029 0.0000000000
84935  -36.987  -10.117  43.307 0.0000000000
84956  -37.407  -9.358  43.102 0.0000000000
86247  -37.723  -8.504  42.679 0.0000000000
90747  -38.438  -4.633  41.083 0.0000000000
91858  -39.020  -3.976  40.650 0.0000000000
90758  -39.838  -4.658  39.948 0.0000000000
89691  -41.394  -5.442  39.454 0.0000000000
89681  -42.233  -5.849  39.837 0.0000000000
90768  -41.639  -4.481  38.897 0.0000000000
90769  -42.841  -4.241  38.911 0.0000000000
91882  -42.906  -3.102  38.499 0.0000000000
92994  -42.553  -2.249  37.786 0.0000000000
94099  -42.380  -1.243  37.386 0.0000000000
49528  -10.339  -39.646  59.182 0.0000000000
48439  -9.935  -40.731  59.649 0.0000000000
48425  -10.359  -41.191  60.638 0.0000000000
75745  -32.528  -17.144  53.005 0.0000000000
75756  -33.159  -17.660  52.025 0.0000000000
76793  -31.713  -17.300  52.414 0.0000000000
76792  -30.964  -16.933  51.779 0.0000000000
76791  -30.161  -16.623  51.378 0.0000000000
81279  -28.959  -12.504  49.671 0.0000000000
82408  -29.280  -11.660  49.330 0.0000000000
81302  -29.222  -12.572  47.892 0.0000000000
79087  -30.467  -14.278  47.038 0.0000000000
79088  -31.484  -14.618  47.245 0.0000000000
79107  -30.780  -13.970  46.553 0.0000000000
80209  -31.645  -13.940  46.006 0.0000000000
80225  -33.002  -13.543  45.311 0.0000000000
80226  -33.947  -13.627  45.235 0.0000000000
82475  -32.239  -11.950  45.381 0.0000000000
61136  -24.861  -28.503  53.743 0.0000000000
61108  -24.850  -29.666  55.394 0.0000000000
62369  -25.769  -28.089  54.306 0.0000000000
55239  -10.389  -34.180  58.046 0.0000000000
53081  -12.383  -36.470  57.744 0.0000000000
45274  -6.921  -43.536  59.815 0.0000000000
46341  -5.742  -42.409  60.659 0.0000000000
45273  -5.901  -43.371  60.530 0.0000000000
44122  -4.976  -44.749  60.664 0.0000000000
43000  -4.588  -44.955  60.704 0.0000000000
77876  -35.679  -15.095  53.092 0.0000000000
71004  -25.844  -21.787  54.090 0.0000000000
67078  -26.080  -23.723  55.083 0.0000000000
58613  -13.198  -30.408  59.654 0.0000000000
57528  -12.943  -31.122  58.926 0.0000000000
57570  -12.573  -32.429  57.825 0.0000000000
57571  -13.162  -32.375  57.597 0.0000000000
56421  -14.880  -33.533  57.057 0.0000000000
55260  -15.581  -34.444  57.464 0.0000000000
56423  -16.630  -33.267  57.479 0.0000000000
56399  -16.390  -34.119  58.021 0.0000000000
55227  -16.939  -34.850  59.394 0.0000000000
97502  -48.150  1.433  34.556 0.0000000000
69696  -33.274  -22.693  54.877 0.0000000000
69697  -34.286  -22.086  54.318 0.0000000000
69719  -33.928  -21.985  53.563 0.0000000000
71046  -33.219  -21.171  52.770 0.0000000000
73480  -33.544  -19.959  54.686 0.0000000000
73499  -33.605  -19.724  53.548 0.0000000000
75746  -33.396  -17.700  53.052 0.0000000000
75711  -32.603  -16.555  53.746 0.0000000000
59851  -19.242  -30.396  55.163 0.0000000000
58701  -19.871  -31.255  55.413 0.0000000000
59853  -20.867  -30.566  54.494 0.0000000000
61120  -21.596  -29.800  53.880 0.0000000000
62379  -23.123  -28.797  53.495 0.0000000000
64773  -23.246  -26.524  55.585 0.0000000000
64783  -23.216  -26.954  54.375 0.0000000000
63595  -24.112  -27.707  53.059 0.0000000000
65970  -24.398  -25.734  52.502 0.0000000000
68378  -23.505  -23.574  52.927 0.0000000000
71024  -24.097  -21.711  53.090 0.0000000000
70960  -23.214  -20.058  57.776 0.0000000000
72240  -22.579  -20.504  55.586 0.0000000000
73474  -23.530  -19.940  53.902 0.0000000000
71025  -25.162  -21.687  53.100 0.0000000000
72276  -25.433  -20.810  53.211 0.0000000000
72278  -27.109  -20.585  53.430 0.0000000000
71027  -27.938  -21.572  53.512 0.0000000000
73496  -28.376  -19.241  53.366 0.0000000000
72280  -29.186  -20.429  53.166 0.0000000000
69713  -28.761  -22.091  53.477 0.0000000000
68365  -31.000  -22.877  54.486 0.0000000000
68366  -32.220  -23.004  54.763 0.0000000000
62348  -18.375  -28.598  55.182 0.0000000000
82492  -38.857  -11.534  44.898 0.0000000000
88538  -36.688  -6.589  42.838 0.0000000000
87451  -37.800  -7.602  42.077 0.0000000000
86272  -38.446  -8.192  42.009 0.0000000000
88569  -38.793  -6.143  40.774 0.0000000000
87473  -39.759  -7.571  41.294 0.0000000000
86274  -40.476  -8.884  42.074 0.0000000000
86275  -41.360  -8.422  42.176 0.0000000000
93019  -46.349  -2.237  35.814 0.0000000000
96419  -46.498  -0.380  35.480 0.0000000000
97494  -45.930  1.387  35.089 0.0000000000
49511  -6.998  -39.625  60.350 0.0000000000
48436  -6.609  -40.970  59.647 0.0000000000
48438  -8.592  -40.775  59.326 0.0000000000
47362  -7.882  -41.714  59.311 0.0000000000
46353  -7.297  -42.515  59.550 0.0000000000
45275  -7.859  -43.947  60.097 0.0000000000
71010  -35.033  -21.343  53.869 0.0000000000
72287  -35.722  -20.234  53.443 0.0000000000
73500  -35.659  -19.775  52.933 0.0000000000
73521  -34.249  -18.779  51.044 0.0000000000
73522  -35.005  -18.688  51.372 0.0000000000
74635  -35.660  -18.002  52.014 0.0000000000
75729  -35.612  -17.203  52.161 0.0000000000
154403  -35.218  -16.242  51.787 0.0000000000
77886  -34.189  -15.153  51.799 0.0000000000
79008  -28.546  -14.744  51.920 0.0000000000
77903  -29.605  -16.322  50.869 0.0000000000
80157  -28.603  -13.955  49.661 0.0000000000
79038  -29.410  -15.625  49.994 0.0000000000
79039  -30.560  -15.771  49.733 0.0000000000
79024  -31.860  -14.913  50.481 0.0000000000
79025  -32.834  -14.597  50.414 0.0000000000
77928  -33.315  -15.596  48.009 0.0000000000
79073  -35.228  -15.237  48.889 0.0000000000
79092  -37.820  -14.685  47.234 0.0000000000
80229  -37.147  -13.812  45.722 0.0000000000
81344  -36.456  -12.868  45.001 0.0000000000
81342  -34.457  -12.809  44.948 0.0000000000
81352  -34.840  -12.121  44.425 0.0000000000
82488  -35.188  -11.361  43.982 0.0000000000
84933  -35.052  -9.269  43.982 0.0000000000
86227  -34.623  -8.137  44.533 0.0000000000
58684  -21.500  -32.001  56.109 0.0000000000
57578  -22.410  -32.391  57.545 0.0000000000
59831  -24.743  -30.780  57.242 0.0000000000
51855  -8.183  -37.467  58.815 0.0000000000
54136  -8.668  -35.390  58.924 0.0000000000
53078  -9.186  -36.421  58.461 0.0000000000
50686  -9.776  -38.317  58.385 0.0000000000
49529  -11.590  -39.247  59.309 0.0000000000
55241  -12.442  -34.481  57.401 0.0000000000
53098  -13.140  -36.002  57.419 0.0000000000
51860  -12.950  -37.352  58.421 0.0000000000
39460  -5.556  -47.939  61.772 0.0000000000
41818  -4.642  -46.696  60.982 0.0000000000
44100  -3.814  -44.429  61.407 0.0000000000
69680  -34.922  -21.911  55.159 0.0000000000
58681  -18.647  -31.437  56.089 0.0000000000
58682  -19.631  -31.638  56.201 0.0000000000
69678  -33.407  -23.199  56.073 0.0000000000
59841  -18.683  -30.711  55.521 0.0000000000
59840  -18.000  -30.407  55.681 0.0000000000
87418  -35.743  -6.954  43.987 0.0000000000
94064  -40.717  -1.186  40.275 0.0000000000
94075  -40.425  -1.681  39.735 0.0000000000
94076  -40.930  -1.237  39.152 0.0000000000
95270  -41.579  -0.521  38.567 0.0000000000
83677  -30.757  -10.474  46.827 0.0000000000
67104  -25.923  -24.495  53.580 0.0000000000
68381  -26.100  -23.765  54.056 0.0000000000
57526  -11.547  -31.605  59.054 0.0000000000
57546  -11.286  -32.315  58.555 0.0000000000
57547  -12.089  -32.245  58.398 0.0000000000
95298  -47.470  -0.475  35.393 0.0000000000
96430  -47.759  0.428  34.924 0.0000000000
74602  -36.781  -18.159  54.945 0.0000000000
74624  -36.235  -18.330  53.765 0.0000000000
71007  -28.209  -22.216  54.627 0.0000000000
70990  -27.654  -22.558  55.341 0.0000000000
61079  -15.128  -29.536  57.118 0.0000000000
62298  -14.642  -28.982  57.926 0.0000000000
61064  -14.522  -29.541  57.708 0.0000000000
58654  -14.542  -31.362  57.173 0.0000000000
62351  -21.455  -28.377  55.173 0.0000000000
69638  -21.795  -22.823  57.100 0.0000000000
69654  -21.796  -22.406  56.233 0.0000000000
69672  -22.107  -22.596  55.117 0.0000000000
69655  -21.642  -21.709  56.635 0.0000000000
74541  -26.954  -17.660  57.111 0.0000000000
74540  -25.783  -17.570  57.122 0.0000000000
75674  -25.818  -17.552  56.442 0.0000000000
75683  -25.450  -17.640  56.091 0.0000000000
75684  -25.991  -17.682  55.813 0.0000000000
74597  -26.447  -18.313  54.262 0.0000000000
74575  -26.546  -18.145  55.284 0.0000000000
72259  -30.643  -20.350  54.431 0.0000000000
72281  -30.177  -20.560  53.641 0.0000000000
84958  -39.550  -9.459  43.523 0.0000000000
86249  -40.016  -9.094  42.801 0.0000000000
90733  -37.873  -4.861  41.752 0.0000000000
88555  -42.395  -7.258  40.837 0.0000000000
88540  -42.505  -7.949  41.238 0.0000000000
96426  -44.410  0.587  35.640 0.0000000000
72308  -33.519  -19.828  51.930 0.0000000000
76805  -30.799  -16.764  50.837 0.0000000000
79068  -30.650  -14.851  48.052 0.0000000000
77927  -29.927  -15.612  48.090 0.0000000000
80174  -31.152  -14.798  48.587 0.0000000000
77964  -35.635  -15.803  46.621 0.0000000000
79111  -35.017  -15.538  45.752 0.0000000000
79131  -35.440  -14.607  45.502 0.0000000000
59887  -23.376  -30.073  53.798 0.0000000000
58725  -23.231  -30.888  54.939 0.0000000000
59869  -23.821  -30.222  54.658 0.0000000000
51858  -11.133  -37.443  58.248 0.0000000000
51843  -12.809  -37.968  58.972 0.0000000000
55243  -15.380  -35.261  57.884 0.0000000000
47339  -6.539  -40.829  60.598 0.0000000000
47338  -6.458  -41.051  61.084 0.0000000000
72245  -36.240  -20.175  55.270 0.0000000000
58627  -18.785  -32.420  58.915 0.0000000000
58628  -19.291  -32.316  59.393 0.0000000000
57576  -20.833  -32.672  57.693 0.0000000000
57554  -20.493  -32.726  58.672 0.0000000000
68347  -30.417  -23.145  55.292 0.0000000000
63550  -18.153  -27.540  56.152 0.0000000000
63549  -17.077  -27.820  56.110 0.0000000000
59839  -17.144  -30.306  55.995 0.0000000000
59838  -16.346  -30.104  56.311 0.0000000000
61080  -15.742  -29.421  56.642 0.0000000000
58678  -16.223  -30.943  56.473 0.0000000000
72242  -31.552  -20.674  55.637 0.0000000000
73409  -28.732  -18.369  57.414 0.0000000000
72228  -30.438  -19.616  56.652 0.0000000000
84934  -36.082  -9.805  43.658 0.0000000000
86246  -36.820  -8.420  43.192 0.0000000000
91859  -39.303  -3.094  40.876 0.0000000000
91879  -40.136  -3.572  39.478 0.0000000000
90766  -40.015  -4.123  39.714 0.0000000000
89690  -40.624  -5.379  39.599 0.0000000000
91881  -41.977  -3.455  38.541 0.0000000000
91891  -43.154  -2.786  37.972 0.0000000000
95280  -41.778  -0.595  37.922 0.0000000000
76779  -31.788  -16.991  53.316 0.0000000000
77883  -29.888  -15.842  53.074 0.0000000000
76777  -30.266  -16.506  52.366 0.0000000000
77893  -29.602  -16.047  51.946 0.0000000000
82442  -29.715  -11.546  47.697 0.0000000000
80186  -29.546  -13.477  47.543 0.0000000000
80187  -30.114  -13.445  47.039 0.0000000000
80207  -30.534  -13.622  46.629 0.0000000000
80223  -31.484  -13.276  45.673 0.0000000000
80224  -32.147  -13.663  45.484 0.0000000000
81340  -32.549  -12.604  45.236 0.0000000000
82466  -32.515  -10.704  45.783 0.0000000000
63583  -25.444  -27.335  53.607 0.0000000000
62368  -25.288  -28.073  53.853 0.0000000000
63584  -25.876  -27.472  54.212 0.0000000000
63570  -26.541  -27.250  54.972 0.0000000000
54150  -11.331  -35.324  57.588 0.0000000000
41832  -5.986  -46.240  60.513 0.0000000000
44123  -5.807  -44.474  60.549 0.0000000000
154406  -36.282  -15.323  53.515 0.0000000000
69690  -26.167  -22.607  54.635 0.0000000000
70988  -26.605  -22.477  54.699 0.0000000000
59811  -13.767  -30.223  58.516 0.0000000000
59798  -13.554  -30.085  59.203 0.0000000000
58626  -13.481  -30.780  58.745 0.0000000000
57574  -16.590  -32.726  56.950 0.0000000000
57550  -16.900  -33.094  57.594 0.0000000000
56384  -17.300  -34.134  59.068 0.0000000000
55245  -16.836  -34.348  58.531 0.0000000000
68367  -32.864  -22.957  54.185 0.0000000000
69718  -33.264  -22.451  53.680 0.0000000000
72295  -32.625  -20.996  53.242 0.0000000000
72262  -32.957  -20.476  55.144 0.0000000000
76781  -33.865  -17.431  54.581 0.0000000000
154390  -34.224  -18.504  54.015 0.0000000000
154394  -33.888  -18.694  53.532 0.0000000000
76780  -33.725  -17.299  54.087 0.0000000000
75728  -33.139  -16.986  53.758 0.0000000000
59852  -20.121  -30.538  54.856 0.0000000000
61107  -20.455  -29.752  54.578 0.0000000000
62377  -21.844  -29.349  53.758 0.0000000000
61132  -22.214  -29.729  53.585 0.0000000000
63593  -22.780  -28.440  53.790 0.0000000000
67090  -23.086  -24.926  54.881 0.0000000000
65950  -23.151  -25.750  54.579 0.0000000000
64795  -23.729  -26.899  53.284 0.0000000000
64809  -24.046  -26.373  52.745 0.0000000000
67110  -23.277  -25.383  52.990 0.0000000000
69689  -22.288  -22.720  54.001 0.0000000000
69730  -23.034  -22.912  52.825 0.0000000000
69710  -23.638  -22.642  52.742 0.0000000000
71023  -23.187  -21.835  53.246 0.0000000000
73406  -24.578  -18.378  57.730 0.0000000000
73384  -25.025  -18.124  58.742 0.0000000000
72210  -24.077  -19.418  58.352 0.0000000000
72208  -23.157  -19.614  57.211 0.0000000000
72227  -22.720  -20.207  56.679 0.0000000000
73432  -23.352  -19.565  56.075 0.0000000000
73475  -24.296  -19.219  54.194 0.0000000000
73456  -23.216  -19.572  54.822 0.0000000000
73491  -23.908  -20.398  53.486 0.0000000000
73492  -24.475  -20.080  53.514 0.0000000000
73493  -25.341  -19.531  53.449 0.0000000000
74619  -26.470  -18.763  53.397 0.0000000000
73494  -26.371  -19.566  53.099 0.0000000000
72279  -28.153  -20.429  53.096 0.0000000000
73458  -28.795  -18.947  55.165 0.0000000000
74599  -28.122  -18.491  54.803 0.0000000000
73477  -28.817  -18.776  54.123 0.0000000000
71029  -29.899  -21.427  52.984 0.0000000000
71043  -29.651  -21.798  52.861 0.0000000000
71028  -29.046  -21.520  52.989 0.0000000000
71042  -29.470  -21.957  52.925 0.0000000000
69693  -30.150  -22.642  53.855 0.0000000000
69715  -30.336  -22.142  53.163 0.0000000000
68383  -31.775  -22.806  53.956 0.0000000000
68384  -32.515  -22.933  53.880 0.0000000000
62349  -19.264  -28.665  55.030 0.0000000000
61105  -18.830  -29.425  55.005 0.0000000000
80189  -38.464  -14.050  47.444 0.0000000000
81346  -38.701  -12.256  45.652 0.0000000000
82491  -37.836  -11.406  44.842 0.0000000000
83704  -38.538  -10.962  44.272 0.0000000000
89636  -36.863  -5.673  43.861 0.0000000000
88522  -36.861  -5.960  43.221 0.0000000000
88550  -37.639  -6.394  41.752 0.0000000000
87470  -37.494  -7.036  42.008 0.0000000000
89678  -38.867  -5.469  40.547 0.0000000000
89668  -38.340  -5.598  41.025 0.0000000000
88552  -39.217  -6.775  40.996 0.0000000000
86294  -40.110  -8.392  41.589 0.0000000000
86276  -42.410  -8.283  42.529 0.0000000000
89682  -43.068  -5.680  40.075 0.0000000000
93011  -44.298  -2.221  36.848 0.0000000000
94108  -44.934  -1.738  36.117 0.0000000000
93018  -45.338  -2.315  36.228 0.0000000000
94117  -45.940  -1.650  35.644 0.0000000000
96427  -45.228  0.518  35.324 0.0000000000
95297  -46.100  -0.821  35.460 0.0000000000
96428  -46.226  0.163  35.299 0.0000000000
50668  -7.364  -39.114  60.006 0.0000000000
48424  -6.710  -40.422  59.989 0.0000000000
48437  -7.433  -40.712  59.375 0.0000000000
47364  -9.750  -41.487  60.127 0.0000000000
46355  -8.550  -42.914  59.906 0.0000000000
46354  -8.024  -42.589  59.417 0.0000000000
45287  -7.852  -43.286  59.650 0.0000000000
45288  -8.316  -43.470  60.022 0.0000000000
44104  -8.355  -44.664  61.715 0.0000000000
71009  -34.329  -21.646  53.547 0.0000000000
69698  -34.929  -21.710  54.520 0.0000000000
71034  -34.550  -21.197  53.131 0.0000000000
72298  -34.571  -20.221  51.936 0.0000000000
72286  -35.215  -20.590  52.840 0.0000000000
73510  -35.322  -19.432  52.105 0.0000000000
76808  -34.565  -17.786  50.884 0.0000000000
74647  -34.763  -18.289  50.976 0.0000000000
74648  -35.096  -18.004  51.133 0.0000000000
154401  -35.517  -17.459  51.840 0.0000000000
76794  -35.300  -17.128  51.423 0.0000000000
77885  -33.883  -15.003  51.447 0.0000000000
80111  -28.352  -13.748  51.968 0.0000000000
79023  -29.063  -15.467  51.363 0.0000000000
80143  -28.887  -13.041  49.914 0.0000000000
80158  -28.669  -13.590  49.261 0.0000000000
79056  -30.380  -15.665  48.756 0.0000000000
79040  -31.227  -15.137  49.920 0.0000000000
80127  -32.282  -14.350  50.333 0.0000000000
79041  -33.007  -14.279  50.202 0.0000000000
79026  -33.620  -14.313  50.814 0.0000000000
79042  -33.278  -14.250  50.410 0.0000000000
79089  -32.348  -15.325  47.486 0.0000000000
77944  -32.625  -15.666  47.407 0.0000000000
77930  -34.796  -15.761  48.239 0.0000000000
77932  -37.491  -15.807  48.443 0.0000000000
79075  -38.146  -15.227  47.908 0.0000000000
79091  -37.011  -15.197  46.948 0.0000000000
80228  -35.922  -13.704  45.383 0.0000000000
79133  -36.854  -14.425  46.071 0.0000000000
81341  -33.458  -12.461  45.062 0.0000000000
81351  -34.034  -12.001  44.584 0.0000000000
82487  -34.229  -11.206  44.265 0.0000000000
58702  -20.853  -31.511  55.090 0.0000000000
58683  -20.535  -31.784  56.126 0.0000000000
57596  -22.386  -32.090  57.128 0.0000000000
58643  -23.204  -31.767  58.058 0.0000000000
57557  -22.970  -31.977  58.535 0.0000000000
58629  -23.529  -31.677  58.779 0.0000000000
61096  -24.781  -29.827  55.972 0.0000000000
59843  -24.677  -30.270  56.492 0.0000000000
65943  -26.639  -25.133  55.395 0.0000000000
53077  -8.553  -36.758  58.724 0.0000000000
55224  -8.754  -34.211  58.944 0.0000000000
55223  -8.374  -34.786  59.569 0.0000000000
54148  -9.443  -35.403  58.343 0.0000000000
51857  -9.995  -37.391  58.224 0.0000000000
49545  -10.598  -39.057  58.467 0.0000000000
49546  -11.178  -38.790  58.578 0.0000000000
56419  -12.736  -33.123  57.406 0.0000000000
55257  -12.293  -33.688  57.448 0.0000000000
53099  -13.778  -36.227  57.643 0.0000000000
40637  -4.485  -47.545  61.121 0.0000000000
42976  -4.369  -45.509  60.811 0.0000000000
68349  -32.287  -23.477  55.836 0.0000000000
62347  -17.684  -28.672  55.480 0.0000000000
62334  -17.117  -28.675  55.862 0.0000000000
61095  -17.447  -29.478  55.707 0.0000000000
72212  -31.003  -19.811  57.376 0.0000000000
86228  -35.229  -8.199  43.893 0.0000000000
87449  -36.452  -7.124  42.869 0.0000000000
92970  -39.607  -2.691  40.108 0.0000000000
92993  -41.883  -1.929  37.965 0.0000000000
77873  -30.592  -15.673  53.640 0.0000000000
77872  -30.109  -15.530  53.509 0.0000000000
82443  -30.276  -11.466  46.987 0.0000000000
81325  -30.495  -12.640  46.552 0.0000000000
82464  -30.969  -11.403  46.330 0.0000000000
67113  -25.718  -25.046  52.720 0.0000000000
64798  -25.965  -26.386  53.376 0.0000000000
65962  -26.132  -25.626  53.328 0.0000000000
64775  -26.738  -26.183  55.096 0.0000000000
95290  -46.959  -0.550  35.843 0.0000000000
94118  -47.864  -1.242  35.443 0.0000000000
42979  -7.464  -45.880  61.196 0.0000000000
43003  -7.270  -45.500  60.432 0.0000000000
42978  -6.907  -46.027  60.628 0.0000000000
41820  -6.581  -46.498  61.203 0.0000000000
75730  -36.168  -16.987  53.147 0.0000000000
70989  -26.983  -22.711  54.906 0.0000000000
70975  -27.879  -22.666  56.424 0.0000000000
62316  -15.545  -28.557  57.200 0.0000000000
62299  -14.899  -28.382  58.131 0.0000000000
61047  -14.372  -28.696  58.947 0.0000000000
59822  -14.196  -29.583  58.422 0.0000000000
58637  -13.796  -31.065  57.872 0.0000000000
56401  -17.926  -33.219  58.647 0.0000000000
56385  -17.803  -33.528  59.484 0.0000000000
71032  -32.848  -21.783  53.133 0.0000000000
71044  -32.408  -21.212  53.398 0.0000000000
62364  -20.862  -29.349  54.554 0.0000000000
62366  -22.321  -28.280  54.405 0.0000000000
65942  -22.942  -25.555  55.656 0.0000000000
67067  -22.177  -24.380  56.431 0.0000000000
67076  -22.501  -24.535  55.367 0.0000000000
67089  -22.743  -24.405  54.452 0.0000000000
67101  -23.261  -24.666  53.620 0.0000000000
68360  -22.284  -23.665  54.530 0.0000000000
71003  -22.439  -22.018  54.518 0.0000000000
73407  -26.120  -18.122  57.890 0.0000000000
73434  -24.392  -18.553  56.894 0.0000000000
73433  -24.258  -18.856  56.157 0.0000000000
74556  -24.792  -17.953  56.439 0.0000000000
74573  -24.654  -18.602  54.923 0.0000000000
74595  -24.808  -18.761  54.202 0.0000000000
74596  -25.436  -18.551  53.939 0.0000000000
74620  -27.366  -18.598  53.634 0.0000000000
81327  -37.994  -13.290  46.194 0.0000000000
80211  -38.374  -13.431  46.834 0.0000000000
89658  -37.494  -5.459  42.202 0.0000000000
88570  -39.477  -6.189  40.526 0.0000000000
87452  -41.424  -8.157  41.771 0.0000000000
87475  -41.824  -7.631  41.233 0.0000000000
94100  -43.347  -1.184  36.746 0.0000000000
94101  -43.862  -1.661  36.733 0.0000000000
94106  -43.788  -0.763  36.290 0.0000000000
94107  -44.382  -1.255  36.180 0.0000000000
94115  -44.885  -0.929  35.550 0.0000000000
95295  -44.681  -0.321  35.558 0.0000000000
50669  -7.829  -38.837  59.399 0.0000000000
49526  -8.179  -39.825  59.372 0.0000000000
77907  -34.011  -16.835  50.917 0.0000000000
77895  -32.391  -15.479  50.494 0.0000000000
80126  -28.215  -13.677  50.883 0.0000000000
77926  -29.642  -15.488  48.281 0.0000000000
77918  -29.665  -15.573  48.296 0.0000000000
80160  -31.287  -14.819  49.228 0.0000000000
80161  -32.182  -14.165  49.443 0.0000000000
80176  -32.709  -14.211  48.799 0.0000000000
77962  -33.360  -15.827  46.790 0.0000000000
77947  -35.286  -15.958  47.515 0.0000000000
77965  -36.366  -15.505  46.654 0.0000000000
79113  -36.603  -14.868  46.374 0.0000000000
83699  -33.764  -10.088  44.699 0.0000000000
84931  -33.796  -9.523  44.859 0.0000000000
84932  -34.145  -9.117  44.778 0.0000000000
58724  -22.519  -31.230  54.611 0.0000000000
58703  -22.007  -31.821  55.249 0.0000000000
58704  -22.892  -31.392  55.547 0.0000000000
58686  -23.525  -31.228  56.512 0.0000000000
54149  -10.337  -35.385  57.840 0.0000000000
50671  -11.549  -38.391  58.632 0.0000000000
55259  -14.444  -34.584  57.334 0.0000000000
54152  -14.409  -36.308  57.888 0.0000000000
53083  -14.870  -36.993  58.548 0.0000000000
57511  -18.678  -32.791  60.442 0.0000000000
57512  -19.460  -32.651  60.482 0.0000000000
57531  -19.786  -32.549  59.904 0.0000000000
57532  -20.503  -32.848  59.732 0.0000000000
69692  -29.175  -22.584  54.299 0.0000000000
63532  -16.359  -27.488  57.059 0.0000000000
62333  -16.522  -28.590  56.312 0.0000000000
62317  -16.138  -28.259  56.730 0.0000000000
57575  -17.290  -32.340  57.127 0.0000000000
58657  -17.628  -31.847  56.998 0.0000000000
58638  -17.776  -32.363  57.681 0.0000000000
57552  -18.266  -32.736  58.412 0.0000000000
57530  -18.504  -32.666  59.404 0.0000000000
72260  -31.389  -20.911  54.678 0.0000000000
72243  -32.361  -20.434  55.776 0.0000000000
74558  -27.603  -17.967  56.359 0.0000000000
74576  -27.407  -18.246  55.504 0.0000000000
74559  -28.346  -18.156  56.535 0.0000000000
73435  -29.029  -18.581  56.140 0.0000000000
73459  -29.636  -19.212  55.545 0.0000000000
73479  -30.274  -19.608  54.943 0.0000000000
82489  -36.174  -11.472  43.903 0.0000000000
82490  -36.990  -11.357  44.303 0.0000000000
83702  -36.552  -10.730  43.722 0.0000000000
84955  -36.512  -9.173  43.383 0.0000000000
91845  -38.787  -3.702  41.312 0.0000000000
90757  -39.107  -4.723  40.379 0.0000000000
91870  -39.583  -3.668  40.088 0.0000000000
91869  -39.395  -4.257  40.301 0.0000000000
89680  -40.215  -5.425  39.876 0.0000000000
88582  -40.877  -5.897  39.695 0.0000000000
88573  -42.772  -6.516  40.313 0.0000000000
89692  -42.408  -5.154  39.398 0.0000000000
92995  -43.552  -2.557  37.563 0.0000000000
94087  -42.068  -1.707  37.739 0.0000000000
93009  -42.905  -1.671  37.251 0.0000000000
95282  -42.854  -0.408  36.988 0.0000000000
49544  -9.698  -39.126  58.646 0.0000000000
49527  -9.144  -39.670  59.199 0.0000000000
75755  -32.548  -17.467  52.347 0.0000000000
76778  -30.931  -16.938  52.857 0.0000000000
81286  -28.994  -12.619  48.771 0.0000000000
82421  -29.428  -11.681  48.469 0.0000000000
79086  -29.915  -14.005  47.318 0.0000000000
79108  -31.269  -14.226  46.518 0.0000000000
80208  -30.996  -13.507  46.182 0.0000000000
79128  -32.650  -14.249  45.506 0.0000000000
79129  -33.317  -14.510  45.450 0.0000000000
82476  -32.764  -11.331  45.357 0.0000000000
83690  -32.900  -10.284  45.875 0.0000000000
83680  -33.498  -9.431  46.527 0.0000000000
61135  -24.452  -28.875  53.679 0.0000000000
59870  -24.424  -29.912  54.970 0.0000000000
61123  -25.075  -28.784  54.177 0.0000000000
61109  -25.576  -29.049  55.113 0.0000000000
62355  -26.108  -28.180  54.873 0.0000000000
61110  -26.269  -28.624  55.445 0.0000000000
55225  -9.601  -33.893  58.695 0.0000000000
56383  -10.018  -33.249  59.089 0.0000000000
54139  -16.391  -35.421  59.773 0.0000000000
46342  -6.409  -42.520  59.873 0.0000000000
47349  -5.841  -41.644  60.969 0.0000000000
45262  -5.274  -43.202  61.367 0.0000000000
44102  -5.376  -43.824  61.015 0.0000000000
45261  -4.720  -43.304  61.762 0.0000000000
44101  -4.629  -44.125  61.447 0.0000000000
89618  -37.431  -5.487  44.619 0.0000000000
89638  -38.411  -4.680  43.864 0.0000000000
90717  -38.554  -4.365  43.235 0.0000000000
90735  -39.101  -3.715  42.828 0.0000000000
79012  -35.183  -14.667  52.651 0.0000000000
69712  -25.495  -22.485  53.889 0.0000000000
68361  -25.964  -23.289  54.453 0.0000000000
68344  -26.349  -23.177  55.098 0.0000000000
69674  -29.044  -22.581  55.970 0.0000000000
57548  -12.719  -31.817  58.288 0.0000000000
56420  -13.728  -33.373  57.198 0.0000000000
55261  -16.096  -34.333  57.690 0.0000000000
55244  -16.455  -35.013  58.040 0.0000000000
55226  -16.409  -35.476  58.954 0.0000000000
97496  -47.459  1.225  34.986 0.0000000000
72284  -33.064  -20.584  54.125 0.0000000000
74600  -33.827  -19.179  54.253 0.0000000000
75727  -32.568  -16.733  53.534 0.0000000000
76766  -32.336  -16.340  53.864 0.0000000000
75712  -32.822  -16.644  53.987 0.0000000000
61119  -21.086  -29.802  54.310 0.0000000000
59866  -21.424  -30.389  54.190 0.0000000000
59867  -22.141  -30.529  53.976 0.0000000000
59886  -22.748  -30.213  53.601 0.0000000000
61134  -23.750  -29.402  53.700 0.0000000000
63568  -23.114  -27.488  55.805 0.0000000000
62353  -22.950  -28.010  55.284 0.0000000000
63582  -23.068  -27.973  54.692 0.0000000000
63594  -23.338  -27.957  53.624 0.0000000000
62380  -23.848  -28.503  53.354 0.0000000000
62381  -24.558  -28.216  53.384 0.0000000000
64796  -24.503  -26.912  53.009 0.0000000000
64810  -24.751  -26.337  52.667 0.0000000000
67111  -23.866  -25.101  52.730 0.0000000000
67102  -24.226  -24.288  52.858 0.0000000000
67112  -24.856  -24.961  52.475 0.0000000000
68379  -24.535  -23.384  52.873 0.0000000000
69711  -24.791  -22.508  53.049 0.0000000000
70959  -22.521  -20.558  57.700 0.0000000000
70972  -22.144  -21.083  56.598 0.0000000000
72239  -22.419  -20.865  54.861 0.0000000000
72255  -22.780  -20.379  54.415 0.0000000000
72274  -23.365  -20.924  53.604 0.0000000000
72256  -26.149  -21.237  53.694 0.0000000000
72277  -26.196  -20.486  53.330 0.0000000000
72257  -26.698  -21.189  53.775 0.0000000000
72258  -27.045  -21.174  53.809 0.0000000000
71026  -27.280  -21.269  53.727 0.0000000000
69691  -28.454  -22.167  53.915 0.0000000000
74621  -28.087  -18.409  53.915 0.0000000000
68364  -30.019  -23.005  54.594 0.0000000000
69694  -30.800  -22.366  53.957 0.0000000000
63566  -18.730  -27.917  55.453 0.0000000000
59850  -18.578  -30.047  55.380 0.0000000000
81304  -38.957  -13.335  47.223 0.0000000000
82479  -39.079  -11.834  45.408 0.0000000000
88521  -36.287  -6.411  43.619 0.0000000000
87450  -37.185  -7.388  42.461 0.0000000000
86271  -37.786  -7.945  42.302 0.0000000000
86273  -39.511  -8.808  41.963 0.0000000000
90746  -38.048  -5.158  41.304 0.0000000000
88551  -38.323  -6.506  41.179 0.0000000000
87472  -38.859  -7.362  41.334 0.0000000000
86293  -39.202  -8.099  41.540 0.0000000000
86250  -40.985  -8.863  42.987 0.0000000000
94109  -46.546  -1.206  35.720 0.0000000000
96420  -46.743  -0.242  35.577 0.0000000000
97495  -46.792  1.131  35.125 0.0000000000
98542  -45.920  2.734  34.998 0.0000000000
48423  -6.397  -40.868  59.947 0.0000000000
47363  -8.941  -41.869  59.854 0.0000000000
47361  -6.970  -41.659  59.576 0.0000000000
45286  -7.515  -43.001  59.531 0.0000000000
44125  -8.083  -44.862  60.714 0.0000000000
44103  -7.973  -45.272  61.580 0.0000000000
72263  -35.574  -20.757  53.707 0.0000000000
73501  -35.872  -19.471  53.669 0.0000000000
73520  -33.781  -19.078  51.525 0.0000000000
74623  -35.729  -18.847  52.914 0.0000000000
74636  -35.956  -18.052  52.944 0.0000000000
154402  -35.614  -16.373  52.350 0.0000000000
154405  -35.249  -15.288  52.289 0.0000000000
80102  -28.432  -13.549  53.103 0.0000000000
80112  -28.651  -14.306  52.625 0.0000000000
77904  -30.268  -16.413  50.232 0.0000000000
80142  -28.647  -13.456  50.154 0.0000000000
79037  -28.692  -14.404  49.958 0.0000000000
79054  -28.657  -14.266  49.379 0.0000000000
77894  -31.840  -15.441  50.426 0.0000000000
79010  -33.956  -14.499  51.746 0.0000000000
79011  -34.847  -14.426  52.426 0.0000000000
80146  -33.640  -13.937  50.376 0.0000000000
79090  -32.650  -15.425  47.966 0.0000000000
79071  -33.212  -15.075  48.236 0.0000000000
77945  -33.003  -15.801  47.699 0.0000000000
77929  -33.750  -15.622  48.057 0.0000000000
79093  -38.397  -14.732  47.631 0.0000000000
80188  -37.996  -14.184  47.194 0.0000000000
79114  -37.239  -14.511  46.484 0.0000000000
81353  -35.813  -12.221  44.276 0.0000000000
87417  -35.184  -7.301  44.575 0.0000000000
57594  -21.100  -32.513  56.798 0.0000000000
57595  -21.983  -32.392  56.897 0.0000000000
57577  -21.749  -32.694  57.616 0.0000000000
57556  -22.504  -32.559  58.390 0.0000000000
59854  -23.925  -30.418  55.665 0.0000000000
59842  -23.952  -30.742  56.235 0.0000000000
58663  -24.211  -31.164  57.480 0.0000000000
58664  -25.057  -31.165  57.756 0.0000000000
58645  -24.727  -31.460  58.296 0.0000000000
58644  -23.860  -31.392  58.189 0.0000000000
57536  -23.914  -31.850  59.406 0.0000000000
67092  -26.165  -24.258  54.704 0.0000000000
51841  -7.630  -37.548  59.760 0.0000000000
51856  -9.031  -37.481  58.462 0.0000000000
56398  -12.256  -32.769  57.763 0.0000000000
54166  -12.961  -35.092  57.375 0.0000000000
54151  -12.286  -35.248  57.462 0.0000000000
54137  -15.418  -36.710  59.482 0.0000000000
53065  -13.978  -37.281  59.232 0.0000000000
51844  -13.536  -37.525  59.266 0.0000000000
40639  -6.009  -47.342  61.624 0.0000000000
41819  -5.445  -46.621  61.018 0.0000000000
39459  -5.116  -48.225  61.564 0.0000000000
40638  -5.165  -47.462  61.366 0.0000000000
42977  -4.803  -46.139  60.896 0.0000000000
44085  -3.995  -43.891  61.959 0.0000000000
42975  -3.926  -45.483  60.627 0.0000000000
41833  -6.484  -46.172  60.562 0.0000000000
47351  -6.424  -40.847  60.235 0.0000000000
56386  -18.254  -33.143  59.249 0.0000000000
56418  -12.238  -33.140  57.576 0.0000000000
58616  -19.330  -32.270  59.945 0.0000000000
58624  -11.867  -31.511  59.219 0.0000000000
58625  -12.027  -31.470  59.382 0.0000000000
58630  -24.247  -31.414  58.983 0.0000000000
58642  -22.818  -32.194  57.978 0.0000000000
58661  -22.743  -31.920  57.455 0.0000000000
58687  -24.228  -30.869  56.794 0.0000000000
58726  -23.596  -30.607  55.237 0.0000000000
59855  -24.365  -30.015  55.545 0.0000000000
59888  -23.747  -29.903  54.045 0.0000000000
61122  -24.551  -29.549  54.410 0.0000000000
61133  -22.902  -29.536  53.404 0.0000000000
62332  -16.013  -28.815  56.648 0.0000000000
62354  -25.595  -28.476  54.442 0.0000000000
62367  -22.744  -28.086  54.990 0.0000000000
62378  -22.312  -28.967  53.655 0.0000000000
63564  -17.385  -28.207  55.655 0.0000000000
63596  -24.886  -27.501  53.273 0.0000000000
64784  -25.750  -26.868  53.704 0.0000000000
64797  -25.369  -26.693  53.054 0.0000000000
64808  -23.496  -26.313  52.917 0.0000000000
65930  -22.477  -25.108  56.120 0.0000000000
65941  -22.668  -25.064  55.611 0.0000000000
65969  -23.545  -25.830  52.706 0.0000000000
65971  -25.348  -25.794  52.533 0.0000000000
65972  -25.917  -25.628  52.738 0.0000000000
67091  -25.988  -23.737  54.735 0.0000000000
67100  -22.756  -24.036  53.998 0.0000000000
68345  -26.493  -23.615  55.534 0.0000000000
68362  -26.020  -23.746  54.495 0.0000000000
68363  -29.608  -22.900  54.838 0.0000000000
68382  -31.244  -22.509  54.082 0.0000000000
68395  -22.756  -23.066  52.984 0.0000000000
68396  -23.007  -23.216  52.936 0.0000000000
69653  -21.707  -22.137  55.793 0.0000000000
69671  -21.825  -22.186  55.567 0.0000000000
69675  -29.433  -22.734  55.427 0.0000000000
69709  -22.742  -22.611  53.142 0.0000000000
69714  -29.485  -22.274  53.223 0.0000000000
69731  -23.271  -23.081  52.763 0.0000000000
69732  -29.764  -22.089  52.879 0.0000000000
70970  -21.666  -21.895  55.812 0.0000000000
70971  -21.658  -21.535  56.080 0.0000000000
70985  -21.740  -21.951  55.586 0.0000000000
70987  -21.855  -20.994  55.865 0.0000000000
70992  -28.958  -22.478  55.628 0.0000000000
72209  -23.666  -19.553  57.938 0.0000000000
72244  -32.813  -20.313  55.584 0.0000000000
72254  -22.575  -21.248  54.254 0.0000000000
72273  -22.889  -21.442  53.664 0.0000000000
72275  -24.426  -20.898  53.196 0.0000000000
73404  -23.642  -19.237  56.705 0.0000000000
74555  -24.733  -18.289  55.691 0.0000000000
74660  -34.830  -18.033  50.921 0.0000000000
75665  -25.428  -17.539  56.917 0.0000000000
75666  -25.626  -17.541  56.769 0.0000000000
75673  -25.339  -17.573  56.616 0.0000000000
76816  -29.546  -15.696  48.189 0.0000000000
76817  -29.779  -15.925  48.150 0.0000000000
76825  -29.702  -15.788  48.040 0.0000000000
76826  -29.704  -15.657  48.252 0.0000000000
77917  -29.529  -15.429  48.411 0.0000000000
77961  -32.657  -15.649  47.145 0.0000000000
78996  -29.886  -15.085  53.813 0.0000000000
80128  -32.633  -14.289  50.282 0.0000000000
80159  -30.901  -15.048  48.788 0.0000000000
81255  -28.647  -12.387  51.196 0.0000000000
82478  -38.393  -11.812  45.341 0.0000000000
86292  -38.646  -7.770  41.603 0.0000000000
86295  -40.725  -8.448  41.796 0.0000000000
88581  -40.531  -5.747  39.792 0.0000000000
90759  -40.295  -5.021  39.672 0.0000000000
93029  -45.576  -1.895  35.809 0.0000000000
93030  -45.789  -2.082  35.796 0.0000000000
94098  -41.918  -0.877  37.631 0.0000000000
95289  -46.638  -0.629  35.642 0.0000000000
154395  -34.230  -17.912  54.054 0.0000000000
154404  -35.812  -15.615  52.789 0.0000000000
