#!ascii label  , from subject 3174 vox2ras=TkReg
2069
14280  -39.669  -70.407  -11.446 0.1000000015
15393  -39.638  -70.032  -12.090 0.1000000015
14296  -37.948  -71.292  -12.616 0.1000000015
15426  -38.358  -69.887  -13.107 0.1000000015
16545  -39.100  -69.082  -12.721 0.1000000015
16588  -37.757  -68.816  -14.761 0.1000000015
16544  -38.169  -69.053  -12.918 0.1000000015
16543  -37.122  -69.341  -12.699 0.1000000015
16567  -37.553  -68.764  -13.853 0.1000000015
16566  -36.512  -69.135  -13.421 0.1000000015
16516  -36.526  -69.849  -11.809 0.1000000015
16542  -36.199  -69.705  -12.518 0.1000000015
15423  -35.777  -69.677  -12.983 0.1000000015
15390  -35.054  -70.428  -11.484 0.1000000015
15341  -33.638  -70.305  -9.669 0.1000000015
15422  -35.218  -70.053  -12.991 0.1000000015
15389  -34.105  -70.227  -11.419 0.1000000015
15409  -34.563  -70.114  -12.301 0.1000000015
16495  -41.289  -68.939  -10.227 0.1000000015
15394  -40.071  -70.013  -11.595 0.1000000015
16520  -40.627  -69.212  -11.385 0.1000000015
15412  -39.726  -69.486  -12.227 0.1000000015
17640  -39.872  -68.687  -10.861 0.1000000015
17682  -39.766  -68.732  -12.290 0.1000000015
17639  -39.123  -68.650  -11.345 0.1000000015
16492  -38.392  -69.201  -10.862 0.1000000015
16517  -37.531  -69.528  -11.560 0.1000000015
15391  -35.921  -70.344  -11.204 0.1000000015
20047  -35.059  -66.444  -9.955 0.1000000015
21138  -32.586  -66.640  -7.833 0.1000000015
18827  -32.352  -67.569  -6.982 0.1000000015
18800  -32.215  -68.111  -6.680 0.1000000015
15294  -32.504  -70.092  -7.681 0.1000000015
15317  -33.961  -70.614  -8.607 0.1000000015
15342  -34.628  -70.468  -9.574 0.1000000015
15367  -34.331  -70.369  -10.559 0.1000000015
16441  -42.010  -68.953  -8.882 0.1000000015
17595  -40.898  -68.541  -8.943 0.2000000030
17596  -41.974  -68.146  -8.603 0.2000000030
16468  -41.505  -69.007  -9.646 0.1000000015
17571  -39.987  -68.838  -7.937 0.1000000015
17594  -40.113  -68.856  -9.084 0.1000000015
17619  -41.289  -68.772  -9.709 0.1000000015
16416  -39.663  -69.087  -8.538 0.1000000015
17618  -40.578  -68.678  -9.961 0.1000000015
25719  -40.966  -61.051  -8.546 0.1000000015
25742  -41.116  -61.894  -8.843 0.1000000015
16438  -38.681  -69.372  -9.033 0.1000000015
16465  -38.623  -69.410  -9.924 0.1000000015
24589  -40.618  -62.441  -9.370 0.1000000015
24614  -39.514  -62.831  -9.817 0.1000000015
22323  -37.061  -64.388  -9.663 0.1000000015
22309  -36.401  -64.303  -9.165 0.1000000015
20021  -36.150  -65.656  -8.919 0.1000000015
16437  -38.165  -69.666  -9.157 0.1000000015
15345  -37.233  -70.103  -9.701 0.1000000015
15392  -36.620  -70.097  -11.091 0.1000000015
23455  -38.617  -63.484  -10.241 0.1000000015
22324  -37.794  -64.349  -10.154 0.1000000015
21159  -36.499  -65.076  -9.282 0.1000000015
20019  -34.636  -66.627  -8.333 0.1000000015
20004  -34.410  -66.673  -7.594 0.1000000015
18773  -33.573  -68.024  -5.831 0.1000000015
17529  -33.502  -68.495  -5.762 0.1000000015
15344  -36.466  -70.431  -9.606 0.1000000015
15369  -36.143  -70.415  -10.400 0.1000000015
21181  -37.116  -65.276  -9.935 0.1000000015
20033  -34.864  -66.533  -9.134 0.1000000015
20018  -33.768  -66.845  -8.172 0.1000000015
18801  -33.221  -67.920  -6.325 0.1000000015
15277  -34.072  -70.216  -6.974 0.1000000015
20017  -33.001  -66.881  -8.017 0.1000000015
18828  -33.069  -67.404  -7.009 0.1000000015
16374  -32.830  -69.131  -6.051 0.1000000015
15295  -33.418  -70.280  -7.439 0.1000000015
15318  -35.011  -70.583  -8.653 0.1000000015
15368  -35.270  -70.485  -10.459 0.1000000015
17572  -41.134  -68.242  -7.891 0.1000000015
17573  -41.907  -67.770  -7.764 0.2000000030
17597  -42.691  -68.173  -8.314 0.1000000015
17556  -43.158  -68.224  -7.261 0.2000000030
16399  -42.908  -68.742  -7.289 0.2000000030
17553  -40.366  -68.568  -6.713 0.1000000015
27855  -43.079  -59.741  -7.021 0.1000000015
26836  -42.726  -60.758  -7.675 0.1000000015
16415  -39.009  -69.430  -8.021 0.1000000015
16414  -37.859  -69.803  -8.101 0.1000000015
24588  -39.489  -61.928  -9.477 0.1000000015
23454  -37.661  -63.480  -9.869 0.1000000015
23453  -36.873  -63.527  -9.481 0.1000000015
15321  -37.620  -70.113  -8.977 0.1000000015
22308  -35.931  -64.133  -8.696 0.1000000015
21158  -36.090  -65.058  -8.445 0.1000000015
19980  -34.394  -66.600  -6.686 0.1000000015
18774  -34.060  -67.671  -5.531 0.1000000015
16377  -35.007  -69.286  -5.730 0.1000000015
15297  -35.470  -70.499  -7.816 0.1000000015
15320  -36.896  -70.515  -8.838 0.1000000015
15296  -34.476  -70.526  -7.718 0.1000000015
15343  -35.580  -70.546  -9.559 0.1000000015
19961  -40.854  -66.375  -5.436 0.1000000015
19962  -41.829  -66.395  -5.872 0.1000000015
18779  -40.616  -67.208  -5.704 0.1000000015
18780  -41.343  -66.976  -5.869 0.1000000015
18804  -41.917  -67.226  -6.595 0.1000000015
19982  -42.468  -66.783  -6.399 0.2000000030
19983  -43.017  -66.810  -6.510 0.2000000030
17555  -41.911  -67.591  -7.181 0.2000000030
18806  -43.176  -67.382  -6.848 0.2000000030
17538  -43.464  -67.792  -6.441 0.2000000030
18778  -39.629  -67.350  -5.539 0.1000000015
17534  -39.476  -68.271  -5.829 0.1000000015
17551  -38.097  -68.967  -6.396 0.1000000015
27881  -41.559  -59.879  -7.721 0.1000000015
26833  -39.948  -60.204  -8.125 0.1000000015
26854  -38.536  -60.681  -8.674 0.1000000015
17552  -39.175  -68.836  -6.681 0.1000000015
16396  -37.991  -69.407  -7.112 0.1000000015
27833  -44.265  -59.406  -5.806 0.1000000015
28926  -43.628  -59.200  -6.447 0.1000000015
25741  -40.377  -61.337  -8.720 0.1000000015
25740  -39.116  -61.290  -9.010 0.1000000015
24611  -36.696  -62.759  -9.248 0.1000000015
23439  -35.660  -63.410  -8.542 0.1000000015
21140  -35.266  -65.445  -7.459 0.1000000015
18748  -34.765  -67.066  -4.757 0.1000000015
17531  -35.585  -68.635  -5.216 0.1000000015
16378  -36.022  -69.365  -5.786 0.1000000015
16395  -36.852  -69.742  -6.814 0.1000000015
28902  -45.041  -58.966  -5.649 0.1000000015
19957  -34.573  -66.455  -5.537 0.1000000015
15298  -36.493  -70.347  -7.859 0.1000000015
28903  -45.608  -58.162  -5.692 0.1000000015
30008  -46.298  -57.074  -5.508 0.1000000015
28954  -46.256  -57.557  -6.227 0.1000000015
32279  -46.940  -55.756  -6.023 0.1000000015
21103  -38.906  -65.503  -4.891 0.1000000015
19960  -39.821  -66.417  -5.347 0.1000000015
22234  -38.204  -64.959  -4.551 0.1000000015
21082  -37.868  -65.556  -4.570 0.1000000015
21105  -41.192  -65.548  -5.337 0.1000000015
19963  -42.698  -66.266  -6.002 0.2000000030
19959  -38.963  -66.691  -5.112 0.1000000015
19964  -43.523  -66.585  -5.903 0.2000000030
22232  -36.513  -64.771  -4.635 0.1000000015
19936  -38.255  -66.383  -4.767 0.1000000015
31145  -44.600  -56.649  -4.547 0.1000000015
30006  -43.648  -57.823  -5.460 0.1000000015
28900  -43.222  -58.241  -6.167 0.1000000015
28924  -41.770  -58.625  -6.728 0.1000000015
28951  -41.188  -59.067  -7.338 0.1000000015
27880  -40.552  -59.674  -7.757 0.1000000015
27879  -39.589  -59.480  -7.783 0.1000000015
22255  -36.069  -64.426  -4.868 0.1000000015
21080  -36.113  -65.569  -4.494 0.1000000015
18751  -37.918  -67.175  -4.745 0.1000000015
17533  -38.347  -68.426  -5.729 0.1000000015
28925  -42.721  -58.830  -6.728 0.1000000015
25738  -36.914  -61.399  -9.029 0.1000000015
25737  -36.083  -61.703  -8.621 0.1000000015
23429  -35.151  -63.342  -7.927 0.1000000015
18749  -35.712  -67.180  -4.517 0.1000000015
18750  -36.902  -67.479  -4.770 0.1000000015
32263  -45.063  -55.837  -4.757 0.1000000015
25755  -37.207  -62.101  -9.298 0.1000000015
24586  -36.102  -62.660  -8.815 0.1000000015
19932  -34.878  -66.405  -4.892 0.1000000015
19958  -35.072  -65.991  -5.092 0.1000000015
17513  -36.028  -68.015  -4.746 0.1000000015
17532  -37.002  -68.582  -5.581 0.1000000015
28883  -45.012  -57.932  -5.374 0.1000000015
31146  -45.506  -56.540  -4.909 0.1000000015
29986  -45.847  -57.070  -5.186 0.1000000015
32265  -46.729  -55.664  -5.688 0.1000000015
32290  -47.280  -55.094  -6.377 0.1000000015
32300  -47.091  -55.246  -6.697 0.1000000015
21104  -40.128  -65.457  -5.224 0.1000000015
23387  -36.738  -64.114  -4.649 0.1000000015
23402  -37.208  -63.567  -4.627 0.1000000015
22258  -39.530  -64.395  -4.856 0.1000000015
21106  -42.150  -65.589  -5.502 0.1000000015
23386  -36.363  -64.218  -4.769 0.1000000015
23401  -36.121  -63.643  -4.918 0.1000000015
22259  -40.592  -64.665  -5.057 0.1000000015
24541  -34.495  -62.226  -6.233 0.1000000015
23400  -35.244  -63.440  -5.515 0.1000000015
21107  -43.068  -65.660  -5.465 0.2000000030
29983  -43.235  -57.063  -5.032 0.1000000015
28950  -40.225  -58.847  -7.424 0.1000000015
23417  -34.612  -63.001  -6.653 0.1000000015
21079  -35.694  -65.563  -4.667 0.1000000015
22238  -42.961  -64.431  -4.532 0.1000000015
22262  -43.323  -65.077  -4.907 0.2000000030
30005  -42.482  -57.283  -5.528 0.1000000015
26832  -39.035  -60.062  -8.200 0.1000000015
26852  -36.432  -60.661  -8.455 0.1000000015
24563  -35.022  -62.376  -7.691 0.1000000015
23428  -34.745  -63.213  -7.253 0.1000000015
21101  -35.054  -65.375  -5.499 0.1000000015
33374  -45.282  -54.517  -5.448 0.1000000015
32264  -45.945  -55.807  -5.217 0.1000000015
33375  -46.226  -54.608  -5.718 0.1000000015
34570  -46.754  -53.367  -6.541 0.1000000015
34553  -47.328  -54.287  -6.268 0.1000000015
34571  -47.689  -53.535  -6.780 0.1000000015
33387  -47.542  -54.323  -6.684 0.1000000015
25681  -34.778  -61.644  -5.519 0.1000000015
24526  -35.444  -62.401  -5.054 0.1000000015
24527  -36.494  -62.811  -4.622 0.1000000015
24528  -37.556  -62.957  -4.569 0.1000000015
24525  -34.867  -62.585  -5.670 0.1000000015
23404  -38.874  -63.437  -4.686 0.1000000015
22260  -41.572  -64.780  -5.109 0.1000000015
25718  -34.902  -61.363  -7.412 0.1000000015
25695  -34.752  -61.230  -6.216 0.1000000015
22235  -40.204  -63.971  -4.729 0.1000000015
31144  -43.525  -56.593  -4.436 0.1000000015
29982  -42.770  -56.883  -5.135 0.1000000015
31165  -42.294  -56.819  -5.111 0.1000000015
30024  -41.545  -57.849  -6.238 0.1000000015
28922  -39.912  -58.057  -7.025 0.1000000015
27878  -38.602  -59.366  -7.852 0.1000000015
27900  -37.033  -59.973  -8.285 0.1000000015
26831  -36.232  -60.227  -8.017 0.1000000015
25717  -34.619  -61.606  -6.733 0.1000000015
22236  -41.024  -63.973  -4.685 0.1000000015
22261  -42.517  -64.934  -5.053 0.1000000015
32262  -43.957  -55.849  -4.396 0.1000000015
26853  -37.484  -60.665  -8.712 0.1000000015
24562  -34.563  -62.289  -7.021 0.1000000015
23392  -43.240  -64.121  -4.115 0.1000000015
33373  -44.236  -54.482  -5.331 0.1000000015
34550  -44.915  -54.041  -6.043 0.1000000015
34551  -45.977  -54.020  -6.094 0.1000000015
35770  -46.345  -52.983  -7.148 0.1000000015
35802  -46.670  -51.726  -8.279 0.1000000015
35771  -47.399  -52.701  -7.283 0.1000000015
36969  -47.987  -51.396  -8.662 0.1000000015
26800  -34.884  -61.061  -5.107 0.1000000015
26785  -34.884  -61.190  -4.770 0.1000000015
24509  -35.812  -62.301  -4.478 0.1000000015
26799  -34.776  -60.472  -5.627 0.1000000015
24510  -36.309  -62.474  -4.279 0.1000000015
26812  -34.948  -60.403  -6.472 0.1000000015
27832  -35.234  -58.881  -6.194 0.1000000015
24511  -36.960  -62.571  -4.204 0.1000000015
27875  -35.668  -60.000  -7.357 0.1000000015
27852  -35.446  -59.413  -6.769 0.1000000015
24530  -38.826  -63.012  -4.596 0.1000000015
33356  -43.579  -55.075  -4.697 0.1000000015
28923  -40.844  -58.393  -6.777 0.1000000015
27877  -37.549  -59.380  -7.819 0.1000000015
27876  -36.370  -59.627  -7.595 0.1000000015
27853  -36.126  -59.046  -7.080 0.1000000015
24513  -39.183  -62.798  -4.336 0.1000000015
22237  -42.017  -64.159  -4.577 0.1000000015
32247  -43.200  -56.092  -3.975 0.1000000015
31143  -42.523  -56.664  -4.670 0.1000000015
30004  -41.271  -57.221  -5.589 0.1000000015
30023  -40.574  -57.658  -6.280 0.1000000015
28949  -39.229  -58.696  -7.481 0.1000000015
23390  -41.469  -63.174  -3.962 0.1000000015
34549  -43.877  -53.848  -5.890 0.1000000015
34583  -44.987  -53.333  -7.024 0.1000000015
34568  -44.552  -53.581  -6.578 0.1000000015
35800  -44.727  -52.195  -8.346 0.1000000015
35785  -45.410  -52.801  -7.457 0.1000000015
35801  -45.841  -51.966  -8.273 0.1000000015
36968  -47.263  -51.459  -8.732 0.1000000015
36967  -46.257  -51.411  -9.007 0.1000000015
28899  -36.111  -57.761  -5.899 0.1000000015
28898  -35.397  -58.294  -5.571 0.1000000015
28897  -34.840  -58.983  -5.331 0.1000000015
25667  -35.206  -61.521  -4.401 0.1000000015
30020  -37.464  -57.563  -6.149 0.1000000015
25668  -35.876  -62.111  -4.066 0.1000000015
30003  -40.273  -57.043  -5.610 0.1000000015
30021  -38.519  -57.511  -6.270 0.1000000015
28920  -37.732  -58.126  -6.824 0.1000000015
28918  -35.516  -58.643  -6.378 0.1000000015
25669  -36.430  -62.349  -4.020 0.1000000015
33372  -43.153  -54.445  -5.335 0.1000000015
33355  -42.429  -54.963  -4.522 0.1000000015
31164  -41.834  -56.759  -5.023 0.1000000015
28921  -38.851  -58.033  -6.964 0.1000000015
24490  -38.397  -62.509  -3.400 0.1000000015
34548  -42.823  -53.790  -6.054 0.1000000015
23389  -40.320  -63.290  -4.407 0.1000000015
23375  -41.893  -62.948  -3.456 0.1000000015
34567  -43.594  -53.500  -6.678 0.1000000015
35784  -44.164  -52.666  -7.691 0.1000000015
35799  -43.709  -52.145  -8.219 0.1000000015
36965  -44.077  -51.409  -8.760 0.1000000015
36966  -45.173  -51.385  -8.927 0.1000000015
38150  -44.555  -50.505  -9.317 0.1000000015
39330  -45.139  -49.500  -9.579 0.1000000015
38152  -46.812  -50.576  -9.537 0.1000000015
27812  -34.702  -59.611  -5.029 0.1000000015
26784  -34.687  -60.601  -4.612 0.1000000015
25666  -34.734  -60.989  -4.138 0.1000000015
25646  -34.833  -61.232  -3.793 0.1000000015
33343  -41.657  -55.244  -4.009 0.1000000015
31142  -41.521  -56.654  -4.144 0.1000000015
31162  -39.941  -56.633  -4.784 0.1000000015
30001  -38.251  -57.010  -5.564 0.1000000015
34566  -42.531  -53.229  -7.008 0.1000000015
33371  -42.057  -54.298  -5.476 0.1000000015
32246  -42.570  -56.009  -3.643 0.1000000015
31123  -42.057  -56.371  -3.738 0.1000000015
24512  -37.955  -62.712  -4.166 0.1000000015
34580  -42.961  -52.839  -7.467 0.1000000015
35798  -43.112  -52.188  -8.056 0.1000000015
36964  -42.943  -51.520  -8.395 0.1000000015
38149  -43.489  -50.500  -9.009 0.1000000015
39328  -43.120  -49.505  -8.829 0.1000000015
39329  -44.058  -49.496  -9.331 0.1000000015
40509  -43.765  -48.545  -8.929 0.1000000015
40510  -44.713  -48.472  -9.345 0.1000000015
31159  -37.171  -56.664  -4.780 0.1000000015
29998  -35.577  -57.531  -4.728 0.1000000015
28881  -34.732  -58.766  -4.723 0.1000000015
27796  -34.312  -59.468  -3.999 0.1000000015
28869  -34.574  -58.342  -3.773 0.1000000015
31160  -38.004  -56.652  -4.806 0.1000000015
30002  -39.256  -56.968  -5.613 0.1000000015
35768  -41.892  -52.641  -7.207 0.1000000015
34565  -41.489  -53.010  -6.711 0.1000000015
36953  -42.132  -51.719  -8.028 0.1000000015
38148  -42.567  -50.443  -8.556 0.1000000015
41674  -44.475  -47.379  -7.685 0.1000000015
29999  -36.308  -57.234  -5.166 0.1000000015
28882  -35.101  -58.007  -4.432 0.1000000015
31161  -38.948  -56.713  -4.787 0.1000000015
33370  -41.262  -53.868  -5.564 0.1000000015
33354  -41.090  -54.502  -4.818 0.1000000015
32245  -41.645  -55.854  -3.309 0.1000000015
31122  -41.054  -56.468  -3.309 0.1000000015
31140  -39.556  -56.749  -3.891 0.1000000015
35781  -41.716  -52.093  -7.553 0.1000000015
36963  -42.141  -51.128  -8.293 0.1000000015
40508  -42.975  -48.595  -8.413 0.1000000015
41685  -43.699  -47.852  -8.207 0.1000000015
42772  -44.630  -46.878  -6.078 0.1000000015
31138  -37.696  -56.631  -4.038 0.1000000015
31104  -40.535  -56.450  -2.750 0.1000000015
31121  -40.064  -57.114  -2.931 0.1000000015
31139  -38.607  -56.658  -3.985 0.1000000015
34564  -40.920  -52.792  -6.696 0.1000000015
34533  -40.709  -53.810  -5.402 0.1000000015
33342  -40.843  -55.048  -3.681 0.1000000015
32229  -41.002  -56.069  -2.836 0.1000000015
35767  -41.222  -52.486  -7.085 0.1000000015
41684  -43.041  -47.915  -7.902 0.1000000015
41673  -43.639  -47.449  -7.375 0.1000000015
41645  -44.128  -47.667  -5.783 0.1000000015
41658  -44.496  -47.320  -6.683 0.1000000015
32228  -40.415  -55.765  -2.533 0.1000000015
33353  -40.279  -54.349  -4.282 0.1000000015
33324  -40.434  -55.100  -2.984 0.1000000015
36951  -40.786  -51.305  -7.353 0.1000000015
39326  -41.612  -49.972  -7.813 0.1000000015
40507  -42.396  -48.474  -7.906 0.1000000015
41657  -43.566  -47.617  -6.388 0.1000000015
41644  -43.300  -48.090  -5.392 0.1000000015
35766  -40.441  -52.257  -6.721 0.1000000015
38140  -41.225  -50.495  -7.666 0.1000000015
39313  -41.094  -49.379  -7.528 0.1000000015
39314  -41.833  -48.914  -7.853 0.1000000015
41672  -42.667  -47.645  -7.291 0.1000000015
41656  -42.595  -47.657  -6.312 0.1000000015
41643  -42.364  -47.914  -5.486 0.1000000015
38139  -40.520  -50.464  -7.338 0.1000000015
40495  -41.250  -48.281  -7.128 0.1000000015
41671  -41.920  -47.684  -7.027 0.1000000015
41655  -41.600  -47.640  -6.320 0.1000000015
14297  -38.581  -70.688  -12.473 0.1000000015
14315  -37.837  -70.888  -13.302 0.1000000015
16569  -38.610  -69.183  -13.324 0.1000000015
16568  -38.172  -69.060  -13.954 0.1000000015
16518  -38.689  -68.750  -12.018 0.1000000015
17702  -37.639  -68.615  -14.384 0.1000000015
17663  -40.623  -68.845  -11.364 0.1000000015
17641  -40.985  -68.692  -10.861 0.1000000015
16519  -40.160  -69.250  -11.917 0.1000000015
16493  -39.056  -68.910  -10.625 0.1000000015
16464  -37.961  -69.747  -9.857 0.1000000015
16491  -37.605  -69.736  -10.489 0.1000000015
20032  -33.834  -66.582  -8.965 0.1000000015
18799  -31.833  -68.163  -6.762 0.1000000015
16411  -32.846  -69.842  -7.082 0.1000000015
16390  -31.855  -69.123  -6.770 0.1000000015
18853  -42.663  -67.781  -8.214 0.2000000030
17617  -39.873  -68.757  -9.814 0.1000000015
26834  -40.891  -60.607  -8.201 0.1000000015
24587  -38.754  -61.738  -9.428 0.1000000015
20005  -35.095  -66.357  -7.748 0.1000000015
20034  -35.721  -66.118  -9.377 0.1000000015
19979  -33.639  -67.266  -6.714 0.1000000015
20003  -33.551  -67.058  -7.411 0.1000000015
18802  -34.004  -67.219  -6.150 0.1000000015
16376  -33.973  -69.242  -5.823 0.1000000015
16392  -33.467  -69.811  -6.623 0.1000000015
16393  -34.494  -69.857  -6.347 0.1000000015
15278  -34.987  -70.303  -7.000 0.1000000015
15319  -35.995  -70.608  -8.705 0.1000000015
17554  -41.326  -67.922  -6.756 0.1000000015
18829  -42.331  -67.550  -7.411 0.2000000030
18831  -43.015  -67.741  -7.878 0.2000000030
17535  -40.400  -67.885  -6.050 0.1000000015
16397  -38.681  -69.138  -7.117 0.1000000015
16413  -37.140  -70.128  -7.697 0.1000000015
24612  -37.412  -62.737  -9.555 0.1000000015
22294  -35.407  -64.300  -8.146 0.1000000015
21124  -35.029  -66.012  -6.844 0.1000000015
17511  -34.513  -67.773  -4.913 0.1000000015
16394  -35.543  -69.877  -6.391 0.1000000015
18777  -38.624  -67.549  -5.298 0.1000000015
25739  -38.008  -61.516  -9.234 0.1000000015
17550  -37.455  -69.138  -6.473 0.1000000015
30007  -44.438  -58.189  -5.456 0.1000000015
22293  -34.897  -64.211  -7.445 0.1000000015
21139  -34.821  -64.796  -6.997 0.1000000015
17512  -35.094  -67.893  -4.680 0.1000000015
28928  -45.633  -58.733  -5.951 0.1000000015
22257  -38.431  -64.278  -4.687 0.1000000015
19935  -37.377  -66.421  -4.563 0.1000000015
21108  -43.996  -65.578  -5.158 0.2000000030
23399  -34.720  -63.264  -6.079 0.1000000015
19933  -35.457  -66.197  -4.622 0.1000000015
19934  -36.387  -66.392  -4.432 0.1000000015
18776  -37.672  -67.928  -5.109 0.1000000015
25736  -35.384  -61.558  -8.165 0.1000000015
22280  -34.690  -64.033  -6.656 0.1000000015
22253  -34.882  -64.333  -5.847 0.1000000015
23391  -42.595  -63.738  -4.072 0.1000000015
35772  -47.947  -52.625  -7.493 0.1000000015
26813  -35.231  -60.446  -7.121 0.1000000015
36955  -47.630  -51.868  -7.853 0.1000000015
28947  -37.098  -58.826  -7.274 0.1000000015
28919  -36.348  -58.329  -6.603 0.1000000015
38151  -45.665  -50.566  -9.570 0.1000000015
41687  -45.475  -47.434  -9.064 0.1000000015
31141  -40.558  -56.750  -3.894 0.1000000015
19815  -45.544  -66.707  4.408 0.5000000000
11917  -40.623  -73.447  2.876 0.5000000000
11918  -41.137  -73.556  3.309 0.5000000000
20971  -45.911  -65.709  4.447 0.5000000000
18656  -45.606  -67.615  4.000 0.5000000000
17424  -45.785  -68.374  3.767 0.5000000000
12982  -41.762  -72.605  2.714 0.5000000000
22137  -44.955  -64.028  3.602 0.5000000000
22116  -45.374  -64.745  4.270 0.5000000000
20970  -45.020  -65.635  4.438 0.5000000000
22115  -44.484  -64.710  4.141 0.5000000000
19814  -44.596  -66.540  4.470 0.5000000000
20969  -44.022  -65.615  4.345 0.4000000060
19813  -43.579  -66.557  4.519 0.4000000060
14089  -40.790  -71.515  0.412 0.5000000000
15201  -40.396  -71.094  0.039 0.5000000000
15202  -40.965  -71.333  -0.136 0.5000000000
15215  -41.159  -71.023  -0.572 0.5000000000
16321  -42.153  -69.082  -0.090 0.5000000000
16308  -41.740  -69.729  0.450 0.5000000000
17458  -41.560  -68.816  0.814 0.4000000060
18702  -40.880  -67.933  0.800 0.4000000060
9814  -40.803  -75.621  5.574 0.1000000015
10877  -40.911  -74.234  3.695 0.5000000000
19832  -45.980  -67.205  4.161 0.5000000000
16276  -45.726  -69.079  3.868 0.4000000060
22138  -45.515  -64.117  4.039 0.5000000000
23298  -45.270  -63.381  3.756 0.5000000000
24413  -44.889  -62.494  3.835 0.5000000000
23297  -44.407  -63.147  3.569 0.3000000119
22114  -43.433  -64.714  4.080 0.4000000060
22136  -43.932  -63.863  3.744 0.3000000119
17405  -43.734  -68.410  4.531 0.6999999881
16253  -44.304  -69.069  4.158 0.5000000000
24412  -43.786  -62.310  3.382 0.3000000119
23296  -43.294  -62.934  3.393 0.3000000119
20968  -42.957  -65.631  4.373 0.4000000060
18634  -43.131  -67.528  4.732 0.5000000000
16252  -43.305  -69.334  4.374 0.6000000238
15140  -43.442  -70.551  2.919 0.6000000238
14044  -43.987  -71.499  1.966 0.6000000238
13008  -41.667  -72.147  1.376 0.5000000000
14063  -40.112  -71.754  1.205 0.3000000119
22135  -42.810  -63.854  3.714 0.3000000119
19812  -42.470  -66.591  4.616 0.4000000060
17404  -42.648  -68.527  4.749 0.5000000000
16273  -42.827  -70.038  3.693 0.6000000238
15162  -43.037  -71.017  2.044 0.6000000238
13029  -42.051  -72.083  0.679 0.5000000000
14112  -41.766  -71.479  -0.051 0.5000000000
22113  -42.343  -64.786  4.022 0.4000000060
20967  -41.867  -65.646  4.536 0.4000000060
18633  -41.995  -67.569  4.680 0.5000000000
16251  -42.154  -69.405  4.353 0.5000000000
15161  -41.896  -70.709  1.988 0.5000000000
15183  -42.537  -71.149  1.177 0.5000000000
15216  -41.771  -71.108  -0.156 0.5000000000
22134  -41.710  -63.997  3.613 0.4000000060
22112  -41.291  -64.786  4.181 0.4000000060
19811  -41.295  -66.666  4.812 0.5000000000
16250  -41.058  -69.297  4.189 0.5000000000
16271  -40.732  -69.534  3.339 0.4000000060
15182  -42.078  -70.497  0.913 0.5000000000
20966  -40.774  -65.661  4.574 0.4000000060
19791  -40.677  -67.090  4.996 0.5000000000
17422  -40.214  -68.935  3.847 0.5000000000
16270  -39.931  -69.246  3.153 0.4000000060
16302  -41.337  -69.678  1.588 0.4000000060
19809  -39.283  -66.722  4.558 0.5000000000
17421  -39.404  -68.558  3.562 0.4000000060
17448  -40.248  -68.738  1.900 0.4000000060
17457  -40.808  -68.594  1.226 0.4000000060
18654  -38.833  -68.139  3.573 0.3000000119
17420  -38.862  -68.400  3.184 0.4000000060
17447  -39.233  -68.374  1.963 0.3000000119
18684  -38.763  -67.597  1.426 0.3000000119
18701  -39.752  -67.468  0.750 0.3000000119
8831  -40.823  -76.134  7.459 0.1000000015
9796  -40.755  -76.267  6.426 0.1000000015
9778  -41.188  -75.564  7.495 0.1000000015
9797  -41.012  -75.856  6.559 0.1000000015
11872  -41.366  -74.104  5.887 0.4000000060
10837  -41.114  -74.881  5.105 0.4000000060
10854  -41.059  -74.483  4.270 0.4000000060
11903  -41.481  -73.548  3.934 0.5000000000
11890  -41.555  -73.796  4.763 0.4000000060
11904  -41.883  -73.266  4.270 0.5000000000
12962  -41.669  -73.034  3.457 0.5000000000
20972  -46.464  -65.781  4.717 0.5000000000
19817  -46.651  -66.502  4.815 0.5000000000
19816  -46.324  -66.885  4.427 0.5000000000
17425  -46.406  -68.367  3.961 0.4000000060
12963  -42.454  -72.742  3.758 0.5000000000
23299  -45.657  -63.665  3.965 0.5000000000
22139  -45.744  -64.089  4.250 0.5000000000
22117  -46.170  -64.682  4.565 0.5000000000
24394  -45.335  -62.631  4.592 0.5000000000
24414  -45.693  -63.002  3.998 0.5000000000
14046  -44.860  -71.126  3.049 0.6000000238
25591  -44.770  -62.020  4.026 0.4000000060
25590  -44.146  -61.543  3.751 0.2000000030
25589  -43.001  -60.949  3.497 0.2000000030
23316  -42.724  -62.657  3.321 0.3000000119
23295  -42.155  -62.987  3.264 0.4000000060
25612  -43.327  -61.765  3.383 0.3000000119
23315  -42.461  -62.488  3.263 0.3000000119
25611  -42.454  -61.429  3.193 0.3000000119
24432  -41.994  -62.078  3.111 0.4000000060
24410  -41.324  -62.450  3.143 0.3000000119
23294  -40.940  -63.183  3.492 0.4000000060
20965  -39.700  -65.680  4.628 0.4000000060
23278  -40.270  -63.628  4.035 0.3000000119
22110  -39.075  -64.697  4.798 0.3000000119
19810  -40.288  -66.629  4.878 0.4000000060
20964  -38.607  -65.765  4.675 0.3000000119
18653  -38.224  -67.723  3.367 0.4000000060
18672  -38.266  -67.846  2.363 0.3000000119
23276  -38.562  -63.922  5.098 0.2000000030
22109  -37.941  -64.687  5.033 0.2000000030
19807  -37.192  -66.335  4.052 0.3000000119
18671  -37.704  -67.532  2.776 0.3000000119
23249  -37.727  -63.503  5.431 0.1000000015
22108  -36.963  -64.823  4.900 0.2000000030
19830  -37.486  -67.057  3.345 0.4000000060
28725  -36.659  -58.573  6.333 0.1000000015
11852  -41.447  -73.767  7.079 0.1000000015
10801  -41.262  -74.917  6.830 0.1000000015
11853  -41.796  -73.209  6.176 0.2000000030
11873  -42.065  -73.276  5.322 0.5000000000
11891  -42.178  -73.190  4.584 0.4000000060
20973  -46.742  -65.791  5.042 0.5000000000
18638  -46.835  -67.452  4.516 0.4000000060
17408  -46.923  -68.065  4.609 0.4000000060
15123  -45.471  -70.259  4.289 0.4000000060
14002  -44.193  -71.745  4.107 0.5000000000
12946  -43.552  -72.234  4.235 0.5000000000
23280  -45.883  -63.842  4.744 0.5000000000
22093  -46.797  -65.123  5.048 0.4000000060
14023  -44.003  -71.979  3.695 0.4000000060
25558  -44.931  -62.031  5.078 0.4000000060
25574  -45.134  -62.216  4.867 0.4000000060
24395  -45.582  -63.171  4.495 0.5000000000
25557  -44.318  -61.811  5.086 0.4000000060
24393  -44.997  -62.244  4.212 0.5000000000
25573  -44.743  -61.953  4.493 0.4000000060
25572  -43.888  -61.162  4.540 0.3000000119
26684  -43.529  -60.458  3.972 0.3000000119
27727  -42.921  -59.552  4.049 0.1000000015
26683  -42.737  -60.098  3.437 0.1000000015
26707  -42.050  -60.313  2.758 0.3000000119
25610  -41.583  -61.189  2.638 0.3000000119
25609  -40.709  -61.042  2.462 0.2000000030
24409  -40.474  -62.110  3.361 0.2000000030
23293  -39.984  -62.801  3.866 0.2000000030
25608  -40.077  -60.884  2.773 0.2000000030
24408  -39.826  -61.970  3.853 0.2000000030
23277  -39.373  -63.451  4.616 0.2000000030
25587  -39.756  -61.156  3.462 0.2000000030
26639  -39.329  -61.051  4.629 0.1000000015
23250  -38.601  -63.162  5.283 0.2000000030
26661  -38.891  -60.117  4.167 0.1000000015
25551  -38.479  -61.487  5.328 0.1000000015
24368  -37.050  -62.505  5.711 0.1000000015
27677  -38.303  -59.854  5.255 0.1000000015
27676  -37.700  -59.647  5.708 0.1000000015
27654  -37.009  -59.501  6.226 0.1000000015
29796  -37.196  -57.665  6.366 0.1000000015
32052  -37.413  -55.216  6.896 0.1000000015
15062  -43.970  -70.660  7.475 0.3000000119
13946  -43.363  -71.153  7.195 0.3000000119
13978  -43.266  -71.800  5.682 0.3000000119
12921  -42.577  -72.513  5.787 0.3000000119
12945  -42.785  -72.793  4.804 0.4000000060
16185  -44.668  -69.905  7.054 0.3000000119
15082  -44.286  -70.373  6.570 0.3000000119
13979  -43.990  -71.532  5.013 0.5000000000
19772  -46.565  -66.722  6.176 0.4000000060
18599  -46.532  -67.646  6.329 0.5000000000
17383  -46.137  -68.724  5.452 0.4000000060
16232  -45.774  -69.178  5.170 0.4000000060
15122  -45.001  -70.561  4.636 0.5000000000
23226  -44.464  -63.322  6.106 0.4000000060
22090  -45.142  -63.904  5.732 0.4000000060
22092  -46.303  -64.669  5.504 0.5000000000
24371  -42.955  -62.238  5.666 0.4000000060
24372  -43.856  -62.314  5.634 0.4000000060
24373  -44.586  -62.323  5.486 0.4000000060
23227  -45.050  -63.025  5.816 0.5000000000
25556  -43.426  -61.378  5.264 0.4000000060
25555  -42.186  -61.360  5.542 0.3000000119
26643  -43.569  -60.398  5.046 0.3000000119
26663  -43.649  -60.344  4.519 0.3000000119
27680  -43.157  -59.813  5.180 0.3000000119
27705  -43.428  -59.851  4.703 0.2000000030
27744  -42.222  -59.330  2.862 0.1000000015
26719  -41.798  -59.486  2.221 0.1000000015
26706  -41.120  -60.253  2.235 0.2000000030
26718  -41.462  -59.695  2.253 0.2000000030
27742  -40.527  -59.384  2.336 0.2000000030
26704  -39.678  -60.291  2.996 0.1000000015
27726  -39.944  -59.085  2.933 0.1000000015
27724  -38.830  -59.533  3.901 0.1000000015
28788  -39.027  -58.823  3.750 0.1000000015
27703  -38.575  -59.607  4.675 0.1000000015
28750  -38.167  -58.861  5.350 0.1000000015
29813  -39.285  -57.229  4.922 0.1000000015
29812  -38.530  -57.620  5.349 0.1000000015
30928  -38.547  -56.520  6.195 0.1000000015
32069  -38.926  -55.451  6.318 0.1000000015
32068  -37.934  -55.479  6.807 0.1000000015
34384  -38.494  -53.246  6.142 0.1000000015
35598  -38.291  -52.588  6.029 0.1000000015
36776  -38.229  -51.413  5.588 0.1000000015
39102  -38.619  -49.489  5.336 0.1000000015
13932  -43.586  -71.288  8.481 0.3000000119
13931  -42.438  -72.248  8.950 0.2000000030
15044  -44.904  -70.479  8.355 0.3000000119
16187  -45.886  -69.041  7.249 0.4000000060
16166  -45.798  -68.900  7.683 0.3000000119
23253  -44.976  -63.589  5.851 0.3000000119
22068  -44.795  -64.429  6.213 0.4000000060
20915  -46.075  -65.787  6.981 0.4000000060
18580  -45.639  -67.566  7.430 0.3000000119
23224  -42.727  -63.160  5.997 0.3000000119
23225  -43.748  -62.958  6.225 0.3000000119
20914  -45.494  -65.673  7.080 0.4000000060
19753  -45.506  -66.459  7.249 0.4000000060
18560  -44.845  -67.906  7.918 0.3000000119
25532  -41.453  -61.754  5.797 0.3000000119
24346  -42.022  -62.327  5.934 0.3000000119
25554  -41.174  -61.084  5.709 0.3000000119
26641  -41.445  -60.252  5.666 0.3000000119
26642  -42.776  -60.389  5.350 0.3000000119
27679  -42.272  -59.513  5.290 0.3000000119
28773  -42.547  -58.770  4.746 0.2000000030
29831  -42.685  -57.937  4.301 0.1000000015
28791  -42.572  -58.645  3.524 0.1000000015
29852  -42.850  -57.971  3.110 0.1000000015
28809  -42.621  -58.600  2.170 0.1000000015
27755  -42.148  -59.140  1.563 0.1000000015
27753  -41.011  -59.148  1.752 0.2000000030
28825  -41.384  -58.821  1.514 0.2000000030
28807  -40.968  -58.554  2.119 0.2000000030
28790  -40.367  -58.513  2.909 0.1000000015
29870  -41.349  -57.926  2.198 0.1000000015
29849  -40.220  -57.911  3.506 0.1000000015
28772  -39.212  -58.264  4.101 0.1000000015
29830  -40.476  -57.336  3.822 0.1000000015
30979  -40.398  -56.985  4.313 0.1000000015
30953  -39.974  -56.296  4.889 0.1000000015
30929  -39.272  -56.089  5.771 0.1000000015
32070  -39.625  -55.321  5.682 0.1000000015
34368  -38.730  -54.079  6.280 0.1000000015
35624  -38.771  -52.052  5.308 0.1000000015
35625  -39.400  -52.272  4.690 0.1000000015
36803  -38.836  -51.370  4.847 0.1000000015
37946  -38.428  -50.450  5.267 0.1000000015
37972  -39.034  -50.742  4.663 0.1000000015
37947  -39.052  -50.161  5.027 0.1000000015
40269  -38.930  -48.606  5.652 0.1000000015
12859  -42.823  -72.347  10.120 0.2000000030
12858  -42.504  -72.760  10.006 0.2000000030
13893  -43.590  -71.695  10.741 0.2000000030
13933  -44.528  -70.880  8.775 0.3000000119
13894  -44.401  -71.157  10.943 0.2000000030
15024  -45.111  -70.597  9.125 0.3000000119
15045  -45.294  -70.118  8.412 0.3000000119
20913  -44.579  -65.537  6.912 0.3000000119
17332  -45.118  -68.580  8.260 0.3000000119
22066  -42.014  -63.944  6.630 0.3000000119
22067  -43.365  -64.215  6.466 0.3000000119
19752  -44.871  -66.256  7.464 0.3000000119
18579  -44.886  -67.041  7.664 0.3000000119
24345  -41.129  -62.304  6.073 0.3000000119
22065  -41.334  -63.703  6.730 0.3000000119
19751  -44.001  -66.388  7.429 0.3000000119
18559  -43.850  -67.392  7.969 0.3000000119
16164  -44.717  -69.117  8.758 0.2000000030
24344  -40.455  -62.029  6.307 0.2000000030
25531  -40.754  -61.580  5.954 0.2000000030
25553  -40.595  -60.904  6.064 0.3000000119
26624  -41.037  -59.751  6.120 0.3000000119
27678  -41.378  -59.358  5.792 0.3000000119
28752  -41.860  -58.728  5.622 0.2000000030
29815  -42.397  -57.810  5.598 0.2000000030
29816  -42.971  -57.316  4.909 0.1000000015
30982  -43.588  -56.687  3.669 0.1000000015
32140  -44.411  -56.227  3.520 0.1000000015
30983  -45.969  -55.997  3.755 0.1000000015
29853  -43.465  -57.433  2.723 0.1000000015
31008  -44.072  -56.782  2.885 0.1000000015
31026  -44.535  -57.185  2.006 0.1000000015
29875  -45.922  -57.365  1.456 0.1000000015
31028  -46.365  -56.882  2.046 0.1000000015
29900  -47.796  -57.623  1.406 0.1000000015
29872  -43.186  -58.157  2.096 0.1000000015
29873  -43.952  -57.974  1.428 0.1000000015
29897  -44.732  -57.697  0.853 0.1000000015
29898  -45.674  -57.574  0.936 0.1000000015
29899  -46.658  -57.415  1.196 0.1000000015
29915  -47.547  -57.491  0.762 0.1000000015
28827  -42.945  -58.683  0.958 0.1000000015
28826  -41.985  -58.603  0.999 0.1000000015
29894  -42.355  -57.767  1.154 0.2000000030
28808  -41.495  -58.348  1.624 0.1000000015
29851  -41.437  -57.330  2.546 0.1000000015
31005  -41.314  -56.998  3.078 0.1000000015
30980  -40.965  -56.449  3.825 0.1000000015
30954  -40.637  -55.865  4.487 0.1000000015
32088  -40.074  -55.190  5.123 0.1000000015
33192  -39.788  -54.308  5.226 0.1000000015
34408  -39.992  -53.101  4.245 0.1000000015
34407  -39.521  -53.261  5.006 0.1000000015
36804  -39.561  -51.377  4.530 0.1000000015
37973  -39.695  -50.481  4.701 0.1000000015
39103  -39.520  -49.654  5.250 0.1000000015
16078  -44.924  -69.688  12.263 0.2000000030
15009  -44.797  -70.526  10.072 0.2000000030
15010  -45.220  -70.270  9.472 0.3000000119
16165  -45.394  -69.384  8.339 0.3000000119
17285  -44.359  -69.282  11.774 0.2000000030
16096  -44.561  -69.824  11.372 0.2000000030
16114  -44.754  -69.946  10.292 0.2000000030
16115  -45.059  -70.164  9.777 0.3000000119
16139  -45.292  -69.924  9.404 0.3000000119
22044  -42.180  -64.955  7.341 0.3000000119
20911  -42.464  -65.586  7.580 0.3000000119
20899  -42.545  -66.022  7.787 0.3000000119
19741  -43.048  -66.545  7.891 0.3000000119
22043  -40.910  -64.133  7.307 0.3000000119
22024  -41.520  -65.431  7.768 0.3000000119
19740  -42.082  -66.648  8.128 0.3000000119
18558  -42.539  -67.384  8.409 0.3000000119
24327  -39.182  -62.084  7.564 0.2000000030
23207  -39.946  -63.159  7.122 0.3000000119
17331  -44.204  -68.496  8.564 0.2000000030
16163  -44.180  -69.080  8.912 0.2000000030
25511  -39.524  -61.432  7.105 0.2000000030
25530  -40.068  -61.195  6.538 0.2000000030
26622  -39.834  -60.575  6.850 0.2000000030
27656  -40.920  -59.297  6.424 0.3000000119
26623  -40.399  -60.122  6.521 0.3000000119
28751  -41.293  -58.816  6.170 0.3000000119
29798  -41.340  -58.027  6.917 0.2000000030
29799  -41.921  -57.612  6.624 0.2000000030
30930  -42.531  -56.981  6.428 0.2000000030
32071  -43.897  -55.719  5.734 0.1000000015
29911  -44.388  -57.789  0.638 0.1000000015
29913  -45.384  -57.403  0.630 0.1000000015
31062  -45.987  -56.979  0.403 0.1000000015
29895  -42.920  -58.020  0.682 0.1000000015
31047  -43.916  -57.173  1.066 0.1000000015
31048  -44.438  -56.745  0.793 0.1000000015
32170  -45.188  -55.695  0.873 0.1000000015
32168  -43.498  -55.895  1.597 0.1000000015
33269  -44.024  -55.177  1.559 0.1000000015
33270  -44.706  -55.065  1.368 0.1000000015
31046  -42.814  -56.956  1.419 0.1000000015
33249  -43.401  -54.831  2.128 0.1000000015
32150  -43.004  -55.396  2.160 0.1000000015
31024  -42.514  -56.367  2.234 0.1000000015
31006  -41.852  -56.480  2.785 0.1000000015
32138  -42.311  -55.588  2.936 0.1000000015
33247  -42.024  -54.151  2.803 0.1000000015
32137  -41.875  -55.483  3.328 0.1000000015
32118  -41.406  -55.412  3.768 0.1000000015
33216  -41.141  -54.828  3.915 0.1000000015
33214  -40.010  -53.700  4.701 0.1000000015
18488  -45.946  -67.515  12.761 0.3000000119
18485  -43.851  -68.332  11.949 0.3000000119
17284  -43.601  -68.716  11.406 0.3000000119
17301  -43.424  -68.929  10.360 0.2000000030
16095  -44.056  -69.518  10.907 0.2000000030
16113  -44.256  -69.380  9.946 0.2000000030
17283  -43.145  -68.202  11.315 0.3000000119
16138  -44.911  -69.538  9.358 0.2000000030
22023  -40.983  -65.125  7.752 0.3000000119
19738  -40.593  -66.337  8.740 0.3000000119
18541  -41.622  -67.575  9.374 0.3000000119
17315  -42.400  -68.277  9.692 0.3000000119
17316  -43.577  -69.024  9.284 0.2000000030
23206  -39.092  -63.170  7.912 0.2000000030
22022  -40.129  -64.706  8.096 0.3000000119
20878  -39.985  -65.530  9.362 0.3000000119
25510  -39.435  -61.081  7.671 0.2000000030
26603  -39.800  -60.458  7.374 0.2000000030
27655  -40.642  -59.292  7.020 0.2000000030
27633  -40.939  -59.302  7.387 0.3000000119
29774  -41.464  -58.112  7.151 0.2000000030
30905  -42.309  -57.278  7.035 0.2000000030
34442  -43.017  -54.258  2.664 0.1000000015
34440  -41.823  -53.738  2.962 0.1000000015
34424  -41.283  -53.332  3.263 0.1000000015
33215  -40.591  -54.229  4.243 0.1000000015
18489  -46.675  -67.175  13.031 0.1000000015
19661  -46.946  -66.238  12.690 0.2000000030
19659  -45.407  -66.971  12.313 0.3000000119
19682  -44.583  -66.506  11.881 0.3000000119
19681  -43.572  -66.679  11.677 0.3000000119
19723  -41.079  -66.810  9.695 0.3000000119
19706  -41.993  -66.424  10.781 0.3000000119
20877  -39.587  -64.905  9.197 0.3000000119
22004  -40.093  -65.101  10.084 0.3000000119
20857  -40.521  -65.726  10.169 0.3000000119
19705  -41.147  -66.358  10.308 0.3000000119
23179  -39.084  -63.477  9.631 0.2000000030
24312  -38.747  -62.437  8.597 0.2000000030
25492  -39.248  -61.438  8.472 0.1000000015
26604  -40.382  -59.959  7.662 0.2000000030
26583  -40.921  -60.778  8.541 0.1000000015
27613  -40.905  -59.936  7.978 0.2000000030
27634  -41.571  -59.724  7.723 0.2000000030
19683  -45.501  -66.153  11.874 0.3000000119
20833  -42.802  -66.030  11.392 0.3000000119
21984  -40.490  -64.462  10.660 0.3000000119
20858  -41.294  -65.504  10.655 0.3000000119
23167  -39.693  -63.734  10.480 0.2000000030
24277  -39.356  -62.582  10.388 0.2000000030
25456  -39.265  -61.602  9.973 0.1000000015
26558  -39.599  -60.976  9.444 0.1000000015
25472  -41.023  -61.171  9.017 0.1000000015
27614  -41.242  -60.361  8.121 0.1000000015
20835  -44.857  -65.687  11.539 0.3000000119
21966  -44.706  -64.786  11.485 0.2000000030
20834  -43.770  -65.535  11.505 0.3000000119
20859  -42.252  -65.358  10.946 0.3000000119
20860  -42.952  -65.248  11.230 0.3000000119
21962  -40.783  -64.119  11.051 0.2000000030
21963  -41.103  -64.152  11.122 0.3000000119
24260  -40.357  -62.733  11.385 0.2000000030
23150  -40.833  -63.689  11.277 0.2000000030
25414  -40.591  -61.220  11.918 0.1000000015
25438  -40.114  -61.727  11.493 0.1000000015
26507  -40.524  -60.795  11.851 0.1000000015
26528  -39.727  -60.750  10.959 0.1000000015
26545  -39.692  -60.773  10.439 0.1000000015
26546  -40.012  -60.395  10.106 0.1000000015
26559  -40.534  -60.580  9.446 0.1000000015
25473  -41.314  -60.971  9.233 0.1000000015
21965  -43.512  -64.505  11.445 0.2000000030
21964  -43.080  -64.208  11.325 0.2000000030
21986  -42.713  -64.488  11.164 0.2000000030
24262  -42.253  -63.112  11.989 0.2000000030
23169  -42.195  -64.156  11.073 0.2000000030
24261  -41.327  -62.792  11.878 0.1000000015
25415  -41.439  -61.598  12.323 0.1000000015
26529  -40.110  -60.638  11.504 0.1000000015
27566  -39.754  -60.282  10.965 0.1000000015
27582  -39.920  -60.074  10.623 0.1000000015
27593  -40.880  -59.402  9.652 0.1000000015
26560  -41.345  -60.296  9.397 0.1000000015
26530  -40.692  -59.814  11.716 0.1000000015
27567  -40.032  -59.531  11.144 0.1000000015
27568  -41.048  -59.035  11.543 0.1000000015
28626  -40.613  -58.670  10.775 0.1000000015
16275  -44.993  -69.299  3.632 0.4000000060
18655  -44.954  -67.798  4.064 0.5000000000
18636  -45.027  -67.241  4.314 0.5000000000
17423  -45.170  -68.351  3.814 0.4000000060
18635  -44.256  -67.493  4.447 0.5000000000
17406  -44.590  -68.325  4.168 0.6000000238
15142  -45.188  -70.347  3.384 0.5000000000
16255  -45.850  -69.333  4.165 0.4000000060
12981  -40.707  -72.576  2.393 0.5000000000
16274  -43.920  -69.804  3.582 0.5000000000
12983  -43.159  -72.349  2.517 0.5000000000
15141  -44.393  -70.424  3.035 0.6000000238
13009  -42.801  -72.036  1.609 0.5000000000
13007  -40.486  -72.098  1.751 0.3000000119
14088  -39.720  -71.426  0.708 0.5000000000
12985  -44.287  -72.107  2.068 0.5000000000
10875  -39.874  -74.245  2.549 0.5000000000
13010  -43.821  -72.207  1.827 0.5000000000
14064  -40.998  -71.761  1.062 0.4000000060
15203  -41.984  -70.672  0.125 0.5000000000
16309  -42.038  -69.038  0.345 0.4000000060
17449  -40.961  -68.998  1.496 0.4000000060
18685  -39.883  -68.090  1.332 0.3000000119
10817  -41.033  -75.071  6.001 0.2000000030
18658  -46.836  -67.851  3.950 0.5000000000
24411  -43.373  -62.474  3.361 0.3000000119
14043  -43.581  -71.343  1.926 0.6000000238
15164  -44.540  -71.038  2.533 0.6000000238
14066  -43.883  -71.922  1.612 0.5000000000
17403  -41.538  -68.508  4.623 0.5000000000
15139  -42.422  -70.507  2.824 0.6000000238
16272  -41.708  -69.942  3.450 0.5000000000
14091  -42.251  -71.680  0.619 0.5000000000
14065  -43.123  -71.658  1.702 0.5000000000
14113  -42.022  -71.497  -0.012 0.5000000000
13030  -42.227  -72.021  0.946 0.5000000000
18632  -40.945  -67.607  4.842 0.5000000000
16292  -41.249  -70.018  2.630 0.4000000060
15138  -41.775  -70.341  2.739 0.5000000000
15204  -42.266  -71.114  0.472 0.5000000000
22133  -40.840  -64.087  3.814 0.3000000119
17402  -40.563  -68.410  4.494 0.5000000000
16291  -40.541  -69.311  2.518 0.4000000060
18631  -40.068  -67.512  4.739 0.5000000000
16301  -40.818  -69.138  1.923 0.4000000060
16290  -39.934  -69.186  2.742 0.4000000060
18630  -38.959  -67.735  4.102 0.4000000060
17401  -39.783  -68.302  4.243 0.4000000060
17438  -39.468  -68.839  2.705 0.4000000060
19793  -46.804  -66.634  5.359 0.5000000000
16256  -46.262  -68.747  4.182 0.4000000060
12964  -43.788  -72.297  3.170 0.5000000000
23254  -45.351  -63.345  5.391 0.5000000000
14025  -45.147  -70.974  3.734 0.5000000000
24433  -43.002  -62.236  3.285 0.3000000119
24431  -41.061  -61.787  2.788 0.3000000119
22111  -40.180  -64.584  4.346 0.3000000119
20963  -37.555  -65.718  4.587 0.3000000119
19808  -38.174  -66.891  4.076 0.4000000060
18652  -37.743  -67.507  3.172 0.4000000060
22089  -37.167  -64.150  5.248 0.2000000030
19806  -36.697  -66.070  3.925 0.2000000030
24369  -38.067  -62.423  5.486 0.2000000030
22088  -36.592  -64.135  5.055 0.2000000030
25527  -36.023  -60.894  6.320 0.1000000015
28749  -37.467  -58.716  6.019 0.1000000015
19773  -46.714  -66.261  5.798 0.4000000060
20944  -46.663  -65.686  5.631 0.4000000060
18613  -46.683  -67.815  5.801 0.5000000000
13980  -44.567  -70.882  4.982 0.4000000060
14004  -45.219  -70.814  4.201 0.5000000000
23255  -45.774  -63.857  5.220 0.5000000000
27728  -43.489  -60.008  4.310 0.2000000030
25588  -40.391  -61.427  2.933 0.2000000030
24392  -39.485  -62.283  4.441 0.2000000030
26705  -40.301  -60.265  2.541 0.2000000030
24370  -38.964  -62.399  5.139 0.2000000030
26682  -39.261  -60.172  3.694 0.1000000015
26681  -38.903  -59.961  3.858 0.1000000015
26638  -38.859  -60.597  4.900 0.1000000015
25552  -39.193  -61.538  4.865 0.2000000030
26637  -38.040  -60.562  5.508 0.1000000015
25550  -37.447  -61.424  5.757 0.1000000015
24367  -36.019  -62.438  5.634 0.1000000015
26621  -37.267  -60.395  6.011 0.1000000015
25528  -36.746  -60.940  6.195 0.1000000015
29811  -37.839  -58.018  5.815 0.1000000015
29797  -38.022  -57.347  6.218 0.1000000015
30927  -37.561  -56.572  6.637 0.1000000015
32053  -37.619  -55.090  6.840 0.1000000015
12900  -41.620  -73.170  7.560 0.3000000119
12901  -41.798  -72.470  7.008 0.3000000119
15043  -44.355  -70.701  8.147 0.3000000119
13945  -42.371  -71.674  7.748 0.3000000119
15063  -44.664  -70.281  7.593 0.3000000119
13959  -42.805  -71.722  6.547 0.3000000119
13961  -44.256  -70.825  5.622 0.3000000119
16208  -44.908  -69.783  6.455 0.3000000119
16209  -45.621  -69.234  6.394 0.3000000119
16186  -45.220  -69.727  7.464 0.3000000119
16210  -46.141  -68.695  6.591 0.3000000119
15103  -44.713  -70.236  5.515 0.3000000119
20928  -46.420  -65.811  6.363 0.4000000060
19754  -46.088  -66.634  6.835 0.4000000060
18581  -46.309  -67.514  6.881 0.4000000060
24348  -44.284  -62.637  6.004 0.4000000060
22091  -45.517  -64.194  5.662 0.4000000060
22070  -46.263  -65.152  6.354 0.4000000060
27704  -42.879  -59.446  4.772 0.2000000030
27743  -41.093  -59.548  1.997 0.2000000030
27754  -41.524  -59.233  1.636 0.2000000030
27725  -39.420  -59.429  3.310 0.1000000015
28789  -39.682  -58.503  3.522 0.1000000015
29828  -39.045  -57.838  4.586 0.1000000015
30952  -39.106  -56.749  5.435 0.1000000015
33176  -39.179  -54.536  6.114 0.1000000015
34385  -38.930  -53.538  5.873 0.1000000015
13909  -42.697  -72.321  9.571 0.2000000030
13910  -43.121  -72.015  9.768 0.2000000030
11814  -41.803  -73.737  9.187 0.2000000030
20927  -43.876  -64.988  6.649 0.3000000119
22046  -45.448  -65.097  6.751 0.4000000060
29832  -43.101  -57.261  3.934 0.1000000015
28810  -43.262  -58.521  1.329 0.1000000015
29850  -40.850  -57.614  2.977 0.1000000015
13878  -43.858  -71.551  11.618 0.2000000030
13911  -44.350  -71.295  9.695 0.3000000119
22045  -43.014  -64.966  6.880 0.3000000119
20912  -43.236  -65.559  7.246 0.3000000119
23222  -40.624  -62.734  6.523 0.3000000119
23208  -40.854  -63.428  6.752 0.3000000119
24328  -39.925  -62.122  6.822 0.3000000119
29814  -41.598  -58.238  6.299 0.2000000030
30955  -42.828  -56.903  5.596 0.1000000015
30956  -43.363  -56.433  4.865 0.1000000015
32119  -43.879  -56.064  4.066 0.1000000015
32139  -43.980  -56.436  3.557 0.1000000015
32141  -45.142  -55.946  3.545 0.1000000015
31009  -44.837  -56.414  2.695 0.1000000015
31010  -45.725  -56.389  2.832 0.1000000015
31025  -44.003  -57.396  2.219 0.1000000015
31027  -45.394  -56.881  1.955 0.1000000015
29874  -45.038  -57.512  1.330 0.1000000015
29876  -46.369  -57.260  1.538 0.1000000015
31050  -47.102  -57.123  1.759 0.1000000015
28828  -43.542  -58.547  0.924 0.1000000015
29896  -43.921  -58.078  0.653 0.1000000015
29912  -44.632  -57.554  0.656 0.1000000015
29914  -46.341  -57.332  0.700 0.1000000015
31064  -47.933  -56.866  0.355 0.1000000015
29871  -41.847  -57.617  1.738 0.1000000015
30981  -41.567  -55.971  3.482 0.1000000015
17267  -44.974  -68.754  12.320 0.2000000030
15000  -44.599  -70.373  11.436 0.2000000030
17266  -44.201  -68.679  12.035 0.3000000119
20898  -41.864  -65.857  7.866 0.3000000119
17330  -43.012  -68.228  8.726 0.3000000119
20897  -41.010  -65.855  8.036 0.3000000119
18557  -41.478  -67.286  8.658 0.3000000119
19739  -41.277  -66.526  8.329 0.3000000119
17329  -42.018  -67.971  8.959 0.3000000119
22042  -39.701  -63.935  7.844 0.3000000119
28726  -40.873  -58.995  7.088 0.3000000119
30931  -43.228  -56.372  6.149 0.2000000030
31061  -45.157  -57.080  0.414 0.1000000015
32184  -46.487  -56.268  0.565 0.1000000015
32182  -44.877  -56.514  0.613 0.1000000015
32169  -44.415  -56.025  1.149 0.1000000015
32149  -42.659  -55.689  2.486 0.1000000015
33248  -42.521  -54.768  2.727 0.1000000015
33230  -41.586  -54.423  3.345 0.1000000015
18487  -45.239  -67.846  12.485 0.3000000119
17268  -45.650  -68.392  12.828 0.3000000119
18507  -44.098  -67.230  12.110 0.3000000119
18506  -43.477  -67.773  11.723 0.3000000119
18525  -42.228  -67.589  10.605 0.3000000119
20896  -40.350  -65.470  8.416 0.3000000119
18540  -40.779  -67.111  9.054 0.3000000119
19722  -40.554  -66.352  9.504 0.3000000119
18524  -41.656  -67.080  10.094 0.3000000119
22021  -39.341  -64.288  8.795 0.3000000119
23192  -38.812  -63.318  8.745 0.3000000119
24311  -38.672  -62.884  8.760 0.2000000030
20895  -39.765  -65.055  8.723 0.3000000119
28700  -42.108  -58.683  7.529 0.2000000030
29776  -42.604  -57.743  7.393 0.2000000030
30906  -43.033  -56.676  7.185 0.2000000030
18465  -46.845  -67.265  13.648 0.1000000015
19684  -46.121  -65.790  11.887 0.2000000030
19680  -42.744  -67.060  11.328 0.3000000119
22003  -39.614  -64.552  9.919 0.3000000119
24294  -38.903  -62.504  9.456 0.2000000030
25471  -39.075  -61.720  9.182 0.2000000030
26582  -39.902  -60.749  8.355 0.1000000015
20836  -45.594  -65.387  11.548 0.3000000119
23168  -40.194  -63.544  10.983 0.2000000030
25437  -39.621  -61.458  10.869 0.1000000015
24259  -39.729  -62.307  11.095 0.1000000015
21987  -43.245  -64.927  11.276 0.3000000119
21985  -41.704  -64.532  10.931 0.3000000119
23151  -41.865  -63.745  11.321 0.2000000030
25439  -40.708  -62.027  11.881 0.1000000015
23140  -43.796  -63.292  12.184 0.2000000030
23152  -43.001  -63.719  11.544 0.2000000030
24243  -42.116  -62.378  12.353 0.1000000015
27583  -40.318  -59.524  10.283 0.1000000015
14061  -38.761  -71.903  1.272 0.3000000119
11953  -37.680  -73.039  0.393 0.3000000119
13028  -38.293  -72.438  1.028 0.3000000119
10955  -35.313  -75.116  -2.627 0.2000000030
9028  -33.991  -76.687  -3.838 0.2000000030
11967  -37.501  -73.625  -0.295 0.4000000060
11983  -36.720  -73.849  -1.272 0.3000000119
14087  -38.534  -71.665  0.953 0.4000000060
11966  -36.845  -73.203  -0.709 0.3000000119
11999  -36.451  -74.591  -1.799 0.3000000119
15200  -39.315  -70.923  0.245 0.4000000060
14085  -36.897  -70.998  0.143 0.4000000060
11982  -36.006  -73.385  -1.708 0.3000000119
11997  -34.628  -74.119  -2.758 0.2000000030
15199  -38.191  -70.749  0.400 0.4000000060
15198  -37.356  -70.679  0.250 0.4000000060
14126  -35.701  -71.917  -1.278 0.4000000060
15214  -40.072  -70.451  -0.360 0.4000000060
14108  -35.733  -71.151  -0.912 0.4000000060
14133  -35.204  -72.033  -1.911 0.3000000119
13078  -34.210  -73.083  -3.331 0.3000000119
15213  -38.908  -70.172  -0.288 0.4000000060
15211  -36.764  -70.294  -0.181 0.4000000060
15220  -35.301  -70.730  -1.505 0.3000000119
14132  -34.773  -72.068  -2.550 0.4000000060
16319  -40.739  -69.883  -0.747 0.4000000060
16316  -37.247  -69.310  -0.577 0.4000000060
15225  -35.145  -70.453  -2.423 0.3000000119
16320  -41.536  -69.970  -0.319 0.4000000060
16318  -39.626  -69.567  -0.757 0.4000000060
16317  -38.430  -69.131  -0.826 0.4000000060
17470  -36.377  -69.191  -1.290 0.4000000060
17472  -37.575  -68.680  -1.111 0.4000000060
16342  -36.022  -69.440  -2.343 0.3000000119
16331  -39.189  -68.777  -1.180 0.4000000060
16330  -38.679  -68.670  -1.202 0.4000000060
17483  -37.159  -68.447  -1.714 0.4000000060
16332  -40.271  -68.943  -1.115 0.4000000060
17485  -39.700  -68.118  -1.445 0.4000000060
17484  -38.445  -68.247  -1.700 0.4000000060
17502  -37.103  -68.836  -3.023 0.3000000119
16333  -41.337  -69.060  -1.033 0.4000000060
18721  -39.415  -67.693  -1.983 0.4000000060
17496  -37.520  -68.398  -2.518 0.3000000119
16350  -37.300  -69.477  -3.542 0.2000000030
16334  -42.162  -68.818  -0.713 0.3000000119
17486  -40.817  -68.104  -1.359 0.4000000060
17487  -41.911  -68.117  -1.195 0.4000000060
18722  -40.264  -67.447  -1.826 0.4000000060
18732  -38.967  -67.648  -2.658 0.4000000060
17503  -37.772  -68.690  -3.316 0.2000000030
17504  -38.711  -68.607  -3.765 0.2000000030
16360  -38.752  -69.711  -4.298 0.3000000119
17459  -42.482  -68.431  0.231 0.3000000119
17473  -42.693  -68.331  -0.304 0.3000000119
17488  -42.853  -68.004  -0.915 0.3000000119
18733  -39.867  -67.328  -2.621 0.3000000119
18753  -39.853  -68.322  -4.203 0.2000000030
18740  -39.545  -67.851  -3.625 0.2000000030
17514  -39.311  -69.092  -4.373 0.2000000030
14150  -39.323  -71.027  -5.181 0.2000000030
18703  -42.157  -67.887  0.449 0.3000000119
17460  -43.135  -68.055  0.017 0.3000000119
18723  -41.381  -67.088  -1.685 0.4000000060
18754  -40.443  -68.113  -4.226 0.1000000015
19880  -41.753  -67.114  0.307 0.3000000119
19882  -43.160  -67.285  0.026 0.3000000119
19902  -43.092  -66.718  -1.613 0.2000000030
19910  -42.030  -66.453  -2.547 0.2000000030
17515  -40.079  -68.913  -4.523 0.1000000015
15262  -39.799  -70.896  -5.290 0.2000000030
19894  -43.825  -66.025  -0.703 0.2000000030
21046  -43.925  -65.979  -1.547 0.2000000030
19920  -42.604  -66.569  -3.409 0.1000000015
18755  -41.510  -67.881  -4.306 0.1000000015
17516  -41.143  -68.908  -4.600 0.1000000015
15249  -40.182  -70.345  -5.076 0.1000000015
19892  -42.419  -66.456  -0.304 0.3000000119
19861  -38.099  -67.088  1.360 0.2000000030
19878  -39.472  -66.786  0.301 0.1000000015
19879  -40.553  -67.020  0.249 0.3000000119
21035  -43.103  -65.729  -0.620 0.2000000030
21054  -44.090  -65.901  -2.087 0.1000000015
18743  -42.546  -67.062  -3.904 0.1000000015
17517  -42.195  -68.727  -4.799 0.1000000015
16363  -41.672  -69.725  -5.075 0.1000000015
18700  -39.031  -67.166  0.686 0.2000000030
19891  -41.269  -66.384  -0.299 0.2000000030
22192  -43.717  -65.211  -0.992 0.1000000015
21047  -44.161  -65.618  -1.495 0.1000000015
19921  -43.712  -65.945  -3.115 0.1000000015
19938  -43.457  -66.752  -4.075 0.1000000015
16379  -42.084  -69.729  -5.974 0.1000000015
15281  -41.483  -69.951  -6.758 0.1000000015
19890  -40.118  -66.337  -0.280 0.1000000015
21034  -41.930  -65.425  -0.693 0.2000000030
22204  -43.523  -64.533  -1.423 0.1000000015
22211  -44.692  -64.653  -2.280 0.1000000015
19939  -44.466  -66.165  -4.240 0.1000000015
17518  -43.111  -68.406  -5.436 0.1000000015
15300  -41.022  -70.457  -7.651 0.1000000015
23355  -43.968  -64.102  -1.919 0.1000000015
21083  -44.340  -65.367  -4.676 0.1000000015
19965  -44.348  -66.328  -5.155 0.1000000015
16417  -42.525  -69.056  -7.991 0.1000000015
15301  -41.883  -69.675  -8.016 0.1000000015
18781  -43.712  -67.370  -5.919 0.1000000015
28701  -43.093  -58.758  7.620 0.2000000030
19847  -37.297  -66.953  2.372 0.2000000030
19860  -37.549  -66.763  1.501 0.1000000015
19889  -39.071  -66.204  -0.185 0.1000000015
21045  -41.693  -64.901  -1.136 0.1000000015
21032  -39.608  -65.765  -0.831 0.1000000015
22203  -42.562  -64.428  -1.593 0.1000000015
23378  -44.131  -63.824  -3.097 0.1000000015
16398  -42.351  -69.448  -7.035 0.1000000015
16380  -42.724  -69.023  -6.254 0.1000000015
17519  -43.622  -67.920  -5.855 0.1000000015
22218  -44.202  -64.276  -3.569 0.1000000015
14110  -37.017  -72.083  -0.093 0.3000000119
14086  -37.385  -71.577  0.374 0.4000000060
11998  -35.804  -74.000  -2.223 0.3000000119
13060  -36.070  -72.897  -1.437 0.3000000119
14127  -36.131  -72.042  -0.837 0.3000000119
13072  -34.796  -73.180  -2.450 0.3000000119
15212  -37.804  -70.031  -0.162 0.4000000060
14125  -35.012  -71.439  -1.931 0.3000000119
16314  -35.818  -69.780  -0.982 0.4000000060
16341  -35.427  -69.885  -1.908 0.3000000119
18739  -38.798  -67.917  -3.296 0.2000000030
16351  -38.082  -69.277  -3.803 0.2000000030
18724  -42.514  -67.334  -1.381 0.3000000119
19909  -41.339  -66.614  -2.431 0.2000000030
16361  -39.729  -69.756  -4.673 0.2000000030
18704  -42.991  -67.753  0.251 0.3000000119
17489  -43.301  -67.593  -0.846 0.3000000119
18741  -40.715  -67.126  -3.486 0.2000000030
19901  -42.248  -66.679  -1.877 0.4000000060
19893  -43.389  -66.619  -0.498 0.2000000030
19911  -42.900  -66.350  -2.395 0.2000000030
15263  -40.477  -70.763  -5.597 0.1000000015
19937  -42.878  -67.024  -3.945 0.1000000015
21056  -44.716  -65.299  -2.462 0.1000000015
18756  -42.755  -67.570  -4.429 0.1000000015
16364  -42.358  -69.160  -5.476 0.1000000015
15264  -41.345  -70.335  -5.741 0.1000000015
19877  -38.309  -66.523  0.620 0.1000000015
21033  -40.696  -65.712  -0.813 0.1000000015
22205  -44.402  -64.941  -1.450 0.1000000015
19923  -44.738  -65.573  -3.470 0.1000000015
18757  -44.030  -67.436  -5.005 0.1000000015
22240  -44.720  -64.791  -3.796 0.1000000015
15322  -41.220  -69.769  -8.886 0.1000000015
23365  -43.466  -63.531  -2.703 0.1000000015
21043  -40.080  -65.168  -1.358 0.1000000015
8912  -39.469  -76.515  2.440 0.3000000119
8932  -38.676  -76.492  1.018 0.2000000030
8955  -38.801  -75.811  0.737 0.2000000030
10853  -40.640  -75.059  3.767 0.4000000060
9841  -39.839  -76.124  3.128 0.2000000030
9861  -40.191  -75.460  3.301 0.4000000060
8933  -39.279  -75.901  1.521 0.3000000119
7985  -38.190  -76.851  0.489 0.2000000030
10876  -40.427  -74.512  3.171 0.4000000060
9897  -39.009  -75.118  0.906 0.2000000030
9913  -38.161  -75.654  -0.568 0.2000000030
8007  -37.532  -77.241  -0.430 0.1000000015
9912  -37.906  -76.180  -0.722 0.2000000030
8991  -37.375  -76.764  -1.228 0.1000000015
10909  -39.027  -74.209  1.185 0.3000000119
8006  -36.740  -77.393  -0.622 0.1000000015
9934  -37.924  -75.330  -0.940 0.2000000030
8030  -36.971  -77.260  -1.119 0.1000000015
9007  -36.349  -77.225  -2.086 0.1000000015
8990  -36.793  -76.977  -1.714 0.1000000015
9957  -36.416  -76.594  -2.244 0.1000000015
7145  -34.814  -78.429  -2.088 0.1000000015
7146  -35.192  -78.319  -1.910 0.1000000015
9006  -35.819  -77.270  -2.446 0.1000000015
7164  -34.474  -78.362  -2.578 0.1000000015
7165  -35.031  -78.364  -2.403 0.1000000015
10896  -39.352  -73.875  2.017 0.3000000119
10920  -38.164  -74.652  -0.459 0.2000000030
10936  -37.679  -74.781  -1.073 0.2000000030
9933  -37.668  -75.829  -1.150 0.2000000030
9932  -36.956  -76.127  -1.704 0.2000000030
8071  -35.190  -77.955  -2.928 0.1000000015
7162  -33.035  -78.455  -3.087 0.1000000015
11939  -39.397  -73.074  1.981 0.2000000030
11955  -38.998  -73.499  1.526 0.3000000119
10919  -37.689  -74.358  -0.688 0.2000000030
10956  -36.268  -75.403  -2.160 0.2000000030
9030  -35.249  -77.119  -2.881 0.1000000015
6388  -32.410  -78.805  -3.901 0.1000000015
7189  -34.037  -78.549  -3.099 0.1000000015
11954  -38.327  -73.336  0.825 0.3000000119
11984  -37.380  -74.206  -0.836 0.3000000119
12980  -39.922  -72.587  2.232 0.2000000030
8087  -33.561  -78.143  -4.111 0.1000000015
9029  -34.568  -77.273  -3.440 0.1000000015
10954  -34.512  -75.104  -3.104 0.1000000015
8086  -32.703  -78.218  -4.550 0.1000000015
13005  -38.708  -72.317  1.347 0.2000000030
10971  -33.963  -75.247  -3.563 0.1000000015
8109  -32.937  -77.539  -4.721 0.1000000015
9051  -33.481  -76.730  -4.502 0.1000000015
13006  -39.481  -72.329  1.721 0.2000000030
12006  -34.095  -74.308  -3.536 0.1000000015
10970  -33.670  -74.956  -4.084 0.1000000015
9084  -31.906  -76.558  -5.767 0.1000000015
9999  -33.600  -75.600  -4.621 0.1000000015
12005  -33.873  -74.102  -4.209 0.1000000015
15232  -34.713  -71.422  -2.948 0.3000000119
10997  -34.133  -75.018  -5.737 0.1000000015
11916  -39.899  -73.274  2.505 0.3000000119
9860  -39.787  -75.395  2.550 0.3000000119
9881  -39.496  -74.818  1.724 0.2000000030
11968  -38.128  -74.065  0.109 0.3000000119
9982  -34.971  -76.529  -3.064 0.1000000015
9052  -33.940  -77.415  -3.917 0.1000000015
9896  -38.602  -75.324  0.136 0.2000000030
10908  -38.559  -74.481  0.418 0.3000000119
9956  -35.635  -76.278  -2.680 0.1000000015
8108  -32.233  -77.645  -4.932 0.1000000015
9071  -32.751  -76.619  -5.391 0.1000000015
10982  -33.891  -74.685  -5.084 0.1000000015
9069  -31.279  -76.838  -5.544 0.1000000015
10011  -33.640  -75.561  -5.583 0.1000000015
14136  -34.634  -71.754  -3.623 0.2000000030
13097  -35.343  -73.094  -5.516 0.1000000015
12026  -35.873  -73.695  -6.313 0.1000000015
13098  -36.266  -72.815  -5.686 0.2000000030
11009  -36.094  -74.308  -7.031 0.1000000015
14146  -35.094  -71.686  -4.357 0.2000000030
13084  -35.649  -72.172  -5.044 0.2000000030
12027  -36.811  -73.155  -6.263 0.2000000030
13085  -36.751  -72.154  -5.156 0.1000000015
12042  -36.665  -73.857  -6.943 0.1000000015
13086  -37.460  -72.225  -5.410 0.1000000015
14147  -36.233  -71.328  -4.358 0.1000000015
12043  -37.529  -73.006  -6.633 0.1000000015
15233  -34.949  -70.915  -3.119 0.2000000030
14137  -35.442  -71.108  -3.752 0.2000000030
14148  -37.650  -71.579  -4.863 0.1000000015
14162  -38.481  -71.991  -5.668 0.1000000015
15226  -35.568  -69.946  -2.511 0.2000000030
15245  -36.304  -70.735  -3.837 0.2000000030
15246  -37.024  -70.454  -4.019 0.2000000030
14149  -38.765  -71.238  -5.041 0.1000000015
15235  -36.712  -69.893  -3.461 0.2000000030
15247  -38.263  -70.626  -4.460 0.1000000015
14178  -38.591  -72.211  -6.260 0.1000000015
14145  -34.672  -71.917  -4.241 0.1000000015
13083  -34.538  -72.598  -4.566 0.1000000015
7965  -38.371  -77.236  1.464 0.1000000015
13930  -41.981  -72.519  8.500 0.2000000030
10765  -41.587  -74.637  8.992 0.1000000015
14988  -45.529  -69.815  12.992 0.1000000015
12817  -42.751  -73.387  12.025 0.1000000015
12835  -42.605  -73.227  11.116 0.1000000015
12836  -42.906  -72.348  10.611 0.1000000015
16064  -45.813  -69.392  13.833 0.2000000030
14970  -45.296  -70.168  13.685 0.1000000015
12769  -43.133  -72.134  13.090 0.1000000015
16080  -45.820  -68.797  13.176 0.2000000030
14987  -44.830  -70.384  12.856 0.1000000015
13863  -44.279  -71.033  12.956 0.1000000015
13862  -43.809  -71.661  12.489 0.1000000015
12793  -43.254  -72.265  12.723 0.1000000015
10836  -40.761  -75.372  4.450 0.2000000030
11831  -41.657  -73.735  8.201 0.1000000015
12818  -43.217  -72.332  11.704 0.1000000015
13879  -44.356  -71.063  12.074 0.1000000015
17269  -46.111  -68.083  13.304 0.2000000030
11733  -42.346  -73.760  12.158 0.1000000015
12792  -42.609  -72.592  12.581 0.1000000015
13824  -44.961  -70.650  14.021 0.1000000015
9842  -40.324  -76.086  3.860 0.1000000015
8899  -39.653  -77.030  3.401 0.1000000015
23154  -45.204  -63.944  11.669 0.1000000015
21967  -45.812  -64.635  11.510 0.1000000015
20838  -47.063  -65.142  11.823 0.1000000015
20814  -47.560  -65.298  12.635 0.1000000015
20803  -47.697  -65.692  13.695 0.1000000015
20837  -46.390  -65.229  11.628 0.1000000015
23144  -47.408  -63.448  12.297 0.1000000015
23145  -48.173  -63.630  12.500 0.1000000015
21943  -49.004  -64.067  13.442 0.1000000015
20772  -48.971  -64.897  15.137 0.1000000015
23155  -46.172  -63.979  11.783 0.1000000015
23157  -47.604  -64.017  12.123 0.1000000015
20815  -48.169  -65.052  13.374 0.1000000015
20804  -48.338  -65.221  14.052 0.1000000015
20770  -46.904  -65.732  15.285 0.1000000015
23142  -45.650  -63.377  12.242 0.1000000015
23113  -49.765  -63.554  15.018 0.1000000015
24249  -47.913  -62.847  12.699 0.1000000015
24250  -48.507  -62.971  13.023 0.1000000015
23147  -49.097  -63.608  13.351 0.1000000015
23135  -49.416  -63.536  13.790 0.1000000015
23143  -46.581  -63.394  12.227 0.1000000015
21935  -49.106  -64.317  14.268 0.1000000015
21917  -48.689  -64.563  15.340 0.1000000015
23141  -44.681  -63.320  12.209 0.1000000015
25408  -50.166  -61.908  13.639 0.1000000015
24238  -50.082  -62.638  13.933 0.1000000015
23130  -49.723  -63.488  14.436 0.1000000015
25422  -48.513  -62.266  13.206 0.1000000015
24248  -47.065  -62.746  12.613 0.1000000015
24246  -45.164  -62.615  12.608 0.1000000015
30907  -44.256  -56.644  7.337 0.1000000015
24244  -43.074  -62.663  12.427 0.1000000015
27635  -42.554  -59.764  7.784 0.1000000015
28702  -44.192  -58.888  7.743 0.1000000015
32073  -46.004  -55.695  6.183 0.1000000015
32055  -44.452  -55.946  7.028 0.1000000015
30932  -44.924  -56.221  7.054 0.1000000015
24237  -49.276  -62.559  13.410 0.1000000015
24231  -50.543  -62.302  14.129 0.1000000015
24219  -49.988  -62.822  15.237 0.1000000015
32054  -43.820  -55.856  6.827 0.1000000015
19640  -47.233  -66.424  13.291 0.1000000015
19626  -47.208  -66.571  14.161 0.1000000015
20813  -46.724  -65.670  12.191 0.1000000015
23153  -44.147  -63.909  11.711 0.1000000015
21951  -47.908  -64.392  12.323 0.1000000015
19611  -47.459  -66.089  14.687 0.1000000015
20771  -48.024  -65.577  15.128 0.1000000015
24247  -46.123  -62.721  12.676 0.1000000015
29777  -43.636  -57.701  7.504 0.1000000015
32072  -44.877  -55.716  6.324 0.1000000015
19846  -36.699  -66.458  2.840 0.1000000015
20989  -36.341  -65.786  3.489 0.1000000015
8898  -38.013  -77.075  3.664 0.1000000015
8897  -37.634  -77.079  2.862 0.1000000015
7942  -37.819  -77.481  2.605 0.1000000015
9840  -38.335  -75.868  3.995 0.1000000015
9839  -37.957  -76.090  3.049 0.1000000015
9859  -37.554  -76.345  2.266 0.1000000015
10852  -38.380  -74.870  4.270 0.1000000015
8888  -38.603  -76.663  4.634 0.1000000015
7891  -39.014  -77.127  5.058 0.1000000015
11902  -37.576  -73.736  3.698 0.1000000015
11888  -37.865  -73.330  4.495 0.1000000015
9824  -38.718  -75.437  5.033 0.1000000015
12944  -37.980  -72.804  4.916 0.1000000015
10835  -38.470  -74.120  4.875 0.1000000015
16091  -33.676  -69.507  11.334 0.1000000015
17278  -33.622  -68.465  11.640 0.1000000015
16158  -32.101  -69.662  8.627 0.1000000015
16157  -31.707  -69.797  8.001 0.1000000015
16179  -32.137  -69.355  7.599 0.1000000015
16180  -32.810  -69.014  7.102 0.1000000015
7923  -38.974  -77.804  3.491 0.1000000015
16203  -32.342  -69.451  6.581 0.1000000015
16204  -33.324  -69.170  6.461 0.1000000015
11887  -37.111  -73.004  4.074 0.1000000015
12943  -37.528  -72.411  4.784 0.1000000015
16227  -32.650  -69.578  5.756 0.1000000015
15098  -33.667  -69.924  5.054 0.1000000015
15120  -35.390  -70.794  4.553 0.1000000015
12941  -36.207  -71.962  4.057 0.1000000015
14000  -36.558  -71.631  4.605 0.1000000015
12919  -37.706  -72.131  5.225 0.1000000015
11889  -38.308  -73.178  5.032 0.1000000015
7984  -37.787  -77.299  0.568 0.1000000015
16247  -32.124  -69.584  5.101 0.1000000015
15119  -34.415  -70.466  4.271 0.1000000015
13975  -36.556  -71.126  5.147 0.1000000015
13976  -37.456  -71.609  5.449 0.1000000015
16110  -33.111  -69.305  10.592 0.1000000015
16133  -32.848  -69.267  10.118 0.1000000015
17309  -32.540  -68.858  9.143 0.1000000015
8875  -39.375  -76.830  5.762 0.1000000015
7892  -39.563  -77.180  5.279 0.1000000015
7905  -39.257  -77.502  4.491 0.1000000015
17323  -32.652  -68.631  8.431 0.1000000015
17345  -32.855  -68.730  7.670 0.1000000015
17324  -33.377  -68.334  8.007 0.1000000015
7943  -38.312  -77.590  2.506 0.1000000015
16229  -34.601  -69.781  5.803 0.1000000015
15100  -35.025  -70.236  5.271 0.1000000015
15101  -35.956  -70.582  5.333 0.1000000015
12920  -38.125  -72.404  5.451 0.1000000015
15077  -35.577  -70.054  5.868 0.1000000015
15078  -36.272  -70.163  6.203 0.1000000015
15102  -36.702  -70.814  5.674 0.1000000015
13977  -38.061  -71.878  5.725 0.1000000015
18479  -33.649  -67.851  11.918 0.1000000015
17296  -33.215  -68.477  10.976 0.1000000015
19653  -33.558  -67.305  11.875 0.1000000015
19634  -34.108  -66.515  13.038 0.1000000015
7881  -39.837  -76.908  5.973 0.1000000015
18520  -33.404  -67.480  10.618 0.1000000015
9794  -38.956  -75.995  6.370 0.1000000015
8889  -40.277  -76.858  5.229 0.1000000015
18535  -33.518  -67.371  9.399 0.1000000015
10815  -38.930  -74.520  5.623 0.1000000015
7906  -39.845  -77.325  4.855 0.1000000015
18552  -33.150  -68.031  8.634 0.1000000015
17325  -33.941  -68.206  7.711 0.1000000015
17364  -34.104  -68.783  6.802 0.1000000015
16205  -34.324  -69.290  6.339 0.1000000015
17366  -35.305  -68.946  6.983 0.1000000015
15079  -37.225  -70.689  6.270 0.1000000015
13956  -37.783  -71.215  6.157 0.1000000015
16206  -35.459  -69.396  6.601 0.1000000015
8853  -39.097  -76.190  6.477 0.1000000015
19675  -33.623  -67.010  11.393 0.1000000015
19654  -33.728  -66.623  12.086 0.1000000015
20809  -34.452  -65.695  12.153 0.1000000015
20798  -34.723  -65.275  13.503 0.1000000015
10800  -39.402  -74.769  6.913 0.1000000015
9795  -39.269  -75.718  6.824 0.1000000015
8830  -40.195  -76.376  7.388 0.1000000015
19718  -33.806  -66.771  10.270 0.1000000015
19699  -33.824  -66.763  10.887 0.1000000015
11871  -39.089  -74.058  5.992 0.1000000015
7924  -39.603  -77.482  4.120 0.1000000015
15080  -37.986  -70.824  6.499 0.1000000015
11850  -38.888  -73.131  6.210 0.1000000015
18553  -34.101  -67.748  8.241 0.1000000015
15058  -36.784  -69.946  6.870 0.1000000015
17347  -34.446  -68.435  7.371 0.1000000015
17348  -35.564  -68.602  7.465 0.1000000015
16181  -35.771  -69.067  7.152 0.1000000015
20829  -34.602  -65.814  11.197 0.1000000015
11851  -39.256  -73.704  6.516 0.1000000015
9825  -40.446  -76.087  4.907 0.1000000015
15059  -37.618  -70.240  6.972 0.1000000015
13942  -38.817  -71.324  7.193 0.1000000015
17349  -36.209  -68.709  7.663 0.1000000015
18536  -34.771  -67.085  8.986 0.1000000015
18577  -34.749  -68.081  7.786 0.1000000015
12881  -39.376  -72.969  7.245 0.1000000015
11812  -39.784  -74.525  8.570 0.1000000015
13943  -39.428  -71.853  7.546 0.1000000015
19700  -34.386  -66.300  10.723 0.1000000015
16184  -37.951  -69.925  7.722 0.1000000015
15060  -38.417  -70.706  7.160 0.1000000015
15061  -39.011  -70.983  7.628 0.1000000015
19719  -34.506  -66.598  9.893 0.1000000015
16159  -36.876  -69.149  7.873 0.1000000015
16183  -37.162  -69.607  7.509 0.1000000015
17326  -35.912  -68.150  8.124 0.1000000015
17327  -36.644  -68.528  8.334 0.1000000015
18554  -35.296  -67.755  8.254 0.1000000015
12873  -39.846  -73.221  8.446 0.1000000015
11797  -40.098  -74.100  9.110 0.1000000015
15042  -39.473  -70.869  8.327 0.1000000015
19677  -35.468  -65.919  11.059 0.1000000015
16134  -37.821  -69.028  8.869 0.1000000015
16162  -39.110  -69.953  8.821 0.1000000015
16160  -37.412  -69.265  8.256 0.1000000015
16161  -38.251  -69.601  8.505 0.1000000015
18537  -35.796  -67.224  8.965 0.1000000015
11798  -40.436  -74.228  9.871 0.1000000015
13928  -40.049  -71.881  8.952 0.1000000015
20830  -35.304  -65.633  11.389 0.1000000015
17311  -36.968  -68.201  9.025 0.1000000015
19720  -35.488  -66.636  9.678 0.1000000015
11776  -40.674  -73.798  10.745 0.1000000015
19701  -35.226  -66.105  10.652 0.1000000015
21910  -35.612  -64.491  15.729 0.1000000015
21923  -35.529  -64.388  14.730 0.1000000015
21937  -35.230  -64.669  13.871 0.1000000015
20780  -34.793  -65.310  14.711 0.1000000015
16132  -32.562  -69.533  9.636 0.1000000015
17346  -33.540  -68.621  7.283 0.1000000015
16228  -33.563  -69.712  5.478 0.1000000015
16249  -33.238  -69.875  5.066 0.1000000015
15099  -34.109  -69.988  5.067 0.1000000015
13999  -35.725  -71.564  4.122 0.1000000015
12960  -35.831  -72.428  3.373 0.1000000015
17310  -32.944  -68.525  9.943 0.1000000015
13957  -38.473  -71.742  6.392 0.1000000015
16207  -36.200  -69.680  6.771 0.1000000015
11830  -39.546  -74.085  7.597 0.1000000015
13958  -39.106  -72.302  6.896 0.1000000015
15041  -38.707  -70.329  8.028 0.1000000015
17328  -37.374  -68.781  8.737 0.1000000015
12856  -40.171  -73.511  9.336 0.1000000015
20767  -34.956  -65.514  15.602 0.1000000015
10096  -29.199  -75.713  -12.068 0.1000000015
10095  -28.853  -75.750  -11.526 0.1000000015
12231  -29.759  -73.451  -15.577 0.1000000015
11177  -29.317  -74.196  -15.461 0.1000000015
11157  -30.207  -73.883  -14.763 0.1000000015
11156  -29.701  -74.413  -14.835 0.1000000015
10108  -29.161  -75.466  -12.931 0.1000000015
12253  -29.325  -73.210  -16.336 0.1000000015
14393  -29.505  -71.480  -17.077 0.1000000015
14394  -30.341  -70.884  -17.140 0.1000000015
11102  -28.978  -75.022  -11.777 0.1000000015
11082  -28.637  -74.698  -11.169 0.1000000015
11103  -29.213  -74.734  -12.360 0.1000000015
11139  -29.908  -74.370  -14.222 0.1000000015
10122  -29.248  -75.245  -13.889 0.1000000015
10082  -28.441  -75.747  -11.052 0.1000000015
11178  -29.918  -73.720  -15.221 0.1000000015
10138  -29.194  -74.964  -14.700 0.1000000015
13273  -29.970  -72.845  -15.792 0.1000000015
14374  -30.444  -71.728  -16.302 0.1000000015
15494  -30.759  -69.957  -17.720 0.1000000015
13093  -27.184  -72.934  -5.907 0.1000000015
12057  -27.610  -73.059  -7.710 0.1000000015
13111  -27.563  -72.638  -6.464 0.1000000015
12131  -29.222  -73.711  -10.869 0.1000000015
12130  -28.301  -73.925  -10.362 0.1000000015
12129  -27.581  -74.020  -10.028 0.1000000015
12105  -27.379  -74.072  -9.337 0.1000000015
12080  -27.229  -73.737  -8.449 0.1000000015
11083  -29.164  -74.351  -11.665 0.1000000015
11058  -27.105  -74.473  -9.873 0.1000000015
12152  -29.728  -73.839  -12.184 0.1000000015
11081  -27.795  -74.784  -10.600 0.1000000015
11122  -29.513  -74.489  -13.251 0.1000000015
13298  -30.239  -72.409  -16.031 0.1000000015
13095  -28.786  -72.927  -5.767 0.1000000015
13130  -27.252  -72.815  -7.082 0.1000000015
12021  -28.193  -73.635  -5.453 0.1000000015
12106  -27.988  -73.706  -9.391 0.1000000015
12081  -28.404  -73.051  -8.490 0.1000000015
11140  -30.595  -73.949  -14.249 0.1000000015
12232  -30.364  -73.250  -15.181 0.1000000015
13274  -30.696  -72.427  -15.565 0.1000000015
12173  -30.357  -73.856  -13.428 0.1000000015
13110  -26.832  -72.929  -6.417 0.1000000015
12058  -28.203  -72.732  -7.744 0.1000000015
12056  -26.488  -73.444  -7.462 0.1000000015
12037  -26.135  -73.159  -6.470 0.1000000015
12153  -31.077  -73.342  -12.347 0.1000000015
12154  -32.495  -73.495  -11.880 0.1000000015
12155  -33.442  -74.041  -11.542 0.1000000015
13132  -28.893  -72.538  -7.529 0.1000000015
12107  -28.920  -73.252  -9.849 0.1000000015
13171  -29.451  -73.228  -10.192 0.1000000015
12132  -30.191  -73.241  -10.911 0.1000000015
12109  -30.988  -73.121  -9.833 0.1000000015
12133  -31.717  -73.285  -10.934 0.1000000015
12108  -29.833  -73.038  -9.861 0.1000000015
13151  -29.086  -72.692  -8.292 0.1000000015
12082  -29.386  -72.949  -8.894 0.1000000015
7163  -33.769  -78.493  -2.830 0.1000000015
7187  -32.414  -78.542  -3.675 0.1000000015
7188  -33.149  -78.666  -3.582 0.1000000015
7190  -34.636  -78.348  -2.865 0.1000000015
7882  -40.142  -76.917  5.984 0.1000000015
7893  -40.036  -77.151  5.562 0.1000000015
7904  -38.619  -77.496  4.140 0.1000000015
7921  -37.832  -77.467  3.140 0.1000000015
7922  -38.223  -77.625  3.272 0.1000000015
7966  -39.001  -76.792  1.753 0.2000000030
8008  -38.048  -77.011  -0.130 0.1000000015
8029  -36.244  -77.461  -1.542 0.1000000015
8047  -34.351  -78.174  -2.291 0.1000000015
8048  -35.622  -77.925  -2.151 0.1000000015
8049  -36.043  -77.517  -2.086 0.1000000015
8069  -33.751  -78.428  -3.491 0.1000000015
8070  -34.316  -78.187  -3.406 0.1000000015
8088  -34.123  -77.853  -3.731 0.1000000015
8854  -39.566  -76.424  6.689 0.1000000015
8855  -40.384  -76.583  6.510 0.1000000015
8856  -40.785  -76.233  6.751 0.1000000015
8874  -38.917  -76.371  5.841 0.1000000015
8876  -40.288  -76.791  5.825 0.1000000015
8900  -40.122  -76.936  4.369 0.1000000015
8954  -38.448  -76.152  0.210 0.2000000030
8974  -37.779  -76.592  -0.823 0.2000000030
8975  -38.034  -76.591  -0.299 0.2000000030
9070  -31.972  -77.009  -5.479 0.1000000015
9085  -32.309  -76.471  -5.834 0.1000000015
9811  -39.011  -75.444  6.082 0.1000000015
9812  -39.254  -75.152  6.509 0.1000000015
9813  -40.629  -76.345  5.862 0.1000000015
9955  -34.956  -75.823  -2.947 0.1000000015
9980  -33.726  -75.879  -3.950 0.1000000015
9981  -34.392  -76.069  -3.440 0.2000000030
10816  -39.227  -74.610  6.243 0.1000000015
10834  -38.068  -74.156  4.148 0.1000000015
10935  -36.989  -75.095  -1.555 0.2000000030
10937  -38.075  -75.090  -0.852 0.2000000030
11815  -42.044  -73.562  9.844 0.2000000030
11870  -38.743  -73.452  5.700 0.1000000015
11938  -38.916  -72.919  1.552 0.2000000030
12028  -37.323  -72.837  -6.157 0.2000000030
12041  -36.063  -74.189  -6.782 0.1000000015
12875  -41.971  -73.025  8.691 0.2000000030
12876  -42.155  -73.081  9.328 0.2000000030
12882  -41.793  -72.740  7.988 0.3000000119
12883  -41.819  -72.147  7.751 0.3000000119
12898  -38.615  -72.688  6.070 0.1000000015
12899  -38.938  -72.748  6.558 0.1000000015
12922  -43.294  -72.221  5.101 0.5000000000
12942  -36.708  -72.285  4.175 0.1000000015
12965  -44.253  -72.052  2.559 0.5000000000
12984  -44.007  -72.291  2.256 0.5000000000
13011  -44.131  -72.236  1.907 0.5000000000
13027  -37.859  -72.444  0.692 0.3000000119
13044  -36.910  -72.622  -0.398 0.3000000119
13045  -37.344  -72.586  0.133 0.3000000119
13061  -36.392  -72.594  -0.915 0.3000000119
13073  -35.438  -72.775  -1.905 0.3000000119
13077  -34.021  -73.699  -3.780 0.1000000015
13082  -33.968  -73.377  -4.098 0.1000000015
13094  -27.917  -72.900  -5.830 0.1000000015
13099  -37.105  -72.666  -5.737 0.2000000030
13100  -37.795  -72.534  -5.930 0.1000000015
13131  -27.939  -72.492  -7.212 0.1000000015
13172  -29.755  -73.222  -10.363 0.1000000015
13193  -29.278  -73.378  -10.350 0.1000000015
13194  -29.568  -73.345  -10.530 0.1000000015
13842  -45.047  -70.532  13.825 0.1000000015
13944  -41.893  -72.132  8.255 0.2000000030
13960  -43.692  -71.147  6.180 0.3000000119
14001  -37.106  -71.930  4.698 0.1000000015
14003  -44.754  -71.215  4.277 0.5000000000
14024  -44.451  -71.626  3.331 0.4000000060
14045  -44.429  -71.628  2.324 0.6000000238
14062  -39.167  -71.807  1.332 0.3000000119
14067  -44.226  -72.048  1.793 0.5000000000
14090  -41.647  -71.816  0.455 0.5000000000
14109  -36.436  -71.567  -0.440 0.3000000119
14111  -41.332  -71.453  -0.040 0.5000000000
14138  -35.981  -70.861  -3.787 0.2000000030
14161  -37.867  -72.096  -5.451 0.1000000015
14259  -39.632  -70.586  -10.964 0.1000000015
14316  -38.263  -70.759  -12.956 0.1000000015
14351  -30.735  -72.011  -15.818 0.1000000015
14969  -45.001  -70.448  13.423 0.1000000015
14971  -45.694  -69.532  13.463 0.2000000030
14989  -45.740  -69.279  13.209 0.2000000030
15025  -45.468  -70.113  8.992 0.3000000119
15064  -45.086  -70.178  7.978 0.3000000119
15081  -43.774  -70.728  6.830 0.3000000119
15104  -45.157  -69.922  4.986 0.4000000060
15121  -36.051  -71.111  4.734 0.1000000015
15163  -43.890  -71.005  2.299 0.6000000238
15165  -44.798  -71.066  2.765 0.6000000238
15210  -35.863  -70.403  -0.743 0.4000000060
15217  -42.090  -71.303  0.095 0.5000000000
15219  -34.896  -70.883  -2.048 0.3000000119
15224  -34.835  -71.154  -2.498 0.3000000119
15234  -35.921  -70.258  -3.268 0.2000000030
15248  -39.277  -70.540  -4.849 0.2000000030
15250  -40.967  -70.305  -5.152 0.1000000015
15276  -33.644  -70.129  -6.984 0.1000000015
15279  -35.879  -70.240  -7.121 0.1000000015
15299  -37.222  -70.249  -8.264 0.1000000015
15323  -41.735  -69.461  -8.609 0.1000000015
15370  -36.917  -70.046  -10.463 0.1000000015
15410  -35.442  -70.091  -12.369 0.1000000015
15411  -39.193  -69.937  -12.491 0.1000000015
16079  -45.533  -69.172  12.780 0.1000000015
16092  -34.124  -69.695  11.801 0.1000000015
16137  -44.347  -69.289  9.242 0.2000000030
16182  -36.295  -69.191  7.367 0.1000000015
16230  -35.157  -69.899  5.912 0.1000000015
16231  -45.207  -69.641  5.694 0.3000000119
16233  -46.218  -68.788  4.612 0.4000000060
16248  -32.841  -69.771  5.072 0.1000000015
16254  -44.818  -68.760  3.882 0.6000000238
16277  -46.089  -68.862  4.000 0.4000000060
16315  -36.334  -69.538  -0.821 0.4000000060
16328  -35.546  -69.990  -1.252 0.4000000060
16329  -35.933  -69.465  -1.457 0.4000000060
16349  -36.616  -69.422  -3.002 0.2000000030
16362  -40.690  -69.741  -4.802 0.1000000015
16375  -33.120  -69.196  -5.929 0.1000000015
16391  -32.568  -69.214  -6.449 0.1000000015
16412  -33.226  -70.021  -7.010 0.1000000015
16418  -42.773  -68.556  -7.995 0.1000000015
16439  -39.445  -69.123  -9.086 0.1000000015
16440  -41.524  -69.237  -9.338 0.1000000015
16442  -42.550  -68.658  -8.361 0.1000000015
16466  -39.310  -69.136  -9.922 0.1000000015
16515  -35.823  -70.102  -11.869 0.1000000015
16546  -39.901  -68.936  -12.269 0.1000000015
17300  -42.849  -68.346  10.798 0.3000000119
17314  -42.001  -67.951  9.314 0.3000000119
17333  -45.654  -68.514  7.708 0.3000000119
17334  -46.021  -68.583  7.400 0.4000000060
17350  -46.156  -68.123  7.351 0.4000000060
17351  -46.398  -68.299  6.948 0.3000000119
17365  -34.881  -68.861  6.889 0.1000000015
17367  -46.068  -68.674  5.876 0.4000000060
17368  -46.444  -68.237  6.187 0.5000000000
17384  -46.538  -68.347  5.248 0.4000000060
17385  -46.925  -67.963  5.018 0.4000000060
17407  -46.603  -68.398  4.418 0.4000000060
17426  -46.933  -68.069  4.162 0.5000000000
17437  -38.726  -68.296  2.612 0.4000000060
17439  -40.033  -69.028  2.490 0.4000000060
17446  -38.717  -68.059  2.090 0.3000000119
17471  -36.784  -68.871  -1.123 0.4000000060
17474  -43.198  -67.834  -0.443 0.3000000119
17482  -36.423  -68.914  -1.712 0.4000000060
17495  -36.735  -68.798  -2.401 0.4000000060
17497  -38.225  -68.002  -2.934 0.2000000030
17505  -39.466  -68.533  -4.160 0.2000000030
17528  -32.877  -68.883  -5.943 0.1000000015
17530  -34.497  -68.447  -5.300 0.1000000015
17536  -40.875  -67.607  -6.178 0.1000000015
17537  -43.246  -68.330  -6.497 0.2000000030
17547  -31.935  -68.543  -6.643 0.1000000015
17548  -32.635  -68.522  -6.329 0.1000000015
17549  -33.015  -68.442  -6.019 0.1000000015
17557  -43.236  -67.910  -6.952 0.2000000030
17570  -39.239  -69.117  -7.424 0.1000000015
17574  -43.060  -68.237  -7.840 0.2000000030
17575  -43.141  -67.865  -7.562 0.2000000030
17598  -43.071  -67.922  -8.086 0.2000000030
17642  -41.168  -68.733  -10.327 0.1000000015
17661  -39.537  -68.646  -11.963 0.1000000015
17662  -40.213  -68.797  -11.760 0.1000000015
17683  -39.955  -68.716  -12.127 0.1000000015
17703  -37.834  -68.747  -14.321 0.1000000015
17726  -37.761  -68.674  -14.591 0.1000000015
18446  -46.837  -67.306  14.025 0.1000000015
18486  -44.332  -68.002  12.295 0.3000000119
18501  -33.459  -67.739  11.410 0.1000000015
18505  -42.804  -67.845  11.221 0.3000000119
18534  -32.780  -68.175  9.049 0.1000000015
18542  -41.915  -67.698  9.925 0.3000000119
18551  -32.834  -68.264  8.720 0.1000000015
18555  -36.108  -67.797  8.508 0.1000000015
18556  -40.944  -66.898  8.674 0.3000000119
18561  -45.295  -68.135  7.812 0.3000000119
18576  -34.306  -68.097  7.770 0.1000000015
18578  -44.430  -66.773  7.627 0.3000000119
18611  -40.248  -67.378  4.849 0.5000000000
18612  -40.493  -67.371  4.884 0.5000000000
18614  -46.879  -67.572  5.281 0.5000000000
18629  -38.460  -67.446  3.847 0.4000000060
18637  -46.568  -67.329  4.267 0.5000000000
18657  -46.391  -67.583  3.990 0.5000000000
18683  -37.885  -67.360  1.964 0.2000000030
18686  -40.444  -68.355  1.283 0.4000000060
18705  -43.215  -67.490  -0.170 0.3000000119
18714  -43.372  -67.254  -0.647 0.3000000119
18725  -43.267  -67.328  -1.149 0.3000000119
18726  -43.450  -67.232  -0.951 0.3000000119
18734  -40.662  -66.872  -2.409 0.2000000030
18742  -41.923  -67.084  -3.809 0.1000000015
18752  -38.493  -66.990  -4.855 0.1000000015
18758  -44.316  -66.751  -4.964 0.1000000015
18775  -37.160  -67.995  -5.145 0.1000000015
18782  -44.109  -66.939  -5.409 0.1000000015
18803  -41.224  -67.405  -6.202 0.1000000015
18805  -42.660  -67.288  -6.899 0.2000000030
18830  -42.782  -67.608  -7.640 0.2000000030
18852  -42.445  -67.759  -8.032 0.2000000030
18854  -42.932  -67.888  -8.248 0.1000000015
19658  -44.753  -67.313  12.254 0.3000000119
19660  -46.232  -66.504  12.408 0.2000000030
19676  -34.021  -66.313  11.406 0.1000000015
19704  -40.759  -66.352  9.972 0.3000000119
19790  -40.349  -67.177  4.940 0.5000000000
19792  -46.690  -67.269  5.790 0.5000000000
19829  -36.864  -66.372  3.553 0.2000000030
19831  -37.944  -67.249  3.631 0.4000000060
19833  -46.218  -67.236  4.157 0.5000000000
19881  -42.772  -67.200  0.153 0.3000000119
19888  -38.536  -65.967  -0.002 0.1000000015
19900  -41.715  -66.632  -2.081 0.4000000060
19903  -43.616  -66.543  -1.134 0.2000000030
19904  -43.892  -66.074  -0.937 0.2000000030
19912  -43.647  -66.083  -1.947 0.1000000015
19918  -40.988  -66.656  -2.888 0.2000000030
19919  -41.538  -66.585  -3.152 0.2000000030
19922  -44.539  -65.692  -3.439 0.1000000015
19940  -44.717  -65.727  -3.694 0.1000000015
19981  -34.936  -66.300  -7.216 0.1000000015
19984  -43.272  -66.929  -6.452 0.2000000030
20002  -32.608  -67.024  -7.497 0.1000000015
20020  -35.586  -66.100  -8.394 0.1000000015
20031  -33.204  -66.543  -8.495 0.1000000015
20035  -36.306  -65.592  -9.473 0.1000000015
20046  -34.153  -66.494  -9.784 0.1000000015
20781  -35.169  -64.914  15.360 0.1000000015
20790  -47.900  -65.714  14.472 0.1000000015
20791  -48.706  -65.136  14.693 0.1000000015
20792  -49.162  -64.676  14.869 0.1000000015
20855  -34.788  -65.917  10.832 0.1000000015
20856  -34.963  -65.749  10.955 0.1000000015
20926  -43.376  -64.966  6.756 0.3000000119
20929  -46.689  -66.096  6.017 0.4000000060
20943  -46.443  -65.301  5.988 0.4000000060
20962  -36.602  -65.544  4.323 0.2000000030
21036  -43.807  -65.823  -0.826 0.2000000030
21037  -44.069  -65.658  -1.049 0.1000000015
21044  -41.089  -65.014  -1.225 0.1000000015
21048  -44.772  -65.338  -2.196 0.1000000015
21055  -44.408  -65.563  -2.111 0.1000000015
21064  -43.930  -65.757  -2.349 0.1000000015
21065  -44.386  -65.572  -2.765 0.1000000015
21066  -44.695  -65.380  -3.123 0.1000000015
21081  -36.948  -65.537  -4.497 0.1000000015
21084  -44.620  -65.366  -4.300 0.1000000015
21085  -44.776  -65.394  -3.606 0.1000000015
21102  -35.409  -65.446  -4.939 0.1000000015
21109  -44.492  -65.772  -4.765 0.1000000015
21123  -34.842  -65.392  -6.383 0.1000000015
21916  -47.656  -64.758  15.459 0.1000000015
21922  -34.963  -64.826  14.193 0.1000000015
21934  -48.689  -64.824  14.211 0.1000000015
21942  -48.631  -64.629  13.700 0.1000000015
21952  -48.507  -64.345  12.899 0.1000000015
21953  -48.926  -63.885  13.098 0.1000000015
21968  -46.678  -64.592  11.651 0.1000000015
21969  -47.390  -64.591  11.923 0.1000000015
21983  -39.889  -64.279  10.397 0.3000000119
22041  -39.234  -63.692  8.318 0.3000000119
22047  -46.003  -65.228  6.828 0.4000000060
22048  -46.186  -65.433  6.665 0.4000000060
22069  -45.810  -64.765  6.295 0.4000000060
22118  -46.668  -65.295  4.823 0.5000000000
22190  -42.137  -64.820  -1.176 0.1000000015
22191  -42.870  -65.046  -1.092 0.1000000015
22193  -44.068  -65.352  -0.757 0.1000000015
22206  -44.583  -65.244  -1.733 0.1000000015
22212  -44.902  -64.976  -2.050 0.1000000015
22219  -44.633  -64.482  -3.068 0.1000000015
22220  -44.950  -64.992  -2.871 0.1000000015
22231  -35.879  -65.049  -4.794 0.1000000015
22233  -37.479  -64.562  -4.552 0.1000000015
22239  -43.980  -64.673  -4.374 0.1000000015
22241  -44.901  -64.923  -3.353 0.1000000015
22254  -35.506  -64.531  -5.230 0.1000000015
22256  -37.824  -63.910  -4.644 0.1000000015
23112  -49.288  -63.657  15.313 0.1000000015
23134  -49.349  -63.149  13.496 0.1000000015
23146  -48.810  -63.450  13.115 0.1000000015
23156  -47.014  -63.980  11.868 0.1000000015
23170  -42.453  -63.993  11.197 0.2000000030
23178  -38.738  -63.046  9.190 0.2000000030
23191  -38.657  -63.040  8.943 0.2000000030
23223  -41.542  -63.116  6.357 0.3000000119
23251  -43.417  -62.661  5.910 0.4000000060
23252  -43.760  -62.603  6.006 0.4000000060
23279  -45.560  -63.312  4.981 0.5000000000
23300  -45.838  -63.905  4.375 0.5000000000
23354  -43.054  -63.945  -2.089 0.1000000015
23356  -44.413  -64.402  -1.988 0.1000000015
23366  -44.261  -64.116  -2.496 0.1000000015
23388  -39.622  -63.535  -4.651 0.1000000015
23403  -38.078  -63.455  -4.668 0.1000000015
23440  -36.245  -63.472  -9.022 0.1000000015
23441  -41.332  -62.804  -9.400 0.1000000015
24230  -50.222  -62.674  14.611 0.1000000015
24239  -50.497  -62.321  13.875 0.1000000015
24278  -39.805  -62.997  10.912 0.2000000030
24293  -38.654  -62.778  9.000 0.2000000030
24347  -43.994  -62.585  6.052 0.4000000060
24349  -44.767  -62.721  5.812 0.4000000060
24374  -45.125  -62.543  5.318 0.4000000060
24415  -45.694  -63.492  4.290 0.5000000000
24434  -43.400  -62.101  3.317 0.3000000119
24529  -38.433  -62.999  -4.587 0.1000000015
24585  -35.511  -62.501  -8.340 0.1000000015
24613  -38.392  -62.431  -9.746 0.1000000015
25409  -50.638  -62.123  13.946 0.1000000015
25493  -41.148  -61.106  8.777 0.1000000015
25494  -41.372  -61.135  8.889 0.1000000015
25529  -39.584  -60.866  7.085 0.2000000030
25549  -36.433  -61.614  6.003 0.1000000015
25571  -39.541  -61.446  4.268 0.1000000015
25649  -36.686  -62.416  -3.833 0.1000000015
25682  -34.979  -61.565  -4.955 0.1000000015
25696  -34.859  -60.996  -6.788 0.1000000015
25754  -36.600  -62.124  -8.984 0.1000000015
25756  -37.747  -62.184  -9.471 0.1000000015
26620  -36.485  -60.240  6.332 0.1000000015
26640  -40.872  -60.583  5.956 0.3000000119
26662  -39.384  -60.713  4.253 0.1000000015
26814  -42.507  -60.158  -7.543 0.1000000015
26830  -35.654  -60.549  -7.910 0.1000000015
26835  -42.114  -60.608  -8.104 0.1000000015
26851  -35.785  -61.055  -8.422 0.1000000015
26855  -39.522  -60.722  -8.474 0.1000000015
26856  -40.159  -60.744  -8.309 0.1000000015
27741  -39.914  -59.693  2.763 0.2000000030
27831  -34.906  -59.337  -5.865 0.1000000015
27851  -34.900  -59.888  -6.229 0.1000000015
27854  -42.139  -59.354  -7.210 0.1000000015
27899  -36.506  -60.096  -8.110 0.1000000015
27901  -38.036  -59.949  -8.349 0.1000000015
28698  -41.035  -58.820  7.160 0.3000000119
28699  -41.342  -58.583  7.258 0.2000000030
28727  -41.050  -58.691  6.805 0.3000000119
28771  -38.690  -58.628  4.486 0.1000000015
28870  -34.931  -57.781  -3.862 0.1000000015
28884  -45.615  -57.547  -5.408 0.1000000015
28885  -45.995  -57.334  -5.426 0.1000000015
28901  -44.096  -58.709  -5.814 0.1000000015
28904  -46.065  -57.572  -5.666 0.1000000015
28929  -46.046  -57.942  -5.955 0.1000000015
28946  -36.481  -58.950  -7.153 0.1000000015
28948  -38.169  -58.681  -7.445 0.1000000015
29775  -41.756  -57.874  7.217 0.2000000030
29829  -39.835  -57.603  4.290 0.1000000015
29984  -44.237  -57.460  -4.859 0.1000000015
29985  -45.157  -57.250  -4.943 0.1000000015
30000  -37.309  -57.077  -5.433 0.1000000015
30019  -36.693  -57.564  -5.890 0.1000000015
30022  -39.569  -57.507  -6.328 0.1000000015
30025  -42.344  -58.125  -6.321 0.1000000015
30026  -46.527  -57.226  -5.913 0.1000000015
31007  -42.418  -56.061  2.694 0.1000000015
31023  -42.252  -56.947  1.902 0.1000000015
31045  -42.316  -57.348  1.514 0.1000000015
31049  -46.607  -57.193  1.602 0.1000000015
31059  -44.222  -57.691  0.642 0.1000000015
31060  -44.531  -57.286  0.627 0.1000000015
31124  -42.809  -56.342  -3.996 0.1000000015
31147  -46.206  -56.466  -5.342 0.1000000015
31163  -40.921  -56.759  -4.830 0.1000000015
31166  -46.610  -56.466  -5.772 0.1000000015
31176  -46.717  -56.396  -6.127 0.1000000015
32089  -40.417  -55.273  4.659 0.1000000015
32117  -40.907  -55.339  4.215 0.1000000015
32167  -42.933  -56.055  1.992 0.1000000015
32244  -40.924  -55.579  -2.971 0.1000000015
32260  -42.306  -55.547  -3.791 0.1000000015
32261  -43.055  -55.570  -4.002 0.1000000015
32266  -47.069  -55.309  -5.744 0.1000000015
32280  -47.243  -55.254  -5.916 0.1000000015
32299  -46.718  -55.535  -6.964 0.1000000015
33174  -37.590  -54.615  6.727 0.1000000015
33175  -38.451  -54.635  6.484 0.1000000015
33193  -40.222  -54.742  4.826 0.1000000015
33229  -40.957  -53.747  3.522 0.1000000015
33231  -42.113  -55.039  3.131 0.1000000015
33357  -44.648  -55.071  -4.810 0.1000000015
33358  -45.629  -55.131  -5.157 0.1000000015
33359  -46.471  -55.159  -5.555 0.1000000015
33360  -47.112  -55.080  -5.746 0.1000000015
33361  -47.317  -55.045  -5.866 0.1000000015
33376  -47.003  -54.642  -5.863 0.1000000015
33377  -47.373  -54.669  -6.145 0.1000000015
33398  -47.295  -54.688  -7.173 0.1000000015
34367  -38.216  -53.636  6.431 0.1000000015
34546  -40.679  -53.269  -6.111 0.1000000015
34547  -41.785  -53.602  -6.165 0.1000000015
34552  -46.904  -54.086  -6.187 0.1000000015
34569  -45.617  -53.456  -6.766 0.1000000015
34572  -48.013  -52.888  -7.396 0.1000000015
34581  -43.480  -53.037  -7.304 0.1000000015
34582  -44.359  -53.189  -7.131 0.1000000015
35599  -38.993  -52.730  5.389 0.1000000015
35769  -45.818  -53.150  -7.169 0.1000000015
35780  -41.088  -51.926  -7.373 0.1000000015
35782  -42.558  -52.371  -7.703 0.1000000015
35783  -43.324  -52.550  -7.735 0.1000000015
35786  -46.767  -52.260  -7.724 0.1000000015
35787  -47.399  -52.264  -7.616 0.1000000015
36941  -47.657  -52.261  -7.597 0.1000000015
36942  -47.893  -52.248  -7.609 0.1000000015
36952  -41.523  -51.320  -7.819 0.1000000015
36954  -47.121  -51.765  -8.048 0.1000000015
38147  -41.841  -50.480  -8.101 0.1000000015
38153  -47.786  -50.521  -9.366 0.1000000015
39327  -42.162  -49.477  -8.159 0.1000000015
40496  -41.835  -48.377  -7.516 0.1000000015
41686  -44.479  -47.665  -8.641 0.1000000015
