#!ascii label  , from subject 3174 vox2ras=TkReg
714
79864  20.016  -14.279  -6.450 0.1428571492
79865  19.005  -14.207  -6.422 0.1428571492
81155  19.341  -13.199  -7.944 0.1428571492
81154  20.365  -13.114  -7.625 0.2857142985
81135  18.668  -13.515  -6.945 0.1428571492
81133  20.684  -13.769  -7.000 0.1428571492
82402  20.561  -12.075  -8.205 0.5714285970
81153  21.364  -13.125  -7.437 0.1428571492
83631  22.606  -11.707  -7.920 0.2857142985
82384  22.034  -12.415  -7.717 0.2857142985
84895  23.453  -10.903  -8.219 0.1428571492
83645  23.021  -11.177  -8.242 0.2857142985
87395  23.956  -8.479  -9.955 0.2857142985
86212  23.856  -8.939  -9.260 0.1428571492
86195  23.457  -9.549  -8.960 0.2857142985
88554  25.016  -7.102  -10.922 0.2857142985
88525  24.876  -7.967  -9.557 0.2857142985
89713  25.529  -6.350  -11.408 0.2857142985
91880  26.745  -4.664  -12.034 0.2857142985
94075  28.245  -2.525  -13.353 0.8571428657
92965  27.395  -3.498  -13.191 0.4285714328
91868  26.993  -4.827  -11.341 0.2857142985
95206  28.978  -0.847  -14.538 0.7142857313
95194  29.278  -1.229  -13.842 0.7142857313
95179  28.519  -2.061  -13.356 0.7142857313
94076  27.582  -2.932  -14.002 0.7142857313
96328  30.080  0.114  -14.400 0.8571428657
96329  29.522  -0.326  -14.460 0.5714285970
95195  28.478  -1.842  -13.753 0.7142857313
94086  27.837  -2.298  -14.460 0.7142857313
98445  30.600  1.478  -15.024 0.4285714328
97402  29.612  0.611  -14.708 0.7142857313
100635  31.267  3.337  -15.791 0.2857142985
101676  30.577  3.515  -15.025 0.5714285970
98446  29.744  1.452  -14.868 0.8571428657
99524  30.403  2.371  -15.078 0.7142857313
101712  31.991  4.263  -16.532 0.1428571492
100645  31.617  3.426  -16.425 0.1428571492
101695  31.544  4.232  -15.712 0.4285714328
100619  30.467  3.052  -15.022 0.5714285970
99525  29.849  2.338  -14.779 0.8571428657
103644  32.146  6.070  -16.586 0.1428571492
101711  32.361  4.564  -17.095 0.1428571492
102706  32.248  5.193  -16.486 0.1428571492
100621  29.284  3.241  -14.574 0.8571428657
104572  31.698  7.611  -17.053 0.1428571492
104584  32.188  6.911  -17.736 0.1428571492
104571  32.154  6.853  -16.765 0.1428571492
103645  31.904  5.861  -16.033 0.1428571492
103625  31.548  6.299  -15.367 0.4285714328
102686  31.148  5.188  -15.227 0.5714285970
101697  30.028  4.464  -14.548 0.7142857313
100622  28.410  3.364  -14.606 0.8571428657
105510  31.396  8.731  -15.594 0.1428571492
104557  31.805  7.487  -15.757 0.1428571492
104536  31.375  7.118  -15.130 0.5714285970
102687  30.355  5.180  -14.712 0.8571428657
101678  29.611  3.991  -14.442 0.8571428657
102669  28.926  4.834  -14.550 0.8571428657
106573  31.314  9.605  -16.245 0.1428571492
106555  31.127  9.680  -15.263 0.2857142985
104558  31.247  8.213  -15.241 0.1428571492
105489  30.449  8.902  -13.817 0.8571428657
103607  30.301  6.901  -14.359 0.8571428657
103626  30.770  6.072  -14.698 0.7142857313
103608  29.336  6.933  -14.115 0.8571428657
108708  30.554  11.470  -14.585 0.1428571492
109800  30.767  12.161  -14.911 0.1428571492
106556  30.808  9.771  -14.359 0.4285714328
106537  29.511  9.697  -13.591 0.8571428657
105490  29.221  8.673  -13.658 0.8571428657
104539  28.815  7.733  -13.840 0.8571428657
103609  28.461  7.081  -14.351 0.8571428657
107606  30.444  10.666  -14.147 0.4285714328
106538  28.441  9.496  -13.712 0.8571428657
105492  27.700  8.328  -14.503 0.8571428657
109801  30.295  12.357  -14.386 0.1428571492
110938  29.973  13.359  -14.268 0.2857142985
108709  30.049  11.538  -13.893 0.5714285970
109803  28.490  12.488  -13.497 0.8571428657
108710  29.128  11.474  -13.593 0.8571428657
107608  28.762  10.483  -13.595 0.8571428657
107609  27.820  10.380  -14.057 0.8571428657
106539  27.530  9.276  -14.414 0.8571428657
112111  29.623  14.394  -14.141 0.2857142985
110939  29.064  13.491  -13.688 0.7142857313
109802  29.544  12.470  -13.758 0.5714285970
108729  27.312  11.433  -14.351 0.8571428657
108730  26.481  11.430  -14.867 0.8571428657
110940  27.930  13.583  -13.652 0.8571428657
110941  27.352  13.865  -14.200 0.8571428657
109818  26.986  12.446  -14.615 0.8571428657
110966  26.286  13.386  -15.682 0.7142857313
109829  26.368  12.441  -15.279 0.7142857313
112113  27.827  14.552  -14.065 0.8571428657
112114  27.038  14.535  -14.448 0.8571428657
110956  26.803  13.466  -14.803 0.8571428657
112122  26.358  14.464  -15.181 0.8571428657
113274  26.272  15.531  -15.404 0.8571428657
115258  26.701  17.576  -15.406 0.7142857313
114322  26.713  16.432  -15.003 0.8571428657
115259  25.809  17.239  -15.862 0.8571428657
114333  25.434  16.469  -16.316 0.8571428657
116155  25.323  18.494  -17.203 0.7142857313
114332  26.087  16.463  -15.652 0.8571428657
118078  27.683  20.965  -18.232 0.1428571492
115265  26.075  17.948  -15.986 0.8571428657
116154  25.930  18.617  -16.382 0.7142857313
117112  25.083  19.437  -17.488 0.7142857313
115266  25.390  17.552  -16.599 0.8571428657
120142  26.846  22.577  -19.155 0.1428571492
118063  25.687  20.406  -17.375 0.5714285970
118079  25.201  20.759  -17.931 0.5714285970
118091  24.351  20.495  -19.193 0.5714285970
119104  25.402  21.523  -18.543 0.1428571492
121002  26.567  23.480  -20.624 0.1428571492
119121  23.675  20.816  -20.034 0.5714285970
121015  25.515  23.611  -21.650 0.1428571492
121025  25.282  23.972  -22.488 0.1428571492
120157  24.445  22.589  -20.397 0.1428571492
121808  25.350  24.145  -23.437 0.1428571492
119120  24.338  21.505  -19.680 0.5714285970
121026  24.419  23.520  -23.166 0.1428571492
121027  24.163  22.836  -23.858 0.1428571492
121829  25.121  24.539  -24.629 0.1428571492
120182  24.245  22.706  -24.648 0.1428571492
79844  19.378  -14.840  -6.000 0.1428571492
79845  18.463  -14.782  -5.993 0.1428571492
81152  22.347  -13.163  -7.338 0.2857142985
86194  24.405  -9.303  -8.588 0.2857142985
84905  23.742  -9.904  -8.516 0.1428571492
90826  26.160  -5.273  -12.455 0.2857142985
90815  25.665  -5.844  -12.085 0.2857142985
92964  28.181  -3.026  -12.475 0.4285714328
91890  26.607  -4.510  -13.026 0.5714285970
97401  30.582  0.572  -14.414 0.2857142985
98462  30.893  1.839  -15.368 0.1428571492
98447  28.857  1.473  -14.695 0.8571428657
101677  30.293  3.701  -14.676 0.7142857313
105525  31.587  8.530  -16.509 0.1428571492
104537  30.874  7.766  -14.733 0.8571428657
103628  28.842  6.196  -14.495 0.8571428657
104540  28.110  7.764  -14.339 0.8571428657
112112  28.690  14.491  -13.829 0.8571428657
114321  27.389  16.321  -14.494 0.8571428657
116142  26.666  18.656  -15.869 0.8571428657
117098  25.827  19.430  -16.860 0.7142857313
119089  25.587  21.014  -17.855 0.2857142985
119119  25.200  22.048  -19.319 0.1428571492
121003  25.715  23.493  -20.818 0.1428571492
122584  26.275  25.359  -24.222 0.1428571492
78594  18.711  -15.342  -5.571 0.1428571492
82385  21.038  -12.271  -7.964 0.4285714328
83646  22.290  -11.209  -8.440 0.2857142985
83632  21.846  -11.810  -8.097 0.4285714328
82401  20.795  -11.923  -8.321 0.2857142985
84906  23.082  -10.448  -8.607 0.1428571492
88508  24.925  -8.156  -9.096 0.2857142985
88537  25.275  -7.288  -10.057 0.2857142985
88538  24.469  -7.806  -10.462 0.2857142985
87409  23.962  -8.258  -10.505 0.2857142985
103659  32.287  6.055  -17.527 0.1428571492
104585  31.884  7.604  -18.088 0.1428571492
107641  30.918  10.543  -15.942 0.1428571492
107623  30.851  10.557  -14.986 0.2857142985
108728  30.854  11.497  -15.403 0.1428571492
106536  30.292  9.953  -13.786 0.8571428657
102689  28.382  5.288  -14.645 0.8571428657
110937  30.852  13.109  -14.914 0.1428571492
112110  30.453  14.298  -14.705 0.1428571492
113264  29.291  15.308  -14.216 0.2857142985
108746  26.127  11.475  -15.798 0.8571428657
113265  28.448  15.363  -14.209 0.5714285970
115257  27.740  17.741  -15.112 0.5714285970
116141  27.547  18.619  -15.740 0.5714285970
118047  26.372  20.138  -16.709 0.4285714328
117096  27.598  19.402  -16.211 0.2857142985
118046  27.148  20.198  -16.583 0.2857142985
119087  27.015  21.229  -17.834 0.1428571492
119103  26.552  21.678  -18.328 0.1428571492
120143  25.886  22.566  -19.244 0.1428571492
119142  23.515  21.457  -21.935 0.2857142985
120988  25.815  23.226  -20.001 0.1428571492
120173  24.237  22.829  -22.328 0.1428571492
120174  23.805  22.422  -22.993 0.1428571492
120183  23.908  22.340  -24.233 0.1428571492
121014  26.389  23.802  -21.514 0.1428571492
121047  24.475  23.560  -24.975 0.1428571492
120192  23.899  22.701  -25.096 0.1428571492
121830  24.354  24.256  -24.876 0.1428571492
114319  29.044  16.146  -14.500 0.4285714328
115256  28.559  17.548  -15.055 0.4285714328
116140  28.376  18.206  -15.584 0.4285714328
116152  28.297  18.976  -16.174 0.4285714328
117079  27.054  19.068  -15.938 0.5714285970
117097  26.678  19.362  -16.265 0.5714285970
81134  19.675  -13.656  -7.038 0.1428571492
81156  18.464  -12.922  -7.624 0.2857142985
82386  20.091  -12.313  -8.044 0.5714285970
95207  28.311  -1.329  -14.711 0.7142857313
97403  28.734  0.546  -14.811 0.8571428657
99541  30.829  2.447  -15.431 0.5714285970
101696  30.782  4.102  -15.098 0.5714285970
103624  31.955  6.519  -15.948 0.2857142985
102705  32.565  5.214  -17.267 0.1428571492
102685  31.785  5.174  -15.835 0.1428571492
105511  31.154  8.846  -14.703 0.5714285970
103627  29.840  6.065  -14.421 0.8571428657
104538  29.864  7.784  -13.934 0.8571428657
107607  29.749  10.651  -13.664 0.8571428657
109817  27.420  12.655  -13.821 0.8571428657
108711  28.189  10.916  -13.955 0.8571428657
107624  26.946  10.392  -14.653 0.8571428657
110955  27.309  13.210  -14.238 0.8571428657
113266  27.608  15.414  -14.348 0.8571428657
113267  26.785  15.464  -14.671 0.8571428657
119102  27.429  21.625  -18.570 0.1428571492
119105  24.631  21.048  -18.902 0.5714285970
118080  24.641  20.502  -18.408 0.5714285970
119132  23.902  21.933  -20.913 0.4285714328
121004  24.898  23.109  -20.995 0.1428571492
121807  26.311  24.422  -22.754 0.1428571492
121797  26.438  24.139  -22.069 0.1428571492
120144  25.063  22.627  -19.749 0.1428571492
120166  24.275  22.603  -21.455 0.1428571492
121821  24.878  23.676  -24.213 0.1428571492
114320  28.208  16.232  -14.355 0.5714285970
83647  21.239  -11.488  -8.592 0.4285714328
88555  24.364  -7.682  -11.409 0.5714285970
119150  23.424  21.279  -23.194 0.1428571492
88556  23.819  -8.221  -11.357 0.5714285970
86246  23.019  -9.052  -12.112 0.5714285970
86264  22.162  -9.273  -12.224 0.2857142985
87460  24.357  -8.068  -12.981 0.5714285970
87462  23.508  -8.198  -13.254 0.5714285970
86229  21.369  -9.776  -11.147 0.4285714328
87440  24.176  -8.222  -12.741 0.5714285970
87428  21.429  -8.517  -12.142 0.2857142985
87442  22.715  -8.316  -12.808 0.4285714328
90827  25.494  -5.790  -12.802 0.4285714328
89748  24.839  -6.261  -13.018 0.5714285970
88593  23.881  -7.704  -13.619 0.5714285970
89750  23.561  -7.002  -14.019 0.4285714328
90837  26.061  -5.318  -13.257 0.5714285970
90838  25.379  -5.743  -13.813 0.5714285970
89749  24.345  -6.672  -13.613 0.4285714328
91900  26.116  -4.819  -14.073 0.7142857313
90848  25.454  -5.466  -14.870 0.4285714328
88574  22.481  -7.582  -13.098 0.4285714328
88575  21.721  -7.882  -12.555 0.2857142985
88557  21.308  -8.101  -12.180 0.2857142985
92990  27.010  -3.487  -15.193 0.7142857313
92991  26.508  -4.043  -16.052 0.4285714328
94100  26.998  -2.503  -15.565 0.7142857313
94117  26.083  -2.213  -15.964 0.5714285970
94116  26.370  -1.812  -15.963 0.7142857313
92977  26.914  -3.354  -14.286 0.5714285970
94087  27.347  -2.949  -14.740 0.5714285970
95208  27.349  -1.326  -15.343 0.7142857313
96348  26.278  -0.382  -16.490 0.7142857313
97419  26.411  0.480  -16.164 0.7142857313
95238  25.305  -0.684  -16.992 0.4285714328
97430  26.223  0.527  -17.118 0.4285714328
94099  27.563  -1.844  -14.944 0.5714285970
96330  28.584  -0.358  -14.906 0.5714285970
97418  26.979  0.470  -15.436 0.5714285970
98464  26.415  1.422  -15.832 0.7142857313
99543  26.620  2.423  -15.700 0.7142857313
98475  26.198  1.450  -16.758 0.7142857313
99566  25.514  2.510  -17.098 0.5714285970
100656  25.700  3.358  -16.858 0.5714285970
99526  29.046  2.383  -14.670 0.7142857313
98448  27.919  1.450  -14.685 0.5714285970
99542  27.243  2.438  -14.943 0.7142857313
98463  27.100  1.436  -15.167 0.7142857313
100638  26.866  3.427  -15.627 0.8571428657
98489  25.825  1.424  -17.373 0.4285714328
101700  27.122  4.442  -15.492 0.7142857313
101713  26.507  4.416  -16.326 0.7142857313
101726  25.915  4.319  -17.216 0.5714285970
102707  26.715  5.474  -16.057 0.7142857313
99527  28.131  2.426  -14.629 0.5714285970
101699  27.870  4.392  -14.809 0.8571428657
102722  26.035  5.475  -16.864 0.5714285970
103660  25.781  6.599  -17.487 0.2857142985
101679  28.786  4.253  -14.511 0.7142857313
102690  27.425  5.463  -15.243 0.7142857313
105526  26.281  8.605  -16.781 0.7142857313
103630  26.909  6.521  -15.695 0.8571428657
106557  26.685  9.403  -15.138 0.8571428657
104560  27.022  7.528  -15.344 0.8571428657
104573  26.540  7.531  -16.231 0.5714285970
105513  26.525  8.473  -15.684 0.8571428657
106558  26.192  9.502  -16.011 0.8571428657
105527  25.840  9.022  -17.372 0.7142857313
103610  27.971  7.281  -14.586 0.8571428657
105512  27.082  8.422  -14.920 0.8571428657
107625  26.383  10.454  -15.471 0.8571428657
107642  25.861  10.525  -16.286 0.7142857313
112131  25.930  14.107  -15.895 0.7142857313
110978  25.338  13.621  -17.205 0.7142857313
113275  25.716  15.550  -16.072 0.5714285970
110979  25.059  13.673  -17.961 0.7142857313
112141  25.306  14.577  -17.588 0.7142857313
113281  25.252  15.511  -16.886 0.7142857313
114338  24.989  16.473  -17.214 0.8571428657
114344  24.851  16.359  -18.317 0.7142857313
112151  25.305  14.874  -18.317 0.7142857313
114350  24.493  16.322  -19.190 0.7142857313
115287  24.079  17.183  -19.662 0.7142857313
114355  23.683  16.417  -19.799 0.5714285970
115273  24.913  17.449  -17.715 0.7142857313
115281  24.344  17.308  -18.817 0.7142857313
114362  23.443  16.886  -20.202 0.5714285970
116171  24.176  18.345  -19.253 0.4285714328
116180  23.854  17.759  -20.283 0.5714285970
115293  23.267  17.287  -20.454 0.5714285970
116170  24.423  17.944  -18.598 0.5714285970
114356  23.170  16.276  -19.639 0.5714285970
116181  23.901  18.569  -20.268 0.5714285970
116188  23.460  17.556  -20.498 0.5714285970
115294  22.832  17.338  -20.499 0.5714285970
114364  22.878  16.753  -20.094 0.4285714328
115282  22.467  17.225  -19.362 0.5714285970
114357  22.797  16.394  -19.474 0.4285714328
116182  22.175  17.979  -20.143 0.5714285970
115288  22.606  17.244  -20.185 0.5714285970
116189  23.014  18.156  -20.955 0.5714285970
115275  22.366  17.365  -18.186 0.4285714328
113282  22.142  15.392  -17.327 0.4285714328
116173  22.088  18.123  -19.097 0.5714285970
117124  21.120  19.450  -18.121 0.4285714328
97404  27.784  0.484  -14.902 0.5714285970
117131  20.910  19.373  -19.193 0.2857142985
116174  21.341  18.669  -18.669 0.4285714328
116165  21.710  18.613  -17.618 0.2857142985
87427  22.896  -9.071  -11.395 0.5714285970
86228  22.224  -9.463  -10.874 0.5714285970
88572  25.060  -7.183  -11.739 0.2857142985
88573  24.493  -7.600  -12.424 0.4285714328
86247  22.443  -9.344  -11.875 0.5714285970
89728  25.159  -6.624  -12.343 0.5714285970
86248  21.699  -9.352  -11.861 0.2857142985
88594  23.117  -7.666  -13.506 0.4285714328
89762  24.082  -6.330  -14.264 0.4285714328
90839  24.719  -5.950  -14.240 0.5714285970
89731  21.683  -6.835  -12.735 0.2857142985
89751  22.562  -6.776  -13.667 0.2857142985
91924  25.850  -4.661  -15.698 0.5714285970
95177  29.752  -1.617  -12.885 0.2857142985
94118  25.694  -2.838  -15.941 0.2857142985
95225  25.838  -1.183  -16.561 0.7142857313
103629  27.777  6.624  -14.856 0.8571428657
103646  26.355  6.528  -16.612 0.7142857313
109830  26.194  12.462  -16.296 0.7142857313
110967  25.852  13.435  -16.488 0.7142857313
109843  25.583  12.564  -17.168 0.7142857313
116162  24.629  18.481  -18.114 0.5714285970
116163  24.372  18.982  -18.600 0.5714285970
116172  24.005  18.831  -19.705 0.5714285970
116190  22.201  17.737  -21.090 0.5714285970
116197  21.706  18.259  -21.794 0.2857142985
90849  24.371  -5.588  -14.698 0.4285714328
100637  27.513  3.436  -14.893 0.7142857313
104559  27.589  7.655  -14.765 0.7142857313
92966  26.599  -3.966  -13.859 0.5714285970
108747  25.679  11.527  -16.681 0.7142857313
87425  24.020  -8.197  -12.044 0.5714285970
87441  23.502  -8.465  -12.548 0.5714285970
87426  23.427  -8.605  -11.708 0.4285714328
86263  22.545  -8.997  -12.350 0.5714285970
87443  21.994  -8.851  -12.465 0.4285714328
89729  24.493  -6.902  -12.853 0.5714285970
87461  24.090  -8.256  -13.212 0.5714285970
88592  24.284  -7.644  -13.174 0.5714285970
84931  21.537  -10.010  -10.807 0.5714285970
89763  23.423  -6.293  -14.488 0.4285714328
91911  26.162  -5.116  -15.195 0.5714285970
90860  25.664  -5.135  -15.424 0.4285714328
92978  26.660  -4.213  -14.871 0.5714285970
94101  26.356  -3.129  -16.054 0.5714285970
94102  26.256  -3.528  -16.319 0.4285714328
93005  25.373  -3.809  -16.092 0.4285714328
93004  25.814  -4.354  -16.040 0.4285714328
95224  26.669  -1.311  -15.999 0.7142857313
96331  27.695  -0.440  -15.217 0.7142857313
96347  26.915  -0.442  -15.786 0.7142857313
99554  26.058  2.425  -16.401 0.7142857313
100646  26.311  3.384  -16.413 0.7142857313
100666  25.046  3.426  -17.522 0.2857142985
113288  25.228  15.547  -17.852 0.7142857313
115274  24.619  17.096  -18.328 0.8571428657
116191  21.414  18.266  -20.861 0.5714285970
116164  21.986  18.218  -18.275 0.4285714328
89764  22.725  -6.045  -14.496 0.1428571492
90850  23.435  -5.435  -14.571 0.4285714328
82387  19.429  -12.447  -8.261 0.4285714328
89698  26.393  -6.135  -10.142 0.1428571492
89699  25.633  -6.533  -10.490 0.1428571492
89712  26.023  -5.845  -10.787 0.1428571492
91889  27.154  -4.033  -12.383 0.1428571492
92952  27.615  -3.507  -12.200 0.1428571492
90804  26.861  -5.353  -10.674 0.1428571492
92951  28.252  -3.384  -11.716 0.1428571492
91879  27.491  -4.092  -11.608 0.1428571492
95193  30.248  -1.116  -13.386 0.2857142985
97386  30.997  0.156  -13.815 0.1428571492
122588  22.562  24.922  -23.628 0.1428571492
107643  25.357  10.583  -17.115 0.4285714328
109858  25.131  12.346  -17.882 0.4285714328
109844  24.986  13.000  -17.644 0.5714285970
110993  24.936  13.798  -18.635 0.4285714328
120175  21.472  22.137  -22.674 0.2857142985
117161  22.283  19.620  -22.827 0.2857142985
116195  22.838  18.390  -21.941 0.2857142985
117152  23.278  19.466  -23.032 0.2857142985
108799  22.380  12.001  -18.859 0.1428571492
111010  24.516  13.652  -19.233 0.5714285970
114349  24.968  15.884  -18.943 0.5714285970
118106  21.397  20.135  -21.763 0.2857142985
117137  23.665  19.214  -20.929 0.4285714328
111012  22.685  13.507  -19.823 0.4285714328
112168  23.459  14.500  -19.851 0.5714285970
117154  21.872  19.115  -22.229 0.2857142985
112153  22.378  13.955  -19.031 0.4285714328
112143  22.047  14.579  -18.304 0.2857142985
117138  21.185  19.291  -20.282 0.1428571492
117146  21.389  19.159  -21.321 0.1428571492
113289  22.307  15.435  -18.170 0.4285714328
118093  21.275  20.262  -19.711 0.1428571492
119134  21.537  21.197  -20.211 0.1428571492
112133  22.067  14.870  -17.722 0.2857142985
118049  21.634  20.084  -16.815 0.1428571492
118081  21.185  20.298  -18.662 0.1428571492
119107  21.552  21.058  -18.273 0.1428571492
119123  21.775  21.255  -19.165 0.1428571492
120133  21.737  21.620  -18.018 0.1428571492
83649  19.528  -11.918  -8.712 0.4285714328
84921  19.445  -10.349  -9.405 0.2857142985
89687  25.998  -6.853  -9.841 0.1428571492
91867  27.672  -4.670  -10.924 0.1428571492
94074  28.857  -2.533  -12.579 0.1428571492
108765  25.298  11.569  -17.579 0.2857142985
118105  23.435  20.176  -21.444 0.2857142985
119143  21.253  21.194  -21.173 0.2857142985
118119  22.366  20.259  -23.330 0.2857142985
83662  18.960  -10.753  -8.946 0.2857142985
84894  24.123  -10.485  -8.153 0.1428571492
88507  25.137  -7.919  -9.044 0.1428571492
88524  25.664  -7.458  -9.038 0.1428571492
96315  30.484  -0.289  -13.824 0.1428571492
95178  28.871  -1.902  -13.095 0.1428571492
112144  21.880  13.750  -18.494 0.1428571492
111013  22.398  12.926  -19.452 0.2857142985
113303  23.348  15.456  -19.625 0.5714285970
117130  23.831  19.451  -19.824 0.4285714328
120168  21.460  22.232  -21.588 0.2857142985
119161  21.907  21.134  -23.138 0.2857142985
118111  23.465  20.187  -22.602 0.2857142985
118118  22.929  20.341  -23.501 0.2857142985
120185  22.106  22.301  -23.527 0.1428571492
121028  21.127  23.096  -23.092 0.1428571492
120193  23.383  23.000  -24.741 0.1428571492
120147  21.567  22.214  -19.732 0.2857142985
120159  21.452  22.264  -20.585 0.2857142985
121039  22.614  23.089  -24.279 0.1428571492
119159  23.210  21.216  -23.711 0.1428571492
120184  23.181  22.238  -24.142 0.1428571492
97400  31.497  0.895  -14.504 0.2857142985
119133  23.640  21.029  -20.706 0.4285714328
83660  20.161  -11.480  -9.332 0.4285714328
83634  19.885  -12.164  -8.427 0.4285714328
96316  29.872  -0.717  -13.842 0.4285714328
117122  24.267  19.539  -19.023 0.4285714328
118098  23.506  20.177  -20.386 0.2857142985
109859  24.598  12.865  -18.443 0.4285714328
112142  25.206  14.280  -18.319 0.5714285970
112167  24.289  14.492  -19.510 0.5714285970
113302  24.057  15.410  -19.637 0.5714285970
116183  21.480  18.618  -19.743 0.4285714328
113295  24.804  15.349  -19.256 0.5714285970
113304  22.949  15.595  -19.381 0.5714285970
116196  22.433  18.248  -22.009 0.2857142985
116203  22.046  18.452  -22.163 0.2857142985
92963  28.844  -2.979  -12.038 0.1428571492
108781  24.124  11.907  -18.867 0.2857142985
119151  21.536  21.152  -22.189 0.2857142985
118112  21.808  20.172  -22.694 0.2857142985
117153  22.530  19.137  -22.353 0.2857142985
117144  23.018  19.172  -21.922 0.2857142985
109874  22.789  12.597  -19.526 0.2857142985
111011  23.816  13.569  -19.934 0.4285714328
118099  21.008  20.203  -20.755 0.1428571492
110994  22.312  13.550  -19.397 0.4285714328
110995  21.941  13.211  -19.205 0.2857142985
112169  22.825  14.690  -19.570 0.5714285970
113296  22.498  15.264  -19.022 0.4285714328
94059  29.453  -2.562  -12.016 0.1428571492
107662  25.017  10.641  -18.130 0.2857142985
119160  22.610  21.164  -23.663 0.2857142985
121040  21.886  23.549  -23.444 0.1428571492
99576  25.161  2.986  -17.298 0.4285714328
102723  25.530  5.546  -17.636 0.2857142985
121781  21.068  24.546  -19.866 0.1428571492
122547  20.704  25.641  -20.395 0.1428571492
120977  22.416  23.232  -18.614 0.1428571492
121771  21.601  25.062  -19.475 0.1428571492
120992  21.159  23.326  -20.007 0.1428571492
121006  21.398  23.419  -20.993 0.1428571492
120991  21.869  23.185  -19.455 0.1428571492
121770  21.979  24.364  -19.138 0.1428571492
122546  21.149  25.592  -19.578 0.1428571492
122527  21.795  26.106  -18.134 0.1428571492
123357  21.129  26.087  -19.110 0.1428571492
101727  25.265  4.677  -17.636 0.2857142985
121762  22.712  24.321  -17.988 0.1428571492
123347  21.224  26.660  -18.523 0.1428571492
121017  21.340  23.215  -22.077 0.1428571492
120993  20.962  24.056  -20.422 0.1428571492
121790  21.057  24.176  -21.677 0.1428571492
122537  21.634  25.530  -18.747 0.1428571492
122526  22.296  25.493  -17.750 0.1428571492
86214  22.295  -9.857  -9.908 0.4285714328
86196  22.726  -9.864  -9.263 0.1428571492
86227  22.929  -9.114  -10.614 0.2857142985
86213  23.161  -9.192  -9.958 0.1428571492
87410  23.434  -8.670  -10.736 0.2857142985
84907  21.882  -10.624  -9.252 0.2857142985
88539  23.940  -8.046  -10.877 0.2857142985
84918  21.588  -10.222  -10.280 0.4285714328
87396  23.481  -8.730  -10.184 0.1428571492
109873  23.448  12.740  -19.852 0.2857142985
84919  20.904  -11.000  -9.930 0.2857142985
84933  20.479  -10.330  -10.143 0.2857142985
84932  21.092  -10.269  -10.618 0.2857142985
90861  24.986  -5.276  -15.506 0.2857142985
96361  25.468  -0.186  -17.132 0.2857142985
99567  25.473  1.983  -17.501 0.1428571492
102724  24.785  5.599  -17.716 0.1428571492
103661  25.073  6.750  -18.290 0.1428571492
105539  26.059  8.377  -17.623 0.1428571492
104587  25.609  7.737  -18.096 0.1428571492
105540  25.330  8.790  -17.893 0.1428571492
105541  24.817  8.964  -18.364 0.1428571492
108782  23.451  11.441  -18.739 0.1428571492
108796  23.771  12.427  -19.399 0.1428571492
108783  22.736  11.431  -18.440 0.1428571492
114351  22.533  16.319  -18.703 0.1428571492
115267  22.358  16.894  -17.458 0.1428571492
113283  21.719  15.429  -16.475 0.1428571492
115276  22.117  17.981  -17.754 0.1428571492
115268  22.139  17.536  -16.950 0.1428571492
84908  21.183  -11.170  -9.287 0.1428571492
106575  25.931  9.674  -16.914 0.2857142985
106596  24.568  9.579  -18.652 0.1428571492
108797  23.383  12.213  -19.238 0.1428571492
82403  18.943  -12.244  -8.301 0.2857142985
90862  24.508  -5.099  -15.111 0.2857142985
91926  24.407  -4.490  -15.454 0.2857142985
96374  24.702  -0.146  -17.879 0.1428571492
99577  25.006  2.598  -17.676 0.1428571492
100667  24.314  3.445  -17.583 0.1428571492
101738  24.968  4.040  -17.646 0.1428571492
102725  23.955  5.511  -17.577 0.1428571492
103672  24.754  7.415  -18.708 0.1428571492
107663  24.775  10.102  -18.490 0.1428571492
114339  22.165  16.333  -16.971 0.1428571492
114346  22.321  16.292  -17.812 0.1428571492
91913  24.101  -4.936  -14.740 0.2857142985
83659  20.748  -11.408  -9.179 0.2857142985
97444  25.020  0.702  -17.981 0.1428571492
104586  26.229  7.570  -17.237 0.1428571492
106576  25.418  9.709  -17.611 0.1428571492
108780  24.843  11.750  -18.287 0.1428571492
84920  20.053  -10.869  -9.734 0.2857142985
93006  24.008  -3.344  -15.723 0.1428571492
104597  25.004  7.786  -18.757 0.1428571492
103662  24.268  6.396  -18.123 0.1428571492
83635  18.213  -11.677  -7.776 0.1428571492
83650  18.555  -11.487  -8.355 0.1428571492
83651  18.117  -10.736  -8.012 0.1428571492
86230  20.688  -9.630  -10.768 0.1428571492
115255  29.447  17.185  -15.413 0.1428571492
86216  18.964  -9.962  -9.092 0.1428571492
86231  19.972  -9.666  -9.939 0.1428571492
87429  21.181  -8.737  -11.643 0.1428571492
114330  30.166  16.290  -14.973 0.1428571492
116139  28.882  17.840  -15.513 0.1428571492
88558  20.846  -7.855  -11.750 0.1428571492
113263  30.074  15.314  -14.524 0.1428571492
81166  18.907  -12.814  -8.236 0.1428571492
98444  31.546  1.425  -15.060 0.1428571492
86249  21.121  -9.289  -11.358 0.1428571492
83661  19.417  -11.206  -9.177 0.1428571492
82388  18.241  -12.121  -7.667 0.1428571492
79866  17.877  -14.311  -6.337 0.1428571492
81167  18.619  -12.509  -8.055 0.1428571492
82404  18.620  -12.099  -8.075 0.2857142985
83633  20.112  -12.120  -8.364 0.5714285970
83648  20.357  -11.941  -8.636 0.5714285970
84922  18.950  -10.346  -9.038 0.1428571492
84934  19.985  -10.337  -9.829 0.2857142985
86262  22.945  -8.713  -12.437 0.4285714328
87411  22.849  -9.054  -10.899 0.2857142985
89730  22.206  -7.220  -12.895 0.4285714328
90847  25.803  -5.267  -15.182 0.4285714328
90871  25.614  -4.980  -15.612 0.4285714328
90872  25.382  -5.024  -15.690 0.4285714328
91901  25.830  -5.344  -14.590 0.4285714328
91912  25.880  -5.384  -14.922 0.4285714328
91925  25.353  -4.664  -15.820 0.4285714328
91935  25.792  -4.853  -15.580 0.4285714328
91936  25.603  -4.759  -15.723 0.4285714328
92992  26.057  -3.683  -16.415 0.4285714328
95239  25.063  -0.801  -17.108 0.1428571492
96362  25.067  -0.474  -17.253 0.1428571492
96373  25.217  0.156  -17.744 0.1428571492
97443  25.545  0.645  -17.536 0.1428571492
98490  25.276  1.476  -17.717 0.4285714328
99583  25.110  2.836  -17.497 0.4285714328
99584  25.004  3.019  -17.469 0.1428571492
100620  30.024  3.100  -14.616 0.5714285970
100636  30.816  3.170  -15.391 0.5714285970
100655  31.861  3.358  -17.201 0.1428571492
100665  25.377  3.350  -17.328 0.2857142985
100673  25.216  3.168  -17.324 0.4285714328
100674  25.203  3.247  -17.492 0.2857142985
101698  29.554  4.564  -14.524 0.8571428657
101736  25.960  3.935  -17.424 0.2857142985
101737  25.580  3.975  -17.676 0.1428571492
102668  29.234  4.575  -14.523 0.8571428657
102688  29.381  5.160  -14.549 0.8571428657
103606  30.987  6.838  -14.831 0.5714285970
103673  24.367  7.205  -18.577 0.1428571492
104556  32.064  6.753  -16.223 0.2857142985
105491  28.245  8.530  -13.999 0.8571428657
105554  25.130  8.386  -18.534 0.1428571492
105555  24.622  8.698  -19.014 0.1428571492
106574  31.037  10.186  -16.630 0.1428571492
106593  31.514  9.153  -16.949 0.1428571492
106595  25.008  9.633  -18.225 0.1428571492
107622  31.001  10.209  -15.464 0.1428571492
107640  31.147  10.029  -15.713 0.2857142985
107679  24.588  11.217  -18.500 0.1428571492
108784  22.505  12.034  -18.561 0.1428571492
108798  22.769  11.994  -19.054 0.1428571492
109816  31.080  12.328  -15.460 0.1428571492
109861  22.047  12.369  -18.619 0.1428571492
109872  24.130  12.792  -19.465 0.2857142985
109875  22.235  12.417  -19.252 0.1428571492
112123  25.885  14.824  -15.761 0.7142857313
112132  25.637  14.518  -16.568 0.7142857313
112152  25.103  14.527  -18.999 0.5714285970
112154  21.950  13.625  -19.001 0.4285714328
113294  25.204  15.438  -18.690 0.5714285970
114318  29.695  15.960  -14.525 0.2857142985
114331  29.571  16.488  -14.805 0.4285714328
114345  24.583  16.763  -18.663 0.8571428657
114363  23.191  16.778  -20.203 0.5714285970
115241  29.244  16.703  -14.807 0.4285714328
115242  28.767  16.861  -14.692 0.4285714328
115243  27.976  17.054  -14.570 0.5714285970
115244  27.258  17.107  -14.748 0.7142857313
115280  24.629  17.660  -18.315 0.8571428657
115292  23.673  17.144  -20.224 0.5714285970
116153  27.823  19.018  -16.029 0.4285714328
116202  22.242  18.674  -22.251 0.2857142985
117080  26.801  19.053  -15.988 0.7142857313
117113  24.494  19.554  -18.110 0.5714285970
117123  24.010  19.029  -19.420 0.5714285970
117129  24.082  19.971  -19.413 0.4285714328
117145  22.682  18.650  -22.143 0.2857142985
117159  23.121  19.887  -23.335 0.2857142985
117160  22.828  19.645  -23.232 0.2857142985
118045  27.926  20.062  -16.719 0.2857142985
118062  26.638  20.727  -17.176 0.4285714328
118064  24.871  20.197  -17.714 0.4285714328
118092  23.867  20.413  -19.688 0.5714285970
118117  23.258  20.311  -23.296 0.2857142985
119088  26.108  21.231  -17.722 0.2857142985
119141  23.778  22.135  -21.554 0.1428571492
120119  22.014  21.714  -17.670 0.1428571492
120130  27.079  22.120  -18.716 0.1428571492
120131  26.347  22.161  -18.732 0.1428571492
120145  24.813  22.738  -19.967 0.1428571492
120158  24.702  22.857  -20.624 0.1428571492
120167  23.805  22.358  -22.033 0.1428571492
120191  24.316  22.761  -24.950 0.1428571492
120194  24.218  23.024  -25.387 0.1428571492
120195  24.030  23.158  -25.550 0.1428571492
120989  25.152  23.122  -20.375 0.1428571492
120990  24.889  22.995  -20.578 0.1428571492
121005  24.744  23.088  -20.791 0.1428571492
121007  21.147  24.329  -20.993 0.1428571492
121016  24.732  23.326  -21.997 0.1428571492
121024  26.024  23.915  -22.118 0.1428571492
121036  24.830  23.726  -24.354 0.1428571492
121037  24.475  23.308  -24.340 0.1428571492
121038  24.204  22.760  -24.232 0.1428571492
121046  24.768  23.874  -24.535 0.1428571492
121048  23.744  23.366  -25.245 0.1428571492
121050  24.149  23.521  -25.405 0.1428571492
121753  22.685  24.861  -17.344 0.1428571492
121778  25.000  23.098  -20.765 0.1428571492
121779  24.871  23.291  -20.841 0.1428571492
121780  21.411  23.843  -19.623 0.1428571492
121788  24.853  22.913  -20.751 0.1428571492
121789  24.644  23.289  -20.869 0.1428571492
121791  20.700  24.761  -21.375 0.1428571492
121809  24.947  23.670  -23.939 0.1428571492
121819  26.152  24.839  -23.843 0.1428571492
121820  25.230  24.011  -24.280 0.1428571492
122536  22.310  25.009  -18.503 0.1428571492
123335  21.762  26.521  -17.419 0.1428571492
