#!ascii label  , from subject 3252 vox2ras=TkReg
846
31082  -15.020  -46.585  71.247 0.0000000000
35430  -41.035  -40.561  62.202 0.0000000000
39915  -43.490  -33.385  60.244 0.0000000000
34634  -32.335  -41.146  63.305 0.0000000000
102070  -50.770  -14.464  53.667 0.0000000000
41918  -49.394  -29.742  61.973 0.0000000000
36086  -40.691  -39.461  66.422 0.0000000000
35426  -36.788  -39.910  62.982 0.0000000000
56279  -49.407  -6.820  49.134 0.0000000000
61223  -44.573  -2.013  47.781 0.0000000000
59565  -50.440  -3.589  48.692 0.0000000000
41912  -43.746  -30.893  62.102 0.0000000000
40587  -45.244  -32.241  60.057 0.0000000000
43238  -47.456  -28.374  63.978 0.0000000000
45962  -49.974  -22.833  63.346 0.0000000000
34666  -24.073  -41.043  61.952 0.0000000000
31041  -11.741  -47.619  74.254 0.0000000000
37397  -44.278  -36.859  61.457 0.0000000000
40573  -44.293  -32.296  63.620 0.0000000000
101314  -27.465  -39.141  59.326 0.0000000000
36160  -32.575  -39.337  58.910 0.0000000000
58817  -54.010  -4.981  42.489 0.0000000000
58767  -55.972  -4.387  47.770 0.0000000000
45974  -50.553  -23.213  61.696 0.0000000000
102076  -53.703  -13.915  55.804 0.0000000000
32356  -16.001  -44.888  66.808 0.0000000000
25921  -8.059  -53.929  70.982 0.0000000000
58750  -45.719  -4.322  48.716 0.0000000000
41908  -45.967  -30.257  63.095 0.0000000000
35468  -21.311  -40.188  60.259 0.0000000000
31060  -13.754  -47.379  72.753 0.0000000000
36147  -43.105  -38.606  60.239 0.0000000000
36132  -43.008  -39.116  61.277 0.0000000000
35450  -30.602  -39.496  61.300 0.0000000000
37394  -30.709  -37.671  59.844 0.0000000000
36765  -32.839  -38.283  61.579 0.0000000000
35428  -39.069  -40.685  62.715 0.0000000000
34673  -36.771  -41.132  60.989 0.0000000000
34676  -39.459  -41.296  60.821 0.0000000000
33879  -30.400  -42.066  63.634 0.0000000000
101310  -28.561  -41.062  61.733 0.0000000000
56316  -46.305  -7.199  46.246 0.0000000000
57210  -52.209  -6.127  43.733 0.0000000000
58764  -53.162  -4.766  48.635 0.0000000000
41251  -47.378  -31.402  61.046 0.0000000000
43825  -50.274  -27.298  62.125 0.0000000000
49635  -52.155  -16.717  59.062 0.0000000000
35394  -18.817  -40.854  63.468 0.0000000000
35355  -17.577  -41.006  66.336 0.0000000000
33792  -16.441  -42.269  67.551 0.0000000000
33094  -16.577  -43.788  64.260 0.0000000000
28066  -9.743  -51.839  70.643 0.0000000000
36098  -41.267  -39.915  64.305 0.0000000000
36758  -42.952  -38.882  64.317 0.0000000000
36754  -42.093  -38.820  65.810 0.0000000000
34597  -34.361  -41.679  64.804 0.0000000000
36102  -34.674  -39.083  63.181 0.0000000000
35386  -36.708  -40.204  64.683 0.0000000000
35388  -38.556  -40.195  64.727 0.0000000000
102127  -49.640  -9.903  48.465 0.0000000000
56290  -45.921  -7.233  48.435 0.0000000000
60382  -42.357  -2.933  46.996 0.0000000000
57927  -47.525  -5.068  47.553 0.0000000000
57930  -50.330  -5.983  47.741 0.0000000000
60387  -47.933  -2.932  48.308 0.0000000000
41246  -43.675  -31.674  61.573 0.0000000000
40585  -43.627  -32.277  60.328 0.0000000000
41248  -44.585  -31.552  61.296 0.0000000000
41915  -46.638  -30.673  62.531 0.0000000000
42574  -48.727  -28.904  62.858 0.0000000000
44332  -49.573  -26.278  62.957 0.0000000000
44858  -49.025  -25.394  64.052 0.0000000000
34626  -22.949  -41.080  63.225 0.0000000000
35442  -20.204  -40.324  61.474 0.0000000000
102416  -57.489  -1.425  43.467 0.0000000000
31658  -9.569  -48.057  73.874 0.0000000000
37969  -43.818  -36.747  60.021 0.0000000000
38554  -44.358  -35.486  60.777 0.0000000000
37389  -44.386  -37.043  63.583 0.0000000000
38548  -44.728  -35.378  62.697 0.0000000000
40581  -44.175  -33.146  61.989 0.0000000000
41243  -43.632  -31.497  62.377 0.0000000000
35452  -34.944  -39.705  61.704 0.0000000000
33902  -26.351  -42.135  63.171 0.0000000000
35473  -26.336  -40.152  60.141 0.0000000000
57949  -52.833  -6.531  46.476 0.0000000000
58798  -54.882  -5.285  45.703 0.0000000000
58787  -56.665  -4.161  44.621 0.0000000000
59581  -57.856  -2.755  46.476 0.0000000000
29773  -14.095  -48.465  67.490 0.0000000000
29740  -12.994  -49.005  70.286 0.0000000000
47735  -50.924  -17.968  57.541 0.0000000000
46532  -50.353  -22.224  61.947 0.0000000000
48975  -51.499  -17.784  58.797 0.0000000000
102092  -52.856  -13.046  53.593 0.0000000000
102096  -52.632  -11.982  52.146 0.0000000000
31725  -15.711  -45.596  68.727 0.0000000000
29714  -11.340  -49.509  71.569 0.0000000000
30391  -9.820  -49.793  72.103 0.0000000000
26582  -8.745  -51.918  70.001 0.0000000000
31071  -14.527  -46.957  72.056 0.0000000000
35458  -41.198  -40.622  61.225 0.0000000000
36131  -42.391  -39.724  60.916 0.0000000000
36118  -42.246  -39.852  62.063 0.0000000000
35421  -30.959  -40.230  61.970 0.0000000000
36110  -31.435  -39.148  61.547 0.0000000000
35422  -32.183  -39.632  62.191 0.0000000000
35429  -40.043  -40.629  62.443 0.0000000000
35456  -39.327  -41.022  61.716 0.0000000000
35457  -40.292  -40.930  61.308 0.0000000000
35479  -40.802  -40.931  60.560 0.0000000000
34612  -31.866  -41.708  63.789 0.0000000000
33852  -30.837  -42.492  64.548 0.0000000000
34633  -31.239  -41.353  63.064 0.0000000000
34632  -29.935  -41.273  62.398 0.0000000000
57184  -50.682  -7.035  45.019 0.0000000000
39225  -43.724  -34.299  59.771 0.0000000000
39921  -43.225  -33.770  59.261 0.0000000000
41925  -48.397  -30.908  61.281 0.0000000000
41929  -48.563  -31.244  60.438 0.0000000000
42582  -49.823  -28.973  62.080 0.0000000000
35393  -18.419  -41.258  63.403 0.0000000000
35365  -18.235  -40.894  65.403 0.0000000000
34604  -17.559  -41.876  64.461 0.0000000000
34590  -17.150  -41.773  65.366 0.0000000000
33868  -17.197  -42.912  63.632 0.0000000000
36097  -40.469  -40.120  64.597 0.0000000000
36099  -42.241  -39.212  64.848 0.0000000000
36091  -41.536  -39.260  65.677 0.0000000000
33832  -34.940  -41.964  65.610 0.0000000000
34616  -35.295  -41.273  64.756 0.0000000000
34600  -36.465  -41.383  65.901 0.0000000000
35360  -39.330  -40.129  66.917 0.0000000000
35371  -38.120  -40.418  65.643 0.0000000000
35373  -39.811  -40.083  65.329 0.0000000000
35389  -39.699  -40.209  64.621 0.0000000000
102123  -49.845  -7.805  48.520 0.0000000000
55504  -48.598  -8.277  47.983 0.0000000000
56292  -48.214  -7.124  48.622 0.0000000000
60372  -43.577  -2.731  48.234 0.0000000000
59560  -43.068  -3.507  47.967 0.0000000000
61231  -43.846  -2.379  47.397 0.0000000000
59588  -44.902  -3.526  46.871 0.0000000000
59576  -46.336  -3.419  47.490 0.0000000000
59577  -47.411  -3.551  47.978 0.0000000000
60386  -47.028  -2.584  47.896 0.0000000000
41920  -43.830  -31.346  61.689 0.0000000000
41247  -43.946  -31.560  61.338 0.0000000000
41921  -44.214  -31.237  61.745 0.0000000000
42571  -46.416  -29.625  63.613 0.0000000000
41910  -47.587  -29.861  63.072 0.0000000000
41916  -47.823  -30.307  62.534 0.0000000000
43247  -47.951  -28.631  63.514 0.0000000000
43816  -48.389  -27.591  63.499 0.0000000000
43809  -47.984  -27.402  64.058 0.0000000000
34648  -24.876  -41.449  62.803 0.0000000000
34609  -23.368  -41.640  64.376 0.0000000000
34646  -23.180  -40.852  62.504 0.0000000000
35443  -21.060  -40.266  61.374 0.0000000000
62048  -57.447  -0.287  43.904 0.0000000000
31040  -10.718  -48.372  73.595 0.0000000000
36772  -43.480  -38.199  60.955 0.0000000000
36783  -43.298  -37.878  59.788 0.0000000000
37405  -43.760  -37.312  60.551 0.0000000000
37970  -44.128  -36.156  60.251 0.0000000000
37967  -44.397  -36.142  61.165 0.0000000000
36756  -43.396  -37.818  65.224 0.0000000000
37388  -43.966  -37.704  63.997 0.0000000000
37960  -44.197  -36.780  64.730 0.0000000000
39894  -44.644  -33.392  64.386 0.0000000000
38545  -44.689  -35.347  63.746 0.0000000000
39900  -44.670  -33.492  63.418 0.0000000000
39905  -44.576  -33.705  62.501 0.0000000000
40577  -44.270  -32.803  62.704 0.0000000000
40580  -43.736  -32.377  61.930 0.0000000000
40576  -43.888  -32.055  62.861 0.0000000000
36780  -31.856  -38.202  59.514 0.0000000000
36103  -35.424  -39.291  63.421 0.0000000000
36114  -35.195  -39.132  62.596 0.0000000000
35425  -35.673  -39.735  62.421 0.0000000000
34694  -36.187  -41.215  60.328 0.0000000000
33876  -27.070  -42.535  63.673 0.0000000000
101306  -28.265  -40.042  60.551 0.0000000000
35449  -27.612  -40.526  60.901 0.0000000000
36143  -26.869  -39.566  59.531 0.0000000000
36157  -25.404  -39.305  58.858 0.0000000000
57917  -50.720  -5.305  48.179 0.0000000000
57151  -51.688  -6.723  47.015 0.0000000000
57918  -51.747  -5.466  48.243 0.0000000000
58766  -55.053  -4.631  48.205 0.0000000000
57934  -54.316  -5.438  47.061 0.0000000000
58786  -55.696  -4.935  45.958 0.0000000000
58778  -56.496  -4.487  46.628 0.0000000000
102381  -57.486  -3.142  45.250 0.0000000000
59580  -57.181  -3.690  46.179 0.0000000000
40586  -44.296  -32.212  60.164 0.0000000000
40592  -43.576  -32.484  59.501 0.0000000000
47129  -49.917  -20.744  59.632 0.0000000000
46536  -50.297  -22.088  60.720 0.0000000000
45968  -49.813  -23.948  63.386 0.0000000000
45405  -50.022  -24.523  63.153 0.0000000000
45969  -50.211  -23.357  62.884 0.0000000000
50256  -52.965  -15.319  57.874 0.0000000000
48976  -51.764  -17.415  59.379 0.0000000000
102074  -52.939  -14.754  55.711 0.0000000000
102072  -52.445  -15.747  56.603 0.0000000000
102094  -53.507  -12.026  52.700 0.0000000000
33039  -16.588  -43.086  67.262 0.0000000000
32333  -16.423  -43.864  68.710 0.0000000000
32332  -16.142  -44.822  69.255 0.0000000000
31740  -15.656  -45.593  67.588 0.0000000000
31120  -14.854  -47.087  66.639 0.0000000000
31129  -15.186  -46.461  66.132 0.0000000000
28920  -11.399  -50.197  70.045 0.0000000000
29729  -12.114  -49.389  71.038 0.0000000000
28886  -11.061  -49.937  70.994 0.0000000000
28065  -9.570  -52.188  70.915 0.0000000000
29696  -9.718  -50.242  71.541 0.0000000000
28899  -9.699  -51.206  71.151 0.0000000000
25929  -8.926  -52.553  70.618 0.0000000000
34601  -37.065  -41.248  66.334 0.0000000000
57906  -49.395  -5.805  49.762 0.0000000000
57123  -48.002  -6.090  49.409 0.0000000000
58752  -47.072  -4.523  49.400 0.0000000000
42578  -45.057  -30.313  62.784 0.0000000000
35491  -23.643  -39.993  59.902 0.0000000000
35445  -22.868  -40.479  61.371 0.0000000000
31048  -13.499  -47.146  73.692 0.0000000000
30395  -12.842  -47.798  73.239 0.0000000000
36146  -42.645  -39.276  59.992 0.0000000000
37396  -43.976  -37.643  61.757 0.0000000000
41240  -44.075  -31.745  63.701 0.0000000000
101324  -29.281  -39.840  60.794 0.0000000000
101336  -29.508  -37.770  59.274 0.0000000000
36126  -30.626  -38.830  60.813 0.0000000000
36127  -31.586  -38.265  61.118 0.0000000000
36771  -32.967  -38.223  61.047 0.0000000000
35427  -38.029  -40.542  62.894 0.0000000000
35454  -37.294  -40.776  61.889 0.0000000000
35455  -38.349  -41.016  61.900 0.0000000000
34675  -38.654  -41.364  60.946 0.0000000000
34722  -39.296  -41.811  58.925 0.0000000000
33851  -29.792  -42.759  64.587 0.0000000000
33877  -28.051  -42.443  63.378 0.0000000000
34631  -28.593  -41.720  62.645 0.0000000000
57181  -44.072  -7.085  45.994 0.0000000000
57983  -52.566  -5.759  43.031 0.0000000000
60375  -50.818  -2.769  49.026 0.0000000000
58763  -52.118  -4.699  48.787 0.0000000000
41258  -46.797  -31.775  60.472 0.0000000000
44339  -50.728  -26.381  61.901 0.0000000000
44871  -50.567  -25.470  62.160 0.0000000000
48315  -50.383  -19.533  62.424 0.0000000000
48963  -51.133  -18.404  61.308 0.0000000000
50246  -52.669  -15.586  59.538 0.0000000000
35379  -19.930  -40.853  64.534 0.0000000000
35366  -19.153  -41.096  65.497 0.0000000000
35347  -17.673  -41.181  67.406 0.0000000000
34579  -16.576  -41.633  66.894 0.0000000000
33804  -16.569  -42.384  66.595 0.0000000000
32368  -16.308  -44.213  66.006 0.0000000000
31784  -15.499  -45.875  64.759 0.0000000000
32407  -15.785  -45.153  63.316 0.0000000000
36106  -41.629  -40.181  62.964 0.0000000000
36107  -42.458  -39.468  63.531 0.0000000000
34635  -33.151  -41.124  63.574 0.0000000000
35401  -33.117  -40.213  62.870 0.0000000000
35383  -34.523  -40.673  63.860 0.0000000000
36094  -35.587  -39.724  63.897 0.0000000000
36096  -36.601  -39.760  64.250 0.0000000000
35370  -37.147  -40.737  65.553 0.0000000000
35387  -37.581  -40.155  64.785 0.0000000000
35405  -37.859  -40.085  63.853 0.0000000000
35406  -38.831  -40.361  63.700 0.0000000000
35407  -39.795  -40.433  63.469 0.0000000000
33830  -33.139  -42.489  65.530 0.0000000000
102102  -49.404  -10.334  48.516 0.0000000000
54094  -47.870  -10.824  47.683 0.0000000000
54095  -48.643  -9.907  47.791 0.0000000000
55502  -46.881  -8.307  47.610 0.0000000000
56304  -44.097  -7.347  47.560 0.0000000000
57915  -45.517  -5.502  48.575 0.0000000000
57914  -44.377  -5.486  47.889 0.0000000000
57923  -41.376  -5.099  46.264 0.0000000000
57945  -45.062  -5.483  46.734 0.0000000000
57946  -46.161  -5.568  47.094 0.0000000000
57147  -48.467  -6.069  47.324 0.0000000000
57168  -50.308  -7.145  46.379 0.0000000000
57929  -49.397  -5.714  47.749 0.0000000000
58773  -49.070  -4.530  48.172 0.0000000000
59564  -49.372  -3.627  48.498 0.0000000000
61225  -46.743  -1.561  47.869 0.0000000000
60374  -49.817  -2.692  48.852 0.0000000000
40584  -43.533  -32.460  60.818 0.0000000000
40591  -42.917  -32.849  59.606 0.0000000000
41254  -43.648  -31.879  60.945 0.0000000000
41255  -44.113  -31.838  60.790 0.0000000000
41256  -44.920  -31.883  60.723 0.0000000000
41914  -45.563  -30.760  62.412 0.0000000000
41923  -46.099  -31.195  61.898 0.0000000000
41250  -46.502  -31.505  61.218 0.0000000000
41924  -47.189  -31.091  61.823 0.0000000000
42580  -48.478  -29.539  62.678 0.0000000000
42581  -49.220  -29.207  62.337 0.0000000000
43824  -49.616  -27.797  62.446 0.0000000000
43817  -49.076  -27.320  63.106 0.0000000000
44328  -49.023  -26.282  63.594 0.0000000000
45404  -49.448  -24.506  63.663 0.0000000000
45397  -48.876  -24.388  64.318 0.0000000000
46522  -49.830  -22.304  63.650 0.0000000000
34608  -22.076  -41.230  64.270 0.0000000000
35444  -21.959  -40.357  61.356 0.0000000000
35418  -21.688  -40.453  62.300 0.0000000000
35396  -20.411  -40.496  63.438 0.0000000000
35416  -19.919  -40.369  62.497 0.0000000000
39226  -44.152  -34.918  60.229 0.0000000000
39916  -44.093  -33.980  60.671 0.0000000000
36119  -43.017  -39.161  62.642 0.0000000000
37391  -44.046  -37.805  62.922 0.0000000000
37392  -44.427  -37.000  62.516 0.0000000000
37963  -44.632  -36.222  63.197 0.0000000000
37965  -44.576  -36.182  62.136 0.0000000000
38551  -44.594  -35.412  61.696 0.0000000000
39911  -44.381  -33.838  61.610 0.0000000000
39910  -43.840  -33.163  61.212 0.0000000000
41907  -43.413  -30.716  62.784 0.0000000000
36101  -33.812  -39.158  62.773 0.0000000000
36128  -33.511  -38.682  61.328 0.0000000000
36145  -33.879  -39.343  60.980 0.0000000000
35453  -36.082  -40.619  61.408 0.0000000000
35477  -35.151  -40.669  60.336 0.0000000000
33874  -25.682  -42.186  63.818 0.0000000000
34668  -25.543  -41.275  62.053 0.0000000000
34669  -26.946  -41.517  62.129 0.0000000000
35448  -26.099  -40.770  61.160 0.0000000000
35447  -24.919  -40.724  61.314 0.0000000000
35492  -24.375  -39.919  59.734 0.0000000000
57169  -51.281  -6.860  46.195 0.0000000000
57186  -52.727  -6.429  45.334 0.0000000000
57976  -53.403  -5.667  44.289 0.0000000000
57920  -53.358  -5.279  48.157 0.0000000000
57965  -54.239  -5.815  45.444 0.0000000000
102371  -54.341  -5.066  43.564 0.0000000000
102369  -55.474  -4.657  43.881 0.0000000000
102373  -56.037  -3.959  43.217 0.0000000000
102399  -56.536  -2.621  42.206 0.0000000000
102403  -57.393  -2.757  44.040 0.0000000000
102383  -57.809  -1.963  45.029 0.0000000000
30452  -14.328  -47.844  69.269 0.0000000000
30445  -14.096  -47.968  70.392 0.0000000000
29762  -13.376  -49.102  68.508 0.0000000000
43818  -49.694  -26.986  62.567 0.0000000000
45410  -50.491  -24.399  62.335 0.0000000000
47711  -50.308  -20.239  61.650 0.0000000000
47125  -50.243  -21.094  61.068 0.0000000000
47719  -50.320  -19.800  60.174 0.0000000000
48344  -51.011  -18.508  59.171 0.0000000000
48357  -51.540  -17.255  57.200 0.0000000000
48996  -52.018  -16.406  56.537 0.0000000000
102098  -51.349  -10.482  50.309 0.0000000000
56280  -50.070  -7.362  48.965 0.0000000000
31701  -15.519  -45.890  71.086 0.0000000000
32319  -16.130  -44.961  70.416 0.0000000000
31104  -15.292  -46.430  69.323 0.0000000000
31113  -14.908  -47.091  67.691 0.0000000000
29782  -14.074  -48.369  66.445 0.0000000000
30434  -13.522  -48.270  71.035 0.0000000000
30412  -12.624  -48.268  72.613 0.0000000000
29687  -11.516  -48.765  72.851 0.0000000000
28884  -9.912  -50.573  71.074 0.0000000000
29698  -10.876  -49.456  72.170 0.0000000000
31045  -10.743  -48.917  73.019 0.0000000000
26572  -8.637  -50.591  71.485 0.0000000000
25928  -8.047  -53.723  70.564 0.0000000000
25315  -8.370  -53.096  69.825 0.0000000000
31081  -14.674  -47.182  70.924 0.0000000000
35459  -41.853  -40.214  61.085 0.0000000000
35431  -41.645  -40.335  61.774 0.0000000000
35400  -31.869  -40.571  62.648 0.0000000000
35399  -31.244  -40.775  62.553 0.0000000000
42584  -49.689  -29.476  61.915 0.0000000000
34623  -17.739  -42.211  63.162 0.0000000000
34624  -18.045  -41.583  63.771 0.0000000000
36090  -40.420  -39.879  65.351 0.0000000000
34585  -35.859  -41.807  66.363 0.0000000000
34599  -35.575  -41.560  65.456 0.0000000000
36085  -39.934  -39.870  66.212 0.0000000000
35372  -39.226  -40.156  65.713 0.0000000000
36089  -39.863  -40.016  65.649 0.0000000000
33801  -35.286  -42.267  66.754 0.0000000000
56293  -49.168  -7.117  48.735 0.0000000000
57135  -48.464  -6.628  49.056 0.0000000000
61222  -43.894  -2.349  47.874 0.0000000000
60384  -45.088  -2.182  47.241 0.0000000000
60397  -45.424  -2.890  47.121 0.0000000000
60385  -46.082  -2.284  47.451 0.0000000000
41913  -44.584  -30.789  62.257 0.0000000000
42572  -47.452  -29.315  63.469 0.0000000000
43239  -48.070  -28.068  63.665 0.0000000000
34647  -23.839  -41.157  62.415 0.0000000000
61239  -57.721  -0.926  44.511 0.0000000000
31047  -12.401  -47.688  73.809 0.0000000000
37406  -44.112  -36.669  60.677 0.0000000000
37385  -43.827  -37.316  64.853 0.0000000000
37957  -44.106  -36.410  65.268 0.0000000000
101322  -26.974  -38.966  58.882 0.0000000000
101326  -28.106  -38.303  58.893 0.0000000000
36116  -36.334  -39.520  63.407 0.0000000000
36115  -35.963  -39.353  63.082 0.0000000000
101316  -27.843  -39.638  60.029 0.0000000000
35474  -27.176  -39.985  60.163 0.0000000000
36158  -26.178  -39.162  58.840 0.0000000000
102377  -54.345  -4.307  41.237 0.0000000000
58762  -51.076  -4.527  48.599 0.0000000000
58777  -55.472  -4.927  47.175 0.0000000000
40593  -44.510  -32.408  59.343 0.0000000000
45411  -50.927  -24.771  61.849 0.0000000000
45415  -50.872  -23.998  61.583 0.0000000000
46527  -50.137  -22.244  62.919 0.0000000000
32357  -16.351  -43.966  67.052 0.0000000000
32346  -16.441  -43.714  67.850 0.0000000000
32345  -16.136  -44.646  68.012 0.0000000000
31754  -15.541  -45.714  66.504 0.0000000000
28902  -11.312  -49.933  70.625 0.0000000000
27276  -9.145  -52.612  70.830 0.0000000000
42570  -45.142  -29.489  63.532 0.0000000000
36142  -23.024  -39.829  59.683 0.0000000000
31061  -14.293  -46.776  73.072 0.0000000000
31049  -14.337  -46.461  73.845 0.0000000000
30396  -13.341  -47.532  73.154 0.0000000000
35481  -42.040  -40.011  60.129 0.0000000000
36766  -43.533  -38.453  62.173 0.0000000000
36768  -29.755  -38.372  59.981 0.0000000000
36111  -32.431  -38.627  61.800 0.0000000000
36764  -32.368  -38.132  61.260 0.0000000000
34696  -38.008  -41.654  60.036 0.0000000000
34697  -38.982  -41.580  60.007 0.0000000000
35499  -40.909  -41.008  59.763 0.0000000000
33827  -30.484  -42.781  65.097 0.0000000000
33878  -29.272  -42.262  63.431 0.0000000000
56315  -45.300  -7.109  46.092 0.0000000000
48955  -51.180  -17.963  61.747 0.0000000000
49620  -51.978  -16.858  60.580 0.0000000000
50868  -54.417  -12.751  55.259 0.0000000000
35395  -19.526  -40.575  63.498 0.0000000000
35367  -19.745  -41.165  65.163 0.0000000000
35378  -18.952  -40.780  64.468 0.0000000000
35364  -17.487  -41.181  65.301 0.0000000000
35346  -16.974  -41.158  67.140 0.0000000000
35354  -16.970  -41.213  66.234 0.0000000000
33841  -16.925  -43.132  64.562 0.0000000000
33819  -16.881  -42.542  65.501 0.0000000000
33072  -16.583  -43.542  65.270 0.0000000000
33055  -16.546  -43.270  66.295 0.0000000000
32381  -16.330  -44.424  64.904 0.0000000000
32408  -16.278  -44.519  63.811 0.0000000000
35408  -40.726  -40.410  63.261 0.0000000000
36092  -42.177  -38.945  65.500 0.0000000000
36755  -42.732  -38.383  65.579 0.0000000000
34614  -33.740  -41.549  64.373 0.0000000000
35382  -33.779  -40.710  63.561 0.0000000000
34615  -34.716  -41.278  64.473 0.0000000000
35368  -35.806  -41.030  64.760 0.0000000000
35384  -35.420  -40.522  64.257 0.0000000000
35385  -36.101  -40.503  64.609 0.0000000000
36095  -36.114  -39.859  64.247 0.0000000000
35358  -37.686  -40.864  66.447 0.0000000000
35390  -40.410  -40.280  64.063 0.0000000000
33831  -34.108  -42.171  65.345 0.0000000000
33855  -33.465  -42.162  64.987 0.0000000000
33854  -32.847  -42.187  64.800 0.0000000000
55489  -46.958  -7.684  48.022 0.0000000000
55503  -47.839  -8.235  47.800 0.0000000000
56306  -46.100  -7.859  47.879 0.0000000000
56305  -45.148  -7.740  47.897 0.0000000000
56289  -44.807  -7.040  48.092 0.0000000000
57903  -46.624  -5.392  49.220 0.0000000000
57121  -46.694  -5.888  49.222 0.0000000000
57902  -45.909  -4.944  48.789 0.0000000000
60371  -42.593  -2.980  47.700 0.0000000000
58758  -43.715  -4.275  47.935 0.0000000000
58757  -42.537  -4.207  47.594 0.0000000000
57925  -43.632  -5.627  47.417 0.0000000000
59575  -41.287  -3.807  47.037 0.0000000000
58781  -42.042  -4.586  45.842 0.0000000000
59586  -42.433  -3.706  45.981 0.0000000000
58770  -46.433  -4.201  47.459 0.0000000000
58784  -45.675  -4.355  47.168 0.0000000000
57926  -46.666  -4.857  47.434 0.0000000000
57166  -48.063  -6.395  47.032 0.0000000000
57948  -47.810  -5.674  47.389 0.0000000000
57148  -48.892  -6.263  47.297 0.0000000000
57928  -48.410  -5.519  47.561 0.0000000000
59578  -48.295  -3.761  48.236 0.0000000000
59579  -48.843  -3.802  48.348 0.0000000000
58760  -49.487  -4.190  48.365 0.0000000000
59563  -48.621  -3.319  48.437 0.0000000000
60373  -48.710  -2.522  48.598 0.0000000000
41249  -45.513  -31.549  61.284 0.0000000000
41917  -48.903  -30.047  62.104 0.0000000000
43249  -49.122  -28.341  62.719 0.0000000000
43810  -48.520  -26.963  63.670 0.0000000000
46521  -49.311  -22.424  64.308 0.0000000000
45961  -49.570  -23.398  63.795 0.0000000000
48301  -50.043  -19.858  63.238 0.0000000000
34625  -22.194  -40.890  63.474 0.0000000000
35469  -22.261  -40.224  60.505 0.0000000000
35417  -20.793  -40.348  62.426 0.0000000000
35397  -21.455  -40.665  63.412 0.0000000000
37977  -43.713  -36.396  59.451 0.0000000000
38557  -44.143  -35.585  60.129 0.0000000000
36108  -43.029  -39.119  63.339 0.0000000000
36762  -43.444  -38.594  63.478 0.0000000000
39208  -44.790  -34.481  63.122 0.0000000000
39214  -44.670  -34.578  62.147 0.0000000000
41235  -43.806  -31.203  63.733 0.0000000000
41239  -43.807  -31.500  63.338 0.0000000000
42576  -43.569  -30.168  62.628 0.0000000000
36779  -30.112  -37.857  59.726 0.0000000000
37403  -30.338  -37.592  59.253 0.0000000000
35402  -34.165  -39.898  63.335 0.0000000000
36130  -34.698  -39.090  62.071 0.0000000000
36113  -34.365  -38.857  62.406 0.0000000000
36129  -34.115  -39.120  61.497 0.0000000000
35451  -34.392  -39.533  61.358 0.0000000000
34672  -36.341  -40.997  60.923 0.0000000000
34629  -25.750  -42.072  63.538 0.0000000000
34649  -25.929  -41.849  62.986 0.0000000000
34630  -27.750  -41.885  62.659 0.0000000000
101308  -27.947  -41.488  62.182 0.0000000000
35472  -25.209  -40.317  60.415 0.0000000000
35493  -25.300  -39.791  59.584 0.0000000000
57149  -49.815  -6.624  47.284 0.0000000000
57150  -50.826  -6.790  47.201 0.0000000000
57932  -52.512  -6.212  47.278 0.0000000000
57170  -52.277  -6.685  46.234 0.0000000000
57171  -52.971  -6.731  45.995 0.0000000000
57963  -52.959  -6.059  44.644 0.0000000000
57964  -53.498  -6.176  45.109 0.0000000000
57919  -52.782  -5.440  48.209 0.0000000000
57951  -54.261  -5.642  46.446 0.0000000000
57977  -54.004  -5.545  44.515 0.0000000000
58808  -54.764  -5.239  44.678 0.0000000000
30458  -14.477  -47.817  68.171 0.0000000000
29763  -13.875  -48.540  68.607 0.0000000000
29772  -13.515  -49.021  67.782 0.0000000000
44865  -50.099  -25.412  62.785 0.0000000000
48964  -51.545  -17.834  60.775 0.0000000000
48328  -50.784  -19.117  61.092 0.0000000000
49647  -52.326  -16.492  57.754 0.0000000000
48345  -51.451  -18.060  59.746 0.0000000000
102129  -50.710  -8.441  48.766 0.0000000000
31712  -15.669  -45.703  69.878 0.0000000000
31103  -14.859  -47.114  68.775 0.0000000000
31114  -15.333  -46.381  68.228 0.0000000000
29789  -13.929  -48.196  65.627 0.0000000000
29741  -13.607  -48.455  70.229 0.0000000000
29715  -12.332  -48.743  71.994 0.0000000000
30411  -12.129  -48.523  72.728 0.0000000000
29699  -11.705  -48.875  72.493 0.0000000000
28074  -9.361  -51.764  70.310 0.0000000000
28900  -10.055  -50.751  70.671 0.0000000000
28067  -9.296  -51.074  70.746 0.0000000000
29711  -9.489  -50.449  71.426 0.0000000000
30409  -10.332  -49.569  72.193 0.0000000000
30410  -10.835  -49.241  72.590 0.0000000000
30392  -10.578  -49.260  72.613 0.0000000000
25314  -7.754  -53.905  69.877 0.0000000000
31070  -13.931  -47.450  72.234 0.0000000000
35423  -33.030  -39.136  62.367 0.0000000000
34698  -40.044  -41.342  60.051 0.0000000000
33853  -31.850  -42.262  64.575 0.0000000000
33880  -31.245  -42.009  63.910 0.0000000000
34651  -30.858  -40.921  62.498 0.0000000000
56317  -47.390  -7.252  46.347 0.0000000000
57198  -51.596  -6.505  44.186 0.0000000000
39232  -43.823  -35.058  59.498 0.0000000000
41259  -47.815  -31.519  60.293 0.0000000000
43256  -50.142  -28.356  62.069 0.0000000000
35377  -18.158  -41.052  64.341 0.0000000000
35376  -17.742  -41.304  64.609 0.0000000000
35363  -17.040  -41.404  65.734 0.0000000000
33820  -17.222  -42.154  65.030 0.0000000000
33842  -17.212  -42.529  64.670 0.0000000000
33867  -16.829  -43.405  63.891 0.0000000000
33121  -16.573  -43.797  63.041 0.0000000000
36751  -41.861  -38.630  66.410 0.0000000000
34598  -34.834  -41.652  65.084 0.0000000000
35369  -36.339  -40.941  65.115 0.0000000000
33815  -34.646  -42.381  66.193 0.0000000000
102112  -50.539  -9.186  48.703 0.0000000000
102115  -49.536  -9.056  48.159 0.0000000000
55491  -49.059  -7.892  48.276 0.0000000000
55490  -47.957  -7.700  48.201 0.0000000000
56291  -47.152  -7.083  48.564 0.0000000000
59562  -44.857  -3.576  48.629 0.0000000000
58759  -45.009  -4.354  48.405 0.0000000000
59561  -44.162  -3.423  48.482 0.0000000000
60383  -43.255  -2.619  47.483 0.0000000000
60395  -43.289  -2.722  46.663 0.0000000000
59587  -43.799  -3.529  46.476 0.0000000000
60396  -44.486  -2.758  46.798 0.0000000000
59589  -45.578  -3.502  47.170 0.0000000000
58771  -47.047  -4.250  47.684 0.0000000000
58772  -47.964  -4.441  47.879 0.0000000000
41922  -45.067  -31.218  61.842 0.0000000000
41909  -47.021  -30.080  63.134 0.0000000000
42579  -47.957  -29.664  63.047 0.0000000000
42573  -48.211  -29.078  63.177 0.0000000000
43248  -48.497  -28.280  63.216 0.0000000000
34610  -24.513  -42.070  64.530 0.0000000000
34627  -24.129  -41.536  63.528 0.0000000000
35441  -19.499  -40.603  61.557 0.0000000000
62056  -57.302  -0.936  41.890 0.0000000000
62050  -57.452  -0.380  42.940 0.0000000000
62866  -57.354  0.312  42.244 0.0000000000
31659  -11.025  -47.496  74.446 0.0000000000
36759  -43.435  -38.148  64.601 0.0000000000
37386  -44.233  -37.052  64.335 0.0000000000
39201  -44.705  -34.389  64.105 0.0000000000
41904  -43.566  -30.643  63.750 0.0000000000
37404  -31.236  -37.758  59.468 0.0000000000
35424  -35.292  -39.485  62.266 0.0000000000
34695  -37.053  -41.546  60.082 0.0000000000
33903  -26.674  -42.267  63.242 0.0000000000
101309  -27.790  -41.206  61.704 0.0000000000
35494  -26.013  -39.584  59.423 0.0000000000
36172  -25.645  -38.959  58.405 0.0000000000
57931  -51.307  -6.099  47.643 0.0000000000
58775  -53.763  -5.130  48.114 0.0000000000
58776  -54.469  -5.147  47.626 0.0000000000
58785  -54.869  -5.284  46.678 0.0000000000
58799  -55.501  -4.863  44.974 0.0000000000
29781  -13.522  -48.922  66.780 0.0000000000
28982  -12.968  -49.479  67.157 0.0000000000
44864  -49.508  -25.392  63.358 0.0000000000
49648  -52.548  -16.076  58.491 0.0000000000
48986  -51.731  -17.453  58.372 0.0000000000
33027  -16.649  -43.007  68.177 0.0000000000
31121  -15.279  -46.391  67.148 0.0000000000
31128  -14.730  -47.110  65.608 0.0000000000
28921  -12.117  -49.683  70.030 0.0000000000
29739  -12.292  -49.453  70.476 0.0000000000
28903  -11.828  -49.681  70.456 0.0000000000
29728  -11.459  -49.658  71.062 0.0000000000
28883  -9.548  -50.628  71.118 0.0000000000
28882  -8.984  -51.101  70.919 0.0000000000
34586  -36.558  -41.609  66.772 0.0000000000
57125  -49.922  -6.640  49.413 0.0000000000
57124  -48.933  -6.317  49.405 0.0000000000
57905  -48.483  -5.535  49.647 0.0000000000
57904  -47.563  -5.355  49.486 0.0000000000
58751  -46.245  -4.423  49.034 0.0000000000
61211  -44.287  -2.155  48.455 0.0000000000
61224  -45.612  -1.574  47.859 0.0000000000
42577  -44.250  -30.173  62.637 0.0000000000
42565  -46.811  -29.054  63.976 0.0000000000
35471  -24.204  -40.353  60.561 0.0000000000
35446  -23.871  -40.724  61.524 0.0000000000
35470  -23.189  -40.256  60.469 0.0000000000
36769  -30.763  -37.883  60.227 0.0000000000
37395  -31.032  -37.583  59.929 0.0000000000
36770  -31.859  -37.853  60.399 0.0000000000
36781  -32.509  -38.513  60.013 0.0000000000
34674  -37.698  -41.330  61.020 0.0000000000
33850  -28.711  -42.854  64.236 0.0000000000
57180  -43.632  -7.194  46.184 0.0000000000
57991  -53.140  -5.368  42.377 0.0000000000
59566  -51.507  -3.649  49.024 0.0000000000
59567  -52.520  -3.993  49.233 0.0000000000
59570  -55.609  -3.927  48.672 0.0000000000
41257  -45.874  -31.888  60.655 0.0000000000
41263  -46.143  -32.186  60.022 0.0000000000
47702  -50.131  -20.498  62.762 0.0000000000
49636  -52.305  -16.270  59.899 0.0000000000
50858  -53.467  -14.519  57.451 0.0000000000
35357  -18.930  -41.262  66.153 0.0000000000
34568  -16.537  -41.556  67.836 0.0000000000
34589  -16.780  -41.754  66.046 0.0000000000
32367  -15.879  -45.175  65.592 0.0000000000
32380  -15.907  -45.170  64.363 0.0000000000
36117  -41.679  -40.272  62.257 0.0000000000
35403  -34.986  -39.829  63.668 0.0000000000
36104  -36.006  -39.445  63.687 0.0000000000
36105  -36.514  -39.556  63.814 0.0000000000
35404  -37.078  -39.713  64.112 0.0000000000
33829  -32.241  -42.580  65.452 0.0000000000
34613  -32.629  -41.677  64.080 0.0000000000
102105  -49.019  -9.488  47.904 0.0000000000
54791  -48.122  -9.001  47.529 0.0000000000
54798  -47.548  -9.679  47.281 0.0000000000
57134  -47.544  -6.536  49.033 0.0000000000
57133  -46.414  -6.207  48.934 0.0000000000
57132  -45.216  -6.352  48.411 0.0000000000
57131  -44.532  -6.439  47.930 0.0000000000
57145  -43.472  -6.758  47.164 0.0000000000
57161  -43.398  -6.803  46.643 0.0000000000
57162  -43.709  -6.456  46.445 0.0000000000
57944  -43.927  -5.467  46.560 0.0000000000
57164  -45.697  -6.426  46.561 0.0000000000
58783  -44.415  -4.441  46.684 0.0000000000
57165  -46.806  -6.443  46.804 0.0000000000
56318  -48.311  -7.311  46.263 0.0000000000
57167  -49.169  -7.072  46.558 0.0000000000
57183  -49.792  -7.347  45.668 0.0000000000
58774  -49.894  -5.214  48.123 0.0000000000
58761  -50.007  -4.420  48.385 0.0000000000
61226  -47.735  -2.001  48.195 0.0000000000
43255  -49.554  -28.527  62.305 0.0000000000
44327  -48.273  -26.292  64.246 0.0000000000
44857  -48.366  -25.302  64.465 0.0000000000
47115  -50.023  -21.409  63.248 0.0000000000
48954  -50.796  -18.516  62.267 0.0000000000
35420  -23.283  -40.734  62.033 0.0000000000
35419  -22.605  -40.610  62.271 0.0000000000
35398  -22.202  -40.691  62.951 0.0000000000
35381  -21.365  -40.941  64.126 0.0000000000
35380  -20.816  -40.808  64.151 0.0000000000
35415  -19.229  -40.727  62.528 0.0000000000
62864  -57.331  0.436  43.318 0.0000000000
38564  -43.950  -35.449  59.726 0.0000000000
37961  -44.458  -36.278  64.360 0.0000000000
39220  -44.451  -34.689  61.186 0.0000000000
40572  -43.981  -31.930  63.257 0.0000000000
36112  -33.461  -38.477  61.978 0.0000000000
36144  -33.436  -39.147  60.544 0.0000000000
35478  -35.778  -40.893  60.587 0.0000000000
35476  -34.116  -39.814  60.688 0.0000000000
35475  -33.695  -39.620  60.320 0.0000000000
34611  -25.090  -42.175  64.302 0.0000000000
34628  -25.206  -41.917  63.755 0.0000000000
34667  -24.518  -41.134  61.983 0.0000000000
33904  -27.209  -42.186  62.930 0.0000000000
34650  -26.625  -42.019  62.849 0.0000000000
57185  -51.803  -6.541  45.266 0.0000000000
57199  -52.358  -6.240  44.521 0.0000000000
57975  -52.814  -5.822  43.954 0.0000000000
57984  -53.520  -5.432  43.357 0.0000000000
57950  -53.516  -6.326  46.283 0.0000000000
57933  -53.618  -5.561  47.405 0.0000000000
57985  -53.797  -5.378  43.955 0.0000000000
58813  -53.989  -5.217  43.142 0.0000000000
102374  -55.108  -4.014  42.443 0.0000000000
61236  -57.895  -0.927  45.370 0.0000000000
31092  -14.737  -47.161  69.860 0.0000000000
29753  -13.726  -48.463  69.686 0.0000000000
29752  -13.310  -48.991  69.222 0.0000000000
28971  -12.987  -49.519  68.083 0.0000000000
28957  -12.989  -49.398  68.773 0.0000000000
28941  -12.728  -49.455  69.362 0.0000000000
44333  -50.129  -26.301  62.396 0.0000000000
47120  -50.212  -21.298  62.283 0.0000000000
48329  -51.227  -18.444  60.452 0.0000000000
31093  -15.180  -46.506  70.398 0.0000000000
30464  -14.548  -47.790  67.093 0.0000000000
31769  -15.432  -45.927  65.647 0.0000000000
31137  -15.086  -46.507  65.141 0.0000000000
30435  -14.073  -47.653  71.427 0.0000000000
30424  -13.380  -47.960  72.058 0.0000000000
29730  -12.880  -48.618  71.409 0.0000000000
29716  -12.872  -48.406  71.927 0.0000000000
30413  -13.195  -47.779  72.796 0.0000000000
30394  -11.990  -48.400  73.097 0.0000000000
31046  -11.456  -48.305  73.515 0.0000000000
28885  -10.591  -50.217  71.112 0.0000000000
29713  -10.483  -49.909  71.524 0.0000000000
28875  -9.904  -50.272  71.442 0.0000000000
29712  -10.118  -50.156  71.486 0.0000000000
29686  -11.224  -49.045  72.681 0.0000000000
30393  -11.188  -48.847  72.973 0.0000000000
25308  -7.655  -54.615  70.723 0.0000000000
28874  -9.908  -50.103  71.618 0.0000000000
28922  -12.493  -49.515  69.791 0.0000000000
28956  -12.407  -49.935  68.620 0.0000000000
29697  -10.124  -49.905  71.752 0.0000000000
29700  -12.202  -48.592  72.496 0.0000000000
30408  -9.884  -49.962  71.801 0.0000000000
30423  -12.818  -48.339  72.179 0.0000000000
30425  -13.998  -47.507  71.964 0.0000000000
30444  -13.567  -48.414  70.490 0.0000000000
30470  -14.439  -47.744  66.069 0.0000000000
31072  -15.105  -46.355  71.691 0.0000000000
33816  -35.298  -42.045  65.991 0.0000000000
33833  -35.287  -41.860  65.713 0.0000000000
34605  -17.867  -41.398  64.308 0.0000000000
36761  -43.024  -39.072  63.687 0.0000000000
37978  -43.928  -35.887  59.714 0.0000000000
48987  -52.038  -17.074  58.053 0.0000000000
50237  -52.009  -16.351  60.938 0.0000000000
54790  -46.661  -8.972  47.215 0.0000000000
55501  -45.748  -8.367  47.543 0.0000000000
56288  -44.333  -6.827  47.754 0.0000000000
57122  -47.105  -5.979  49.376 0.0000000000
57136  -48.994  -6.680  49.066 0.0000000000
57146  -43.925  -6.342  47.498 0.0000000000
57163  -44.591  -6.652  46.252 0.0000000000
57182  -44.386  -7.084  46.000 0.0000000000
57187  -53.218  -6.501  45.652 0.0000000000
57913  -43.208  -4.959  47.385 0.0000000000
57916  -46.126  -5.542  48.908 0.0000000000
57924  -43.064  -5.639  46.856 0.0000000000
57941  -41.080  -5.201  45.814 0.0000000000
57942  -41.532  -4.995  45.872 0.0000000000
57943  -42.761  -5.282  46.657 0.0000000000
57947  -47.174  -5.699  47.308 0.0000000000
57960  -40.291  -5.493  46.044 0.0000000000
57961  -40.551  -5.297  45.684 0.0000000000
57962  -41.007  -5.077  45.626 0.0000000000
57972  -39.790  -5.400  46.124 0.0000000000
57973  -39.803  -5.513  45.821 0.0000000000
57974  -40.060  -5.527  45.726 0.0000000000
58756  -41.630  -4.178  47.308 0.0000000000
58769  -41.843  -4.769  46.917 0.0000000000
58780  -41.525  -4.720  45.688 0.0000000000
58782  -43.218  -4.484  46.310 0.0000000000
58794  -39.341  -4.874  45.693 0.0000000000
58795  -39.903  -4.992  45.323 0.0000000000
58796  -41.075  -4.697  45.546 0.0000000000
58797  -41.706  -4.153  45.606 0.0000000000
58805  -39.600  -4.880  46.285 0.0000000000
58806  -39.445  -5.313  45.754 0.0000000000
58807  -39.865  -5.401  45.628 0.0000000000
59559  -42.143  -3.625  47.508 0.0000000000
59574  -40.372  -4.124  46.315 0.0000000000
59583  -39.948  -4.258  45.802 0.0000000000
59584  -40.284  -4.013  45.842 0.0000000000
59585  -41.565  -3.603  45.818 0.0000000000
59592  -39.592  -4.495  45.902 0.0000000000
59593  -39.684  -4.572  45.602 0.0000000000
59594  -40.374  -4.256  45.600 0.0000000000
59595  -41.208  -4.001  45.542 0.0000000000
59596  -41.724  -3.825  45.671 0.0000000000
60370  -41.921  -3.331  47.205 0.0000000000
60380  -40.866  -3.731  46.257 0.0000000000
60381  -41.429  -3.550  46.596 0.0000000000
60392  -40.619  -3.775  45.977 0.0000000000
60393  -41.203  -3.583  46.112 0.0000000000
60394  -42.030  -3.327  46.352 0.0000000000
60402  -40.506  -3.927  45.745 0.0000000000
60403  -40.878  -3.785  45.739 0.0000000000
61232  -44.260  -2.338  47.145 0.0000000000
102114  -48.539  -8.625  47.798 0.0000000000
102121  -49.971  -8.474  48.407 0.0000000000
102363  -40.471  -5.033  46.470 0.0000000000
102364  -40.246  -4.632  46.476 0.0000000000
102365  -40.933  -4.424  46.695 0.0000000000
