#!ascii label  , from subject 3252 vox2ras=TkReg
209
11731  48.016  -68.389  17.421 0.0000000000
10270  44.290  -71.568  7.919 0.0000000000
9284  44.165  -72.946  16.567 0.0000000000
11245  44.929  -68.897  13.751 0.0000000000
8297  43.360  -75.261  11.452 0.0000000000
8787  43.484  -74.269  14.031 0.0000000000
7223  41.608  -76.337  12.939 0.0000000000
10769  44.727  -70.582  10.672 0.0000000000
11749  47.369  -67.458  12.060 0.0000000000
10240  46.513  -70.966  16.939 0.0000000000
9774  44.924  -72.274  14.785 0.0000000000
9783  44.634  -72.948  12.339 0.0000000000
9305  42.807  -72.931  9.474 0.0000000000
8304  41.140  -75.396  8.730 0.0000000000
12216  48.118  -66.344  20.253 0.0000000000
10745  46.755  -69.964  19.848 0.0000000000
9756  44.140  -71.998  18.455 0.0000000000
12234  48.499  -66.575  13.806 0.0000000000
7776  42.132  -75.606  14.553 0.0000000000
10264  44.317  -71.198  9.565 0.0000000000
11254  46.045  -69.467  10.637 0.0000000000
9764  45.392  -71.823  16.912 0.0000000000
9770  44.979  -72.285  15.741 0.0000000000
8795  43.723  -74.693  12.651 0.0000000000
8794  43.930  -73.980  13.056 0.0000000000
8797  44.228  -74.227  12.334 0.0000000000
9300  44.030  -73.444  11.637 0.0000000000
8800  42.948  -74.361  11.035 0.0000000000
8810  42.454  -74.412  7.716 0.0000000000
10226  45.656  -70.654  21.349 0.0000000000
10230  45.393  -70.763  19.591 0.0000000000
10228  44.283  -71.899  20.603 0.0000000000
11242  45.151  -69.362  14.826 0.0000000000
11743  46.611  -67.961  13.542 0.0000000000
12761  47.754  -66.312  11.863 0.0000000000
12760  48.042  -65.983  12.369 0.0000000000
8779  43.307  -73.704  16.625 0.0000000000
8782  43.678  -73.686  15.306 0.0000000000
8283  43.104  -74.381  15.370 0.0000000000
7779  42.568  -75.161  14.049 0.0000000000
8294  42.716  -75.728  12.289 0.0000000000
10765  44.826  -69.649  12.055 0.0000000000
11746  46.884  -68.008  12.619 0.0000000000
11251  45.823  -69.361  11.563 0.0000000000
11752  46.640  -68.372  10.941 0.0000000000
9801  44.061  -72.084  7.050 0.0000000000
11238  48.060  -69.883  17.517 0.0000000000
10758  45.725  -70.482  15.207 0.0000000000
10761  44.608  -70.147  14.582 0.0000000000
9295  44.484  -72.784  14.473 0.0000000000
9778  44.667  -72.571  13.862 0.0000000000
10255  43.880  -71.425  12.821 0.0000000000
10257  43.897  -71.437  11.445 0.0000000000
10261  43.995  -71.569  10.524 0.0000000000
9795  43.505  -72.641  8.779 0.0000000000
8302  41.969  -75.151  10.414 0.0000000000
8803  41.984  -74.254  9.741 0.0000000000
8805  42.694  -73.673  8.586 0.0000000000
9311  43.710  -73.399  7.588 0.0000000000
12734  48.697  -66.479  19.292 0.0000000000
12219  48.356  -67.309  18.486 0.0000000000
11235  48.290  -69.036  19.690 0.0000000000
11236  47.948  -69.939  18.823 0.0000000000
10234  46.352  -70.719  18.198 0.0000000000
10239  45.304  -71.490  17.782 0.0000000000
9763  44.390  -72.338  17.447 0.0000000000
8772  42.410  -73.216  18.213 0.0000000000
8777  43.269  -73.524  17.168 0.0000000000
12239  47.993  -66.896  12.904 0.0000000000
12224  48.398  -67.441  17.412 0.0000000000
10267  44.204  -71.486  8.734 0.0000000000
10772  45.091  -70.366  9.523 0.0000000000
9283  44.528  -72.529  16.884 0.0000000000
9765  44.971  -72.214  16.559 0.0000000000
9287  44.590  -72.652  16.172 0.0000000000
8293  43.316  -75.269  12.106 0.0000000000
8798  43.828  -74.674  11.568 0.0000000000
8300  43.335  -74.940  11.221 0.0000000000
8311  42.159  -75.180  6.950 0.0000000000
10227  44.856  -71.192  20.809 0.0000000000
11244  45.691  -68.502  14.169 0.0000000000
13269  48.320  -65.232  12.156 0.0000000000
8278  42.832  -74.339  16.333 0.0000000000
7772  42.562  -74.956  15.939 0.0000000000
7218  41.495  -76.020  13.987 0.0000000000
7780  42.204  -75.686  13.424 0.0000000000
8291  42.484  -75.605  12.826 0.0000000000
7783  42.156  -76.024  12.529 0.0000000000
10766  44.137  -70.359  11.592 0.0000000000
10768  45.303  -69.953  11.121 0.0000000000
11753  46.287  -68.906  10.706 0.0000000000
11755  46.691  -68.309  10.394 0.0000000000
12249  47.330  -67.010  10.678 0.0000000000
10750  47.139  -70.666  17.037 0.0000000000
11239  47.471  -69.867  16.601 0.0000000000
10751  46.602  -70.932  16.582 0.0000000000
10246  45.238  -71.516  14.642 0.0000000000
8282  43.455  -74.168  14.680 0.0000000000
9292  44.138  -73.223  14.794 0.0000000000
8786  43.707  -73.861  14.226 0.0000000000
9299  44.378  -73.573  12.699 0.0000000000
9779  44.619  -73.041  13.107 0.0000000000
9782  44.569  -72.447  13.039 0.0000000000
10251  44.717  -71.943  13.791 0.0000000000
9784  44.250  -72.221  12.307 0.0000000000
9302  43.019  -72.819  10.656 0.0000000000
9787  43.552  -72.308  11.016 0.0000000000
9789  43.526  -72.056  9.585 0.0000000000
9790  43.237  -72.569  9.337 0.0000000000
7238  40.753  -77.237  8.099 0.0000000000
7796  41.302  -76.377  8.746 0.0000000000
7795  41.296  -75.631  9.245 0.0000000000
8303  41.322  -74.892  9.437 0.0000000000
8809  43.216  -73.997  7.215 0.0000000000
13250  49.001  -66.149  19.480 0.0000000000
12740  48.590  -66.734  18.892 0.0000000000
11728  48.297  -68.032  19.194 0.0000000000
11234  47.592  -69.621  20.116 0.0000000000
10749  47.196  -70.467  18.006 0.0000000000
10747  46.936  -69.983  18.938 0.0000000000
10231  44.497  -71.372  19.248 0.0000000000
10235  45.660  -71.040  18.349 0.0000000000
9755  44.565  -71.805  18.151 0.0000000000
9758  44.703  -71.902  17.745 0.0000000000
9760  43.935  -72.484  18.031 0.0000000000
8773  41.629  -73.557  19.009 0.0000000000
8775  41.998  -73.583  17.970 0.0000000000
8774  42.717  -73.569  17.635 0.0000000000
11745  47.410  -67.449  12.441 0.0000000000
12756  48.381  -66.024  13.068 0.0000000000
10263  44.499  -70.949  10.197 0.0000000000
10771  45.536  -70.070  10.299 0.0000000000
10241  46.021  -71.337  16.654 0.0000000000
9769  45.451  -71.910  16.170 0.0000000000
9773  45.385  -71.980  15.388 0.0000000000
8791  43.550  -74.344  13.555 0.0000000000
8790  43.815  -73.849  13.610 0.0000000000
9301  43.350  -73.811  11.170 0.0000000000
9303  42.748  -73.449  10.670 0.0000000000
8307  41.600  -74.833  8.191 0.0000000000
10746  46.223  -70.265  20.334 0.0000000000
10748  46.212  -70.413  19.169 0.0000000000
10232  43.917  -71.874  19.462 0.0000000000
11738  47.257  -67.443  14.071 0.0000000000
12235  48.126  -67.012  13.698 0.0000000000
12243  47.318  -67.404  11.759 0.0000000000
12757  47.918  -66.459  12.529 0.0000000000
8776  43.743  -73.239  16.815 0.0000000000
8778  43.767  -73.390  16.228 0.0000000000
8783  43.346  -73.863  16.008 0.0000000000
8287  43.134  -74.572  14.241 0.0000000000
8290  42.873  -75.025  13.095 0.0000000000
10762  44.022  -69.485  13.338 0.0000000000
11246  46.147  -68.663  13.077 0.0000000000
11247  45.476  -69.161  12.576 0.0000000000
11250  46.446  -68.712  11.959 0.0000000000
11750  47.028  -67.861  11.844 0.0000000000
11253  46.219  -68.970  11.154 0.0000000000
12246  47.449  -66.958  11.451 0.0000000000
12764  47.656  -66.280  10.887 0.0000000000
9798  44.040  -72.146  7.509 0.0000000000
11732  47.792  -69.285  16.930 0.0000000000
9296  44.159  -73.288  13.685 0.0000000000
10247  45.000  -72.143  14.259 0.0000000000
10250  44.360  -70.940  13.844 0.0000000000
10763  43.646  -70.089  12.480 0.0000000000
9785  44.063  -72.451  11.709 0.0000000000
10258  43.894  -71.972  11.191 0.0000000000
10260  44.307  -71.112  10.713 0.0000000000
9794  43.906  -72.137  8.346 0.0000000000
7786  42.222  -76.322  11.613 0.0000000000
7789  42.500  -76.130  10.664 0.0000000000
8301  42.868  -75.227  10.949 0.0000000000
8801  42.362  -74.526  10.601 0.0000000000
8802  42.411  -73.747  10.120 0.0000000000
8806  41.965  -74.299  8.741 0.0000000000
9308  43.374  -73.088  8.388 0.0000000000
9799  43.979  -72.784  7.919 0.0000000000
9802  44.043  -72.580  6.851 0.0000000000
13253  49.661  -65.879  18.703 0.0000000000
13254  49.315  -66.262  18.918 0.0000000000
12739  49.139  -66.449  18.529 0.0000000000
11231  48.096  -69.493  21.016 0.0000000000
11237  48.223  -69.098  18.493 0.0000000000
10237  46.452  -70.929  17.390 0.0000000000
10238  45.655  -71.406  17.462 0.0000000000
9761  45.282  -71.744  17.213 0.0000000000
9280  44.445  -72.423  17.221 0.0000000000
9281  43.998  -72.798  17.268 0.0000000000
9279  43.346  -72.888  17.948 0.0000000000
9282  43.401  -73.212  17.455 0.0000000000
11742  47.431  -67.461  13.165 0.0000000000
12238  48.377  -66.528  13.468 0.0000000000
8286  43.472  -74.235  14.279 0.0000000000
9278  43.979  -72.649  17.660 0.0000000000
9304  43.054  -72.550  9.733 0.0000000000
9759  44.358  -72.289  17.677 0.0000000000
9762  44.895  -71.981  17.338 0.0000000000
10236  45.024  -71.479  18.233 0.0000000000
10254  43.651  -70.541  13.349 0.0000000000
10272  44.225  -71.597  7.159 0.0000000000
10273  44.074  -71.937  6.712 0.0000000000
10773  44.598  -70.874  8.895 0.0000000000
10776  44.543  -71.052  8.297 0.0000000000
11233  48.364  -69.138  20.605 0.0000000000
12231  48.547  -66.642  14.250 0.0000000000
12242  47.600  -67.010  12.171 0.0000000000
12247  47.070  -67.558  11.156 0.0000000000
13270  47.981  -65.794  11.976 0.0000000000
