#!ascii label  , from subject 3252 vox2ras=TkReg
520
40849  19.618  -22.541  -3.863 0.1428571492
40850  18.078  -23.068  -3.699 0.1428571492
40864  20.009  -21.784  -4.533 0.1428571492
41559  19.289  -22.181  -3.744 0.1428571492
40863  20.675  -21.694  -5.329 0.1428571492
102932  21.360  -19.999  -6.435 0.5714285970
40878  21.538  -20.421  -6.815 0.1428571492
102933  21.438  -20.549  -8.187 0.2857142985
102934  20.914  -21.524  -8.798 0.1428571492
102960  23.075  -20.128  -11.366 0.2857142985
102955  21.952  -19.560  -10.683 0.1428571492
102971  23.923  -18.556  -12.080 0.2857142985
102980  24.351  -17.065  -12.302 0.2857142985
102972  23.791  -17.253  -12.043 0.2857142985
47184  25.539  -16.241  -12.283 0.2857142985
47166  26.220  -15.237  -11.512 0.8571428657
47167  25.367  -15.583  -11.661 0.4285714328
102979  25.169  -16.712  -12.627 0.2857142985
48368  24.939  -13.151  -12.513 0.7142857313
47754  26.320  -14.031  -11.739 0.7142857313
47755  24.348  -14.510  -11.449 0.7142857313
48957  26.066  -12.229  -13.081 0.8571428657
49630  26.177  -11.273  -13.645 0.4285714328
48958  23.870  -11.650  -13.385 0.8571428657
49631  25.446  -10.142  -14.033 0.2857142985
102990  24.135  -10.310  -13.653 0.8571428657
51161  26.084  -9.200  -14.514 0.1428571492
102991  25.609  -9.543  -14.318 0.1428571492
102992  24.781  -10.088  -13.896 0.5714285970
52665  25.293  -7.658  -15.146 0.1428571492
51898  24.871  -8.465  -14.575 0.1428571492
102993  25.258  -9.282  -14.429 0.4285714328
52673  25.464  -6.903  -15.863 0.1428571492
51162  24.361  -9.165  -14.102 0.5714285970
51163  23.632  -9.131  -13.559 0.7142857313
49665  23.374  -10.116  -13.373 0.8571428657
52674  24.601  -7.041  -15.399 0.1428571492
53422  24.789  -6.139  -16.135 0.1428571492
52666  24.424  -7.752  -14.624 0.5714285970
50393  23.252  -9.708  -13.193 0.8571428657
51164  23.062  -9.187  -13.106 0.8571428657
53423  24.132  -6.288  -15.521 0.8571428657
52667  23.656  -7.873  -14.045 0.8571428657
51899  24.018  -8.498  -14.112 0.7142857313
54143  24.323  -4.899  -16.380 0.1428571492
54142  24.710  -4.367  -16.685 0.1428571492
53428  24.313  -5.697  -16.081 0.4285714328
53424  23.474  -6.129  -14.899 0.8571428657
52676  23.159  -7.330  -13.623 0.8571428657
53429  23.891  -5.589  -15.788 0.4285714328
53425  22.405  -6.201  -13.977 0.8571428657
54801  24.435  -3.945  -17.094 0.1428571492
54814  24.245  -3.708  -17.732 0.2857142985
54144  23.752  -4.963  -16.035 0.5714285970
53430  23.567  -5.380  -15.521 0.8571428657
54137  23.086  -5.196  -15.219 0.8571428657
54802  23.781  -4.210  -16.893 0.7142857313
54803  23.328  -4.748  -16.116 0.8571428657
54792  22.799  -4.532  -16.016 0.8571428657
55466  23.335  -3.526  -17.007 0.8571428657
55458  22.763  -3.591  -16.469 0.7142857313
54780  22.272  -4.152  -15.908 0.7142857313
55477  23.813  -3.376  -18.008 0.8571428657
56214  23.430  -2.723  -17.474 0.8571428657
56201  23.148  -3.013  -16.835 0.8571428657
57056  23.089  -2.220  -17.053 0.8571428657
56232  23.690  -2.265  -19.016 0.7142857313
56223  23.619  -2.438  -18.287 0.8571428657
57070  23.487  -1.621  -18.620 0.8571428657
58037  23.158  -0.721  -19.077 0.7142857313
55457  23.100  -3.403  -16.778 0.8571428657
57064  23.320  -1.694  -17.687 0.8571428657
56284  23.088  -2.162  -21.916 0.1428571492
57077  23.658  -1.650  -19.571 0.8571428657
58044  23.526  -0.780  -20.232 0.7142857313
57132  22.362  -2.029  -22.802 0.1428571492
58048  23.662  -1.038  -21.112 0.5714285970
59027  23.473  -0.643  -21.241 0.5714285970
59032  22.280  0.005  -21.760 0.5714285970
58057  22.593  -0.899  -21.580 0.1428571492
58090  23.222  -0.286  -24.139 0.1428571492
60082  22.185  0.969  -22.185 0.5714285970
59060  22.607  0.467  -24.223 0.1428571492
59074  23.597  0.864  -24.557 0.1428571492
58059  20.934  -0.896  -22.518 0.1428571492
60108  24.061  1.826  -24.411 0.1428571492
59033  21.091  0.203  -21.818 0.5714285970
60122  22.785  1.323  -24.472 0.1428571492
60123  21.978  1.668  -24.904 0.1428571492
61147  24.133  2.181  -23.877 0.1428571492
61161  22.589  1.886  -25.258 0.1428571492
40161  18.431  -23.635  -3.533 0.1428571492
40162  17.364  -23.942  -3.742 0.1428571492
40877  21.568  -21.270  -6.404 0.2857142985
102954  22.107  -20.725  -10.700 0.2857142985
102953  21.367  -21.454  -10.025 0.1428571492
102982  24.648  -16.088  -11.683 0.2857142985
102988  23.501  -13.347  -12.231 0.7142857313
50391  24.658  -9.791  -13.987 0.7142857313
52675  23.898  -7.066  -14.683 0.8571428657
51901  22.827  -8.489  -13.070 0.8571428657
57085  23.731  -1.507  -20.174 0.7142857313
57097  22.972  -1.586  -21.571 0.2857142985
58058  21.505  -0.974  -21.568 0.1428571492
58091  22.196  -0.689  -24.123 0.1428571492
60107  24.760  1.597  -24.190 0.1428571492
40163  16.887  -24.276  -4.064 0.1428571492
102959  23.416  -17.219  -11.294 0.2857142985
51892  26.642  -8.329  -14.877 0.1428571492
52672  26.003  -6.640  -15.927 0.1428571492
54136  24.625  -5.436  -16.262 0.1428571492
51165  22.394  -9.323  -13.278 1.0000000000
55476  24.312  -3.569  -18.321 0.2857142985
55487  23.887  -2.847  -18.828 0.5714285970
56231  24.001  -2.635  -19.650 0.5714285970
57096  23.420  -1.621  -21.259 0.4285714328
56242  23.886  -2.646  -20.552 0.2857142985
56263  23.632  -2.449  -21.359 0.2857142985
56264  23.174  -2.026  -21.435 0.1428571492
57112  22.284  -1.764  -21.909 0.1428571492
57113  21.652  -1.516  -22.590 0.1428571492
60092  21.126  0.970  -23.505 0.2857142985
57133  21.600  -2.011  -23.740 0.1428571492
60109  22.356  0.945  -24.301 0.1428571492
60110  21.787  1.036  -24.244 0.1428571492
59059  23.469  0.342  -24.310 0.1428571492
61148  23.256  2.366  -24.823 0.1428571492
61124  22.448  2.745  -25.004 0.1428571492
62117  24.431  2.902  -23.292 0.1428571492
55486  24.367  -3.349  -19.039 0.4285714328
57076  23.908  -1.999  -20.139 0.5714285970
57084  23.703  -1.629  -20.708 0.5714285970
40832  17.283  -23.527  -4.209 0.1428571492
41570  20.813  -20.999  -5.745 0.4285714328
41571  19.716  -21.541  -4.314 0.2857142985
102951  20.613  -20.950  -9.294 0.1428571492
51897  25.781  -8.393  -14.883 0.1428571492
51900  23.412  -8.537  -13.545 0.8571428657
54145  23.478  -5.044  -15.693 0.8571428657
55467  23.151  -4.205  -16.594 0.8571428657
57131  22.714  -2.106  -22.329 0.1428571492
59028  23.227  -0.052  -21.479 0.5714285970
58089  24.127  -0.191  -24.157 0.1428571492
59034  20.705  0.071  -23.015 0.4285714328
59061  22.004  0.189  -24.135 0.1428571492
60120  24.401  1.481  -24.658 0.1428571492
59073  24.537  0.859  -24.834 0.1428571492
58072  21.273  -0.858  -23.449 0.1428571492
59045  21.267  0.029  -24.035 0.1428571492
61160  23.177  1.814  -24.933 0.1428571492
43708  23.151  -21.164  -11.204 0.1428571492
61126  20.877  1.482  -24.176 0.1428571492
45911  23.019  -16.941  -10.384 0.5714285970
102976  22.659  -16.920  -9.849 0.5714285970
46528  22.139  -17.286  -9.303 0.2857142985
47138  23.608  -16.477  -10.852 0.5714285970
102965  22.839  -16.668  -10.117 0.5714285970
45901  21.483  -17.969  -8.686 0.4285714328
46529  21.397  -16.940  -8.871 0.2857142985
47121  22.290  -16.196  -9.703 0.4285714328
102981  24.212  -16.052  -11.485 0.4285714328
47726  23.726  -15.801  -10.678 0.5714285970
47727  22.912  -15.898  -10.172 0.5714285970
102969  22.413  -15.617  -9.980 0.4285714328
47736  24.284  -15.539  -11.058 0.5714285970
47131  21.340  -15.904  -9.690 0.2857142985
47122  21.102  -16.371  -9.258 0.2857142985
47737  23.117  -15.270  -10.536 0.4285714328
102985  24.827  -15.405  -11.275 0.7142857313
48336  22.121  -13.385  -12.126 0.4285714328
102983  22.400  -12.667  -12.439 0.7142857313
48936  21.713  -12.291  -12.495 0.5714285970
48370  22.308  -12.293  -12.657 0.7142857313
48940  22.821  -12.167  -12.807 0.7142857313
102989  21.913  -11.802  -12.867 0.7142857313
49632  22.097  -11.380  -13.404 0.7142857313
50343  21.044  -10.963  -13.143 0.7142857313
49609  21.244  -11.234  -12.929 0.4285714328
50360  20.754  -10.898  -13.555 0.4285714328
48350  23.290  -12.627  -12.604 0.5714285970
49651  21.301  -11.182  -14.246 0.7142857313
48990  20.631  -11.872  -15.516 0.7142857313
49652  20.594  -11.502  -14.308 0.7142857313
48960  19.496  -12.557  -14.586 0.5714285970
49670  19.418  -11.141  -15.849 0.5714285970
102987  22.910  -11.308  -13.493 0.5714285970
49650  22.731  -10.871  -13.659 0.7142857313
49633  21.672  -11.162  -13.664 0.7142857313
49668  21.521  -11.094  -15.084 0.8571428657
50361  20.033  -10.919  -13.893 0.4285714328
50408  21.299  -9.755  -15.065 0.7142857313
50409  20.567  -9.441  -15.883 0.7142857313
51177  21.506  -9.086  -14.005 0.7142857313
51179  19.927  -8.995  -15.698 0.5714285970
51178  20.591  -8.787  -14.698 0.7142857313
50395  21.803  -10.033  -14.145 0.8571428657
50407  21.645  -9.588  -14.228 0.8571428657
51915  21.276  -8.486  -13.253 0.7142857313
51916  20.724  -8.263  -13.913 0.5714285970
53417  20.684  -7.372  -13.292 0.2857142985
50394  22.561  -9.856  -13.333 0.7142857313
51914  22.020  -8.630  -12.979 0.7142857313
53415  21.568  -5.896  -14.034 0.7142857313
51902  22.233  -9.007  -13.033 0.7142857313
52678  21.635  -7.783  -12.741 0.8571428657
52677  22.229  -7.571  -12.926 0.8571428657
53416  21.316  -6.765  -13.656 0.5714285970
54138  22.519  -5.272  -14.683 0.8571428657
54128  21.831  -5.244  -14.583 0.7142857313
54127  22.434  -4.765  -15.264 0.8571428657
54781  21.764  -4.419  -15.330 0.7142857313
57057  22.694  -1.715  -16.742 0.7142857313
57065  22.984  -1.631  -17.203 0.5714285970
57048  22.103  -1.933  -16.087 0.7142857313
58029  23.207  -1.168  -17.663 0.7142857313
58033  23.395  -0.944  -18.032 0.8571428657
58034  22.852  -0.131  -18.182 0.7142857313
58030  22.817  -0.904  -17.325 0.7142857313
59015  22.154  0.759  -18.427 0.7142857313
59019  22.414  1.042  -19.365 0.7142857313
59024  22.802  0.770  -20.028 0.7142857313
60074  22.723  1.470  -20.115 0.5714285970
60070  22.158  2.071  -19.471 0.5714285970
59018  22.913  0.130  -19.775 0.5714285970
60064  21.559  2.023  -18.623 0.5714285970
60073  23.265  1.801  -20.750 0.5714285970
61100  21.084  3.317  -18.399 0.5714285970
60065  21.197  1.981  -17.985 0.4285714328
61105  21.643  3.188  -18.962 0.5714285970
61113  23.329  2.278  -21.511 0.5714285970
104173  20.533  3.891  -17.853 0.4285714328
61096  20.408  2.253  -16.775 0.4285714328
62064  21.788  3.723  -19.298 0.5714285970
62981  21.488  4.319  -19.201 0.4285714328
62980  21.236  4.478  -18.806 0.4285714328
62979  21.754  4.733  -17.830 0.2857142985
45912  22.342  -17.978  -10.035 0.5714285970
102958  23.586  -17.032  -11.805 0.2857142985
45900  22.033  -17.754  -9.299 0.5714285970
102975  24.111  -16.656  -11.895 0.2857142985
46558  23.875  -16.281  -11.358 0.5714285970
102961  21.309  -12.528  -12.284 0.2857142985
51913  22.630  -7.980  -12.985 0.8571428657
53426  21.767  -7.116  -13.067 0.7142857313
56189  22.244  -3.028  -16.077 0.7142857313
56202  22.728  -2.579  -16.501 0.7142857313
59012  22.152  0.368  -17.422 0.7142857313
60058  21.526  1.313  -17.870 0.5714285970
59023  23.279  0.524  -20.629 0.5714285970
60077  23.287  1.182  -21.484 0.5714285970
61109  22.513  2.665  -20.114 0.5714285970
62068  22.273  3.619  -20.282 0.2857142985
49667  22.042  -10.528  -13.830 0.7142857313
49666  22.793  -10.218  -13.305 0.7142857313
102967  22.917  -16.363  -10.158 0.5714285970
47728  21.899  -15.673  -9.788 0.4285714328
47147  24.131  -15.936  -11.264 0.5714285970
102986  22.822  -12.976  -12.303 0.7142857313
102973  21.873  -12.726  -12.365 0.4285714328
48369  22.704  -12.432  -12.605 0.7142857313
50359  21.392  -11.205  -13.484 0.7142857313
48388  20.512  -13.060  -14.996 0.7142857313
48991  19.934  -11.892  -15.753 0.7142857313
49669  20.677  -11.151  -16.077 0.7142857313
50399  18.274  -9.737  -15.274 0.2857142985
52669  21.124  -7.773  -13.001 0.5714285970
58038  22.622  0.164  -18.991 0.8571428657
61108  23.131  2.468  -20.845 0.7142857313
62063  21.245  3.860  -18.781 0.4285714328
102970  21.742  -14.932  -10.589 0.1428571492
102956  22.241  -14.621  -11.001 0.4285714328
102974  24.906  -17.515  -12.442 0.1428571492
47183  26.210  -16.137  -12.061 0.1428571492
48367  27.001  -12.921  -12.434 0.1428571492
55445  22.268  -3.621  -16.093 0.5714285970
63947  24.787  5.288  -24.089 0.1428571492
63948  24.182  5.564  -23.558 0.1428571492
61149  21.926  2.517  -25.366 0.1428571492
56190  21.596  -2.781  -15.650 0.4285714328
58018  22.010  -1.378  -16.142 0.4285714328
62122  18.815  3.900  -24.651 0.2857142985
62079  21.090  2.393  -22.139 0.2857142985
61114  23.036  2.595  -22.204 0.2857142985
61120  20.595  1.921  -23.060 0.2857142985
58012  20.299  -1.173  -15.031 0.1428571492
58026  21.768  -0.513  -16.317 0.5714285970
62073  20.919  3.277  -21.393 0.2857142985
59002  21.257  -0.423  -16.001 0.4285714328
59008  21.406  0.328  -16.565 0.5714285970
59003  20.586  0.151  -15.865 0.4285714328
59009  20.722  0.919  -16.294 0.2857142985
62985  21.857  4.350  -20.389 0.1428571492
62989  21.616  3.881  -21.127 0.1428571492
60049  20.153  1.288  -15.768 0.1428571492
60059  20.833  1.912  -17.403 0.4285714328
62990  21.210  4.620  -21.115 0.1428571492
62075  19.572  4.216  -21.913 0.1428571492
60055  20.478  1.575  -16.451 0.2857142985
62982  20.966  4.702  -19.087 0.2857142985
104191  21.715  5.365  -17.488 0.1428571492
62986  21.498  5.031  -20.069 0.1428571492
63898  20.694  5.282  -20.964 0.1428571492
63887  21.010  5.198  -19.489 0.1428571492
63888  20.511  5.538  -19.218 0.1428571492
63890  21.089  5.447  -20.224 0.1428571492
64804  20.034  6.224  -19.205 0.1428571492
102944  20.659  -18.962  -7.459 0.2857142985
45960  25.817  -16.778  -12.754 0.1428571492
59022  23.630  -0.464  -20.966 0.4285714328
61118  22.238  2.057  -22.516 0.2857142985
62081  19.335  3.712  -22.451 0.2857142985
62080  19.765  2.713  -22.660 0.2857142985
62992  19.724  4.632  -21.958 0.2857142985
44438  19.992  -19.141  -7.121 0.2857142985
102948  22.032  -22.051  -10.273 0.1428571492
42955  21.581  -22.324  -9.566 0.1428571492
43727  24.073  -20.370  -11.777 0.1428571492
55447  21.164  -3.680  -15.218 0.4285714328
58021  20.266  -0.299  -15.352 0.2857142985
59013  21.430  1.067  -17.186 0.5714285970
60081  22.942  0.736  -21.980 0.4285714328
62123  18.934  4.026  -23.788 0.2857142985
62095  19.381  2.880  -24.284 0.2857142985
60084  21.013  1.544  -23.167 0.2857142985
61127  19.917  1.709  -24.094 0.2857142985
62121  19.674  3.260  -25.399 0.2857142985
63049  20.581  4.309  -25.949 0.1428571492
63020  20.817  4.289  -24.547 0.1428571492
61125  21.968  2.949  -25.019 0.1428571492
63899  20.222  5.362  -21.239 0.2857142985
63000  19.443  4.298  -22.605 0.2857142985
62093  21.400  3.427  -24.770 0.1428571492
63018  23.001  3.858  -23.251 0.1428571492
61150  20.858  1.950  -25.245 0.1428571492
62119  21.525  3.077  -25.280 0.1428571492
60083  21.267  1.137  -22.637 0.4285714328
63950  19.621  5.697  -25.287 0.2857142985
60093  20.898  1.828  -23.741 0.2857142985
61151  19.791  2.370  -24.936 0.1428571492
44445  21.390  -19.605  -7.156 0.4285714328
58025  22.224  -1.102  -16.429 0.5714285970
59007  22.172  -0.305  -16.736 0.5714285970
61117  23.083  1.639  -22.234 0.2857142985
104186  22.189  5.221  -17.734 0.2857142985
55446  21.856  -3.633  -15.769 0.5714285970
62067  22.922  2.974  -21.021 0.2857142985
62072  22.188  3.203  -21.634 0.2857142985
45251  25.253  -18.017  -12.394 0.1428571492
57049  21.335  -1.849  -15.529 0.2857142985
62096  19.170  3.594  -23.515 0.2857142985
62078  21.775  2.478  -22.360 0.2857142985
58020  20.794  -0.962  -15.285 0.2857142985
62074  20.116  3.865  -21.758 0.1428571492
60060  20.650  1.731  -16.878 0.4285714328
102947  20.699  -19.639  -6.401 0.2857142985
47182  27.197  -16.004  -12.123 0.1428571492
62120  20.778  3.512  -25.629 0.2857142985
63019  21.722  3.792  -23.499 0.1428571492
49654  18.271  -11.439  -14.659 0.4285714328
52670  20.453  -8.098  -13.147 0.2857142985
64841  20.399  6.183  -21.967 0.1428571492
63022  19.480  4.671  -23.690 0.1428571492
64840  20.844  6.604  -22.015 0.1428571492
64809  19.564  6.583  -20.319 0.1428571492
63915  20.348  5.188  -22.491 0.1428571492
63938  19.659  5.058  -24.141 0.1428571492
63892  19.960  5.909  -20.686 0.1428571492
64822  20.218  6.686  -21.282 0.1428571492
63900  20.129  5.517  -21.499 0.1428571492
64821  20.535  6.931  -21.564 0.1428571492
65720  21.946  7.272  -21.720 0.1428571492
66636  20.868  8.778  -21.302 0.1428571492
65721  21.155  7.903  -21.679 0.1428571492
51166  20.062  -8.626  -14.607 0.2857142985
65705  19.991  8.187  -20.805 0.1428571492
66651  21.705  8.597  -21.418 0.1428571492
65719  23.040  6.987  -22.556 0.1428571492
62999  19.746  4.658  -22.607 0.1428571492
63937  20.303  4.790  -24.045 0.1428571492
63914  21.076  5.259  -22.557 0.1428571492
65704  20.609  7.503  -21.414 0.1428571492
45232  21.013  -20.519  -9.980 0.4285714328
102946  20.609  -20.455  -9.398 0.2857142985
45913  20.569  -19.657  -8.545 0.4285714328
58019  21.702  -1.131  -15.904 0.2857142985
49610  20.876  -11.197  -12.502 0.1428571492
50339  20.494  -10.534  -12.566 0.1428571492
50344  20.567  -10.430  -13.014 0.2857142985
50362  19.057  -10.839  -13.792 0.1428571492
52671  19.900  -8.131  -13.361 0.1428571492
53403  21.085  -6.000  -14.021 0.1428571492
53404  20.387  -6.410  -13.540 0.1428571492
54129  21.237  -5.237  -14.486 0.1428571492
54116  20.665  -5.259  -14.136 0.1428571492
56191  20.825  -2.579  -15.216 0.1428571492
57041  20.180  -1.819  -15.003 0.1428571492
57050  20.789  -1.794  -15.266 0.1428571492
61101  20.896  2.755  -17.945 0.1428571492
62054  20.150  2.844  -16.481 0.1428571492
61104  21.615  4.083  -17.893 0.1428571492
104174  20.355  4.097  -17.269 0.1428571492
60069  22.089  4.295  -16.966 0.1428571492
54770  20.579  -4.161  -14.553 0.1428571492
41580  20.173  -20.727  -4.953 0.2857142985
51117  20.181  -10.033  -12.638 0.1428571492
50363  18.164  -10.649  -13.850 0.1428571492
51894  18.353  -8.725  -14.260 0.1428571492
51168  18.155  -8.728  -14.902 0.1428571492
52658  20.094  -7.418  -13.145 0.1428571492
56178  20.198  -2.804  -14.844 0.1428571492
104183  20.375  3.401  -17.184 0.1428571492
51129  20.164  -10.128  -13.143 0.1428571492
61092  20.072  2.082  -16.097 0.1428571492
54782  21.176  -4.712  -14.791 0.1428571492
102930  20.110  -20.122  -5.168 0.1428571492
102931  20.106  -19.959  -4.870 0.1428571492
43664  20.096  -19.410  -6.224 0.1428571492
45194  20.367  -18.467  -7.682 0.1428571492
48956  27.338  -12.210  -13.239 0.1428571492
55502  24.311  -3.638  -20.316 0.1428571492
49629  26.876  -11.791  -13.477 0.1428571492
42943  20.139  -19.724  -5.625 0.1428571492
45902  20.475  -17.419  -8.281 0.1428571492
40142  17.085  -23.952  -4.209 0.1428571492
46575  24.126  -16.266  -11.645 0.2857142985
46588  25.646  -16.522  -12.680 0.1428571492
47148  24.059  -16.101  -11.474 0.5714285970
47168  24.160  -16.063  -11.445 0.4285714328
47169  20.246  -14.223  -15.037 0.7142857313
47170  20.229  -14.418  -15.109 0.7142857313
47185  20.301  -14.415  -14.971 0.7142857313
47186  20.075  -14.473  -14.917 0.7142857313
47756  20.254  -13.590  -15.212 0.7142857313
47757  20.255  -13.894  -15.143 0.7142857313
47774  20.283  -14.009  -15.166 0.7142857313
47775  20.281  -14.248  -15.099 0.7142857313
48371  20.083  -13.261  -14.645 0.7142857313
48372  20.061  -13.145  -15.110 0.7142857313
48387  20.617  -12.508  -14.845 0.7142857313
48389  20.235  -13.224  -15.304 0.7142857313
48400  20.692  -12.459  -15.007 0.7142857313
48401  20.535  -12.553  -15.251 0.7142857313
48402  20.304  -12.373  -15.598 0.7142857313
48959  20.112  -12.568  -14.427 0.5714285970
48961  18.594  -12.452  -14.674 0.4285714328
48974  20.744  -11.954  -14.749 0.7142857313
48975  20.454  -12.283  -14.628 0.7142857313
48976  19.244  -12.531  -15.412 0.7142857313
48977  18.609  -12.088  -15.044 0.4285714328
48989  20.956  -11.923  -15.008 0.7142857313
49634  20.146  -11.864  -14.262 0.7142857313
49635  19.588  -11.929  -13.903 0.5714285970
49636  18.627  -11.907  -13.877 0.1428571492
49653  18.788  -11.617  -15.223 0.4285714328
49677  21.298  -10.560  -15.618 0.7142857313
49678  20.904  -10.219  -16.001 0.7142857313
50381  20.838  -11.203  -14.044 0.7142857313
50382  20.580  -11.176  -13.942 0.7142857313
50383  18.523  -10.634  -15.300 0.2857142985
50384  17.947  -10.098  -14.675 0.2857142985
50392  23.907  -9.698  -13.593 0.8571428657
50396  21.609  -10.387  -15.111 0.8571428657
50397  20.088  -10.178  -16.330 0.7142857313
50398  19.041  -9.559  -15.898 0.5714285970
50410  19.890  -9.462  -16.148 0.7142857313
51132  18.737  -9.927  -13.785 0.1428571492
51156  18.283  -9.348  -14.051 0.1428571492
51167  19.558  -8.392  -15.057 0.2857142985
51176  21.892  -9.347  -13.511 0.8571428657
51903  20.773  -8.448  -13.354 0.5714285970
51904  20.127  -8.566  -13.978 0.2857142985
51906  18.513  -8.467  -14.269 0.1428571492
52668  23.277  -8.042  -13.569 0.8571428657
53402  21.325  -5.826  -14.101 0.1428571492
54115  21.294  -5.595  -14.254 0.1428571492
56297  22.210  -2.420  -24.175 0.1428571492
57114  21.291  -1.384  -23.082 0.1428571492
57149  23.019  -1.098  -23.876 0.1428571492
57150  22.501  -1.728  -24.091 0.1428571492
58043  23.725  -0.971  -20.768 0.5714285970
58049  23.309  -0.970  -21.434 0.5714285970
58108  24.104  0.346  -24.498 0.1428571492
59075  23.110  0.771  -24.348 0.1428571492
60054  20.955  1.269  -16.784 0.2857142985
60063  21.233  4.455  -17.418 0.1428571492
60121  23.725  1.558  -24.658 0.1428571492
61119  21.372  1.962  -22.741 0.2857142985
61162  21.851  1.889  -25.527 0.1428571492
62071  23.087  2.939  -21.686 0.2857142985
62076  19.354  4.306  -21.981 0.2857142985
62082  19.292  4.174  -22.323 0.2857142985
62092  22.392  2.989  -24.211 0.1428571492
62094  20.972  3.903  -25.213 0.1428571492
62097  19.252  4.011  -23.052 0.2857142985
62128  20.331  4.297  -26.015 0.1428571492
62129  19.855  4.228  -26.056 0.2857142985
62130  18.936  4.264  -25.767 0.2857142985
62991  20.259  4.692  -21.550 0.1428571492
62993  19.432  4.327  -22.139 0.2857142985
63023  19.303  4.235  -23.370 0.2857142985
63040  20.705  4.362  -25.602 0.1428571492
63042  18.802  4.994  -24.888 0.2857142985
63043  19.000  4.339  -24.155 0.2857142985
64862  19.995  6.135  -25.669 0.2857142985
64863  19.724  6.118  -25.927 0.2857142985
66635  21.349  9.000  -21.368 0.1428571492
66652  21.226  8.418  -21.475 0.1428571492
102926  20.018  -20.185  -5.121 0.1428571492
102935  19.783  -19.925  -5.162 0.1428571492
102952  22.298  -21.521  -10.626 0.1428571492
102962  23.810  -16.871  -11.988 0.2857142985
102963  23.766  -16.679  -11.534 0.2857142985
102964  22.538  -15.845  -9.966 0.4285714328
102966  22.714  -16.509  -9.949 0.5714285970
102968  23.610  -16.829  -11.254 0.4285714328
102977  22.577  -15.960  -9.959 0.4285714328
102978  22.691  -16.058  -10.009 0.4285714328
102984  24.407  -15.812  -11.319 0.4285714328
104177  22.053  4.890  -16.598 0.2857142985
104190  21.149  4.941  -17.592 0.1428571492
