#!ascii label  , from subject 3181 vox2ras=TkReg
512
10419  -41.083  -71.321  3.511 0.0000000000
16974  -43.322  -64.157  -5.606 0.0000000000
14206  -36.491  -68.086  1.049 0.0000000000
12348  -42.334  -68.761  -0.908 0.0000000000
17825  -37.801  -63.791  -2.915 0.0000000000
15101  -41.199  -67.329  6.073 0.0000000000
17699  -35.488  -63.187  5.594 0.0000000000
23761  -34.192  -57.848  8.268 0.0000000000
16867  -34.375  -64.233  0.662 0.0000000000
15157  -36.448  -66.592  -1.235 0.0000000000
18713  -36.752  -62.689  -0.361 0.0000000000
15939  -38.605  -65.405  6.343 0.0000000000
17689  -38.240  -63.536  7.119 0.0000000000
26914  -34.490  -54.490  7.192 0.0000000000
23801  -34.267  -57.271  5.353 0.0000000000
10435  -37.869  -71.895  1.193 0.0000000000
15180  -42.481  -66.569  -2.675 0.0000000000
13290  -39.611  -69.017  -3.404 0.0000000000
14304  -40.288  -67.283  -4.922 0.0000000000
12296  -39.126  -69.607  2.207 0.0000000000
11347  -41.786  -70.087  1.218 0.0000000000
15177  -40.285  -66.236  -2.252 0.0000000000
16948  -41.203  -63.789  -4.727 0.0000000000
14178  -38.373  -67.864  4.082 0.0000000000
15965  -36.369  -65.846  3.594 0.0000000000
18656  -34.256  -62.447  2.769 0.0000000000
21592  -37.516  -59.869  8.188 0.0000000000
19565  -34.992  -61.356  7.001 0.0000000000
20597  -34.014  -60.480  4.443 0.0000000000
21641  -36.553  -59.208  2.885 0.0000000000
10476  -38.715  -71.123  -1.450 0.0000000000
22837  -41.770  -58.510  -4.608 0.0000000000
19810  -42.750  -61.506  -7.239 0.0000000000
17936  -39.825  -63.337  -8.742 0.0000000000
18677  -35.363  -62.065  1.062 0.0000000000
17769  -34.938  -63.964  -0.256 0.0000000000
10427  -39.559  -71.953  2.233 0.0000000000
16055  -42.919  -65.225  -4.426 0.0000000000
15218  -41.669  -66.703  -4.351 0.0000000000
16086  -41.443  -66.064  -5.276 0.0000000000
16108  -40.385  -65.878  -6.271 0.0000000000
16110  -42.238  -64.725  -6.314 0.0000000000
13213  -37.539  -68.951  1.950 0.0000000000
13246  -38.034  -68.640  0.138 0.0000000000
16030  -37.472  -65.311  -2.383 0.0000000000
15159  -38.724  -66.709  -1.695 0.0000000000
16031  -38.492  -65.436  -2.753 0.0000000000
16033  -40.655  -65.652  -2.768 0.0000000000
16923  -38.787  -64.326  -3.529 0.0000000000
13182  -40.032  -68.730  4.792 0.0000000000
14152  -40.167  -67.585  5.552 0.0000000000
16826  -37.195  -64.642  5.512 0.0000000000
15959  -37.164  -65.611  4.521 0.0000000000
16833  -35.553  -64.262  4.327 0.0000000000
16841  -34.725  -64.149  3.397 0.0000000000
17707  -34.560  -63.087  4.148 0.0000000000
21590  -35.639  -59.630  8.027 0.0000000000
19545  -36.653  -60.965  7.425 0.0000000000
20559  -34.517  -59.885  7.301 0.0000000000
24928  -35.651  -56.646  4.411 0.0000000000
22700  -34.140  -58.357  5.085 0.0000000000
22702  -35.179  -57.781  3.870 0.0000000000
21640  -35.320  -59.388  3.187 0.0000000000
11360  -42.267  -69.356  0.266 0.0000000000
11357  -40.575  -70.516  0.094 0.0000000000
11388  -40.816  -69.774  -1.034 0.0000000000
11415  -37.776  -70.571  -3.205 0.0000000000
22816  -41.012  -58.013  -4.006 0.0000000000
21766  -42.948  -59.029  -5.786 0.0000000000
19783  -39.802  -61.462  -6.940 0.0000000000
15137  -35.383  -66.545  0.718 0.0000000000
15146  -35.894  -66.857  -0.572 0.0000000000
15999  -35.213  -65.278  -0.463 0.0000000000
16885  -35.674  -64.408  -1.030 0.0000000000
17798  -36.665  -64.012  -2.023 0.0000000000
15080  -40.013  -66.505  6.520 0.0000000000
16818  -38.494  -64.746  7.005 0.0000000000
17688  -37.012  -63.616  6.305 0.0000000000
24892  -34.055  -56.281  7.104 0.0000000000
22687  -33.904  -58.349  6.754 0.0000000000
25929  -34.434  -55.484  6.095 0.0000000000
25941  -35.182  -55.599  5.153 0.0000000000
25958  -37.008  -55.860  4.270 0.0000000000
14233  -42.571  -67.416  -2.044 0.0000000000
13271  -41.536  -68.536  -2.121 0.0000000000
13292  -41.390  -68.171  -2.783 0.0000000000
13313  -39.472  -68.464  -4.106 0.0000000000
13312  -38.489  -68.342  -4.284 0.0000000000
14301  -38.044  -67.001  -5.608 0.0000000000
15253  -38.660  -66.548  -6.900 0.0000000000
15285  -39.090  -65.981  -8.407 0.0000000000
11336  -40.986  -70.152  2.854 0.0000000000
10429  -41.176  -70.921  2.414 0.0000000000
12314  -41.584  -68.937  0.785 0.0000000000
13249  -41.119  -68.259  -0.219 0.0000000000
14228  -38.147  -67.467  -1.159 0.0000000000
14229  -39.502  -67.404  -1.291 0.0000000000
14232  -42.030  -66.896  -0.962 0.0000000000
15179  -42.124  -66.327  -2.228 0.0000000000
16053  -42.035  -65.354  -3.567 0.0000000000
16950  -42.888  -64.204  -4.832 0.0000000000
12271  -40.207  -69.787  3.653 0.0000000000
12283  -38.813  -69.407  3.120 0.0000000000
14186  -37.388  -67.807  3.083 0.0000000000
15110  -38.327  -66.621  4.827 0.0000000000
15118  -37.064  -66.353  3.747 0.0000000000
15125  -36.259  -66.962  2.308 0.0000000000
15971  -34.668  -65.119  2.070 0.0000000000
17726  -34.272  -63.361  2.262 0.0000000000
19638  -34.682  -61.621  1.831 0.0000000000
19568  -38.348  -61.509  7.201 0.0000000000
19566  -36.079  -61.714  7.273 0.0000000000
18610  -34.742  -62.071  6.355 0.0000000000
21620  -33.771  -59.205  6.018 0.0000000000
20590  -33.883  -60.399  5.573 0.0000000000
19578  -34.016  -61.454  5.089 0.0000000000
19586  -34.097  -61.531  4.041 0.0000000000
20610  -35.201  -60.077  2.644 0.0000000000
10437  -39.658  -71.578  1.382 0.0000000000
10450  -37.912  -71.638  0.362 0.0000000000
11403  -39.141  -70.383  -2.297 0.0000000000
10488  -37.283  -71.236  -2.322 0.0000000000
17855  -40.128  -62.961  -4.474 0.0000000000
17857  -41.825  -63.077  -4.907 0.0000000000
18817  -43.061  -62.265  -5.394 0.0000000000
19758  -43.771  -61.299  -5.959 0.0000000000
18840  -43.519  -62.468  -6.507 0.0000000000
17924  -41.699  -63.233  -7.706 0.0000000000
17034  -40.466  -64.493  -8.563 0.0000000000
19640  -36.229  -61.504  1.151 0.0000000000
18697  -35.593  -62.514  0.521 0.0000000000
9554  -39.724  -72.054  2.984 0.0000000000
10428  -40.370  -71.529  2.511 0.0000000000
16928  -43.209  -64.921  -4.679 0.0000000000
16070  -43.141  -65.118  -4.934 0.0000000000
16088  -43.135  -64.643  -5.381 0.0000000000
16087  -42.553  -65.070  -5.638 0.0000000000
16973  -43.104  -64.418  -5.806 0.0000000000
13212  -36.847  -68.362  1.737 0.0000000000
13227  -37.995  -69.120  1.033 0.0000000000
13245  -37.230  -68.525  0.582 0.0000000000
16904  -37.871  -64.471  -2.884 0.0000000000
16905  -38.490  -64.889  -3.162 0.0000000000
16050  -38.986  -65.185  -3.273 0.0000000000
14136  -42.148  -68.003  6.214 0.0000000000
14154  -41.584  -67.897  5.887 0.0000000000
13166  -40.393  -68.231  5.275 0.0000000000
14153  -40.874  -67.729  5.584 0.0000000000
17700  -36.144  -63.850  5.388 0.0000000000
16834  -36.279  -64.532  4.582 0.0000000000
17709  -35.869  -64.055  4.859 0.0000000000
17708  -35.226  -63.701  4.587 0.0000000000
23747  -34.534  -57.760  9.254 0.0000000000
22652  -34.758  -58.630  8.427 0.0000000000
22653  -35.656  -58.901  8.530 0.0000000000
21572  -35.220  -59.227  8.249 0.0000000000
21589  -34.671  -59.467  7.843 0.0000000000
24929  -36.512  -56.707  3.889 0.0000000000
22713  -36.072  -58.218  3.502 0.0000000000
23833  -37.108  -57.534  3.453 0.0000000000
12331  -42.404  -69.033  -0.230 0.0000000000
11371  -41.235  -69.824  -0.542 0.0000000000
12329  -41.741  -69.425  -0.855 0.0000000000
21781  -41.230  -60.017  -6.528 0.0000000000
19784  -41.029  -61.093  -7.281 0.0000000000
20764  -39.854  -60.723  -6.344 0.0000000000
15977  -34.533  -65.054  1.070 0.0000000000
15989  -34.957  -65.694  0.452 0.0000000000
15988  -34.615  -64.919  0.184 0.0000000000
17770  -35.479  -63.718  -0.497 0.0000000000
17783  -35.778  -63.862  -0.975 0.0000000000
16886  -36.350  -64.665  -1.831 0.0000000000
17784  -36.357  -63.544  -1.224 0.0000000000
16817  -37.702  -64.367  6.497 0.0000000000
25893  -33.844  -55.108  8.102 0.0000000000
25912  -34.155  -55.234  6.995 0.0000000000
26937  -34.439  -54.900  6.584 0.0000000000
25942  -36.359  -55.191  4.825 0.0000000000
9588  -37.308  -71.982  0.862 0.0000000000
13272  -42.245  -67.926  -2.264 0.0000000000
14240  -42.340  -67.338  -2.873 0.0000000000
15217  -40.994  -67.030  -4.610 0.0000000000
14280  -41.174  -67.287  -4.228 0.0000000000
14279  -40.427  -67.657  -4.401 0.0000000000
14278  -39.285  -67.816  -4.695 0.0000000000
14277  -38.303  -67.615  -4.819 0.0000000000
16107  -39.774  -66.095  -6.955 0.0000000000
15254  -39.492  -66.387  -6.428 0.0000000000
15269  -39.255  -66.266  -7.406 0.0000000000
15268  -38.441  -66.510  -7.914 0.0000000000
16160  -40.182  -65.081  -8.161 0.0000000000
12284  -40.129  -69.971  2.723 0.0000000000
12285  -41.039  -69.771  2.213 0.0000000000
13231  -41.788  -68.592  0.379 0.0000000000
13248  -40.173  -68.450  -0.218 0.0000000000
14215  -36.789  -67.777  -0.342 0.0000000000
14227  -37.192  -67.132  -1.164 0.0000000000
15160  -39.893  -66.762  -1.750 0.0000000000
14230  -40.633  -67.270  -1.260 0.0000000000
15161  -40.972  -66.628  -1.577 0.0000000000
15162  -41.973  -66.610  -1.378 0.0000000000
16052  -41.037  -65.105  -3.479 0.0000000000
16925  -41.558  -64.600  -4.224 0.0000000000
16926  -42.494  -64.815  -4.251 0.0000000000
16949  -42.153  -64.014  -4.779 0.0000000000
13181  -39.100  -68.450  4.496 0.0000000000
12259  -39.106  -69.006  4.186 0.0000000000
13192  -38.636  -68.753  3.826 0.0000000000
13202  -38.320  -68.774  3.309 0.0000000000
13191  -38.026  -68.192  3.478 0.0000000000
15079  -39.000  -66.182  6.177 0.0000000000
15099  -39.570  -66.967  5.691 0.0000000000
15098  -38.738  -66.545  5.472 0.0000000000
15966  -36.826  -65.745  3.937 0.0000000000
15109  -37.691  -66.512  4.312 0.0000000000
15117  -36.431  -66.646  3.127 0.0000000000
15116  -35.992  -66.181  3.242 0.0000000000
15972  -35.173  -65.891  2.404 0.0000000000
15964  -35.589  -65.620  3.265 0.0000000000
17714  -34.560  -63.580  3.523 0.0000000000
18676  -34.539  -62.241  1.655 0.0000000000
19615  -34.539  -61.378  2.301 0.0000000000
19546  -37.554  -60.994  7.472 0.0000000000
19544  -35.688  -60.921  7.403 0.0000000000
18611  -35.545  -62.371  6.588 0.0000000000
23793  -33.963  -57.335  6.437 0.0000000000
22693  -33.798  -58.093  5.918 0.0000000000
21628  -34.026  -59.457  4.897 0.0000000000
21658  -35.843  -59.739  2.599 0.0000000000
20630  -35.735  -60.402  1.989 0.0000000000
10439  -41.386  -70.557  1.704 0.0000000000
10438  -40.733  -70.939  1.481 0.0000000000
11346  -41.322  -70.555  1.113 0.0000000000
10466  -39.986  -70.502  -0.611 0.0000000000
10451  -38.988  -71.429  0.320 0.0000000000
10464  -38.367  -71.422  -0.619 0.0000000000
10463  -37.351  -71.489  -0.595 0.0000000000
10475  -37.821  -71.381  -1.517 0.0000000000
12378  -40.317  -69.293  -2.485 0.0000000000
12359  -39.969  -69.757  -2.126 0.0000000000
12358  -39.396  -69.833  -2.533 0.0000000000
11414  -37.116  -70.842  -3.567 0.0000000000
10501  -37.555  -70.987  -2.796 0.0000000000
17827  -39.241  -63.221  -3.845 0.0000000000
18761  -39.659  -62.265  -3.943 0.0000000000
18789  -42.369  -62.198  -4.968 0.0000000000
20767  -42.540  -60.273  -7.086 0.0000000000
20747  -43.624  -60.080  -5.539 0.0000000000
19787  -43.371  -61.373  -6.646 0.0000000000
18856  -43.154  -61.836  -6.956 0.0000000000
18839  -43.166  -62.745  -6.855 0.0000000000
18855  -42.688  -62.463  -7.280 0.0000000000
18868  -40.468  -62.670  -8.410 0.0000000000
17937  -40.610  -63.513  -8.748 0.0000000000
17956  -40.147  -63.675  -9.229 0.0000000000
18696  -34.876  -62.737  0.707 0.0000000000
16875  -34.675  -64.287  -0.040 0.0000000000
17760  -34.777  -63.589  0.215 0.0000000000
17762  -35.796  -62.733  0.166 0.0000000000
17771  -35.973  -62.994  -0.278 0.0000000000
26915  -35.467  -53.736  7.226 0.0000000000
9571  -39.052  -72.128  1.755 0.0000000000
16054  -42.599  -65.633  -3.745 0.0000000000
15199  -42.417  -66.576  -3.520 0.0000000000
16069  -42.381  -65.890  -4.459 0.0000000000
16068  -41.869  -66.233  -4.676 0.0000000000
16085  -40.782  -66.246  -5.587 0.0000000000
16109  -41.499  -65.065  -6.557 0.0000000000
16135  -41.162  -64.808  -7.181 0.0000000000
12310  -38.348  -69.430  1.787 0.0000000000
12311  -39.124  -69.464  1.380 0.0000000000
13228  -39.068  -69.097  0.596 0.0000000000
13247  -39.136  -68.547  -0.056 0.0000000000
16009  -36.816  -65.664  -1.859 0.0000000000
15158  -37.543  -66.496  -1.625 0.0000000000
15175  -38.120  -66.030  -2.160 0.0000000000
15176  -39.170  -66.192  -2.284 0.0000000000
16032  -39.573  -65.661  -2.809 0.0000000000
16051  -39.868  -65.061  -3.393 0.0000000000
16924  -40.214  -64.204  -4.276 0.0000000000
14167  -39.549  -67.799  5.111 0.0000000000
16827  -38.006  -64.969  6.124 0.0000000000
15953  -37.986  -65.722  5.434 0.0000000000
15952  -37.313  -65.259  5.096 0.0000000000
15958  -36.608  -65.299  4.005 0.0000000000
16843  -36.041  -65.120  3.808 0.0000000000
16842  -35.221  -64.453  3.739 0.0000000000
18643  -34.306  -62.471  3.724 0.0000000000
22654  -36.489  -59.081  8.709 0.0000000000
21591  -36.599  -59.681  8.109 0.0000000000
20562  -37.162  -60.341  7.718 0.0000000000
20561  -36.156  -60.278  7.632 0.0000000000
20560  -35.051  -60.345  7.563 0.0000000000
20583  -34.834  -60.745  7.196 0.0000000000
23802  -34.728  -56.849  5.009 0.0000000000
23813  -34.425  -57.676  4.801 0.0000000000
22701  -34.569  -58.014  4.318 0.0000000000
22712  -34.875  -58.557  3.700 0.0000000000
21639  -34.451  -59.515  3.932 0.0000000000
22714  -37.270  -58.486  3.217 0.0000000000
11348  -42.052  -69.555  0.776 0.0000000000
11358  -41.295  -70.314  0.357 0.0000000000
11359  -41.866  -69.777  0.324 0.0000000000
11370  -40.684  -70.262  -0.399 0.0000000000
10478  -39.881  -70.392  -1.114 0.0000000000
12376  -38.774  -69.761  -3.006 0.0000000000
22836  -40.639  -58.672  -4.742 0.0000000000
22855  -41.479  -58.851  -5.285 0.0000000000
22856  -42.438  -58.723  -5.251 0.0000000000
21765  -42.112  -59.282  -5.800 0.0000000000
21782  -41.871  -59.772  -6.521 0.0000000000
20788  -42.046  -60.798  -7.339 0.0000000000
19809  -41.879  -61.505  -7.695 0.0000000000
19808  -40.687  -61.882  -7.903 0.0000000000
18867  -39.881  -62.724  -8.255 0.0000000000
14205  -35.886  -67.383  0.773 0.0000000000
14214  -35.715  -67.083  0.043 0.0000000000
15156  -35.655  -66.158  -0.834 0.0000000000
16876  -35.123  -64.390  -0.443 0.0000000000
16008  -35.916  -65.495  -1.320 0.0000000000
16903  -37.004  -64.493  -2.378 0.0000000000
17799  -37.341  -63.476  -2.273 0.0000000000
15100  -40.487  -67.137  5.972 0.0000000000
16819  -39.196  -64.728  7.346 0.0000000000
17701  -36.709  -64.141  5.648 0.0000000000
17687  -36.016  -63.131  6.198 0.0000000000
24875  -33.804  -56.703  8.574 0.0000000000
23776  -33.905  -57.534  7.468 0.0000000000
22667  -34.168  -58.568  7.651 0.0000000000
24908  -34.232  -56.459  5.961 0.0000000000
25940  -34.583  -55.996  5.593 0.0000000000
24916  -34.670  -56.446  5.310 0.0000000000
25956  -35.486  -56.171  4.712 0.0000000000
25957  -36.052  -56.027  4.558 0.0000000000
14221  -42.428  -67.507  -1.321 0.0000000000
12347  -41.842  -68.929  -1.358 0.0000000000
13291  -40.653  -68.623  -2.850 0.0000000000
13314  -40.182  -68.392  -3.689 0.0000000000
15236  -39.624  -66.833  -5.666 0.0000000000
15235  -38.829  -66.733  -6.027 0.0000000000
14322  -37.550  -66.748  -6.331 0.0000000000
15252  -37.733  -66.653  -7.189 0.0000000000
15251  -37.142  -66.918  -7.662 0.0000000000
11323  -41.212  -70.605  3.131 0.0000000000
11337  -41.480  -70.277  2.207 0.0000000000
12286  -41.518  -69.832  1.680 0.0000000000
12298  -41.030  -69.529  1.507 0.0000000000
12299  -41.766  -69.405  1.107 0.0000000000
13214  -42.036  -68.901  0.870 0.0000000000
13232  -42.237  -68.652  0.040 0.0000000000
13250  -41.864  -68.160  -0.342 0.0000000000
14216  -38.239  -68.200  -0.538 0.0000000000
14218  -40.345  -67.837  -0.735 0.0000000000
14219  -41.315  -67.625  -0.703 0.0000000000
14220  -42.130  -67.373  -0.814 0.0000000000
15148  -42.409  -67.010  -1.194 0.0000000000
15163  -42.563  -66.834  -1.723 0.0000000000
16035  -42.343  -65.873  -2.915 0.0000000000
16034  -41.665  -65.749  -2.797 0.0000000000
16927  -43.042  -64.877  -4.442 0.0000000000
17859  -43.207  -63.680  -5.257 0.0000000000
11335  -40.648  -70.040  3.266 0.0000000000
12260  -39.712  -69.240  4.305 0.0000000000
12270  -39.259  -69.290  3.842 0.0000000000
12282  -38.333  -69.123  2.790 0.0000000000
13200  -37.056  -68.199  2.418 0.0000000000
15111  -38.971  -67.085  5.153 0.0000000000
14166  -38.753  -67.471  4.643 0.0000000000
15960  -37.753  -66.142  4.794 0.0000000000
14177  -37.700  -67.247  3.722 0.0000000000
14176  -37.064  -67.083  3.273 0.0000000000
14185  -36.746  -67.395  2.702 0.0000000000
15130  -36.132  -67.186  1.861 0.0000000000
15129  -35.634  -66.782  1.741 0.0000000000
15978  -35.003  -65.878  1.417 0.0000000000
16849  -34.951  -65.129  2.917 0.0000000000
16856  -34.320  -64.248  1.670 0.0000000000
17743  -34.363  -63.369  1.151 0.0000000000
19639  -35.170  -61.329  1.620 0.0000000000
19567  -37.163  -61.709  7.227 0.0000000000
18613  -37.673  -62.533  6.938 0.0000000000
18612  -36.585  -62.521  6.786 0.0000000000
17686  -35.512  -62.870  6.117 0.0000000000
21612  -34.313  -59.273  6.990 0.0000000000
20582  -34.372  -60.331  6.741 0.0000000000
19564  -34.246  -61.347  6.130 0.0000000000
18627  -34.496  -62.191  5.597 0.0000000000
18633  -35.024  -62.787  5.239 0.0000000000
18632  -34.510  -62.469  4.636 0.0000000000
19599  -34.207  -61.665  3.195 0.0000000000
20609  -34.421  -60.519  3.201 0.0000000000
19616  -34.965  -60.834  1.977 0.0000000000
10436  -38.635  -71.823  1.119 0.0000000000
10452  -39.985  -70.883  0.416 0.0000000000
10449  -36.892  -71.731  0.251 0.0000000000
12346  -41.074  -69.524  -1.344 0.0000000000
12345  -40.506  -69.647  -1.716 0.0000000000
10490  -38.884  -70.771  -1.889 0.0000000000
11416  -38.507  -70.310  -2.780 0.0000000000
10489  -38.233  -70.948  -2.323 0.0000000000
18698  -36.324  -62.427  0.371 0.0000000000
17785  -37.098  -63.127  -1.482 0.0000000000
17800  -37.831  -62.970  -2.486 0.0000000000
17826  -38.193  -63.275  -3.066 0.0000000000
16947  -40.612  -63.503  -4.589 0.0000000000
18787  -40.661  -62.253  -4.470 0.0000000000
17856  -40.963  -62.970  -4.736 0.0000000000
17858  -42.717  -63.227  -5.152 0.0000000000
21755  -43.501  -59.304  -4.877 0.0000000000
20735  -43.490  -60.218  -4.680 0.0000000000
19731  -43.095  -61.304  -4.772 0.0000000000
19757  -43.479  -61.622  -5.426 0.0000000000
18818  -43.604  -62.360  -5.729 0.0000000000
17886  -43.522  -63.434  -5.751 0.0000000000
17907  -43.053  -63.286  -6.736 0.0000000000
17906  -42.202  -63.777  -7.006 0.0000000000
17020  -41.277  -64.340  -7.481 0.0000000000
17035  -41.126  -63.806  -8.283 0.0000000000
16159  -39.628  -65.116  -8.764 0.0000000000
10453  -40.830  -70.636  0.707 0.0000000000
10465  -39.291  -71.075  -0.606 0.0000000000
10477  -39.477  -70.614  -1.405 0.0000000000
10500  -36.890  -71.173  -3.234 0.0000000000
11321  -40.674  -69.975  3.506 0.0000000000
11372  -42.087  -69.452  -0.248 0.0000000000
11373  -42.325  -69.308  -0.046 0.0000000000
11386  -39.640  -70.343  -1.735 0.0000000000
11387  -40.248  -70.069  -1.268 0.0000000000
11402  -38.402  -70.546  -2.650 0.0000000000
11404  -39.752  -70.181  -1.888 0.0000000000
12272  -40.699  -69.915  3.934 0.0000000000
12295  -38.291  -69.270  2.459 0.0000000000
12300  -42.227  -69.180  0.728 0.0000000000
12313  -40.952  -69.251  0.825 0.0000000000
12315  -42.396  -69.023  0.318 0.0000000000
12330  -42.216  -69.185  -0.738 0.0000000000
12360  -40.818  -69.208  -2.125 0.0000000000
12361  -41.316  -69.059  -1.737 0.0000000000
12377  -39.790  -69.417  -2.751 0.0000000000
13149  -42.462  -68.423  6.337 0.0000000000
13201  -37.941  -68.716  2.825 0.0000000000
13215  -42.212  -68.844  0.543 0.0000000000
13226  -37.189  -68.617  1.256 0.0000000000
13230  -40.983  -68.671  0.403 0.0000000000
13251  -42.270  -68.271  -0.719 0.0000000000
13260  -41.902  -68.561  -1.650 0.0000000000
13261  -42.276  -68.252  -1.537 0.0000000000
13270  -41.001  -68.797  -2.364 0.0000000000
14165  -38.165  -67.129  4.307 0.0000000000
14194  -36.102  -67.421  1.479 0.0000000000
14195  -36.442  -67.676  1.957 0.0000000000
14231  -41.546  -67.022  -1.063 0.0000000000
14239  -41.840  -67.914  -2.696 0.0000000000
14303  -39.889  -67.340  -5.094 0.0000000000
15124  -35.783  -66.414  2.729 0.0000000000
15145  -35.412  -66.292  -0.129 0.0000000000
15147  -42.240  -66.954  -1.062 0.0000000000
15219  -42.249  -66.565  -4.013 0.0000000000
15234  -38.155  -66.649  -6.390 0.0000000000
15237  -40.507  -66.765  -5.255 0.0000000000
15238  -41.144  -66.635  -4.839 0.0000000000
15255  -39.981  -66.441  -5.871 0.0000000000
15998  -34.847  -64.724  -0.234 0.0000000000
16010  -37.467  -65.879  -2.022 0.0000000000
16029  -36.810  -65.064  -2.247 0.0000000000
16133  -39.844  -65.624  -7.641 0.0000000000
16825  -36.574  -64.312  5.282 0.0000000000
16835  -36.972  -65.023  4.928 0.0000000000
16848  -34.597  -64.308  2.816 0.0000000000
16922  -38.066  -63.966  -3.214 0.0000000000
16951  -43.220  -64.406  -5.097 0.0000000000
16995  -41.994  -64.425  -6.717 0.0000000000
16996  -42.742  -64.274  -6.366 0.0000000000
16997  -43.417  -63.887  -6.139 0.0000000000
17033  -39.869  -64.672  -8.951 0.0000000000
17047  -40.270  -64.010  -9.394 0.0000000000
17715  -34.884  -63.982  4.011 0.0000000000
17761  -35.386  -63.046  0.126 0.0000000000
17885  -43.313  -63.014  -5.468 0.0000000000
17908  -43.545  -63.301  -6.306 0.0000000000
17923  -39.567  -63.032  -8.120 0.0000000000
17925  -42.441  -63.192  -7.194 0.0000000000
17938  -41.184  -63.331  -8.349 0.0000000000
18628  -35.076  -62.641  5.953 0.0000000000
18678  -35.952  -62.117  0.785 0.0000000000
18729  -37.004  -62.787  -1.031 0.0000000000
18786  -40.126  -62.259  -4.336 0.0000000000
18852  -39.590  -62.511  -7.589 0.0000000000
18853  -40.128  -62.348  -7.993 0.0000000000
18869  -41.183  -62.777  -8.337 0.0000000000
19543  -35.128  -60.870  7.339 0.0000000000
19728  -40.283  -61.716  -4.043 0.0000000000
19732  -43.651  -60.912  -5.232 0.0000000000
19786  -43.023  -60.942  -7.040 0.0000000000
19807  -40.057  -62.053  -7.615 0.0000000000
19811  -43.118  -61.401  -6.986 0.0000000000
20629  -34.900  -60.583  2.390 0.0000000000
20768  -43.391  -60.363  -6.499 0.0000000000
20789  -42.456  -60.992  -7.268 0.0000000000
21573  -35.555  -59.271  8.266 0.0000000000
21767  -43.378  -59.202  -5.433 0.0000000000
21783  -42.789  -59.565  -6.425 0.0000000000
21784  -43.310  -59.582  -5.981 0.0000000000
22668  -35.796  -59.279  8.278 0.0000000000
22669  -36.049  -59.293  8.298 0.0000000000
22711  -34.437  -58.790  4.400 0.0000000000
22839  -43.340  -58.860  -5.042 0.0000000000
22857  -43.094  -58.743  -5.260 0.0000000000
23814  -34.972  -57.236  4.577 0.0000000000
24917  -35.100  -56.483  4.848 0.0000000000
25930  -34.890  -55.116  5.698 0.0000000000
26938  -35.013  -54.566  6.179 0.0000000000
