#!ascii label  , from subject 3181 vox2ras=TkReg
1402
45577  8.019  -31.664  71.145 0.0000000000
72080  43.361  -6.741  45.126 0.0000000000
54199  25.749  -22.829  62.121 0.0000000000
57439  34.458  -19.889  63.655 0.0000000000
47935  19.452  -29.301  61.762 0.0000000000
46734  15.847  -29.861  71.052 0.0000000000
82087  50.914  2.422  37.129 0.0000000000
78747  50.399  -0.841  46.007 0.0000000000
65394  36.282  -12.748  55.207 0.0000000000
88564  51.563  8.848  30.201 0.0000000000
49848  25.090  -27.526  65.935 0.0000000000
46760  11.335  -30.209  70.559 0.0000000000
79861  51.378  0.713  41.978 0.0000000000
77735  47.540  -2.422  41.638 0.0000000000
71997  43.854  -7.662  50.805 0.0000000000
73162  47.890  -5.532  50.482 0.0000000000
69585  39.692  -8.895  51.048 0.0000000000
59914  31.047  -19.157  57.825 0.0000000000
55212  29.676  -22.411  62.096 0.0000000000
46816  21.645  -30.540  66.326 0.0000000000
44423  19.838  -31.996  71.341 0.0000000000
46804  16.585  -29.859  67.095 0.0000000000
47877  12.882  -29.555  65.882 0.0000000000
50960  22.742  -26.302  61.301 0.0000000000
86281  53.537  6.357  37.454 0.0000000000
83168  53.684  3.598  42.033 0.0000000000
75447  47.370  -3.662  45.389 0.0000000000
69496  39.778  -9.135  56.940 0.0000000000
62148  35.673  -16.477  59.565 0.0000000000
86319  50.659  5.299  33.946 0.0000000000
87418  54.658  7.980  33.475 0.0000000000
89736  56.324  9.139  29.145 0.0000000000
47824  24.230  -29.192  69.161 0.0000000000
46762  9.705  -30.828  71.049 0.0000000000
46683  10.097  -29.996  74.422 0.0000000000
46685  8.383  -30.649  74.442 0.0000000000
78838  47.343  -1.437  38.906 0.0000000000
71955  43.840  -7.655  53.582 0.0000000000
73110  45.996  -6.460  53.941 0.0000000000
42061  2.834  -34.285  73.943 0.0000000000
68564  39.456  -9.693  48.602 0.0000000000
56323  25.682  -21.539  59.753 0.0000000000
56320  28.576  -21.582  60.007 0.0000000000
55202  27.416  -22.632  62.585 0.0000000000
46852  20.731  -30.214  64.321 0.0000000000
45629  19.298  -31.123  67.126 0.0000000000
47888  18.051  -29.816  64.362 0.0000000000
48926  21.482  -28.110  62.071 0.0000000000
48892  21.980  -28.538  63.664 0.0000000000
45574  17.736  -31.315  71.152 0.0000000000
84238  52.249  4.147  37.864 0.0000000000
85225  54.107  5.378  40.631 0.0000000000
83206  52.685  3.083  39.554 0.0000000000
79833  50.307  -0.235  44.122 0.0000000000
80890  52.550  1.062  44.752 0.0000000000
74342  43.162  -4.951  43.313 0.0000000000
75464  45.548  -3.792  43.745 0.0000000000
73248  45.725  -5.564  45.835 0.0000000000
67496  36.169  -10.894  53.768 0.0000000000
70726  37.634  -8.768  54.224 0.0000000000
67467  38.055  -11.166  56.072 0.0000000000
58724  33.055  -19.612  61.038 0.0000000000
61048  33.869  -17.646  59.019 0.0000000000
59842  35.669  -18.035  62.158 0.0000000000
83236  48.256  3.415  36.412 0.0000000000
86308  48.981  5.260  34.348 0.0000000000
85274  50.306  4.910  35.866 0.0000000000
87384  52.177  6.445  35.787 0.0000000000
89753  54.701  9.675  28.026 0.0000000000
88576  54.489  8.316  29.586 0.0000000000
89712  55.781  9.357  31.835 0.0000000000
87445  53.437  7.282  30.850 0.0000000000
52034  25.555  -25.306  63.512 0.0000000000
54173  27.273  -23.867  63.662 0.0000000000
49858  26.621  -26.535  66.091 0.0000000000
46736  13.857  -30.247  71.243 0.0000000000
46678  14.870  -30.761  73.909 0.0000000000
46680  13.117  -29.952  74.517 0.0000000000
80982  48.169  1.254  37.451 0.0000000000
79879  51.339  0.657  39.318 0.0000000000
78836  49.845  -0.545  39.026 0.0000000000
78810  48.881  -1.322  41.529 0.0000000000
78774  48.967  -1.701  44.195 0.0000000000
72026  43.920  -7.375  48.000 0.0000000000
73197  46.010  -6.117  48.240 0.0000000000
73164  45.985  -6.616  50.678 0.0000000000
63285  34.769  -14.404  54.680 0.0000000000
59789  36.727  -18.536  65.399 0.0000000000
44444  6.323  -33.086  70.938 0.0000000000
45540  6.351  -32.003  74.654 0.0000000000
43182  4.840  -32.592  74.332 0.0000000000
72065  41.245  -7.867  45.390 0.0000000000
69655  41.716  -8.645  48.039 0.0000000000
70778  41.737  -8.433  51.397 0.0000000000
71944  41.693  -7.743  54.215 0.0000000000
57550  28.913  -20.253  57.406 0.0000000000
57493  31.000  -20.737  60.115 0.0000000000
56281  32.127  -21.466  62.521 0.0000000000
54171  29.080  -23.231  64.022 0.0000000000
55178  31.630  -23.087  64.536 0.0000000000
45597  22.664  -30.878  69.146 0.0000000000
44421  22.024  -31.880  70.445 0.0000000000
45599  20.714  -31.683  69.483 0.0000000000
45601  18.429  -31.089  68.801 0.0000000000
46773  16.148  -30.400  68.814 0.0000000000
48874  15.666  -29.132  64.483 0.0000000000
47858  15.234  -30.016  66.900 0.0000000000
47827  14.216  -30.332  68.834 0.0000000000
47830  11.960  -30.111  68.660 0.0000000000
46807  10.492  -31.235  68.172 0.0000000000
45605  8.425  -31.624  68.527 0.0000000000
55234  24.373  -22.386  60.545 0.0000000000
53211  23.147  -23.459  59.607 0.0000000000
52065  24.608  -25.127  62.047 0.0000000000
49889  24.335  -27.135  63.698 0.0000000000
48858  23.532  -28.588  66.106 0.0000000000
84202  55.015  4.180  41.479 0.0000000000
80934  52.349  2.014  41.943 0.0000000000
76640  44.921  -3.228  41.364 0.0000000000
77701  47.086  -2.678  43.585 0.0000000000
77669  49.173  -2.439  45.880 0.0000000000
74283  47.215  -5.291  47.899 0.0000000000
75413  49.626  -3.937  47.376 0.0000000000
70783  36.830  -8.981  51.812 0.0000000000
70724  39.296  -8.201  54.243 0.0000000000
71890  41.271  -7.795  57.210 0.0000000000
62191  34.165  -16.523  57.108 0.0000000000
63251  36.340  -14.967  57.202 0.0000000000
62112  37.572  -16.589  63.353 0.0000000000
63196  38.387  -14.900  61.278 0.0000000000
65343  38.203  -12.926  58.153 0.0000000000
67426  40.188  -11.228  59.432 0.0000000000
69448  41.474  -9.097  59.768 0.0000000000
86365  51.213  6.739  31.537 0.0000000000
87405  53.071  6.886  33.757 0.0000000000
88511  54.046  7.998  35.812 0.0000000000
46750  24.559  -29.771  69.819 0.0000000000
45576  8.498  -31.441  71.638 0.0000000000
46717  8.892  -30.629  72.765 0.0000000000
46719  7.803  -30.718  72.995 0.0000000000
71927  44.029  -7.499  55.907 0.0000000000
71941  45.023  -7.089  55.172 0.0000000000
41056  2.772  -35.287  71.765 0.0000000000
55232  25.484  -21.906  61.382 0.0000000000
55231  26.256  -21.955  61.458 0.0000000000
55216  26.011  -22.413  62.084 0.0000000000
46864  20.060  -29.796  63.286 0.0000000000
46854  18.789  -29.929  63.967 0.0000000000
47907  18.370  -29.656  63.559 0.0000000000
49919  20.944  -27.455  60.526 0.0000000000
47934  20.580  -28.910  62.082 0.0000000000
47923  20.715  -29.367  62.921 0.0000000000
46709  16.414  -30.214  72.051 0.0000000000
46692  16.654  -30.326  73.043 0.0000000000
83221  51.437  3.105  37.084 0.0000000000
83213  52.383  3.167  38.576 0.0000000000
82075  51.703  2.298  38.495 0.0000000000
79811  50.434  -0.468  45.577 0.0000000000
80880  51.316  0.250  45.132 0.0000000000
73267  43.591  -5.688  44.182 0.0000000000
73266  44.387  -5.566  44.547 0.0000000000
73249  44.848  -5.668  45.319 0.0000000000
65406  35.372  -12.659  54.128 0.0000000000
66478  36.041  -11.890  54.393 0.0000000000
67482  37.377  -11.023  55.235 0.0000000000
66461  36.961  -11.804  55.539 0.0000000000
58687  34.311  -19.772  62.558 0.0000000000
59844  34.595  -19.186  61.635 0.0000000000
59827  35.095  -18.716  63.008 0.0000000000
83223  49.745  3.116  36.698 0.0000000000
84260  48.967  4.003  36.051 0.0000000000
84251  50.275  3.937  36.602 0.0000000000
84250  51.225  4.048  36.849 0.0000000000
88595  53.151  8.961  28.522 0.0000000000
88563  52.323  8.063  30.075 0.0000000000
87456  53.695  7.780  30.053 0.0000000000
87446  52.249  7.046  30.758 0.0000000000
49872  25.214  -26.963  64.715 0.0000000000
50908  25.932  -26.019  65.023 0.0000000000
49847  25.579  -27.064  66.270 0.0000000000
46737  12.828  -30.274  71.362 0.0000000000
46696  12.795  -29.990  73.495 0.0000000000
46697  11.739  -30.164  73.507 0.0000000000
46659  9.579  -29.603  76.186 0.0000000000
46657  11.092  -29.760  76.483 0.0000000000
80983  47.118  0.791  37.545 0.0000000000
79901  48.971  0.302  37.729 0.0000000000
79902  47.932  0.154  37.724 0.0000000000
77761  46.933  -2.171  39.543 0.0000000000
77746  48.263  -1.719  40.344 0.0000000000
78811  48.144  -1.651  41.612 0.0000000000
78800  48.682  -1.217  42.373 0.0000000000
78801  48.073  -1.828  42.343 0.0000000000
70824  43.490  -7.935  49.389 0.0000000000
72010  44.774  -7.261  49.349 0.0000000000
71996  44.610  -7.189  50.424 0.0000000000
82091  47.422  2.263  37.016 0.0000000000
43210  5.841  -32.707  72.574 0.0000000000
43211  4.974  -33.513  72.297 0.0000000000
72066  40.637  -8.008  45.290 0.0000000000
70849  41.750  -8.437  47.054 0.0000000000
69656  40.730  -8.836  47.357 0.0000000000
69624  39.071  -9.594  49.388 0.0000000000
69623  40.115  -9.406  49.517 0.0000000000
70806  40.788  -9.084  51.321 0.0000000000
70756  41.456  -8.103  52.046 0.0000000000
70757  40.694  -8.419  52.253 0.0000000000
57551  27.631  -20.528  56.996 0.0000000000
56303  28.955  -21.890  60.724 0.0000000000
56319  29.537  -21.305  60.029 0.0000000000
56301  30.769  -21.507  60.983 0.0000000000
56300  31.558  -21.260  61.195 0.0000000000
55210  31.416  -21.806  62.326 0.0000000000
53118  28.065  -24.188  64.840 0.0000000000
54157  28.285  -23.901  64.232 0.0000000000
53104  28.831  -24.015  65.540 0.0000000000
54139  30.874  -23.247  65.887 0.0000000000
55177  32.320  -22.746  65.091 0.0000000000
45626  22.068  -30.940  67.619 0.0000000000
45598  21.822  -31.309  69.227 0.0000000000
45627  21.324  -31.401  67.483 0.0000000000
45630  18.163  -30.687  66.828 0.0000000000
45615  18.433  -31.042  67.818 0.0000000000
45616  17.687  -30.611  67.706 0.0000000000
46772  17.194  -30.495  68.510 0.0000000000
46790  16.286  -30.073  67.761 0.0000000000
48893  15.993  -29.040  63.878 0.0000000000
48878  12.933  -29.375  64.724 0.0000000000
48861  13.873  -29.503  65.344 0.0000000000
47876  13.781  -29.615  66.223 0.0000000000
47842  14.264  -30.258  67.804 0.0000000000
47843  13.540  -30.331  67.931 0.0000000000
47828  13.293  -30.305  69.053 0.0000000000
47862  12.320  -30.221  67.185 0.0000000000
45618  8.978  -31.465  68.222 0.0000000000
56325  24.021  -21.704  59.266 0.0000000000
55251  23.697  -22.149  59.562 0.0000000000
50982  22.593  -25.937  60.645 0.0000000000
50981  23.294  -25.663  60.988 0.0000000000
52089  24.226  -24.592  61.254 0.0000000000
50959  23.507  -26.103  61.927 0.0000000000
50958  24.257  -25.958  62.461 0.0000000000
49905  23.244  -26.969  62.458 0.0000000000
46833  22.313  -29.663  65.488 0.0000000000
47887  22.836  -29.080  64.922 0.0000000000
46815  22.299  -30.292  66.606 0.0000000000
46801  22.858  -30.315  67.790 0.0000000000
44422  20.851  -31.978  71.059 0.0000000000
44367  5.577  -31.930  76.400 0.0000000000
45511  6.253  -30.706  76.833 0.0000000000
86263  54.516  6.405  39.708 0.0000000000
84204  53.952  4.377  41.312 0.0000000000
85217  54.556  5.179  41.206 0.0000000000
84193  54.517  4.114  41.749 0.0000000000
84184  54.801  2.909  42.793 0.0000000000
80962  51.375  0.697  40.211 0.0000000000
80950  51.789  1.267  40.694 0.0000000000
80935  51.983  1.511  41.713 0.0000000000
81997  53.544  1.684  44.276 0.0000000000
76588  46.573  -3.688  44.433 0.0000000000
76616  45.916  -2.992  43.197 0.0000000000
76587  47.174  -3.391  44.863 0.0000000000
77686  48.123  -2.570  44.688 0.0000000000
76571  48.442  -3.293  46.018 0.0000000000
73180  46.731  -5.975  49.333 0.0000000000
73213  46.589  -5.646  47.692 0.0000000000
73179  47.489  -5.607  49.572 0.0000000000
70784  35.792  -9.087  51.749 0.0000000000
69518  38.685  -8.925  55.815 0.0000000000
70725  38.453  -8.431  54.309 0.0000000000
70696  39.536  -8.322  56.083 0.0000000000
70695  40.150  -7.988  55.863 0.0000000000
70676  40.361  -8.067  56.923 0.0000000000
59959  29.953  -18.727  56.103 0.0000000000
59958  31.002  -18.205  56.236 0.0000000000
61037  35.017  -17.286  59.786 0.0000000000
61065  33.725  -17.068  57.787 0.0000000000
62176  34.700  -16.363  57.867 0.0000000000
62189  35.651  -15.410  57.170 0.0000000000
62159  36.205  -15.727  59.036 0.0000000000
60995  37.218  -17.459  64.050 0.0000000000
64262  39.275  -14.021  61.449 0.0000000000
64281  38.327  -14.036  59.403 0.0000000000
65312  39.230  -12.721  60.324 0.0000000000
66409  39.041  -11.923  58.675 0.0000000000
66376  39.910  -11.914  60.585 0.0000000000
86320  49.548  5.530  33.808 0.0000000000
85329  50.863  5.820  32.591 0.0000000000
86349  52.165  5.956  32.426 0.0000000000
85295  51.658  5.626  33.747 0.0000000000
86294  52.530  6.075  36.469 0.0000000000
87383  52.708  6.971  35.588 0.0000000000
87372  53.592  7.215  36.619 0.0000000000
88504  54.333  7.877  36.746 0.0000000000
89752  55.606  9.266  28.477 0.0000000000
88550  55.395  8.496  32.320 0.0000000000
89687  56.129  9.066  33.516 0.0000000000
89689  55.156  8.825  34.589 0.0000000000
48846  24.588  -28.690  67.206 0.0000000000
48845  25.338  -28.216  67.523 0.0000000000
48823  24.884  -28.743  68.823 0.0000000000
46761  10.514  -30.605  70.807 0.0000000000
46698  10.759  -30.272  73.519 0.0000000000
46699  9.865  -30.399  73.551 0.0000000000
46684  9.236  -30.198  74.443 0.0000000000
46660  8.760  -29.765  76.237 0.0000000000
77762  45.725  -2.258  39.308 0.0000000000
77748  46.486  -2.769  40.655 0.0000000000
71967  43.736  -7.558  52.502 0.0000000000
71980  44.570  -7.271  51.603 0.0000000000
71954  44.824  -7.418  54.072 0.0000000000
73095  45.777  -6.624  54.989 0.0000000000
42071  4.370  -33.950  72.157 0.0000000000
41044  3.436  -34.860  72.258 0.0000000000
41033  2.239  -34.837  73.469 0.0000000000
69657  39.613  -9.426  47.381 0.0000000000
69607  38.362  -9.459  50.384 0.0000000000
56364  26.975  -20.999  58.037 0.0000000000
56322  26.625  -21.527  59.888 0.0000000000
56304  27.979  -22.080  60.866 0.0000000000
55213  28.801  -22.655  62.023 0.0000000000
46835  20.895  -30.612  65.172 0.0000000000
45644  20.246  -31.218  66.460 0.0000000000
46836  19.731  -30.759  64.921 0.0000000000
46818  18.086  -30.380  65.395 0.0000000000
46819  17.422  -30.056  65.563 0.0000000000
46839  11.725  -29.907  65.826 0.0000000000
47894  10.429  -29.836  64.646 0.0000000000
49918  21.990  -26.721  60.782 0.0000000000
49906  22.423  -27.154  61.976 0.0000000000
49891  22.864  -27.533  62.735 0.0000000000
48912  22.257  -28.310  62.888 0.0000000000
46862  21.365  -29.618  63.976 0.0000000000
45573  18.849  -31.569  71.762 0.0000000000
85249  52.830  4.963  38.157 0.0000000000
85235  53.725  5.398  39.481 0.0000000000
85236  53.226  4.925  38.890 0.0000000000
84215  53.012  3.855  39.806 0.0000000000
83193  53.337  3.521  40.934 0.0000000000
79847  51.243  0.430  42.985 0.0000000000
80902  51.776  0.912  43.819 0.0000000000
80891  51.552  0.529  44.667 0.0000000000
79809  51.943  0.240  45.827 0.0000000000
75474  43.643  -3.995  42.567 0.0000000000
75466  43.996  -4.508  43.273 0.0000000000
75449  45.677  -4.174  44.317 0.0000000000
74327  46.439  -4.961  45.745 0.0000000000
74262  49.130  -5.086  50.761 0.0000000000
69550  35.552  -9.584  52.628 0.0000000000
70743  36.114  -9.264  52.642 0.0000000000
69534  36.556  -9.643  53.658 0.0000000000
69520  37.781  -9.664  54.670 0.0000000000
69498  38.917  -10.000  56.659 0.0000000000
58751  32.080  -19.451  59.188 0.0000000000
59912  32.342  -18.267  58.053 0.0000000000
59879  33.291  -18.845  60.345 0.0000000000
59858  34.839  -18.248  60.492 0.0000000000
61028  35.619  -17.934  61.014 0.0000000000
84262  47.314  3.948  35.821 0.0000000000
85287  46.835  5.254  34.617 0.0000000000
85276  48.585  4.284  35.117 0.0000000000
85285  49.015  4.694  34.780 0.0000000000
86297  50.231  5.280  35.432 0.0000000000
86306  50.886  5.515  34.948 0.0000000000
86296  51.043  5.431  35.748 0.0000000000
85272  52.036  5.545  36.496 0.0000000000
89754  53.658  9.414  27.824 0.0000000000
88594  54.034  8.790  28.557 0.0000000000
88592  55.357  8.776  29.242 0.0000000000
89722  55.884  9.313  30.758 0.0000000000
88561  54.907  8.129  30.654 0.0000000000
88551  55.133  7.982  31.529 0.0000000000
87432  53.694  7.107  31.960 0.0000000000
53152  25.582  -24.288  62.888 0.0000000000
54186  26.096  -23.416  62.920 0.0000000000
53136  26.181  -24.521  63.488 0.0000000000
52021  26.714  -25.416  65.181 0.0000000000
52009  27.427  -25.659  65.909 0.0000000000
46735  14.849  -30.001  71.168 0.0000000000
46693  15.808  -29.961  73.174 0.0000000000
45544  14.436  -30.183  73.619 0.0000000000
46679  14.112  -30.054  74.407 0.0000000000
46682  11.023  -30.219  74.488 0.0000000000
46656  12.220  -29.866  76.450 0.0000000000
82078  49.671  1.670  37.160 0.0000000000
80978  51.217  1.515  38.401 0.0000000000
79899  50.536  0.927  38.359 0.0000000000
79889  50.614  0.177  38.824 0.0000000000
78820  50.376  -0.347  39.995 0.0000000000
78837  48.617  -1.196  39.325 0.0000000000
78821  49.614  -0.831  40.155 0.0000000000
79872  50.348  -0.347  41.488 0.0000000000
79849  49.767  -0.495  42.699 0.0000000000
78772  49.822  -0.588  43.892 0.0000000000
78762  49.552  -1.193  45.176 0.0000000000
72043  43.863  -7.275  47.337 0.0000000000
72042  44.399  -6.686  46.881 0.0000000000
72025  44.654  -6.879  48.151 0.0000000000
72009  45.683  -6.651  48.967 0.0000000000
73163  46.914  -6.091  50.389 0.0000000000
73123  46.009  -6.698  52.675 0.0000000000
73122  47.142  -5.992  52.315 0.0000000000
73121  47.880  -5.448  52.024 0.0000000000
64317  35.645  -13.372  54.841 0.0000000000
58651  35.419  -19.538  64.692 0.0000000000
84263  46.339  4.061  35.720 0.0000000000
83237  47.547  3.392  36.289 0.0000000000
82090  48.282  2.288  37.207 0.0000000000
90783  51.587  10.695  30.085 0.0000000000
89724  50.746  10.160  30.784 0.0000000000
44443  6.912  -32.635  70.588 0.0000000000
45548  7.249  -31.895  73.201 0.0000000000
44410  6.646  -32.320  72.644 0.0000000000
44390  5.743  -32.190  74.677 0.0000000000
44381  4.370  -32.710  76.142 0.0000000000
42060  3.640  -33.941  73.691 0.0000000000
73252  42.224  -6.669  44.289 0.0000000000
73253  41.268  -6.734  44.280 0.0000000000
72081  42.791  -7.126  44.942 0.0000000000
70861  42.574  -8.070  46.545 0.0000000000
70848  42.582  -8.303  47.662 0.0000000000
70825  42.771  -8.305  49.684 0.0000000000
69640  40.952  -8.999  48.719 0.0000000000
69621  41.758  -8.764  49.635 0.0000000000
70777  42.363  -8.193  51.148 0.0000000000
71968  42.862  -7.844  52.214 0.0000000000
71943  42.712  -7.775  54.233 0.0000000000
71928  42.898  -7.648  55.483 0.0000000000
58779  29.831  -19.631  57.265 0.0000000000
57524  28.429  -20.891  58.006 0.0000000000
57522  30.148  -20.123  58.616 0.0000000000
58763  30.913  -19.576  58.431 0.0000000000
58738  32.167  -20.031  60.222 0.0000000000
57472  32.986  -20.437  61.874 0.0000000000
56279  33.453  -20.735  63.227 0.0000000000
54185  27.179  -23.014  63.149 0.0000000000
55201  28.259  -22.719  62.813 0.0000000000
55191  29.548  -23.001  63.409 0.0000000000
53103  29.470  -23.851  65.720 0.0000000000
54170  29.902  -23.197  64.088 0.0000000000
55198  30.862  -22.380  62.906 0.0000000000
55188  32.318  -22.530  63.884 0.0000000000
56262  33.348  -21.521  64.540 0.0000000000
56261  33.908  -20.989  65.050 0.0000000000
45584  23.560  -30.851  69.936 0.0000000000
45572  22.513  -31.555  69.938 0.0000000000
44454  21.489  -31.611  69.709 0.0000000000
45587  20.407  -31.851  70.229 0.0000000000
45628  20.380  -31.536  67.386 0.0000000000
45600  19.448  -31.516  69.192 0.0000000000
45588  19.451  -31.687  70.466 0.0000000000
46732  17.476  -30.910  70.160 0.0000000000
46733  16.820  -30.373  70.814 0.0000000000
46755  15.937  -30.536  69.919 0.0000000000
47927  16.802  -29.228  63.382 0.0000000000
47909  16.726  -29.388  64.270 0.0000000000
47873  16.062  -29.719  65.931 0.0000000000
48876  14.234  -29.408  64.594 0.0000000000
48859  15.079  -29.615  65.449 0.0000000000
47857  15.961  -29.613  66.897 0.0000000000
46791  15.609  -30.237  68.112 0.0000000000
46774  15.149  -30.318  68.907 0.0000000000
46756  15.130  -30.079  70.099 0.0000000000
47814  13.674  -30.317  69.616 0.0000000000
46777  12.649  -30.213  69.522 0.0000000000
46778  11.710  -30.100  69.335 0.0000000000
46805  11.681  -30.430  67.392 0.0000000000
46793  10.967  -30.499  68.746 0.0000000000
46779  10.805  -30.524  69.758 0.0000000000
46780  9.899  -30.921  70.001 0.0000000000
45604  8.983  -31.313  69.418 0.0000000000
44441  8.400  -31.980  70.132 0.0000000000
44442  7.783  -32.215  70.363 0.0000000000
56342  25.153  -21.404  58.722 0.0000000000
56324  24.779  -21.772  59.647 0.0000000000
55218  25.133  -22.605  61.043 0.0000000000
54217  23.812  -22.840  60.435 0.0000000000
54201  24.658  -23.168  60.949 0.0000000000
53166  25.191  -24.172  62.226 0.0000000000
52049  25.048  -25.195  62.971 0.0000000000
50924  24.688  -26.673  63.853 0.0000000000
49873  24.602  -27.177  64.361 0.0000000000
48891  22.729  -28.348  63.980 0.0000000000
48873  23.303  -28.282  65.127 0.0000000000
48857  24.551  -28.384  66.077 0.0000000000
47854  24.062  -29.258  67.262 0.0000000000
47825  23.966  -29.794  69.118 0.0000000000
45528  7.526  -30.654  74.961 0.0000000000
46651  7.418  -29.809  76.977 0.0000000000
86254  54.786  6.082  40.741 0.0000000000
82068  51.973  1.942  39.385 0.0000000000
82042  52.697  2.548  41.125 0.0000000000
83161  53.494  2.973  42.475 0.0000000000
80901  52.553  1.512  43.411 0.0000000000
83152  53.705  2.142  43.763 0.0000000000
83151  53.918  2.529  43.321 0.0000000000
76650  44.483  -2.821  40.523 0.0000000000
76648  46.142  -2.853  41.507 0.0000000000
76626  45.254  -3.522  42.154 0.0000000000
77725  46.245  -2.752  42.556 0.0000000000
77724  46.846  -2.693  42.577 0.0000000000
77714  48.281  -2.080  43.783 0.0000000000
78763  49.004  -1.840  44.712 0.0000000000
78748  49.862  -1.480  46.061 0.0000000000
73233  45.682  -5.708  46.675 0.0000000000
73232  46.409  -5.460  46.944 0.0000000000
74311  47.442  -4.656  46.834 0.0000000000
74281  49.064  -4.821  48.976 0.0000000000
74296  48.761  -4.795  47.874 0.0000000000
75414  48.394  -4.265  47.068 0.0000000000
75427  49.325  -3.457  46.709 0.0000000000
76559  50.197  -2.937  47.066 0.0000000000
69626  36.830  -9.950  49.483 0.0000000000
70782  38.082  -9.230  51.592 0.0000000000
70761  36.702  -8.912  52.516 0.0000000000
70760  37.679  -8.659  52.574 0.0000000000
70739  39.471  -8.445  53.331 0.0000000000
70723  40.216  -8.213  54.050 0.0000000000
70694  40.954  -7.925  55.545 0.0000000000
71889  42.261  -7.754  57.414 0.0000000000
61085  32.782  -17.848  56.820 0.0000000000
62199  34.524  -15.330  55.676 0.0000000000
63262  35.337  -14.841  56.041 0.0000000000
64299  36.730  -13.714  57.094 0.0000000000
59812  36.150  -18.407  63.977 0.0000000000
61009  36.437  -17.711  63.305 0.0000000000
62123  37.021  -16.897  61.804 0.0000000000
62132  37.980  -15.815  61.886 0.0000000000
62146  37.137  -15.866  60.447 0.0000000000
63225  37.045  -15.081  59.278 0.0000000000
64290  37.017  -13.992  58.008 0.0000000000
65360  37.000  -12.661  56.676 0.0000000000
66425  38.196  -12.069  57.355 0.0000000000
67452  39.198  -10.745  57.384 0.0000000000
68459  39.783  -9.591  58.071 0.0000000000
67397  40.831  -11.243  61.193 0.0000000000
68425  41.237  -10.243  60.003 0.0000000000
69465  40.335  -9.244  58.149 0.0000000000
70632  41.518  -8.603  58.782 0.0000000000
88552  50.454  8.806  31.155 0.0000000000
87434  51.116  7.264  31.247 0.0000000000
86364  51.898  6.495  31.565 0.0000000000
87420  52.923  6.716  32.715 0.0000000000
87404  53.895  7.440  34.033 0.0000000000
86304  52.570  6.715  35.068 0.0000000000
87392  53.111  7.256  34.778 0.0000000000
87390  54.392  8.166  34.594 0.0000000000
89663  54.613  8.602  35.602 0.0000000000
46731  23.970  -30.562  70.289 0.0000000000
45558  8.410  -31.314  72.312 0.0000000000
45559  7.821  -31.548  72.408 0.0000000000
55217  25.312  -22.355  61.710 0.0000000000
47924  19.839  -29.543  62.677 0.0000000000
47906  19.247  -29.781  63.380 0.0000000000
47925  18.829  -29.537  62.739 0.0000000000
82086  51.377  2.608  37.675 0.0000000000
79810  51.034  -0.109  45.574 0.0000000000
78746  51.306  -0.599  46.271 0.0000000000
73250  43.855  -6.191  45.098 0.0000000000
73235  44.307  -6.360  45.781 0.0000000000
65405  35.745  -12.757  54.577 0.0000000000
66462  36.547  -12.043  55.099 0.0000000000
66477  36.679  -11.492  54.995 0.0000000000
65393  36.624  -12.263  55.453 0.0000000000
57455  34.350  -19.946  63.023 0.0000000000
58686  34.569  -19.306  62.762 0.0000000000
82088  50.142  2.280  36.738 0.0000000000
83222  50.669  3.088  36.704 0.0000000000
88578  52.336  9.019  29.224 0.0000000000
87447  51.454  7.691  30.679 0.0000000000
49860  25.482  -26.938  65.373 0.0000000000
46738  11.837  -29.998  71.478 0.0000000000
46713  12.341  -30.079  72.467 0.0000000000
46714  11.342  -30.087  72.524 0.0000000000
79903  46.917  0.104  37.880 0.0000000000
77747  47.685  -2.077  40.640 0.0000000000
70802  43.286  -7.968  50.210 0.0000000000
72011  44.036  -7.624  49.901 0.0000000000
70879  40.198  -8.172  45.320 0.0000000000
70864  39.747  -8.477  45.931 0.0000000000
70863  40.705  -8.417  46.060 0.0000000000
69606  39.410  -9.155  50.319 0.0000000000
69605  40.449  -9.184  50.747 0.0000000000
69584  40.069  -8.847  51.099 0.0000000000
70780  40.181  -8.689  51.482 0.0000000000
55228  29.326  -22.256  61.375 0.0000000000
56302  29.815  -21.657  60.816 0.0000000000
55227  30.045  -21.971  61.469 0.0000000000
56290  31.272  -21.592  61.666 0.0000000000
55211  30.567  -21.993  62.070 0.0000000000
53105  28.081  -24.981  65.558 0.0000000000
45642  21.706  -30.802  67.125 0.0000000000
46803  17.181  -30.139  66.596 0.0000000000
45631  17.519  -30.362  67.174 0.0000000000
46789  17.070  -30.188  67.500 0.0000000000
48862  13.353  -29.504  65.586 0.0000000000
47860  13.644  -30.104  66.952 0.0000000000
47861  12.933  -30.058  67.026 0.0000000000
46834  21.639  -30.372  65.768 0.0000000000
45514  4.610  -31.597  77.417 0.0000000000
45513  5.185  -31.206  77.447 0.0000000000
87356  54.438  7.297  38.450 0.0000000000
86271  53.894  6.509  38.586 0.0000000000
84194  53.987  4.167  41.922 0.0000000000
84185  54.543  3.170  42.470 0.0000000000
84186  54.240  3.271  42.472 0.0000000000
79871  50.893  0.254  40.937 0.0000000000
79870  51.501  0.890  41.234 0.0000000000
75448  46.599  -4.045  45.341 0.0000000000
76586  47.973  -3.088  45.325 0.0000000000
70785  34.908  -9.112  51.440 0.0000000000
70697  39.159  -8.846  56.269 0.0000000000
70712  38.639  -8.635  55.274 0.0000000000
70677  39.881  -8.706  56.854 0.0000000000
59936  30.816  -18.925  57.095 0.0000000000
61036  35.704  -16.776  60.055 0.0000000000
61047  34.397  -16.810  58.612 0.0000000000
62160  35.206  -16.315  58.844 0.0000000000
62175  35.533  -15.556  57.948 0.0000000000
64254  39.565  -14.056  62.280 0.0000000000
64271  39.006  -13.653  60.740 0.0000000000
65298  39.408  -13.196  61.232 0.0000000000
65311  39.619  -12.312  60.523 0.0000000000
65297  39.689  -12.474  61.017 0.0000000000
86335  50.227  5.591  33.006 0.0000000000
85311  51.059  5.470  33.184 0.0000000000
85296  51.368  5.480  33.694 0.0000000000
86282  53.063  5.873  36.970 0.0000000000
86293  53.182  6.461  36.663 0.0000000000
87362  54.049  7.264  37.601 0.0000000000
89720  56.912  9.046  29.661 0.0000000000
87430  55.103  8.071  33.003 0.0000000000
89702  55.834  8.973  32.915 0.0000000000
88540  55.194  8.456  33.437 0.0000000000
89688  55.489  8.816  34.023 0.0000000000
88530  54.839  8.498  34.203 0.0000000000
48834  24.678  -28.684  68.228 0.0000000000
46740  10.105  -30.448  71.788 0.0000000000
46716  9.625  -30.482  72.710 0.0000000000
46700  9.024  -30.410  73.519 0.0000000000
46671  8.560  -30.139  75.379 0.0000000000
77763  44.606  -1.932  39.228 0.0000000000
42095  3.822  -34.314  70.669 0.0000000000
41045  2.734  -35.223  72.757 0.0000000000
40161  2.114  -35.388  73.112 0.0000000000
56341  26.219  -21.181  58.903 0.0000000000
55215  26.943  -22.124  61.945 0.0000000000
56305  26.981  -21.848  60.924 0.0000000000
56292  27.496  -22.075  61.434 0.0000000000
55229  28.488  -22.316  61.356 0.0000000000
55214  27.858  -22.540  61.812 0.0000000000
46837  18.645  -30.322  64.630 0.0000000000
46838  17.845  -29.931  64.955 0.0000000000
48927  20.796  -28.120  61.390 0.0000000000
49907  21.567  -27.550  61.333 0.0000000000
46863  20.713  -29.755  63.614 0.0000000000
46851  21.736  -29.806  64.721 0.0000000000
45556  17.846  -31.316  72.406 0.0000000000
83194  52.943  3.283  40.531 0.0000000000
79832  50.924  0.408  43.950 0.0000000000
74355  42.874  -4.518  42.663 0.0000000000
74329  44.969  -4.924  44.579 0.0000000000
74328  45.660  -4.822  45.233 0.0000000000
68511  35.182  -10.052  52.521 0.0000000000
68510  35.701  -10.181  53.110 0.0000000000
69549  36.180  -9.493  53.027 0.0000000000
68501  36.122  -10.115  53.416 0.0000000000
67481  38.186  -10.858  55.355 0.0000000000
68489  37.248  -10.219  54.614 0.0000000000
68478  38.444  -10.309  55.736 0.0000000000
69510  38.721  -9.762  56.243 0.0000000000
68469  38.663  -10.437  56.483 0.0000000000
58737  32.584  -19.175  59.940 0.0000000000
58750  32.539  -19.157  59.371 0.0000000000
59843  35.137  -18.643  61.857 0.0000000000
59859  34.196  -18.960  60.963 0.0000000000
61021  35.670  -18.004  61.778 0.0000000000
84271  47.918  4.217  35.272 0.0000000000
84261  48.349  3.916  35.860 0.0000000000
85264  49.994  4.474  36.238 0.0000000000
85275  49.390  4.541  35.611 0.0000000000
86307  49.765  5.330  34.775 0.0000000000
84249  52.055  4.368  36.971 0.0000000000
85262  51.572  5.117  36.688 0.0000000000
85261  52.432  5.216  37.139 0.0000000000
88577  53.275  8.260  29.383 0.0000000000
88575  55.371  8.797  30.172 0.0000000000
87455  54.221  7.701  30.419 0.0000000000
87444  54.412  7.521  31.256 0.0000000000
53137  25.568  -24.801  63.215 0.0000000000
52033  25.979  -25.360  64.026 0.0000000000
50907  26.719  -26.183  65.609 0.0000000000
52022  26.221  -25.246  64.630 0.0000000000
53106  27.266  -25.121  65.317 0.0000000000
50893  26.968  -26.385  66.344 0.0000000000
46711  14.410  -29.961  72.306 0.0000000000
46712  13.391  -29.900  72.402 0.0000000000
46695  13.947  -29.949  73.495 0.0000000000
46666  13.313  -29.894  75.509 0.0000000000
82079  48.915  1.811  37.416 0.0000000000
80980  50.060  1.259  37.807 0.0000000000
80981  49.276  1.091  37.545 0.0000000000
78852  49.532  -0.112  38.310 0.0000000000
79890  50.003  -0.049  38.552 0.0000000000
78835  50.475  -0.204  39.372 0.0000000000
78855  46.559  -0.683  38.219 0.0000000000
78854  47.704  -0.644  38.341 0.0000000000
78822  48.872  -1.384  40.513 0.0000000000
78809  49.655  -0.857  41.297 0.0000000000
79863  50.071  -0.485  42.196 0.0000000000
78799  49.412  -0.841  42.230 0.0000000000
78789  48.677  -1.744  43.183 0.0000000000
78788  49.504  -0.787  43.159 0.0000000000
78773  49.418  -0.989  44.122 0.0000000000
79824  49.737  -0.727  44.721 0.0000000000
71995  45.364  -6.770  50.012 0.0000000000
71994  46.176  -6.445  49.764 0.0000000000
71965  45.455  -6.992  53.601 0.0000000000
73124  45.290  -7.103  52.173 0.0000000000
73109  47.019  -6.256  53.422 0.0000000000
74204  48.698  -5.232  52.812 0.0000000000
64328  34.588  -14.276  53.478 0.0000000000
64327  35.057  -13.659  53.984 0.0000000000
64318  35.172  -13.982  55.122 0.0000000000
83238  46.635  3.216  35.909 0.0000000000
80993  47.754  1.875  37.261 0.0000000000
82089  49.236  2.387  37.000 0.0000000000
89723  51.261  9.976  30.259 0.0000000000
44427  6.649  -32.544  71.674 0.0000000000
43209  6.311  -32.552  72.191 0.0000000000
43196  5.086  -32.769  73.543 0.0000000000
43195  5.697  -32.530  73.253 0.0000000000
44398  5.196  -32.336  74.253 0.0000000000
44391  4.874  -32.315  74.928 0.0000000000
44392  4.502  -32.819  75.428 0.0000000000
42072  4.038  -34.250  72.752 0.0000000000
73268  42.570  -5.782  43.992 0.0000000000
73269  41.567  -6.095  43.773 0.0000000000
72082  41.748  -7.374  44.725 0.0000000000
72064  42.311  -7.751  45.563 0.0000000000
69654  42.291  -8.504  48.443 0.0000000000
70838  42.778  -8.229  48.755 0.0000000000
69638  42.353  -8.490  48.750 0.0000000000
69641  39.949  -9.509  48.409 0.0000000000
69604  41.087  -9.263  50.587 0.0000000000
69622  41.255  -8.956  49.938 0.0000000000
70827  41.722  -8.925  50.393 0.0000000000
70804  42.007  -8.657  50.735 0.0000000000
71982  42.791  -7.982  51.568 0.0000000000
70755  42.178  -7.980  51.804 0.0000000000
70737  41.308  -8.173  52.886 0.0000000000
70721  41.938  -7.778  53.459 0.0000000000
58780  28.536  -19.873  56.659 0.0000000000
58797  29.826  -19.251  56.431 0.0000000000
57549  29.368  -19.989  57.628 0.0000000000
56339  28.324  -21.599  58.948 0.0000000000
56363  27.734  -21.179  58.343 0.0000000000
57494  30.248  -20.885  59.770 0.0000000000
57504  29.796  -20.826  59.070 0.0000000000
57503  30.614  -20.401  59.221 0.0000000000
58752  31.403  -20.091  59.525 0.0000000000
58739  31.578  -20.358  60.044 0.0000000000
56289  31.879  -21.138  61.825 0.0000000000
57473  32.383  -20.680  61.646 0.0000000000
56288  32.388  -20.881  62.165 0.0000000000
57457  33.346  -20.507  62.551 0.0000000000
56280  32.785  -20.983  62.786 0.0000000000
54174  26.538  -23.965  63.452 0.0000000000
54156  28.682  -23.478  64.744 0.0000000000
54172  28.196  -23.280  63.581 0.0000000000
55192  28.835  -22.933  63.357 0.0000000000
54154  30.620  -23.345  64.753 0.0000000000
54169  30.486  -23.160  63.984 0.0000000000
55189  31.162  -22.898  63.735 0.0000000000
55187  32.818  -22.035  64.539 0.0000000000
45585  23.116  -31.097  69.615 0.0000000000
45612  21.457  -31.479  68.383 0.0000000000
45614  19.363  -31.439  68.107 0.0000000000
45589  18.400  -31.158  69.868 0.0000000000
46754  16.893  -30.613  69.616 0.0000000000
47890  16.222  -29.045  65.056 0.0000000000
47891  15.713  -29.486  65.468 0.0000000000
48896  13.702  -28.665  63.691 0.0000000000
48877  13.545  -29.180  64.425 0.0000000000
47875  14.556  -29.813  66.170 0.0000000000
48860  14.711  -29.587  65.434 0.0000000000
47874  15.341  -29.802  65.916 0.0000000000
47840  15.632  -29.958  67.489 0.0000000000
47826  14.666  -30.282  68.309 0.0000000000
46775  14.688  -30.245  69.452 0.0000000000
46757  14.222  -30.234  69.989 0.0000000000
47813  13.873  -30.345  69.352 0.0000000000
47829  12.429  -30.159  68.784 0.0000000000
46776  13.052  -30.274  69.548 0.0000000000
46759  12.253  -30.223  70.389 0.0000000000
46840  11.077  -30.015  65.698 0.0000000000
46820  11.707  -30.144  66.472 0.0000000000
46806  11.057  -30.699  67.696 0.0000000000
46794  10.287  -30.903  69.134 0.0000000000
44455  8.602  -31.702  69.809 0.0000000000
44469  7.016  -32.479  68.072 0.0000000000
44457  6.877  -32.500  69.356 0.0000000000
55250  24.354  -22.052  60.001 0.0000000000
55233  24.842  -21.996  60.849 0.0000000000
54233  23.294  -22.723  59.766 0.0000000000
53210  23.478  -23.300  60.261 0.0000000000
53190  23.881  -23.734  60.895 0.0000000000
53167  24.605  -23.976  61.597 0.0000000000
52064  25.148  -24.702  62.526 0.0000000000
50940  24.611  -26.329  63.158 0.0000000000
48911  22.897  -27.939  63.171 0.0000000000
47871  22.919  -29.066  65.957 0.0000000000
48872  24.045  -28.242  65.424 0.0000000000
48847  24.036  -28.988  66.683 0.0000000000
47855  23.311  -29.270  67.140 0.0000000000
46788  23.051  -30.489  68.614 0.0000000000
47839  23.679  -29.812  68.407 0.0000000000
46770  23.557  -30.343  69.264 0.0000000000
46677  16.040  -30.648  73.778 0.0000000000
46664  15.292  -30.835  74.586 0.0000000000
45539  7.028  -31.773  74.328 0.0000000000
45547  7.576  -31.098  73.457 0.0000000000
46644  6.600  -30.080  77.764 0.0000000000
46652  6.864  -30.249  77.110 0.0000000000
47765  6.907  -29.955  77.690 0.0000000000
47764  7.448  -29.674  77.527 0.0000000000
47757  7.490  -29.129  78.484 0.0000000000
85210  54.832  5.407  42.221 0.0000000000
79888  51.119  0.897  38.664 0.0000000000
80970  51.630  1.346  38.953 0.0000000000
82029  52.411  2.097  41.554 0.0000000000
82043  52.292  1.942  40.938 0.0000000000
82028  52.737  2.472  41.941 0.0000000000
80918  51.875  1.188  42.758 0.0000000000
82006  53.245  1.853  43.727 0.0000000000
83145  53.890  2.092  43.960 0.0000000000
82005  53.595  2.453  43.206 0.0000000000
83144  53.910  2.273  43.821 0.0000000000
83150  54.370  2.358  43.418 0.0000000000
76649  45.520  -2.942  40.981 0.0000000000
75473  44.443  -3.618  42.922 0.0000000000
76618  44.569  -3.612  42.455 0.0000000000
76617  45.024  -3.218  42.979 0.0000000000
76615  46.568  -2.969  43.517 0.0000000000
77717  46.103  -2.775  42.861 0.0000000000
77716  46.635  -2.757  43.036 0.0000000000
77715  47.609  -2.391  43.176 0.0000000000
77685  48.847  -2.265  45.168 0.0000000000
77699  48.515  -2.178  44.392 0.0000000000
77684  49.430  -1.885  45.781 0.0000000000
73215  45.027  -6.066  47.275 0.0000000000
73214  45.829  -5.853  47.458 0.0000000000
74298  47.075  -5.154  47.200 0.0000000000
74312  46.880  -4.859  46.445 0.0000000000
74297  47.790  -4.837  47.472 0.0000000000
75398  49.847  -4.459  48.670 0.0000000000
74280  49.452  -4.639  48.640 0.0000000000
74295  49.406  -4.602  48.268 0.0000000000
75428  48.761  -3.649  46.602 0.0000000000
70809  36.027  -9.425  51.106 0.0000000000
70808  37.044  -9.501  51.041 0.0000000000
70807  37.727  -9.640  50.874 0.0000000000
70742  36.771  -9.034  53.136 0.0000000000
70741  37.568  -8.613  53.389 0.0000000000
70740  38.486  -8.457  53.424 0.0000000000
70759  38.749  -8.604  52.505 0.0000000000
70710  40.102  -7.952  54.927 0.0000000000
71910  40.882  -7.846  56.395 0.0000000000
71909  41.868  -7.776  56.271 0.0000000000
61049  33.414  -18.244  58.770 0.0000000000
59934  32.543  -18.118  57.508 0.0000000000
61066  33.147  -18.078  58.087 0.0000000000
61084  33.578  -17.092  56.461 0.0000000000
61100  33.362  -16.805  55.883 0.0000000000
62200  33.823  -16.264  55.906 0.0000000000
63252  35.738  -15.230  56.672 0.0000000000
63261  35.957  -14.646  56.475 0.0000000000
64300  36.257  -14.270  56.669 0.0000000000
58650  36.055  -19.139  64.706 0.0000000000
58666  35.615  -18.974  64.164 0.0000000000
59801  36.382  -18.452  64.899 0.0000000000
61008  36.977  -17.138  62.891 0.0000000000
61019  36.966  -17.055  62.267 0.0000000000
63185  38.508  -15.285  62.393 0.0000000000
62145  37.798  -15.624  60.984 0.0000000000
62133  37.454  -16.344  61.372 0.0000000000
63210  36.991  -15.223  60.020 0.0000000000
63209  37.719  -14.935  60.135 0.0000000000
65326  38.332  -13.511  58.758 0.0000000000
64289  37.845  -14.140  58.424 0.0000000000
64298  37.546  -13.601  57.713 0.0000000000
65359  37.599  -12.892  57.240 0.0000000000
66426  37.579  -12.212  56.858 0.0000000000
67427  39.584  -11.146  58.832 0.0000000000
67437  39.248  -11.245  57.896 0.0000000000
68460  39.472  -10.159  57.831 0.0000000000
68442  39.570  -10.601  58.418 0.0000000000
66357  40.867  -11.501  61.741 0.0000000000
67396  41.048  -10.730  61.702 0.0000000000
68440  40.926  -9.642  59.394 0.0000000000
69464  40.902  -9.260  58.828 0.0000000000
70633  40.834  -8.718  58.202 0.0000000000
89713  50.339  9.845  31.159 0.0000000000
85286  48.068  4.834  34.534 0.0000000000
85297  47.456  5.639  33.741 0.0000000000
86366  50.679  7.056  31.517 0.0000000000
87435  50.571  7.757  31.240 0.0000000000
86377  51.537  7.045  31.035 0.0000000000
85309  52.087  5.688  32.985 0.0000000000
87419  53.815  7.294  33.050 0.0000000000
86305  51.964  6.122  35.283 0.0000000000
88512  53.360  7.492  35.564 0.0000000000
88519  53.171  7.400  35.292 0.0000000000
88518  53.626  7.739  35.221 0.0000000000
87391  53.981  7.776  34.709 0.0000000000
88517  54.295  8.333  35.088 0.0000000000
89664  54.421  8.369  35.891 0.0000000000
89640  54.691  8.447  36.862 0.0000000000
89766  54.193  10.069  27.433 0.0000000000
90794  54.917  10.195  27.709 0.0000000000
47812  24.291  -29.404  69.718 0.0000000000
46763  9.039  -31.059  71.279 0.0000000000
46741  9.460  -30.869  72.017 0.0000000000
46742  8.881  -31.207  72.228 0.0000000000
46701  8.285  -30.705  73.377 0.0000000000
45537  8.192  -31.066  73.969 0.0000000000
71942  43.946  -7.736  54.756 0.0000000000
56307  25.308  -21.797  60.527 0.0000000000
56306  26.032  -21.778  60.677 0.0000000000
46853  19.696  -30.085  63.997 0.0000000000
47946  20.098  -28.638  61.420 0.0000000000
47933  21.344  -28.792  62.645 0.0000000000
45575  16.967  -30.754  71.579 0.0000000000
45557  17.104  -30.829  72.269 0.0000000000
46676  16.686  -30.676  73.371 0.0000000000
84239  51.944  3.682  37.154 0.0000000000
83214  51.692  3.261  37.900 0.0000000000
82074  52.327  2.510  39.104 0.0000000000
79822  50.913  0.070  44.780 0.0000000000
74341  44.360  -4.992  43.810 0.0000000000
66495  35.650  -11.499  53.477 0.0000000000
67495  36.659  -10.910  54.544 0.0000000000
58708  33.474  -20.012  61.654 0.0000000000
58723  33.727  -19.346  61.147 0.0000000000
58707  34.090  -19.665  61.808 0.0000000000
58706  34.702  -19.297  62.003 0.0000000000
83224  48.788  3.067  36.646 0.0000000000
84253  48.757  3.622  36.244 0.0000000000
84252  49.389  3.872  36.371 0.0000000000
85263  50.763  4.835  36.408 0.0000000000
88562  53.013  7.727  30.276 0.0000000000
50923  25.331  -26.188  64.115 0.0000000000
50922  25.840  -25.658  64.487 0.0000000000
50909  25.523  -26.527  64.798 0.0000000000
49859  26.172  -26.665  65.745 0.0000000000
46669  10.284  -29.818  75.345 0.0000000000
78853  48.795  -0.444  38.331 0.0000000000
77760  47.967  -1.891  39.720 0.0000000000
78823  48.359  -1.621  40.940 0.0000000000
70837  43.875  -7.695  48.583 0.0000000000
70836  44.435  -7.472  48.800 0.0000000000
70823  44.179  -7.695  49.199 0.0000000000
73165  45.208  -6.917  50.846 0.0000000000
80994  47.205  1.504  37.144 0.0000000000
43226  5.755  -33.146  71.531 0.0000000000
43225  6.143  -32.717  71.891 0.0000000000
70862  41.700  -8.358  46.129 0.0000000000
70850  41.215  -8.471  46.643 0.0000000000
68554  39.533  -9.692  48.932 0.0000000000
70779  41.047  -8.651  51.627 0.0000000000
70722  41.098  -8.018  53.737 0.0000000000
56338  29.067  -21.227  59.384 0.0000000000
56318  30.240  -21.140  60.376 0.0000000000
57484  31.438  -20.963  60.699 0.0000000000
54158  27.779  -24.242  64.205 0.0000000000
53117  28.399  -23.716  64.930 0.0000000000
45611  22.353  -30.931  68.478 0.0000000000
44466  21.033  -31.741  67.967 0.0000000000
45602  17.900  -30.813  68.347 0.0000000000
46753  17.721  -30.803  69.315 0.0000000000
48894  15.174  -29.113  63.867 0.0000000000
47859  14.429  -30.131  66.972 0.0000000000
47844  12.843  -30.385  68.003 0.0000000000
47845  12.187  -30.332  68.075 0.0000000000
45632  9.635  -31.420  67.637 0.0000000000
45617  9.713  -31.302  68.678 0.0000000000
45633  8.765  -31.579  67.223 0.0000000000
51003  23.010  -25.325  60.189 0.0000000000
52115  23.210  -24.443  59.848 0.0000000000
53191  23.468  -23.918  60.285 0.0000000000
52090  23.686  -24.747  60.626 0.0000000000
52066  23.955  -25.310  61.320 0.0000000000
50941  23.918  -26.637  62.540 0.0000000000
49890  23.637  -27.455  63.145 0.0000000000
47904  22.296  -29.099  64.487 0.0000000000
46850  22.351  -29.450  64.874 0.0000000000
45530  6.310  -31.706  75.169 0.0000000000
45520  5.976  -31.192  76.195 0.0000000000
45512  5.707  -30.860  77.179 0.0000000000
85211  54.851  5.192  41.745 0.0000000000
84192  54.747  3.275  42.144 0.0000000000
80961  51.751  1.259  39.785 0.0000000000
76641  43.781  -3.107  41.000 0.0000000000
76605  45.485  -3.479  43.440 0.0000000000
76604  46.189  -3.539  43.731 0.0000000000
76603  46.897  -2.966  44.180 0.0000000000
77700  47.703  -2.486  44.054 0.0000000000
76602  47.571  -2.881  44.609 0.0000000000
76585  48.721  -2.811  45.714 0.0000000000
73181  46.285  -6.132  48.860 0.0000000000
73196  46.825  -5.686  48.522 0.0000000000
73195  47.184  -5.560  49.018 0.0000000000
74282  47.795  -5.168  48.628 0.0000000000
70713  38.143  -8.862  54.829 0.0000000000
70711  39.327  -8.196  55.138 0.0000000000
61064  34.212  -16.663  58.039 0.0000000000
62190  34.905  -15.671  56.827 0.0000000000
63241  36.200  -14.884  58.326 0.0000000000
59800  36.822  -17.920  65.009 0.0000000000
60986  37.513  -17.543  65.058 0.0000000000
62100  37.813  -16.647  64.089 0.0000000000
63195  38.882  -14.473  61.421 0.0000000000
64272  38.513  -14.223  60.426 0.0000000000
64280  38.707  -13.464  60.035 0.0000000000
65325  38.803  -12.897  59.149 0.0000000000
65342  38.718  -12.459  58.465 0.0000000000
66393  39.470  -11.958  59.516 0.0000000000
66392  40.039  -11.768  59.963 0.0000000000
86321  48.543  5.590  33.678 0.0000000000
86351  50.256  6.498  32.090 0.0000000000
86350  51.321  6.192  32.157 0.0000000000
85328  51.510  5.711  32.719 0.0000000000
86333  52.348  5.973  33.457 0.0000000000
87374  52.316  6.562  36.064 0.0000000000
87373  52.865  6.851  36.218 0.0000000000
87382  53.253  7.369  35.963 0.0000000000
90793  55.303  10.091  27.799 0.0000000000
89751  56.151  9.249  28.057 0.0000000000
48856  25.184  -27.892  66.647 0.0000000000
48833  25.431  -28.382  68.362 0.0000000000
47823  24.828  -28.890  69.090 0.0000000000
46739  10.922  -30.191  71.616 0.0000000000
46715  10.428  -30.257  72.598 0.0000000000
46670  9.420  -29.853  75.325 0.0000000000
47768  8.875  -29.109  76.828 0.0000000000
47762  9.028  -28.821  77.599 0.0000000000
78839  46.167  -1.596  38.574 0.0000000000
71981  43.487  -7.746  51.627 0.0000000000
71966  44.853  -7.326  52.878 0.0000000000
71953  45.452  -6.946  54.447 0.0000000000
42083  4.375  -33.892  71.385 0.0000000000
42084  3.951  -34.355  71.739 0.0000000000
42073  3.199  -34.625  73.202 0.0000000000
41024  2.133  -34.488  74.258 0.0000000000
69586  38.945  -9.053  50.991 0.0000000000
56340  27.252  -21.523  58.965 0.0000000000
56321  27.613  -21.704  59.946 0.0000000000
45655  21.391  -30.663  66.198 0.0000000000
45643  21.246  -30.871  66.710 0.0000000000
45656  20.994  -30.894  65.972 0.0000000000
45657  20.234  -31.066  65.658 0.0000000000
45645  19.224  -31.024  66.042 0.0000000000
46817  18.761  -30.755  65.352 0.0000000000
45646  18.360  -30.734  65.948 0.0000000000
46802  17.768  -30.463  66.067 0.0000000000
47892  12.522  -29.611  64.961 0.0000000000
47878  12.247  -29.840  66.222 0.0000000000
47893  11.795  -29.714  64.836 0.0000000000
47922  21.509  -29.087  63.388 0.0000000000
47905  21.867  -28.976  64.070 0.0000000000
85260  53.090  5.590  37.601 0.0000000000
85248  53.433  5.614  38.358 0.0000000000
84226  53.357  4.462  39.480 0.0000000000
84227  52.928  4.041  38.860 0.0000000000
84214  53.567  4.214  40.446 0.0000000000
83179  53.526  3.643  41.393 0.0000000000
79862  50.642  0.150  42.129 0.0000000000
80879  51.702  0.430  45.289 0.0000000000
75465  44.749  -3.964  43.513 0.0000000000
75450  45.062  -4.629  43.949 0.0000000000
75430  46.887  -4.458  45.930 0.0000000000
73141  48.661  -5.273  51.315 0.0000000000
73161  48.513  -5.372  50.828 0.0000000000
70763  34.694  -9.278  51.708 0.0000000000
70762  35.654  -8.839  52.075 0.0000000000
69567  35.687  -9.364  52.521 0.0000000000
69548  36.765  -9.259  53.537 0.0000000000
69533  37.132  -9.397  54.178 0.0000000000
68500  36.617  -10.154  54.062 0.0000000000
69532  37.838  -9.140  54.612 0.0000000000
69519  38.441  -9.388  55.306 0.0000000000
69509  38.794  -9.218  56.152 0.0000000000
69497  39.420  -9.588  56.819 0.0000000000
58762  31.709  -19.266  58.590 0.0000000000
59913  31.637  -18.787  58.179 0.0000000000
59897  32.133  -19.160  58.674 0.0000000000
59896  32.873  -18.791  58.993 0.0000000000
59895  33.553  -18.266  59.134 0.0000000000
59878  34.056  -18.407  59.724 0.0000000000
61038  34.401  -17.809  59.602 0.0000000000
59877  34.617  -17.962  59.867 0.0000000000
61027  36.100  -17.263  60.537 0.0000000000
84272  47.107  4.559  35.264 0.0000000000
86295  51.817  5.884  36.092 0.0000000000
86283  51.504  5.471  36.322 0.0000000000
89767  53.459  10.089  27.418 0.0000000000
88593  54.890  8.874  28.692 0.0000000000
89737  55.820  9.323  29.687 0.0000000000
89721  56.410  9.409  30.241 0.0000000000
88560  55.466  8.732  31.199 0.0000000000
87431  54.737  7.609  32.372 0.0000000000
54187  25.520  -23.713  62.555 0.0000000000
53151  25.949  -24.041  63.098 0.0000000000
53135  26.768  -24.252  63.732 0.0000000000
53120  26.388  -24.971  64.132 0.0000000000
53119  27.067  -24.659  64.466 0.0000000000
48855  25.810  -27.376  67.051 0.0000000000
49846  26.383  -26.672  66.599 0.0000000000
49836  26.500  -26.894  67.426 0.0000000000
50894  26.798  -26.490  66.816 0.0000000000
47936  18.320  -29.366  61.936 0.0000000000
46710  15.397  -29.926  72.188 0.0000000000
46694  14.827  -30.091  73.214 0.0000000000
45535  14.666  -30.404  73.660 0.0000000000
45545  14.219  -30.167  73.852 0.0000000000
46665  14.399  -30.199  75.319 0.0000000000
46681  12.048  -30.093  74.518 0.0000000000
46668  11.176  -30.092  75.484 0.0000000000
46667  12.218  -29.969  75.537 0.0000000000
82076  51.102  1.980  37.822 0.0000000000
82077  50.448  1.786  37.363 0.0000000000
80979  50.666  1.499  38.102 0.0000000000
79900  49.867  0.507  38.170 0.0000000000
79880  50.880  0.164  39.766 0.0000000000
77759  48.445  -1.602  39.962 0.0000000000
78808  50.238  -0.501  40.781 0.0000000000
79848  50.172  0.007  43.118 0.0000000000
78787  49.964  -0.394  43.574 0.0000000000
79823  50.220  -0.428  45.037 0.0000000000
78761  50.144  -0.676  45.494 0.0000000000
72063  43.497  -7.053  46.063 0.0000000000
72062  44.274  -6.552  46.254 0.0000000000
72024  45.408  -6.437  48.333 0.0000000000
72008  46.224  -6.305  49.229 0.0000000000
73143  47.353  -5.726  51.349 0.0000000000
73145  45.670  -6.961  51.555 0.0000000000
73144  46.495  -6.296  51.497 0.0000000000
73142  48.112  -5.474  51.320 0.0000000000
74224  48.458  -5.175  52.298 0.0000000000
64339  34.813  -13.175  53.212 0.0000000000
64326  35.407  -13.074  54.411 0.0000000000
57423  34.818  -20.217  64.585 0.0000000000
58636  35.677  -19.532  65.310 0.0000000000
83226  46.995  2.742  36.562 0.0000000000
83225  47.857  2.905  36.761 0.0000000000
88565  50.875  9.319  30.711 0.0000000000
44426  7.450  -32.168  71.416 0.0000000000
44409  7.178  -32.115  72.152 0.0000000000
44396  6.588  -32.327  73.575 0.0000000000
44397  5.821  -32.467  73.826 0.0000000000
44379  5.656  -32.173  75.662 0.0000000000
43149  5.180  -32.493  76.276 0.0000000000
43212  4.427  -33.777  72.613 0.0000000000
43197  4.393  -33.557  73.256 0.0000000000
43183  4.195  -33.296  74.629 0.0000000000
43168  4.011  -33.050  75.647 0.0000000000
44369  4.125  -32.139  76.827 0.0000000000
73251  43.082  -6.383  44.577 0.0000000000
70860  43.240  -7.785  47.072 0.0000000000
70847  43.375  -7.776  47.897 0.0000000000
69670  40.008  -8.877  46.631 0.0000000000
69639  41.941  -8.624  49.058 0.0000000000
70826  42.042  -8.614  49.903 0.0000000000
70803  42.583  -8.310  50.452 0.0000000000
71998  43.060  -8.001  50.980 0.0000000000
71956  42.838  -7.629  53.092 0.0000000000
70736  42.092  -7.919  52.591 0.0000000000
71908  43.076  -7.593  56.663 0.0000000000
58798  29.155  -19.301  55.965 0.0000000000
59937  30.191  -19.215  56.632 0.0000000000
58778  30.678  -19.322  57.644 0.0000000000
57525  27.683  -20.906  57.836 0.0000000000
57505  29.079  -21.069  58.654 0.0000000000
57523  29.455  -20.292  58.108 0.0000000000
58764  30.056  -19.832  58.147 0.0000000000
58725  32.535  -20.175  60.850 0.0000000000
57483  32.113  -20.720  60.966 0.0000000000
57471  33.610  -20.211  62.089 0.0000000000
57456  33.959  -20.241  62.657 0.0000000000
57440  33.986  -20.332  63.496 0.0000000000
55203  26.684  -22.666  62.587 0.0000000000
54184  27.726  -22.782  63.113 0.0000000000
55200  29.182  -22.760  62.773 0.0000000000
55199  30.052  -22.651  62.772 0.0000000000
54141  29.226  -23.656  65.350 0.0000000000
54155  29.535  -23.515  64.778 0.0000000000
55190  30.328  -22.916  63.458 0.0000000000
55197  31.733  -22.183  63.051 0.0000000000
56272  32.429  -21.768  63.172 0.0000000000
56271  32.992  -21.506  63.745 0.0000000000
56270  33.660  -20.927  64.047 0.0000000000
57424  34.115  -20.413  64.205 0.0000000000
45570  23.671  -30.982  70.212 0.0000000000
45586  22.311  -31.335  69.572 0.0000000000
44438  21.904  -31.656  69.941 0.0000000000
44439  21.125  -31.782  70.281 0.0000000000
44440  20.344  -31.935  70.698 0.0000000000
44476  20.813  -31.669  67.669 0.0000000000
45613  20.436  -31.739  68.318 0.0000000000
47926  17.757  -29.282  62.899 0.0000000000
47908  17.483  -29.587  63.924 0.0000000000
47889  17.273  -29.450  64.918 0.0000000000
47872  16.756  -29.745  65.741 0.0000000000
47856  16.476  -29.816  66.514 0.0000000000
48895  14.455  -29.064  63.898 0.0000000000
48875  15.191  -29.373  64.933 0.0000000000
47841  15.017  -30.243  67.765 0.0000000000
46758  13.238  -30.283  70.089 0.0000000000
46821  10.949  -30.434  66.626 0.0000000000
46792  11.599  -30.333  68.353 0.0000000000
45603  9.731  -31.120  69.331 0.0000000000
46781  9.195  -30.995  70.444 0.0000000000
45590  8.627  -31.411  70.560 0.0000000000
45591  8.237  -31.788  70.600 0.0000000000
44456  7.941  -31.856  69.192 0.0000000000
44458  6.144  -33.084  69.755 0.0000000000
43240  5.593  -33.418  70.412 0.0000000000
54200  25.417  -23.293  61.816 0.0000000000
52050  24.605  -25.622  62.690 0.0000000000
50939  25.157  -25.762  63.406 0.0000000000
49861  24.719  -27.580  65.242 0.0000000000
49874  23.827  -27.807  64.158 0.0000000000
49862  24.111  -27.883  64.823 0.0000000000
47838  24.032  -29.058  67.983 0.0000000000
46769  23.982  -29.796  69.469 0.0000000000
45546  7.929  -31.016  73.648 0.0000000000
46686  7.791  -30.626  74.791 0.0000000000
45529  7.064  -30.954  75.394 0.0000000000
46673  7.374  -30.661  75.616 0.0000000000
46661  7.820  -30.033  76.413 0.0000000000
47769  8.080  -29.393  76.869 0.0000000000
47763  8.246  -29.187  77.673 0.0000000000
82067  52.427  2.322  39.692 0.0000000000
82057  52.255  1.788  40.130 0.0000000000
82056  52.595  2.470  40.333 0.0000000000
83180  53.071  3.104  41.361 0.0000000000
83169  53.242  3.090  42.070 0.0000000000
80917  52.474  1.825  42.446 0.0000000000
82015  53.081  2.435  42.831 0.0000000000
82014  53.537  2.715  42.788 0.0000000000
83160  53.855  3.034  42.585 0.0000000000
84179  54.109  2.796  42.716 0.0000000000
77750  44.066  -2.302  39.713 0.0000000000
77749  45.137  -2.735  39.940 0.0000000000
77736  46.617  -2.718  41.898 0.0000000000
76627  44.310  -3.504  41.861 0.0000000000
76625  45.698  -2.909  42.629 0.0000000000
76639  45.867  -2.829  41.925 0.0000000000
77723  47.534  -2.474  42.429 0.0000000000
78790  48.059  -2.179  42.743 0.0000000000
78740  50.197  -1.489  46.609 0.0000000000
73234  44.949  -6.168  46.257 0.0000000000
73247  46.295  -5.395  46.273 0.0000000000
75429  47.656  -4.034  46.175 0.0000000000
74263  48.583  -5.206  50.302 0.0000000000
74272  48.264  -5.122  49.658 0.0000000000
75415  47.814  -4.435  46.886 0.0000000000
76570  49.164  -3.038  46.254 0.0000000000
75412  50.421  -3.413  47.473 0.0000000000
76569  49.680  -3.162  46.711 0.0000000000
77668  49.693  -2.213  46.565 0.0000000000
78739  50.838  -1.370  46.666 0.0000000000
69608  37.372  -9.668  50.218 0.0000000000
70781  39.219  -8.758  51.651 0.0000000000
70758  39.779  -8.551  52.393 0.0000000000
70738  40.453  -8.455  53.151 0.0000000000
70709  40.990  -8.032  54.606 0.0000000000
71929  41.855  -7.862  55.065 0.0000000000
59935  31.809  -18.195  57.162 0.0000000000
61086  32.014  -18.014  56.591 0.0000000000
63273  34.327  -14.771  54.893 0.0000000000
63272  34.813  -14.662  55.329 0.0000000000
64310  35.315  -14.314  55.594 0.0000000000
64309  35.927  -13.787  55.940 0.0000000000
65378  36.437  -13.076  55.807 0.0000000000
58667  35.140  -19.373  63.743 0.0000000000
59813  35.519  -18.691  63.559 0.0000000000
59826  35.650  -18.128  62.883 0.0000000000
60996  36.691  -17.974  63.921 0.0000000000
61020  36.306  -17.524  61.967 0.0000000000
62134  36.856  -16.849  60.945 0.0000000000
62111  38.136  -16.076  63.791 0.0000000000
63172  38.492  -15.428  63.365 0.0000000000
62121  37.947  -15.897  62.901 0.0000000000
62122  37.428  -16.539  62.381 0.0000000000
62147  36.335  -16.377  60.052 0.0000000000
62158  36.707  -15.625  59.784 0.0000000000
63226  36.614  -15.105  58.757 0.0000000000
63240  36.979  -14.656  58.451 0.0000000000
63224  37.711  -14.615  59.192 0.0000000000
63239  37.448  -14.697  58.789 0.0000000000
63250  36.641  -14.423  57.845 0.0000000000
64308  36.621  -13.171  56.268 0.0000000000
65377  36.733  -12.493  55.909 0.0000000000
66444  37.348  -11.909  56.262 0.0000000000
66443  37.919  -11.687  56.752 0.0000000000
66410  38.617  -12.000  58.054 0.0000000000
67438  38.632  -11.597  57.601 0.0000000000
67453  38.554  -11.119  57.103 0.0000000000
68468  39.057  -10.333  57.025 0.0000000000
69484  39.658  -9.629  57.586 0.0000000000
66358  40.333  -11.919  61.325 0.0000000000
67412  40.583  -11.248  60.347 0.0000000000
67411  40.982  -10.679  60.905 0.0000000000
68426  40.639  -10.730  59.601 0.0000000000
68441  40.011  -10.020  59.034 0.0000000000
69483  39.955  -9.212  57.435 0.0000000000
70657  40.324  -8.515  57.651 0.0000000000
70656  40.919  -7.940  58.027 0.0000000000
70655  41.733  -7.996  58.471 0.0000000000
71869  41.655  -7.739  57.951 0.0000000000
87448  50.952  8.435  30.746 0.0000000000
87433  52.705  6.746  31.674 0.0000000000
86318  51.703  5.686  34.211 0.0000000000
86317  52.490  6.426  34.464 0.0000000000
87403  54.385  7.951  34.222 0.0000000000
89675  54.928  8.920  35.017 0.0000000000
90732  55.149  9.156  35.058 0.0000000000
89655  54.512  8.419  36.184 0.0000000000
89654  54.923  8.741  36.102 0.0000000000
40155  2.011  -35.142  73.360 0.0000000000
43148  5.425  -32.324  76.203 0.0000000000
43166  5.437  -32.418  75.896 0.0000000000
43167  5.302  -32.521  76.071 0.0000000000
44368  5.006  -32.337  76.592 0.0000000000
44380  5.081  -32.643  75.862 0.0000000000
44389  6.362  -32.291  74.268 0.0000000000
44411  6.067  -32.370  73.144 0.0000000000
44428  6.208  -32.832  71.517 0.0000000000
44453  21.877  -31.472  69.620 0.0000000000
44467  20.720  -31.771  67.958 0.0000000000
44477  20.510  -31.737  67.786 0.0000000000
45519  6.673  -30.757  76.346 0.0000000000
45521  5.257  -31.545  76.935 0.0000000000
45536  14.467  -30.423  73.880 0.0000000000
45538  7.695  -30.981  74.395 0.0000000000
45560  7.262  -32.010  72.607 0.0000000000
46653  6.191  -30.545  77.278 0.0000000000
46662  7.303  -30.606  76.091 0.0000000000
46672  7.706  -30.490  75.373 0.0000000000
46702  7.889  -30.856  73.298 0.0000000000
46718  8.284  -30.888  72.717 0.0000000000
46752  23.595  -30.568  69.755 0.0000000000
46771  17.813  -30.781  68.778 0.0000000000
47770  7.656  -29.627  76.920 0.0000000000
49845  26.647  -26.531  66.369 0.0000000000
50882  26.690  -26.547  67.030 0.0000000000
55230  28.016  -22.273  61.368 0.0000000000
56291  27.775  -22.181  61.397 0.0000000000
57408  35.543  -19.637  65.882 0.0000000000
57482  32.655  -20.337  61.259 0.0000000000
57492  31.670  -20.553  60.396 0.0000000000
59811  36.645  -18.040  64.419 0.0000000000
59860  33.544  -19.156  60.872 0.0000000000
62177  34.194  -16.644  57.725 0.0000000000
62208  34.285  -14.960  55.252 0.0000000000
63286  34.230  -14.670  54.131 0.0000000000
64263  38.867  -14.293  61.030 0.0000000000
66377  39.638  -12.131  60.185 0.0000000000
67468  37.452  -11.493  55.761 0.0000000000
68488  38.110  -10.328  54.926 0.0000000000
68555  39.214  -9.774  48.910 0.0000000000
68565  39.299  -9.742  48.687 0.0000000000
70678  39.595  -9.047  56.703 0.0000000000
70727  37.092  -9.022  53.749 0.0000000000
70805  41.402  -9.194  50.971 0.0000000000
70839  42.391  -8.482  49.350 0.0000000000
73198  45.355  -6.222  47.907 0.0000000000
74247  48.395  -5.248  51.791 0.0000000000
76638  46.189  -2.764  41.823 0.0000000000
77737  46.368  -2.736  42.276 0.0000000000
79834  49.896  -0.574  44.413 0.0000000000
79898  50.895  1.205  38.403 0.0000000000
80951  51.403  0.764  40.779 0.0000000000
83143  54.148  2.219  43.826 0.0000000000
84178  54.485  2.850  42.840 0.0000000000
84203  54.747  4.751  41.580 0.0000000000
85273  51.732  5.528  36.398 0.0000000000
85310  51.734  5.612  33.296 0.0000000000
85327  51.878  5.689  32.834 0.0000000000
86284  51.306  5.378  36.267 0.0000000000
86334  51.874  5.729  33.696 0.0000000000
86376  51.722  6.771  31.180 0.0000000000
87417  54.968  8.199  33.297 0.0000000000
88510  54.344  8.332  35.498 0.0000000000
88529  55.174  8.617  33.891 0.0000000000
88541  54.886  8.352  33.703 0.0000000000
89674  55.245  9.188  34.844 0.0000000000
89765  54.685  10.142  27.602 0.0000000000
90723  55.084  9.154  35.249 0.0000000000
90724  54.985  8.959  35.224 0.0000000000
90731  55.059  9.205  35.029 0.0000000000
