#!ascii label  , from subject 3373 vox2ras=TkReg
1471
55111  17.239  -54.243  44.500 0.0000000000
57472  32.477  -51.828  52.786 0.0000000000
84847  36.359  -29.690  32.042 0.0000000000
71032  27.988  -41.971  38.390 0.0000000000
63881  33.765  -48.457  44.638 0.0000000000
94509  49.532  -21.490  24.802 0.0000000000
81267  37.065  -32.686  36.209 0.0000000000
75529  33.911  -37.159  33.798 0.0000000000
51478  12.701  -58.029  42.780 0.0000000000
58822  24.077  -51.371  49.616 0.0000000000
61213  27.523  -48.765  47.807 0.0000000000
57589  20.291  -52.486  42.058 0.0000000000
90947  42.998  -24.760  29.179 0.0000000000
50008  20.807  -55.563  49.811 0.0000000000
55034  15.375  -54.151  50.702 0.0000000000
87377  42.200  -27.382  32.832 0.0000000000
47541  12.797  -59.579  48.959 0.0000000000
43785  8.866  -63.691  45.502 0.0000000000
74281  32.271  -38.241  39.044 0.0000000000
67533  30.655  -44.811  42.595 0.0000000000
61357  31.012  -48.881  38.233 0.0000000000
60125  29.743  -49.062  42.608 0.0000000000
78990  37.440  -34.877  37.601 0.0000000000
77867  35.305  -35.628  35.146 0.0000000000
76684  35.804  -36.505  36.310 0.0000000000
81236  39.698  -32.563  38.477 0.0000000000
55164  16.620  -54.716  40.785 0.0000000000
51508  14.061  -57.491  40.505 0.0000000000
55114  14.807  -54.757  43.843 0.0000000000
52727  20.532  -54.536  45.256 0.0000000000
57521  21.453  -52.331  45.591 0.0000000000
54007  19.668  -54.460  42.400 0.0000000000
55218  19.337  -54.599  39.752 0.0000000000
86193  36.620  -28.828  29.922 0.0000000000
83584  40.379  -30.258  34.487 0.0000000000
86165  39.636  -28.648  32.240 0.0000000000
87399  39.847  -27.313  30.670 0.0000000000
53821  15.148  -55.023  53.615 0.0000000000
52635  13.733  -56.814  50.040 0.0000000000
51267  13.080  -57.584  52.346 0.0000000000
40898  10.761  -64.684  51.495 0.0000000000
43725  10.960  -63.670  49.294 0.0000000000
42328  8.595  -64.744  47.849 0.0000000000
39646  6.170  -66.039  46.989 0.0000000000
38294  6.325  -67.113  49.439 0.0000000000
67481  31.409  -44.380  45.869 0.0000000000
65178  32.053  -46.898  43.316 0.0000000000
63954  31.686  -47.138  39.693 0.0000000000
62600  32.735  -48.901  40.884 0.0000000000
62528  24.992  -48.052  45.003 0.0000000000
60083  28.588  -48.594  44.828 0.0000000000
62556  25.999  -47.398  42.441 0.0000000000
61317  27.942  -47.615  40.200 0.0000000000
73178  29.412  -39.431  39.069 0.0000000000
74324  29.589  -38.612  35.596 0.0000000000
72146  28.035  -40.727  34.826 0.0000000000
95613  52.780  -20.665  23.724 0.0000000000
94513  50.522  -21.197  23.687 0.0000000000
82424  37.023  -31.260  34.530 0.0000000000
81283  34.364  -32.979  34.498 0.0000000000
83561  39.405  -30.900  36.436 0.0000000000
59988  28.224  -50.411  52.314 0.0000000000
61172  29.705  -49.523  50.121 0.0000000000
60032  24.973  -49.821  48.623 0.0000000000
61246  22.695  -49.947  45.693 0.0000000000
60138  20.760  -50.467  41.797 0.0000000000
90935  44.834  -24.792  31.219 0.0000000000
92143  45.545  -23.827  29.449 0.0000000000
93353  46.016  -22.865  27.307 0.0000000000
93371  46.914  -22.620  25.060 0.0000000000
52691  18.600  -54.681  47.007 0.0000000000
55066  16.547  -54.076  47.168 0.0000000000
52609  18.652  -54.813  50.375 0.0000000000
53867  22.430  -54.324  48.717 0.0000000000
89712  41.940  -25.672  30.684 0.0000000000
53917  13.740  -55.628  47.085 0.0000000000
50062  12.452  -58.612  45.914 0.0000000000
46427  11.393  -61.531  43.987 0.0000000000
46308  12.582  -61.169  51.245 0.0000000000
45114  11.247  -62.515  46.783 0.0000000000
35499  3.140  -68.926  50.272 0.0000000000
75451  34.771  -37.009  39.296 0.0000000000
72077  29.315  -40.359  41.416 0.0000000000
69903  30.027  -42.250  43.963 0.0000000000
68799  29.209  -43.481  40.512 0.0000000000
66444  30.309  -45.541  38.933 0.0000000000
62646  30.674  -48.122  36.760 0.0000000000
61385  29.165  -48.671  35.276 0.0000000000
60028  31.546  -49.992  48.115 0.0000000000
58870  31.897  -50.201  45.201 0.0000000000
57581  32.947  -50.519  42.572 0.0000000000
58963  30.195  -49.762  40.154 0.0000000000
62633  28.497  -48.108  37.745 0.0000000000
75484  32.783  -37.218  36.109 0.0000000000
74349  30.828  -37.886  32.936 0.0000000000
76668  37.911  -36.054  38.228 0.0000000000
76683  36.554  -36.215  36.643 0.0000000000
76670  36.653  -36.558  37.415 0.0000000000
78988  38.727  -34.349  38.441 0.0000000000
55149  17.336  -54.241  42.338 0.0000000000
53990  15.196  -55.330  42.177 0.0000000000
55113  15.497  -54.514  44.027 0.0000000000
53967  18.525  -54.435  44.401 0.0000000000
52747  19.970  -54.378  43.586 0.0000000000
55148  18.235  -54.165  42.750 0.0000000000
55162  18.358  -54.254  41.686 0.0000000000
84860  36.908  -29.528  31.352 0.0000000000
83611  37.724  -30.132  33.037 0.0000000000
83609  39.187  -29.486  33.046 0.0000000000
84845  38.147  -29.505  32.387 0.0000000000
86179  38.251  -28.617  31.117 0.0000000000
40900  9.609  -65.518  50.728 0.0000000000
42287  9.487  -64.843  49.417 0.0000000000
40930  8.495  -65.333  48.976 0.0000000000
40947  7.539  -65.642  47.738 0.0000000000
39613  7.154  -66.248  48.667 0.0000000000
39631  5.780  -66.682  47.904 0.0000000000
66357  32.146  -45.953  45.557 0.0000000000
63871  32.887  -47.710  44.453 0.0000000000
63894  32.483  -47.462  42.409 0.0000000000
62553  33.775  -48.715  42.768 0.0000000000
58791  32.525  -51.188  51.819 0.0000000000
63887  22.632  -47.681  43.195 0.0000000000
63884  25.506  -47.517  44.007 0.0000000000
63896  24.772  -46.811  42.900 0.0000000000
63931  25.183  -46.780  40.879 0.0000000000
72106  28.259  -40.786  38.615 0.0000000000
73196  28.308  -40.183  36.707 0.0000000000
93363  49.005  -22.320  25.842 0.0000000000
94499  50.390  -21.776  26.658 0.0000000000
94503  50.569  -21.337  25.585 0.0000000000
95615  51.202  -20.905  24.348 0.0000000000
94514  49.683  -21.545  23.916 0.0000000000
82397  37.009  -32.018  35.622 0.0000000000
82413  36.024  -31.818  34.606 0.0000000000
81269  35.897  -33.200  35.425 0.0000000000
76721  34.600  -36.380  34.266 0.0000000000
77880  33.792  -35.247  34.101 0.0000000000
76723  33.814  -36.556  33.432 0.0000000000
81251  38.336  -32.636  37.258 0.0000000000
82381  38.114  -32.087  36.660 0.0000000000
82410  38.204  -31.151  35.459 0.0000000000
51497  13.614  -57.403  41.228 0.0000000000
48848  12.299  -59.580  42.280 0.0000000000
58795  25.663  -50.971  51.269 0.0000000000
61176  26.767  -49.770  50.720 0.0000000000
60023  24.427  -50.690  49.395 0.0000000000
57549  20.860  -52.602  43.853 0.0000000000
60085  22.216  -50.624  45.734 0.0000000000
60101  20.955  -50.990  44.321 0.0000000000
61278  21.685  -49.573  43.976 0.0000000000
58932  20.413  -51.403  42.442 0.0000000000
56379  20.451  -53.248  40.316 0.0000000000
65276  29.588  -46.224  36.065 0.0000000000
89710  44.067  -25.048  30.083 0.0000000000
90944  45.278  -24.298  30.074 0.0000000000
90946  43.826  -24.558  29.307 0.0000000000
92160  45.101  -23.059  26.821 0.0000000000
92165  45.441  -23.096  25.711 0.0000000000
93366  46.450  -22.680  25.698 0.0000000000
51349  19.584  -55.239  48.698 0.0000000000
53870  18.653  -54.403  48.950 0.0000000000
51330  19.001  -55.323  49.887 0.0000000000
51327  21.390  -55.556  48.979 0.0000000000
53912  20.091  -55.456  47.504 0.0000000000
89704  43.392  -25.863  32.346 0.0000000000
88532  42.336  -26.529  31.766 0.0000000000
88541  39.582  -26.472  29.393 0.0000000000
56273  15.575  -53.539  48.917 0.0000000000
53892  15.084  -54.800  46.677 0.0000000000
55054  14.438  -54.450  48.862 0.0000000000
50022  13.141  -58.409  49.083 0.0000000000
50035  12.976  -58.116  47.784 0.0000000000
48791  12.307  -59.535  46.729 0.0000000000
47602  12.082  -60.370  45.013 0.0000000000
47566  12.113  -60.541  46.931 0.0000000000
45028  12.150  -62.017  51.950 0.0000000000
43758  9.882  -63.447  47.315 0.0000000000
43756  10.956  -62.812  47.882 0.0000000000
45126  9.873  -62.965  45.910 0.0000000000
45143  10.463  -62.432  45.015 0.0000000000
73139  30.210  -39.576  42.147 0.0000000000
67519  30.389  -44.521  43.814 0.0000000000
68702  30.409  -42.883  45.081 0.0000000000
67520  29.932  -43.810  43.599 0.0000000000
68762  29.549  -42.717  42.294 0.0000000000
68779  29.777  -44.199  41.186 0.0000000000
68814  29.399  -44.530  39.748 0.0000000000
66420  30.666  -45.628  40.420 0.0000000000
63976  31.923  -47.984  39.114 0.0000000000
63978  31.037  -46.982  38.691 0.0000000000
62631  31.131  -48.241  38.033 0.0000000000
62647  30.128  -48.468  35.950 0.0000000000
60206  29.674  -48.589  37.041 0.0000000000
61198  28.462  -49.058  48.609 0.0000000000
61196  30.274  -49.312  48.915 0.0000000000
60030  29.885  -49.680  47.772 0.0000000000
60113  28.753  -49.046  43.900 0.0000000000
58872  30.525  -49.465  45.108 0.0000000000
58901  30.692  -50.024  43.696 0.0000000000
57530  32.292  -50.559  43.814 0.0000000000
57585  30.891  -50.321  42.741 0.0000000000
57598  31.696  -50.523  41.715 0.0000000000
60136  29.998  -49.625  41.781 0.0000000000
63956  27.037  -47.223  38.797 0.0000000000
62603  28.469  -48.082  39.228 0.0000000000
74271  33.030  -37.784  39.613 0.0000000000
75462  33.762  -37.423  38.040 0.0000000000
74292  32.461  -37.696  37.926 0.0000000000
74336  29.597  -38.723  34.514 0.0000000000
74335  30.143  -38.238  34.129 0.0000000000
95612  53.603  -20.483  23.329 0.0000000000
80155  37.077  -33.844  36.774 0.0000000000
80170  36.317  -33.849  35.917 0.0000000000
79003  36.703  -34.858  36.638 0.0000000000
76698  35.534  -36.388  35.538 0.0000000000
75516  34.327  -37.179  34.565 0.0000000000
80131  39.864  -33.051  39.062 0.0000000000
80140  38.431  -33.611  37.886 0.0000000000
54010  15.079  -55.977  41.098 0.0000000000
52767  14.204  -56.411  41.734 0.0000000000
52752  13.546  -56.469  43.081 0.0000000000
56287  22.424  -53.220  47.054 0.0000000000
58845  22.731  -51.828  47.977 0.0000000000
55109  21.431  -53.628  45.148 0.0000000000
55145  20.831  -53.778  43.259 0.0000000000
55185  20.473  -53.822  42.075 0.0000000000
55186  20.178  -53.905  41.210 0.0000000000
55187  19.570  -54.430  41.125 0.0000000000
55189  17.480  -54.522  40.152 0.0000000000
89721  41.848  -24.914  27.835 0.0000000000
52619  20.798  -55.718  51.496 0.0000000000
83594  41.017  -30.272  33.806 0.0000000000
84841  41.188  -29.068  33.274 0.0000000000
86163  41.273  -28.217  32.618 0.0000000000
87386  41.021  -27.601  31.463 0.0000000000
86178  39.471  -28.245  31.500 0.0000000000
86191  38.593  -28.013  30.686 0.0000000000
55021  15.387  -54.579  52.777 0.0000000000
55042  14.504  -54.999  49.911 0.0000000000
53843  13.917  -55.772  51.713 0.0000000000
51308  13.386  -57.477  50.891 0.0000000000
49982  13.489  -58.390  50.802 0.0000000000
43712  11.809  -63.049  51.229 0.0000000000
42273  11.154  -64.108  50.721 0.0000000000
42304  9.974  -63.929  48.307 0.0000000000
42346  8.422  -64.530  46.676 0.0000000000
42347  7.776  -64.771  46.113 0.0000000000
66358  31.583  -45.249  45.200 0.0000000000
65179  31.386  -46.219  43.173 0.0000000000
66418  31.469  -46.080  40.902 0.0000000000
65187  31.762  -46.684  42.200 0.0000000000
63929  32.481  -47.734  40.519 0.0000000000
61344  32.257  -49.018  39.464 0.0000000000
61243  25.756  -48.446  46.173 0.0000000000
61226  27.681  -48.642  46.625 0.0000000000
61261  26.061  -47.981  45.313 0.0000000000
62526  27.885  -48.217  44.266 0.0000000000
62554  28.196  -47.979  42.830 0.0000000000
61300  29.001  -48.647  41.570 0.0000000000
62571  27.138  -47.484  41.603 0.0000000000
62589  26.251  -46.571  40.301 0.0000000000
74294  30.269  -38.921  38.752 0.0000000000
74304  30.406  -38.285  37.554 0.0000000000
74305  29.625  -38.940  37.878 0.0000000000
73219  28.995  -39.325  34.982 0.0000000000
95607  52.745  -20.410  24.696 0.0000000000
95621  51.911  -20.894  23.173 0.0000000000
83599  36.624  -30.864  33.647 0.0000000000
83613  35.574  -30.162  32.063 0.0000000000
82441  35.522  -31.135  32.860 0.0000000000
80186  34.649  -33.675  34.816 0.0000000000
80188  33.603  -34.045  33.690 0.0000000000
82366  40.864  -31.357  38.593 0.0000000000
83550  40.775  -30.729  37.047 0.0000000000
83559  41.122  -30.074  36.155 0.0000000000
83573  40.190  -30.214  35.516 0.0000000000
83586  37.999  -30.930  34.582 0.0000000000
58777  30.081  -50.900  52.580 0.0000000000
59998  30.838  -50.399  51.534 0.0000000000
61158  29.181  -49.762  51.404 0.0000000000
61187  28.348  -49.331  49.703 0.0000000000
61214  26.539  -48.897  48.227 0.0000000000
60050  23.587  -50.428  47.652 0.0000000000
61215  24.381  -49.659  47.385 0.0000000000
61228  25.330  -48.684  46.938 0.0000000000
62514  24.027  -48.712  45.693 0.0000000000
62544  22.496  -48.469  44.179 0.0000000000
61289  21.497  -48.940  41.909 0.0000000000
92148  47.054  -23.313  29.106 0.0000000000
92151  44.824  -23.760  28.274 0.0000000000
92155  46.213  -23.255  28.006 0.0000000000
92154  47.012  -23.186  28.304 0.0000000000
93359  47.249  -22.575  26.671 0.0000000000
93365  47.634  -22.369  25.657 0.0000000000
94511  48.045  -22.081  25.256 0.0000000000
94515  48.931  -21.942  24.094 0.0000000000
55093  17.859  -53.884  45.509 0.0000000000
55095  16.587  -54.241  45.273 0.0000000000
55065  17.507  -53.973  46.946 0.0000000000
55039  17.440  -53.862  48.824 0.0000000000
55026  17.649  -54.063  50.902 0.0000000000
51265  19.617  -55.163  51.698 0.0000000000
55012  17.058  -54.401  52.728 0.0000000000
53820  16.323  -54.968  53.852 0.0000000000
57460  31.622  -51.936  53.849 0.0000000000
58760  29.556  -51.287  53.262 0.0000000000
59990  26.640  -50.938  52.543 0.0000000000
58810  24.160  -51.819  50.750 0.0000000000
56262  23.652  -53.253  50.440 0.0000000000
56280  22.735  -52.956  48.903 0.0000000000
52687  21.116  -54.555  46.643 0.0000000000
51420  19.222  -54.876  45.933 0.0000000000
90929  44.834  -24.701  32.143 0.0000000000
89706  44.003  -25.209  30.892 0.0000000000
89717  42.504  -25.246  29.760 0.0000000000
88536  40.536  -26.678  30.330 0.0000000000
88539  40.957  -26.205  30.038 0.0000000000
89722  41.069  -25.207  28.221 0.0000000000
53935  15.376  -54.852  45.732 0.0000000000
52712  13.969  -55.590  45.417 0.0000000000
51441  13.241  -57.460  44.734 0.0000000000
52651  13.428  -56.237  48.587 0.0000000000
51399  13.307  -57.425  46.533 0.0000000000
50098  12.557  -58.692  43.766 0.0000000000
48816  12.407  -59.546  44.391 0.0000000000
46426  12.027  -61.232  43.458 0.0000000000
48728  13.072  -59.421  51.444 0.0000000000
47525  12.705  -60.337  49.511 0.0000000000
45081  12.249  -62.128  48.034 0.0000000000
46368  12.162  -61.135  47.619 0.0000000000
45123  11.558  -61.658  45.823 0.0000000000
36940  4.471  -68.299  49.537 0.0000000000
75459  36.469  -36.597  38.795 0.0000000000
74273  31.483  -38.735  40.674 0.0000000000
73168  30.337  -39.311  40.066 0.0000000000
72096  28.941  -40.098  39.929 0.0000000000
71010  28.440  -41.394  39.877 0.0000000000
69919  29.451  -41.918  42.505 0.0000000000
69948  28.869  -42.357  40.792 0.0000000000
69957  28.689  -42.771  39.845 0.0000000000
68829  28.466  -43.993  38.488 0.0000000000
67652  29.502  -45.615  37.761 0.0000000000
66478  30.219  -46.416  37.244 0.0000000000
65230  31.298  -46.344  39.808 0.0000000000
65257  30.539  -46.514  37.800 0.0000000000
65293  30.344  -47.187  35.763 0.0000000000
62664  30.404  -47.961  35.517 0.0000000000
61408  29.047  -48.761  34.092 0.0000000000
61238  34.286  -48.867  45.471 0.0000000000
60009  31.357  -50.308  50.508 0.0000000000
58830  32.290  -50.368  48.900 0.0000000000
58842  32.856  -50.946  47.571 0.0000000000
60063  30.024  -49.598  46.488 0.0000000000
58858  31.336  -50.125  46.706 0.0000000000
58856  33.012  -50.857  46.707 0.0000000000
58868  33.508  -50.617  45.390 0.0000000000
58879  34.069  -50.002  44.533 0.0000000000
62551  34.219  -49.125  43.433 0.0000000000
60146  33.611  -49.963  41.487 0.0000000000
60160  32.424  -49.654  40.244 0.0000000000
60177  30.541  -49.441  39.190 0.0000000000
61314  29.278  -49.199  40.470 0.0000000000
61346  29.187  -48.462  38.905 0.0000000000
60194  29.584  -48.578  37.940 0.0000000000
61371  28.738  -48.613  36.217 0.0000000000
75471  35.576  -36.771  37.656 0.0000000000
75483  33.673  -37.438  36.289 0.0000000000
75500  33.507  -37.395  35.316 0.0000000000
74313  31.196  -37.615  36.263 0.0000000000
75519  31.141  -37.570  34.414 0.0000000000
75531  32.432  -37.522  33.396 0.0000000000
94522  49.040  -21.874  23.360 0.0000000000
76669  37.465  -36.246  37.697 0.0000000000
76659  37.637  -36.415  38.495 0.0000000000
77834  38.245  -35.566  38.430 0.0000000000
55128  17.232  -54.239  43.452 0.0000000000
55129  16.207  -54.651  43.072 0.0000000000
55112  16.410  -54.391  44.237 0.0000000000
55127  17.982  -54.359  43.840 0.0000000000
84846  37.221  -29.685  32.239 0.0000000000
84861  35.961  -29.705  31.197 0.0000000000
83610  38.653  -29.789  33.079 0.0000000000
84859  37.720  -29.146  31.556 0.0000000000
40901  8.940  -65.613  50.483 0.0000000000
40914  8.501  -65.450  49.933 0.0000000000
40915  8.070  -65.842  49.421 0.0000000000
40931  7.704  -65.782  48.717 0.0000000000
39600  8.181  -66.161  49.839 0.0000000000
39601  7.420  -66.484  49.603 0.0000000000
63870  33.303  -47.904  45.106 0.0000000000
65169  32.787  -47.303  45.173 0.0000000000
63882  33.506  -48.327  43.770 0.0000000000
57481  32.925  -51.773  52.113 0.0000000000
63898  22.355  -47.595  42.078 0.0000000000
63897  23.399  -47.044  42.581 0.0000000000
63911  23.083  -46.934  41.317 0.0000000000
72117  28.093  -40.982  37.577 0.0000000000
94504  49.426  -21.868  25.751 0.0000000000
94500  49.745  -22.107  26.333 0.0000000000
94508  50.405  -21.148  24.583 0.0000000000
81268  36.413  -32.665  35.501 0.0000000000
76722  34.283  -36.628  34.019 0.0000000000
76735  33.413  -36.455  32.624 0.0000000000
75530  33.353  -37.332  33.107 0.0000000000
81252  37.639  -32.687  36.814 0.0000000000
82396  37.598  -31.815  36.132 0.0000000000
51477  13.013  -57.643  42.502 0.0000000000
50134  12.921  -58.482  41.681 0.0000000000
50117  12.802  -58.219  42.253 0.0000000000
50135  12.556  -59.007  42.014 0.0000000000
50118  12.609  -58.574  42.638 0.0000000000
58809  24.725  -51.057  50.633 0.0000000000
58808  25.430  -50.522  50.307 0.0000000000
57570  20.348  -52.733  43.038 0.0000000000
58903  20.847  -51.922  44.083 0.0000000000
57571  20.281  -51.992  43.081 0.0000000000
58916  20.531  -51.066  43.167 0.0000000000
57604  20.498  -52.506  40.988 0.0000000000
56378  20.565  -53.296  41.504 0.0000000000
65294  29.865  -46.729  35.319 0.0000000000
89716  43.449  -24.996  29.735 0.0000000000
89715  44.009  -24.766  29.688 0.0000000000
51328  19.815  -55.443  49.177 0.0000000000
51329  19.613  -55.359  49.526 0.0000000000
49998  19.808  -55.458  50.045 0.0000000000
50019  21.383  -55.528  49.805 0.0000000000
51348  20.027  -55.608  49.256 0.0000000000
88529  42.543  -26.823  32.432 0.0000000000
88531  42.868  -26.308  32.145 0.0000000000
87384  42.033  -27.132  32.155 0.0000000000
55041  15.393  -53.717  49.513 0.0000000000
48768  12.829  -58.915  48.893 0.0000000000
50024  12.606  -58.766  48.074 0.0000000000
48780  12.412  -59.484  47.817 0.0000000000
47587  12.061  -60.405  46.094 0.0000000000
47553  12.239  -60.250  47.518 0.0000000000
45016  12.287  -62.084  52.698 0.0000000000
42361  9.104  -63.769  46.061 0.0000000000
43771  10.219  -63.169  46.718 0.0000000000
43784  9.427  -63.476  45.888 0.0000000000
45144  9.762  -62.831  45.366 0.0000000000
67534  30.274  -43.988  42.873 0.0000000000
68761  29.843  -43.606  42.154 0.0000000000
67548  30.375  -44.407  41.944 0.0000000000
67581  30.039  -45.159  40.562 0.0000000000
67564  30.356  -44.999  41.279 0.0000000000
62617  31.485  -48.604  38.598 0.0000000000
63994  31.589  -47.933  38.538 0.0000000000
61368  30.561  -48.538  37.613 0.0000000000
61369  30.124  -48.566  36.853 0.0000000000
60205  30.136  -48.776  37.625 0.0000000000
61197  29.576  -49.271  48.374 0.0000000000
61212  28.565  -48.922  47.444 0.0000000000
60112  29.350  -49.197  43.615 0.0000000000
58902  30.057  -49.475  43.725 0.0000000000
58915  30.025  -49.225  43.063 0.0000000000
58913  30.873  -50.272  43.301 0.0000000000
58914  30.485  -49.942  43.015 0.0000000000
58931  30.633  -50.206  42.086 0.0000000000
60124  30.131  -49.597  42.481 0.0000000000
74280  33.051  -37.619  38.635 0.0000000000
80142  37.278  -34.443  37.278 0.0000000000
79002  37.041  -34.886  37.132 0.0000000000
76697  36.232  -36.119  35.999 0.0000000000
75515  35.055  -37.123  35.154 0.0000000000
75498  35.210  -37.082  35.949 0.0000000000
81227  40.855  -33.073  39.510 0.0000000000
78989  38.035  -34.690  38.136 0.0000000000
80141  37.648  -34.113  37.551 0.0000000000
55131  14.819  -54.954  43.520 0.0000000000
53991  14.569  -55.866  42.009 0.0000000000
53971  14.488  -55.440  43.248 0.0000000000
52751  14.109  -56.186  42.424 0.0000000000
53972  13.745  -55.983  43.680 0.0000000000
53930  21.502  -53.973  46.025 0.0000000000
55092  21.424  -53.576  45.859 0.0000000000
52745  21.032  -54.143  44.838 0.0000000000
52786  19.678  -54.523  42.971 0.0000000000
53986  20.373  -54.280  43.287 0.0000000000
54006  20.273  -54.354  42.680 0.0000000000
54026  20.456  -54.146  42.414 0.0000000000
54027  20.273  -54.241  42.062 0.0000000000
54028  20.043  -54.369  41.687 0.0000000000
55161  18.984  -54.393  42.186 0.0000000000
55163  17.448  -54.286  41.216 0.0000000000
82423  40.743  -30.635  34.053 0.0000000000
84843  39.654  -29.069  32.855 0.0000000000
84834  40.160  -29.475  33.396 0.0000000000
84842  40.585  -29.027  32.969 0.0000000000
86164  40.194  -28.502  32.357 0.0000000000
86177  40.586  -27.998  31.855 0.0000000000
86180  37.674  -28.842  30.923 0.0000000000
86192  37.343  -28.348  30.243 0.0000000000
53832  14.935  -55.007  52.942 0.0000000000
55029  14.490  -54.652  52.185 0.0000000000
53833  14.202  -55.176  52.785 0.0000000000
52611  13.466  -56.717  51.890 0.0000000000
51285  13.309  -57.828  51.323 0.0000000000
51284  13.538  -57.894  50.853 0.0000000000
49983  13.427  -58.690  51.220 0.0000000000
42259  11.305  -64.308  51.889 0.0000000000
42258  11.859  -63.650  51.729 0.0000000000
42306  8.589  -64.999  48.455 0.0000000000
42305  9.194  -64.649  48.709 0.0000000000
42327  9.310  -63.989  47.512 0.0000000000
40963  8.140  -65.188  47.383 0.0000000000
40948  6.868  -65.598  47.153 0.0000000000
40965  6.759  -65.683  46.247 0.0000000000
39615  5.990  -66.938  48.560 0.0000000000
38303  5.551  -67.245  48.620 0.0000000000
65170  32.351  -46.833  44.546 0.0000000000
66370  31.814  -45.978  44.691 0.0000000000
66371  31.210  -45.505  44.126 0.0000000000
62568  33.259  -48.634  41.931 0.0000000000
63907  32.874  -47.931  41.587 0.0000000000
62585  32.858  -48.504  41.061 0.0000000000
62601  32.776  -48.520  40.235 0.0000000000
61343  32.759  -48.939  39.939 0.0000000000
61262  25.196  -48.356  45.626 0.0000000000
61242  26.874  -48.429  45.873 0.0000000000
62541  26.133  -47.630  43.717 0.0000000000
61276  26.843  -47.817  44.199 0.0000000000
62540  27.535  -47.928  43.753 0.0000000000
62539  28.340  -48.211  43.480 0.0000000000
62555  27.174  -47.741  42.677 0.0000000000
73177  30.018  -39.306  39.468 0.0000000000
74295  29.604  -39.202  38.492 0.0000000000
73206  28.897  -39.266  36.138 0.0000000000
73207  28.336  -39.986  35.476 0.0000000000
95622  51.283  -20.922  23.591 0.0000000000
94520  50.882  -21.232  22.777 0.0000000000
82440  36.212  -31.093  33.497 0.0000000000
82425  36.494  -31.303  34.156 0.0000000000
81282  35.313  -32.549  34.776 0.0000000000
81291  34.932  -31.982  34.017 0.0000000000
81292  34.153  -32.518  33.622 0.0000000000
81293  33.552  -33.001  33.384 0.0000000000
79014  35.806  -34.763  35.508 0.0000000000
80171  35.465  -33.781  35.353 0.0000000000
79027  34.970  -34.717  35.034 0.0000000000
77899  33.515  -35.481  33.297 0.0000000000
77881  33.540  -34.939  33.755 0.0000000000
79051  33.135  -34.555  32.715 0.0000000000
81235  40.562  -32.536  39.044 0.0000000000
82367  40.243  -31.918  38.302 0.0000000000
82379  39.256  -31.201  37.039 0.0000000000
82378  40.026  -31.144  37.202 0.0000000000
83560  40.070  -30.763  36.426 0.0000000000
83574  39.387  -30.630  35.919 0.0000000000
82411  37.390  -31.394  35.141 0.0000000000
83587  37.416  -31.111  34.513 0.0000000000
83598  37.257  -30.763  33.917 0.0000000000
58794  29.638  -50.731  52.219 0.0000000000
58793  29.812  -50.743  52.027 0.0000000000
60001  28.454  -50.049  51.819 0.0000000000
61189  26.608  -49.534  50.204 0.0000000000
61188  27.410  -49.360  49.890 0.0000000000
61200  26.574  -49.352  49.182 0.0000000000
61199  27.479  -49.146  48.870 0.0000000000
60031  25.759  -49.399  48.506 0.0000000000
57510  21.757  -52.041  46.323 0.0000000000
58846  22.897  -51.455  47.400 0.0000000000
58859  22.294  -51.488  46.604 0.0000000000
60084  22.814  -50.128  46.014 0.0000000000
60067  23.021  -50.617  46.521 0.0000000000
61229  24.506  -49.203  46.978 0.0000000000
61245  23.407  -49.370  45.975 0.0000000000
61244  24.681  -48.773  46.121 0.0000000000
61263  23.117  -49.175  45.124 0.0000000000
61280  20.714  -49.666  43.207 0.0000000000
62545  21.637  -48.980  43.494 0.0000000000
62559  21.370  -49.088  43.051 0.0000000000
62558  21.706  -48.427  42.831 0.0000000000
61290  21.020  -49.458  42.554 0.0000000000
90928  45.763  -24.231  32.467 0.0000000000
92135  45.796  -23.826  30.225 0.0000000000
92142  46.388  -23.537  29.673 0.0000000000
90962  43.465  -24.156  27.587 0.0000000000
90961  44.168  -24.086  28.128 0.0000000000
93354  45.550  -22.917  27.132 0.0000000000
92156  45.400  -23.290  27.647 0.0000000000
93352  46.816  -22.885  27.471 0.0000000000
93351  47.948  -22.899  27.812 0.0000000000
94506  48.220  -22.216  25.597 0.0000000000
53914  18.234  -54.137  46.451 0.0000000000
55080  17.705  -53.837  46.084 0.0000000000
53891  18.149  -54.455  47.551 0.0000000000
53853  18.577  -54.490  49.417 0.0000000000
53871  18.195  -54.378  48.567 0.0000000000
53854  18.230  -54.125  49.450 0.0000000000
55032  17.552  -53.745  49.843 0.0000000000
53842  18.458  -54.474  50.801 0.0000000000
52606  20.372  -55.555  51.743 0.0000000000
52582  18.691  -55.602  53.056 0.0000000000
53831  17.738  -54.634  52.611 0.0000000000
53819  17.323  -54.860  53.388 0.0000000000
55013  16.386  -54.460  53.153 0.0000000000
57461  30.423  -51.718  53.637 0.0000000000
53852  22.694  -54.356  49.634 0.0000000000
55038  23.153  -53.826  50.046 0.0000000000
56271  23.211  -53.067  49.679 0.0000000000
55050  22.758  -53.689  49.268 0.0000000000
53885  22.354  -53.952  48.196 0.0000000000
53909  21.377  -54.635  47.380 0.0000000000
51397  18.979  -55.153  46.762 0.0000000000
51396  19.448  -55.099  46.040 0.0000000000
51421  18.966  -54.826  46.174 0.0000000000
53934  18.459  -54.277  45.710 0.0000000000
82452  34.975  -30.928  31.926 0.0000000000
89707  42.960  -25.719  31.463 0.0000000000
89711  43.155  -25.331  30.441 0.0000000000
87398  40.796  -27.215  30.867 0.0000000000
88552  40.106  -26.100  29.054 0.0000000000
88540  40.431  -26.246  29.638 0.0000000000
89719  40.519  -25.895  29.187 0.0000000000
89718  41.282  -25.600  29.415 0.0000000000
89723  40.357  -25.788  28.541 0.0000000000
55096  15.635  -54.589  45.080 0.0000000000
55082  15.922  -54.574  46.222 0.0000000000
53893  14.527  -55.001  47.379 0.0000000000
53916  14.376  -55.364  46.398 0.0000000000
52692  14.027  -55.751  45.799 0.0000000000
52713  13.683  -56.296  45.201 0.0000000000
52693  13.602  -56.434  46.430 0.0000000000
53855  13.970  -55.958  49.764 0.0000000000
53856  13.697  -55.725  49.240 0.0000000000
52636  13.676  -56.590  49.326 0.0000000000
50048  13.080  -58.049  46.967 0.0000000000
51376  13.388  -57.367  47.262 0.0000000000
50061  12.857  -57.904  46.244 0.0000000000
50078  12.874  -57.934  45.495 0.0000000000
50079  12.680  -58.541  44.842 0.0000000000
48835  12.367  -59.569  43.299 0.0000000000
46410  11.924  -61.100  44.515 0.0000000000
47616  12.248  -60.435  43.914 0.0000000000
47486  12.916  -60.412  52.053 0.0000000000
47497  12.795  -60.342  51.352 0.0000000000
48742  12.848  -59.707  51.037 0.0000000000
47512  12.782  -60.189  50.599 0.0000000000
43713  11.524  -63.248  50.722 0.0000000000
43723  11.733  -62.663  50.409 0.0000000000
45101  11.569  -62.352  47.663 0.0000000000
45082  11.549  -62.517  48.467 0.0000000000
46346  12.308  -61.402  48.598 0.0000000000
45100  11.814  -61.845  47.177 0.0000000000
45113  11.605  -61.740  46.309 0.0000000000
45124  11.264  -62.085  45.642 0.0000000000
36939  5.129  -67.973  49.768 0.0000000000
36929  5.467  -68.056  50.235 0.0000000000
36941  3.837  -68.551  50.082 0.0000000000
75429  34.046  -37.611  41.014 0.0000000000
74262  31.488  -38.799  41.233 0.0000000000
73167  30.904  -39.056  40.457 0.0000000000
73157  31.029  -39.008  41.095 0.0000000000
73159  29.638  -39.684  40.711 0.0000000000
72085  28.932  -40.455  40.475 0.0000000000
70999  28.927  -41.297  41.210 0.0000000000
69904  29.762  -42.001  43.171 0.0000000000
68780  29.412  -43.101  41.439 0.0000000000
69934  29.210  -42.116  41.724 0.0000000000
69965  28.421  -43.112  39.124 0.0000000000
68815  28.982  -43.983  39.565 0.0000000000
67609  29.756  -45.000  39.021 0.0000000000
67626  29.644  -45.337  38.419 0.0000000000
66479  29.791  -46.046  37.080 0.0000000000
66459  30.070  -45.965  38.004 0.0000000000
65214  31.547  -46.302  40.487 0.0000000000
65215  31.345  -46.072  40.260 0.0000000000
63995  31.048  -47.505  37.622 0.0000000000
64013  30.750  -47.532  36.110 0.0000000000
61384  29.382  -48.464  35.116 0.0000000000
61386  28.374  -48.881  34.915 0.0000000000
60010  30.293  -49.860  50.674 0.0000000000
60029  30.631  -49.557  48.277 0.0000000000
60019  31.653  -49.807  49.262 0.0000000000
58829  32.857  -50.912  48.649 0.0000000000
58843  31.954  -50.528  47.647 0.0000000000
61241  28.106  -48.606  45.317 0.0000000000
61225  28.663  -48.775  46.262 0.0000000000
61224  29.391  -48.885  45.903 0.0000000000
58871  31.143  -49.762  45.446 0.0000000000
60080  30.543  -49.516  45.454 0.0000000000
58857  32.186  -50.366  46.447 0.0000000000
60061  32.719  -50.484  46.281 0.0000000000
58855  33.631  -50.968  46.383 0.0000000000
60078  32.763  -50.505  45.302 0.0000000000
57546  32.512  -50.600  43.372 0.0000000000
57544  33.419  -50.372  43.796 0.0000000000
57562  33.704  -50.214  43.495 0.0000000000
61273  34.031  -49.311  43.695 0.0000000000
58912  33.975  -50.301  43.045 0.0000000000
61286  34.080  -49.518  42.434 0.0000000000
58927  33.297  -50.340  42.163 0.0000000000
58962  30.862  -50.369  40.344 0.0000000000
58960  32.609  -50.184  40.809 0.0000000000
58976  31.277  -50.184  39.832 0.0000000000
60161  31.826  -49.748  39.826 0.0000000000
58977  30.686  -49.989  39.685 0.0000000000
62586  28.538  -48.074  40.887 0.0000000000
61315  28.855  -48.653  40.600 0.0000000000
61316  28.396  -48.023  40.269 0.0000000000
62619  28.465  -47.991  38.502 0.0000000000
62602  28.781  -48.412  39.324 0.0000000000
61358  28.889  -48.304  38.135 0.0000000000
60195  29.299  -48.525  36.986 0.0000000000
62649  28.376  -48.269  36.927 0.0000000000
75460  35.586  -36.739  38.608 0.0000000000
75461  34.671  -37.039  38.327 0.0000000000
75474  32.931  -37.324  37.052 0.0000000000
75473  33.811  -37.530  37.161 0.0000000000
75501  32.508  -37.459  35.191 0.0000000000
74314  30.447  -37.881  36.166 0.0000000000
75533  30.659  -37.794  33.802 0.0000000000
75532  31.449  -37.560  33.588 0.0000000000
75518  32.037  -37.438  34.315 0.0000000000
74348  31.768  -37.837  32.786 0.0000000000
95611  54.503  -20.351  23.050 0.0000000000
95618  54.911  -20.648  22.157 0.0000000000
93373  48.440  -22.250  23.443 0.0000000000
77841  37.715  -35.522  37.902 0.0000000000
77842  37.320  -35.598  37.325 0.0000000000
76682  37.142  -36.166  37.052 0.0000000000
76671  35.980  -36.544  36.963 0.0000000000
78980  38.581  -35.001  38.621 0.0000000000
55150  16.585  -54.662  41.891 0.0000000000
54009  15.843  -55.095  41.448 0.0000000000
53989  15.921  -55.000  42.414 0.0000000000
53970  15.547  -55.091  42.890 0.0000000000
52729  19.553  -54.621  44.815 0.0000000000
53965  20.206  -54.287  44.065 0.0000000000
52766  19.159  -54.526  43.819 0.0000000000
53988  18.900  -54.540  43.163 0.0000000000
55147  18.808  -54.402  42.654 0.0000000000
84871  37.309  -29.131  30.851 0.0000000000
83597  38.372  -30.296  33.875 0.0000000000
83596  39.481  -29.822  33.682 0.0000000000
84844  38.926  -29.289  32.567 0.0000000000
84858  38.637  -28.960  31.873 0.0000000000
53811  14.609  -55.534  54.434 0.0000000000
53822  14.088  -55.278  53.664 0.0000000000
53812  13.740  -55.722  54.222 0.0000000000
40929  8.969  -64.988  49.451 0.0000000000
40946  8.232  -65.359  48.162 0.0000000000
39629  7.324  -66.004  48.244 0.0000000000
39630  6.781  -66.161  47.928 0.0000000000
39614  6.504  -66.661  48.836 0.0000000000
65163  32.596  -46.688  45.529 0.0000000000
63883  32.680  -47.681  43.523 0.0000000000
63893  33.134  -48.186  42.629 0.0000000000
63886  23.650  -47.526  43.923 0.0000000000
63873  25.251  -47.603  44.385 0.0000000000
63885  25.037  -47.362  43.825 0.0000000000
62557  25.478  -47.022  42.768 0.0000000000
63910  24.284  -46.710  41.713 0.0000000000
63932  24.017  -46.671  40.450 0.0000000000
73179  28.701  -39.924  38.872 0.0000000000
73185  29.016  -39.345  38.304 0.0000000000
73186  28.574  -40.081  37.898 0.0000000000
93357  49.250  -22.313  26.439 0.0000000000
93349  49.926  -22.283  27.206 0.0000000000
93356  49.839  -22.184  26.624 0.0000000000
95608  51.890  -20.550  24.980 0.0000000000
95609  51.162  -20.944  25.155 0.0000000000
82412  36.599  -31.723  34.981 0.0000000000
81281  36.054  -32.105  35.029 0.0000000000
77879  34.600  -35.687  34.399 0.0000000000
77898  34.098  -35.994  33.866 0.0000000000
81242  38.916  -32.688  37.791 0.0000000000
82374  39.580  -31.768  37.764 0.0000000000
82380  38.534  -31.740  36.985 0.0000000000
82394  38.880  -31.036  36.436 0.0000000000
82409  38.757  -30.894  35.788 0.0000000000
82395  38.298  -31.394  36.275 0.0000000000
51496  13.928  -57.128  40.848 0.0000000000
48865  12.637  -59.480  41.564 0.0000000000
60002  27.314  -49.884  51.702 0.0000000000
60013  26.428  -50.265  50.760 0.0000000000
58820  25.192  -50.330  49.793 0.0000000000
60022  24.828  -50.247  49.351 0.0000000000
57532  21.137  -52.433  44.742 0.0000000000
58860  21.799  -51.464  46.025 0.0000000000
58873  21.475  -51.536  45.269 0.0000000000
60100  21.547  -50.770  44.903 0.0000000000
61264  22.299  -49.597  45.063 0.0000000000
60114  21.490  -50.273  44.369 0.0000000000
60115  20.795  -50.341  43.708 0.0000000000
60126  20.343  -50.241  42.879 0.0000000000
58950  20.186  -51.560  41.469 0.0000000000
66480  28.981  -45.575  36.276 0.0000000000
90940  44.747  -24.731  30.420 0.0000000000
90939  45.371  -24.252  30.720 0.0000000000
90945  44.619  -24.429  29.613 0.0000000000
92144  44.958  -23.882  28.989 0.0000000000
92157  44.500  -23.704  27.371 0.0000000000
92161  44.456  -23.488  26.337 0.0000000000
93361  45.741  -22.821  26.644 0.0000000000
93360  46.381  -22.690  26.679 0.0000000000
93367  46.019  -22.846  26.188 0.0000000000
51374  18.954  -55.131  47.847 0.0000000000
52670  18.607  -54.908  47.781 0.0000000000
51350  19.276  -54.807  48.841 0.0000000000
52634  18.919  -54.666  49.309 0.0000000000
52621  18.722  -55.072  50.059 0.0000000000
52646  22.289  -55.084  48.747 0.0000000000
53888  21.240  -55.076  47.873 0.0000000000
51371  20.730  -55.464  48.346 0.0000000000
51373  19.640  -55.395  47.893 0.0000000000
89708  42.225  -26.050  31.329 0.0000000000
87412  39.403  -26.931  30.045 0.0000000000
55052  16.324  -53.858  48.257 0.0000000000
55067  15.449  -54.289  47.428 0.0000000000
55053  15.274  -53.746  48.461 0.0000000000
55068  14.625  -54.278  47.976 0.0000000000
53872  14.304  -54.950  48.163 0.0000000000
51331  13.460  -57.666  49.418 0.0000000000
51332  13.613  -57.018  48.905 0.0000000000
51351  13.307  -58.024  48.862 0.0000000000
50036  12.638  -58.744  47.352 0.0000000000
50049  12.632  -58.548  46.658 0.0000000000
48803  12.309  -59.522  45.494 0.0000000000
46401  11.738  -61.189  45.652 0.0000000000
47478  12.850  -60.481  52.932 0.0000000000
45029  12.199  -61.592  51.608 0.0000000000
43739  10.628  -63.543  48.586 0.0000000000
43738  11.239  -63.131  48.827 0.0000000000
43757  10.421  -63.403  47.641 0.0000000000
43770  10.941  -63.185  47.055 0.0000000000
45125  10.442  -62.699  46.063 0.0000000000
73150  30.571  -39.247  41.624 0.0000000000
72063  30.957  -39.664  42.593 0.0000000000
72064  30.517  -39.901  42.601 0.0000000000
72065  29.745  -40.247  42.390 0.0000000000
67500  31.019  -44.506  44.857 0.0000000000
68701  30.740  -43.439  45.471 0.0000000000
68723  30.521  -43.982  44.674 0.0000000000
68724  30.084  -43.337  44.399 0.0000000000
68742  29.728  -43.069  43.185 0.0000000000
68743  29.620  -42.434  42.791 0.0000000000
68798  29.516  -44.406  40.235 0.0000000000
67596  29.735  -45.071  39.710 0.0000000000
66432  30.426  -45.582  39.881 0.0000000000
63953  32.230  -47.933  39.616 0.0000000000
63977  31.568  -47.651  38.886 0.0000000000
61370  29.519  -48.621  36.246 0.0000000000
61186  29.221  -49.366  49.508 0.0000000000
60020  30.770  -49.565  49.543 0.0000000000
60046  30.104  -49.817  47.379 0.0000000000
60099  28.801  -48.845  44.433 0.0000000000
60082  29.104  -48.740  44.744 0.0000000000
60098  29.530  -49.262  44.310 0.0000000000
58885  30.451  -49.589  44.455 0.0000000000
58884  31.321  -50.218  44.205 0.0000000000
58883  31.902  -50.386  44.350 0.0000000000
57531  31.854  -50.493  43.766 0.0000000000
57547  32.069  -50.609  43.312 0.0000000000
57565  32.287  -50.663  42.852 0.0000000000
58929  32.524  -50.584  41.919 0.0000000000
57599  31.482  -50.489  41.911 0.0000000000
58946  30.418  -50.018  41.077 0.0000000000
61334  27.696  -47.471  39.864 0.0000000000
61333  28.240  -47.840  39.745 0.0000000000
62604  27.873  -47.600  39.032 0.0000000000
62620  28.086  -47.719  38.041 0.0000000000
62634  27.830  -47.974  37.213 0.0000000000
62635  27.233  -48.064  36.683 0.0000000000
75452  33.814  -37.267  39.000 0.0000000000
74291  33.139  -37.613  38.075 0.0000000000
74302  32.277  -37.493  37.227 0.0000000000
74323  30.056  -37.988  35.001 0.0000000000
95620  52.730  -20.819  22.748 0.0000000000
80169  36.756  -33.274  36.096 0.0000000000
80156  36.603  -34.355  36.391 0.0000000000
79013  36.363  -34.846  36.076 0.0000000000
77866  36.057  -35.587  35.688 0.0000000000
77853  36.513  -35.560  36.302 0.0000000000
76708  34.986  -36.522  34.650 0.0000000000
76709  34.607  -36.719  34.304 0.0000000000
80132  39.332  -33.632  38.687 0.0000000000
80153  38.339  -33.140  37.530 0.0000000000
80154  37.893  -33.311  37.357 0.0000000000
52788  14.769  -56.391  40.851 0.0000000000
54011  14.555  -56.236  41.464 0.0000000000
52789  14.326  -56.688  40.964 0.0000000000
52768  13.649  -56.735  42.043 0.0000000000
51458  13.090  -57.312  43.644 0.0000000000
57501  22.688  -52.248  48.426 0.0000000000
57502  22.625  -52.398  47.580 0.0000000000
56295  21.782  -53.114  46.361 0.0000000000
56307  21.357  -53.078  44.907 0.0000000000
53964  20.826  -54.111  44.432 0.0000000000
55125  21.113  -53.623  44.439 0.0000000000
56320  21.074  -53.153  44.172 0.0000000000
56338  20.763  -53.382  43.561 0.0000000000
56340  20.798  -53.649  42.946 0.0000000000
56357  20.558  -53.416  42.530 0.0000000000
55188  18.452  -54.381  40.549 0.0000000000
90956  41.704  -24.892  28.654 0.0000000000
90955  42.572  -24.589  28.350 0.0000000000
51304  20.526  -55.570  50.922 0.0000000000
51303  21.411  -55.819  51.463 0.0000000000
84822  41.730  -29.436  34.631 0.0000000000
86143  41.794  -29.024  34.153 0.0000000000
83595  40.401  -30.069  33.833 0.0000000000
84833  40.792  -29.570  33.537 0.0000000000
86153  41.614  -28.674  33.657 0.0000000000
87378  41.767  -27.587  32.446 0.0000000000
87385  41.529  -27.507  31.892 0.0000000000
86176  41.108  -27.797  31.959 0.0000000000
87387  40.345  -27.636  31.299 0.0000000000
86190  39.206  -27.701  30.857 0.0000000000
87400  38.960  -27.358  30.385 0.0000000000
87401  38.219  -27.599  30.076 0.0000000000
55028  15.407  -54.424  51.733 0.0000000000
55035  14.483  -54.892  51.124 0.0000000000
53849  13.818  -55.899  50.606 0.0000000000
52610  13.812  -55.981  52.380 0.0000000000
53844  13.543  -56.456  51.498 0.0000000000
52623  13.418  -56.861  50.716 0.0000000000
51307  13.429  -57.646  50.429 0.0000000000
49999  12.987  -58.246  50.172 0.0000000000
47524  12.697  -59.334  49.419 0.0000000000
42257  12.211  -63.367  52.018 0.0000000000
42272  11.602  -63.476  51.158 0.0000000000
42285  11.066  -63.934  49.793 0.0000000000
42286  10.299  -64.427  49.513 0.0000000000
42326  9.926  -63.656  47.714 0.0000000000
42345  9.094  -63.859  46.464 0.0000000000
42362  8.755  -63.925  45.878 0.0000000000
40964  7.545  -65.211  46.682 0.0000000000
66337  31.693  -45.214  46.098 0.0000000000
66379  30.892  -45.467  43.030 0.0000000000
66389  30.867  -45.506  42.205 0.0000000000
67563  30.793  -45.485  41.215 0.0000000000
65188  31.167  -46.072  42.284 0.0000000000
65198  31.615  -46.449  41.199 0.0000000000
63930  31.859  -46.935  40.543 0.0000000000
63908  32.168  -47.258  41.379 0.0000000000
62615  32.307  -48.453  39.516 0.0000000000
61345  31.532  -49.143  38.955 0.0000000000
61227  26.378  -48.545  47.129 0.0000000000
61277  26.439  -47.743  44.560 0.0000000000
61260  27.321  -48.025  44.781 0.0000000000
61259  28.306  -48.568  44.396 0.0000000000
61275  28.596  -48.679  43.693 0.0000000000
61274  29.189  -48.797  43.290 0.0000000000
61287  29.252  -48.700  42.425 0.0000000000
61301  28.655  -48.465  42.316 0.0000000000
62570  28.140  -48.134  41.735 0.0000000000
62587  27.971  -47.657  40.838 0.0000000000
62572  26.182  -47.058  41.311 0.0000000000
62588  27.195  -47.235  40.542 0.0000000000
62606  26.227  -46.627  39.607 0.0000000000
74282  31.134  -38.688  39.661 0.0000000000
74293  31.315  -38.196  38.381 0.0000000000
74315  29.567  -38.607  36.788 0.0000000000
73195  28.924  -39.332  37.306 0.0000000000
95614  51.982  -20.765  24.092 0.0000000000
94519  51.819  -21.300  22.320 0.0000000000
83612  36.566  -30.448  32.900 0.0000000000
82426  35.639  -31.638  33.918 0.0000000000
82427  34.882  -31.686  33.444 0.0000000000
79028  34.207  -34.581  34.487 0.0000000000
79029  33.667  -34.480  33.987 0.0000000000
80187  33.857  -33.590  34.098 0.0000000000
80197  33.398  -33.648  33.282 0.0000000000
82373  40.376  -31.219  37.814 0.0000000000
83545  40.999  -30.664  37.832 0.0000000000
83585  39.103  -30.464  34.910 0.0000000000
57473  31.340  -51.480  52.978 0.0000000000
58775  31.846  -51.091  52.419 0.0000000000
58776  30.963  -50.705  52.436 0.0000000000
59999  30.136  -50.503  51.762 0.0000000000
60011  29.828  -50.004  51.333 0.0000000000
61160  28.018  -49.683  51.317 0.0000000000
61174  28.196  -49.547  50.639 0.0000000000
58831  23.231  -51.377  48.462 0.0000000000
60033  24.127  -50.556  48.645 0.0000000000
60068  22.302  -51.035  46.253 0.0000000000
61216  24.074  -49.909  47.521 0.0000000000
60048  25.224  -49.576  47.875 0.0000000000
60064  25.620  -48.750  47.429 0.0000000000
62513  24.497  -48.442  45.510 0.0000000000
62529  23.672  -48.473  44.911 0.0000000000
62530  22.924  -48.974  44.804 0.0000000000
62543  23.272  -48.179  44.330 0.0000000000
62573  21.619  -48.221  41.675 0.0000000000
55217  20.221  -54.302  39.510 0.0000000000
69974  27.599  -42.978  37.712 0.0000000000
92147  47.743  -23.128  29.328 0.0000000000
90954  43.548  -24.345  28.608 0.0000000000
90953  44.335  -24.175  28.844 0.0000000000
92150  45.548  -23.558  28.551 0.0000000000
92149  46.297  -23.432  28.854 0.0000000000
92153  47.628  -23.168  28.653 0.0000000000
93347  48.227  -22.941  28.888 0.0000000000
93358  48.281  -22.452  26.650 0.0000000000
93364  48.533  -22.353  25.922 0.0000000000
94505  48.622  -22.104  25.546 0.0000000000
94510  48.527  -21.855  24.874 0.0000000000
55110  17.839  -54.151  44.801 0.0000000000
55094  17.329  -53.841  45.368 0.0000000000
55081  16.914  -53.941  46.187 0.0000000000
55051  17.305  -54.344  47.923 0.0000000000
55040  16.529  -53.523  49.239 0.0000000000
55033  16.508  -53.791  50.298 0.0000000000
51281  20.215  -55.433  51.090 0.0000000000
51306  19.193  -55.300  50.603 0.0000000000
52608  18.890  -54.856  50.898 0.0000000000
52594  19.569  -55.439  52.310 0.0000000000
52595  18.860  -54.805  52.094 0.0000000000
53841  18.490  -54.503  51.429 0.0000000000
55018  17.993  -54.283  51.524 0.0000000000
55019  17.374  -54.096  51.993 0.0000000000
55027  16.438  -54.152  51.326 0.0000000000
55020  16.339  -54.355  52.279 0.0000000000
55014  15.810  -54.662  53.407 0.0000000000
53810  15.828  -55.639  54.694 0.0000000000
57459  32.619  -52.265  53.888 0.0000000000
57474  30.715  -51.137  52.965 0.0000000000
58778  29.106  -50.837  52.557 0.0000000000
58779  28.047  -50.947  52.966 0.0000000000
59989  27.258  -50.537  52.518 0.0000000000
60003  26.393  -50.465  52.020 0.0000000000
58797  24.246  -52.153  51.322 0.0000000000
57490  23.790  -52.432  50.067 0.0000000000
57493  23.105  -52.157  49.314 0.0000000000
56281  22.667  -53.053  48.003 0.0000000000
55076  22.023  -53.813  47.066 0.0000000000
52706  21.074  -54.427  45.907 0.0000000000
51394  20.673  -54.965  46.478 0.0000000000
51418  20.109  -55.075  45.908 0.0000000000
51438  20.042  -54.914  45.498 0.0000000000
52750  18.847  -54.518  45.033 0.0000000000
53952  18.171  -54.149  45.184 0.0000000000
89703  44.075  -25.356  31.774 0.0000000000
87397  41.497  -27.186  31.168 0.0000000000
88534  41.874  -26.547  31.179 0.0000000000
88535  41.271  -26.504  30.627 0.0000000000
88537  39.952  -26.679  30.058 0.0000000000
89713  41.318  -25.963  30.211 0.0000000000
90948  42.122  -24.828  29.169 0.0000000000
55097  14.930  -54.676  44.561 0.0000000000
53915  15.153  -55.011  46.096 0.0000000000
53936  14.621  -55.110  45.416 0.0000000000
53954  14.361  -55.107  44.399 0.0000000000
53955  13.813  -55.716  44.278 0.0000000000
52732  13.511  -56.545  44.114 0.0000000000
55055  13.933  -55.071  49.306 0.0000000000
53873  13.785  -55.242  48.668 0.0000000000
53894  13.767  -55.521  47.898 0.0000000000
52671  13.439  -56.424  47.585 0.0000000000
51422  13.303  -57.261  45.770 0.0000000000
51442  12.722  -57.940  44.074 0.0000000000
47628  12.220  -60.497  42.806 0.0000000000
46442  11.996  -61.564  42.313 0.0000000000
49971  13.029  -58.616  51.886 0.0000000000
48727  13.528  -58.986  50.997 0.0000000000
47511  12.666  -59.500  50.028 0.0000000000
47542  12.440  -60.318  48.452 0.0000000000
43711  12.045  -62.652  51.524 0.0000000000
43722  11.817  -62.445  50.939 0.0000000000
45064  12.283  -62.085  50.237 0.0000000000
45066  11.594  -62.792  49.076 0.0000000000
45065  12.013  -62.302  49.243 0.0000000000
46325  12.515  -61.209  50.351 0.0000000000
46326  12.382  -61.392  49.461 0.0000000000
47526  12.375  -60.870  48.996 0.0000000000
46385  11.872  -61.138  46.658 0.0000000000
46411  11.529  -61.613  44.998 0.0000000000
45142  11.052  -62.043  44.538 0.0000000000
45164  11.207  -62.286  43.557 0.0000000000
38286  6.272  -67.501  50.190 0.0000000000
38295  5.527  -67.603  49.630 0.0000000000
38296  4.927  -67.799  49.532 0.0000000000
36949  4.160  -68.364  48.413 0.0000000000
36930  4.564  -68.318  50.515 0.0000000000
76653  37.188  -36.585  38.849 0.0000000000
74272  32.221  -38.404  40.179 0.0000000000
74283  30.445  -39.048  39.506 0.0000000000
73158  30.317  -39.149  40.890 0.0000000000
73169  29.486  -39.727  39.907 0.0000000000
72097  28.530  -40.568  39.617 0.0000000000
71022  28.213  -41.483  39.239 0.0000000000
70969  29.565  -41.012  42.920 0.0000000000
70985  29.274  -41.144  42.047 0.0000000000
69949  28.598  -42.006  40.113 0.0000000000
69958  28.484  -42.008  39.614 0.0000000000
71021  28.312  -42.315  39.191 0.0000000000
69966  28.003  -43.026  38.539 0.0000000000
67610  29.271  -44.627  38.799 0.0000000000
67627  28.830  -45.090  38.096 0.0000000000
67653  29.082  -45.314  37.225 0.0000000000
66419  31.160  -45.822  40.696 0.0000000000
66431  31.023  -45.897  40.093 0.0000000000
66443  30.757  -45.959  39.530 0.0000000000
65243  30.665  -46.290  38.856 0.0000000000
65258  30.375  -46.156  38.244 0.0000000000
65275  30.242  -46.862  36.635 0.0000000000
64032  30.031  -47.441  35.078 0.0000000000
62686  30.061  -47.882  34.466 0.0000000000
62687  29.860  -48.448  34.067 0.0000000000
62665  29.670  -48.189  35.117 0.0000000000
62688  29.800  -48.891  33.535 0.0000000000
63869  33.855  -48.273  45.519 0.0000000000
58792  31.708  -50.485  51.731 0.0000000000
58807  32.234  -50.551  51.024 0.0000000000
58806  32.825  -51.015  50.833 0.0000000000
58819  32.201  -50.571  50.034 0.0000000000
58818  33.025  -50.610  49.814 0.0000000000
58828  33.575  -51.011  48.500 0.0000000000
61211  29.433  -49.362  47.085 0.0000000000
60045  30.848  -50.017  47.236 0.0000000000
60081  29.980  -49.135  45.180 0.0000000000
60062  30.628  -49.694  46.102 0.0000000000
58844  31.422  -50.186  47.275 0.0000000000
58841  33.634  -51.167  47.452 0.0000000000
58840  34.335  -51.042  47.226 0.0000000000
57518  33.181  -51.006  44.922 0.0000000000
57516  34.126  -50.441  45.129 0.0000000000
60075  35.032  -49.974  45.738 0.0000000000
61257  34.324  -49.369  44.955 0.0000000000
62523  34.158  -48.963  44.556 0.0000000000
62537  33.946  -48.853  43.901 0.0000000000
62552  34.325  -49.011  42.954 0.0000000000
62567  33.780  -49.100  42.195 0.0000000000
61312  33.170  -49.596  41.259 0.0000000000
58943  32.834  -50.382  41.436 0.0000000000
60147  33.457  -49.969  40.999 0.0000000000
61328  32.770  -49.167  40.714 0.0000000000
60175  32.558  -49.220  39.908 0.0000000000
61330  31.840  -49.352  39.478 0.0000000000
60192  30.879  -49.271  38.631 0.0000000000
60137  29.586  -49.085  41.699 0.0000000000
60148  29.817  -49.421  40.887 0.0000000000
60162  29.587  -49.385  40.128 0.0000000000
61332  28.546  -48.434  39.819 0.0000000000
61331  29.013  -49.016  39.764 0.0000000000
60178  29.852  -49.140  39.294 0.0000000000
60193  30.273  -49.022  38.436 0.0000000000
60207  29.316  -48.593  36.642 0.0000000000
61372  27.910  -48.659  35.490 0.0000000000
75470  36.296  -36.711  38.107 0.0000000000
75481  35.229  -36.780  36.809 0.0000000000
75472  34.578  -37.137  37.417 0.0000000000
75482  34.515  -37.320  36.528 0.0000000000
75499  34.416  -37.347  35.601 0.0000000000
75517  33.192  -37.384  34.213 0.0000000000
74303  31.493  -37.678  37.080 0.0000000000
75485  31.839  -37.446  36.044 0.0000000000
75503  30.769  -37.652  35.159 0.0000000000
75502  31.562  -37.522  35.141 0.0000000000
94521  49.784  -21.721  22.965 0.0000000000
93376  49.496  -22.001  22.206 0.0000000000
38302  6.094  -67.016  48.873 0.0000000000
38304  4.737  -67.631  48.972 0.0000000000
39587  9.062  -66.061  50.876 0.0000000000
43704  12.131  -63.201  51.726 0.0000000000
43724  11.436  -63.218  49.779 0.0000000000
43772  9.560  -63.495  46.807 0.0000000000
43783  9.967  -63.031  46.194 0.0000000000
45004  12.428  -61.704  53.013 0.0000000000
45045  12.064  -61.836  51.156 0.0000000000
45046  12.309  -61.487  51.423 0.0000000000
45115  10.779  -62.910  46.662 0.0000000000
46287  12.433  -61.263  52.535 0.0000000000
46296  12.356  -61.127  51.782 0.0000000000
46297  12.313  -61.352  51.644 0.0000000000
46309  12.436  -61.318  51.451 0.0000000000
46402  11.551  -61.636  45.558 0.0000000000
47540  12.797  -59.153  49.072 0.0000000000
48741  12.820  -59.063  50.687 0.0000000000
48754  12.610  -58.801  49.862 0.0000000000
48767  12.753  -58.793  49.259 0.0000000000
48769  12.627  -59.242  48.521 0.0000000000
49996  20.840  -55.592  50.472 0.0000000000
49997  20.121  -55.443  50.221 0.0000000000
50007  21.176  -55.574  49.712 0.0000000000
50009  20.054  -55.496  49.622 0.0000000000
50010  19.879  -55.463  49.827 0.0000000000
50011  12.923  -58.362  49.564 0.0000000000
50020  20.945  -55.596  49.518 0.0000000000
50021  20.543  -55.583  49.371 0.0000000000
50023  12.963  -58.413  48.551 0.0000000000
51266  19.388  -55.005  51.872 0.0000000000
51282  19.802  -55.236  51.199 0.0000000000
51283  19.338  -54.957  51.342 0.0000000000
51305  19.762  -55.411  50.427 0.0000000000
51326  21.574  -55.527  49.505 0.0000000000
51346  21.171  -55.583  49.459 0.0000000000
51347  20.980  -55.611  48.977 0.0000000000
51352  13.294  -57.410  48.382 0.0000000000
51372  20.328  -55.537  48.392 0.0000000000
51375  18.760  -54.973  47.321 0.0000000000
51393  20.874  -54.798  46.590 0.0000000000
51395  20.354  -55.097  45.967 0.0000000000
51398  18.891  -54.943  46.730 0.0000000000
51416  20.862  -54.737  46.314 0.0000000000
51417  20.628  -54.887  46.072 0.0000000000
51419  19.620  -55.067  45.964 0.0000000000
51437  20.370  -54.838  45.699 0.0000000000
51439  19.626  -54.817  45.408 0.0000000000
51440  19.379  -54.720  45.361 0.0000000000
51459  12.669  -57.976  43.246 0.0000000000
52597  13.736  -55.720  52.708 0.0000000000
52607  19.915  -55.353  51.843 0.0000000000
52620  20.499  -55.577  51.295 0.0000000000
52622  18.594  -54.840  50.117 0.0000000000
52624  13.239  -56.937  51.224 0.0000000000
52632  22.018  -55.436  49.093 0.0000000000
52633  21.621  -55.492  48.931 0.0000000000
52645  22.511  -54.832  49.273 0.0000000000
52647  21.722  -55.256  48.450 0.0000000000
52648  21.364  -55.447  48.686 0.0000000000
52649  18.736  -54.652  48.508 0.0000000000
52650  18.374  -54.757  48.099 0.0000000000
52665  21.452  -55.006  48.045 0.0000000000
52666  21.049  -55.226  48.002 0.0000000000
52667  20.508  -55.434  48.013 0.0000000000
52668  20.101  -55.560  48.016 0.0000000000
52669  18.876  -54.922  48.218 0.0000000000
52686  21.358  -54.265  46.415 0.0000000000
52688  20.937  -54.921  47.066 0.0000000000
52689  20.480  -55.327  46.997 0.0000000000
52690  19.969  -55.337  46.960 0.0000000000
52705  21.422  -54.174  46.178 0.0000000000
52707  20.632  -54.682  45.732 0.0000000000
52708  20.331  -55.135  46.966 0.0000000000
52709  20.189  -55.301  46.838 0.0000000000
52710  19.018  -54.724  45.871 0.0000000000
52711  18.733  -54.597  46.213 0.0000000000
52726  21.046  -54.224  45.199 0.0000000000
52728  19.974  -54.688  44.910 0.0000000000
52730  19.127  -54.630  45.292 0.0000000000
52731  18.802  -54.517  45.529 0.0000000000
52746  20.825  -54.262  44.906 0.0000000000
52748  19.604  -54.436  44.100 0.0000000000
52749  19.054  -54.558  44.589 0.0000000000
52764  20.005  -54.455  43.103 0.0000000000
52765  19.622  -54.467  43.460 0.0000000000
52785  19.937  -54.485  42.769 0.0000000000
52787  19.348  -54.538  43.255 0.0000000000
52790  13.897  -56.748  41.463 0.0000000000
52804  14.818  -56.446  40.387 0.0000000000
53834  13.723  -55.588  53.092 0.0000000000
53840  20.149  -55.481  52.024 0.0000000000
53847  18.546  -54.649  49.871 0.0000000000
53848  18.332  -54.365  50.187 0.0000000000
53850  13.504  -56.361  51.152 0.0000000000
53868  22.126  -54.732  48.318 0.0000000000
53869  21.999  -55.037  48.352 0.0000000000
53886  22.112  -54.222  47.785 0.0000000000
53887  21.651  -54.845  47.984 0.0000000000
53889  20.330  -55.433  47.566 0.0000000000
53890  20.394  -55.690  47.804 0.0000000000
53908  21.535  -54.175  46.977 0.0000000000
53910  21.143  -54.960  47.510 0.0000000000
53911  20.244  -55.411  47.291 0.0000000000
53913  18.057  -53.886  46.091 0.0000000000
53929  21.617  -53.991  46.497 0.0000000000
53931  20.167  -55.216  47.128 0.0000000000
53932  20.144  -55.362  47.095 0.0000000000
53933  18.139  -53.986  45.802 0.0000000000
53937  13.952  -55.461  44.983 0.0000000000
53948  21.426  -54.034  45.453 0.0000000000
53949  20.616  -54.341  44.809 0.0000000000
53950  20.350  -54.426  44.664 0.0000000000
53951  19.975  -54.527  44.552 0.0000000000
53953  18.576  -54.395  45.093 0.0000000000
53963  21.279  -54.018  44.865 0.0000000000
53966  19.809  -54.479  44.375 0.0000000000
53968  18.732  -54.475  44.764 0.0000000000
53969  15.940  -54.972  42.827 0.0000000000
53985  20.717  -54.040  43.592 0.0000000000
53987  19.102  -54.472  42.582 0.0000000000
54005  20.709  -54.129  42.927 0.0000000000
54008  19.407  -54.544  42.933 0.0000000000
55022  14.749  -54.812  52.734 0.0000000000
55025  18.201  -54.296  51.166 0.0000000000
55043  14.036  -55.461  49.587 0.0000000000
55061  22.515  -53.604  48.490 0.0000000000
55062  22.392  -53.665  47.756 0.0000000000
55063  21.414  -54.804  47.667 0.0000000000
55064  21.400  -54.942  47.838 0.0000000000
55077  21.242  -54.795  47.402 0.0000000000
55078  21.240  -54.962  47.655 0.0000000000
55079  17.950  -53.834  45.872 0.0000000000
55091  21.770  -53.598  46.479 0.0000000000
55126  20.786  -53.852  44.003 0.0000000000
55130  15.199  -54.801  43.424 0.0000000000
55144  20.859  -53.560  43.833 0.0000000000
55146  20.935  -53.793  42.975 0.0000000000
55159  20.676  -53.870  42.686 0.0000000000
55160  20.893  -53.757  42.741 0.0000000000
56263  16.179  -53.524  48.769 0.0000000000
56264  15.905  -53.439  49.035 0.0000000000
56272  15.847  -53.563  48.658 0.0000000000
56296  21.330  -53.094  45.696 0.0000000000
56339  20.636  -53.479  43.102 0.0000000000
56358  20.704  -53.596  42.758 0.0000000000
57487  23.972  -52.599  50.941 0.0000000000
57509  22.229  -52.377  46.796 0.0000000000
57517  34.222  -50.313  44.930 0.0000000000
57519  32.904  -50.650  44.534 0.0000000000
57520  21.623  -52.617  46.197 0.0000000000
57526  34.117  -50.188  44.745 0.0000000000
57527  33.729  -50.260  44.407 0.0000000000
57528  33.277  -50.568  44.473 0.0000000000
57529  32.743  -50.647  43.988 0.0000000000
57543  33.684  -50.006  44.052 0.0000000000
57545  32.983  -50.593  43.566 0.0000000000
57548  31.579  -50.504  43.440 0.0000000000
57550  20.575  -52.079  43.539 0.0000000000
57551  20.475  -51.684  43.330 0.0000000000
57563  33.342  -50.462  43.033 0.0000000000
57564  32.752  -50.581  42.960 0.0000000000
57566  31.758  -50.636  42.876 0.0000000000
57567  31.213  -50.466  43.068 0.0000000000
57568  30.856  -50.307  43.054 0.0000000000
57569  20.515  -53.009  43.271 0.0000000000
57580  33.295  -50.418  42.542 0.0000000000
57582  32.584  -50.619  42.439 0.0000000000
57583  31.970  -50.762  42.184 0.0000000000
57584  31.316  -50.468  42.402 0.0000000000
57590  20.224  -52.098  42.679 0.0000000000
58821  24.805  -50.715  49.836 0.0000000000
58832  23.070  -50.844  47.995 0.0000000000
58865  34.928  -50.237  45.732 0.0000000000
58866  34.491  -50.279  45.411 0.0000000000
58867  34.054  -50.635  45.390 0.0000000000
58869  32.902  -50.606  45.017 0.0000000000
58880  33.777  -50.500  44.923 0.0000000000
58881  33.583  -50.574  45.083 0.0000000000
58882  32.538  -50.559  44.499 0.0000000000
58886  29.969  -49.434  44.188 0.0000000000
58887  21.006  -51.701  44.558 0.0000000000
58888  20.823  -51.528  44.222 0.0000000000
58899  33.801  -49.907  43.817 0.0000000000
58900  31.137  -50.352  43.542 0.0000000000
58904  20.642  -51.391  43.751 0.0000000000
58905  20.513  -51.417  43.295 0.0000000000
58911  33.961  -50.025  43.491 0.0000000000
58917  20.384  -51.521  42.931 0.0000000000
58926  33.669  -50.273  42.461 0.0000000000
58928  32.951  -50.454  42.025 0.0000000000
58930  31.164  -50.393  41.924 0.0000000000
58933  20.298  -51.752  42.775 0.0000000000
58941  33.545  -50.131  41.909 0.0000000000
58942  33.338  -50.244  41.528 0.0000000000
58944  32.103  -50.433  41.417 0.0000000000
58945  31.223  -50.478  41.340 0.0000000000
58959  33.150  -50.209  40.999 0.0000000000
58961  31.783  -50.253  40.478 0.0000000000
58978  30.308  -49.609  39.613 0.0000000000
59985  30.554  -50.522  52.056 0.0000000000
59986  30.382  -50.682  52.245 0.0000000000
59987  28.830  -50.472  52.075 0.0000000000
60000  29.336  -50.309  51.743 0.0000000000
60012  26.900  -49.830  51.043 0.0000000000
60021  25.682  -49.863  49.599 0.0000000000
60034  23.427  -50.719  48.229 0.0000000000
60044  31.479  -50.154  47.539 0.0000000000
60047  25.711  -48.959  47.826 0.0000000000
60049  24.537  -50.000  47.816 0.0000000000
60059  33.293  -50.559  45.722 0.0000000000
60060  33.078  -50.449  46.087 0.0000000000
60065  25.191  -49.127  47.474 0.0000000000
60066  24.826  -49.536  47.497 0.0000000000
60076  34.765  -50.111  45.586 0.0000000000
60077  33.158  -50.575  45.364 0.0000000000
60079  32.516  -50.337  45.765 0.0000000000
60093  34.588  -49.733  45.458 0.0000000000
60094  34.426  -49.894  45.161 0.0000000000
60095  31.898  -50.170  44.718 0.0000000000
60096  32.255  -50.390  45.073 0.0000000000
60097  29.972  -49.330  44.472 0.0000000000
60111  33.884  -49.665  44.096 0.0000000000
60116  20.564  -49.852  43.278 0.0000000000
60122  34.218  -49.845  43.271 0.0000000000
60123  34.201  -49.986  42.667 0.0000000000
60127  20.552  -49.677  43.020 0.0000000000
60135  33.798  -49.872  42.086 0.0000000000
60149  29.398  -48.981  41.002 0.0000000000
60159  32.893  -49.648  40.797 0.0000000000
60174  32.740  -49.263  40.317 0.0000000000
60176  31.234  -49.614  39.356 0.0000000000
60204  30.555  -48.885  38.094 0.0000000000
61159  28.774  -49.686  51.389 0.0000000000
61173  29.263  -49.543  50.798 0.0000000000
61175  27.307  -49.613  50.799 0.0000000000
61185  29.981  -49.423  49.520 0.0000000000
61230  23.780  -49.755  47.072 0.0000000000
61239  29.300  -48.702  45.211 0.0000000000
61240  28.805  -48.618  45.320 0.0000000000
61256  34.714  -49.673  45.676 0.0000000000
61258  34.293  -48.975  45.123 0.0000000000
61279  21.045  -49.530  43.315 0.0000000000
61285  34.392  -49.477  43.038 0.0000000000
61288  28.844  -48.351  43.039 0.0000000000
61291  20.770  -49.519  43.030 0.0000000000
61299  33.542  -49.591  41.817 0.0000000000
61313  33.055  -49.578  41.036 0.0000000000
61327  32.774  -49.234  41.098 0.0000000000
61329  32.233  -49.373  39.764 0.0000000000
61359  28.915  -48.396  37.298 0.0000000000
62524  34.113  -48.721  45.011 0.0000000000
62525  28.200  -48.321  43.957 0.0000000000
62527  25.776  -47.687  44.584 0.0000000000
62536  33.984  -49.053  44.017 0.0000000000
62538  33.960  -48.807  43.312 0.0000000000
62542  25.532  -47.144  43.164 0.0000000000
62569  28.733  -48.348  41.192 0.0000000000
62584  33.024  -49.140  41.521 0.0000000000
62605  27.024  -46.948  39.618 0.0000000000
62616  31.899  -48.577  39.083 0.0000000000
62618  28.717  -48.219  38.732 0.0000000000
62629  31.936  -48.228  39.111 0.0000000000
62630  31.683  -48.213  38.727 0.0000000000
62632  28.633  -48.135  38.254 0.0000000000
62648  29.580  -48.527  35.596 0.0000000000
62666  29.445  -48.498  35.356 0.0000000000
63872  25.675  -47.599  44.170 0.0000000000
63874  24.485  -47.690  44.502 0.0000000000
63895  25.408  -47.047  42.505 0.0000000000
63909  25.279  -47.065  41.950 0.0000000000
63955  31.119  -46.736  39.313 0.0000000000
63993  31.795  -47.982  38.904 0.0000000000
65171  31.670  -46.366  44.012 0.0000000000
65199  31.427  -46.290  41.753 0.0000000000
65229  31.694  -46.611  40.120 0.0000000000
65244  30.356  -45.938  38.466 0.0000000000
66403  31.461  -46.126  41.147 0.0000000000
66404  31.181  -45.902  41.443 0.0000000000
66458  30.173  -46.248  37.496 0.0000000000
67547  30.714  -45.171  41.770 0.0000000000
67580  30.589  -45.454  40.852 0.0000000000
67597  29.445  -44.633  39.373 0.0000000000
71009  28.622  -41.400  40.492 0.0000000000
71031  28.132  -42.573  38.881 0.0000000000
72047  29.809  -40.549  42.843 0.0000000000
72086  28.522  -40.913  40.165 0.0000000000
73137  31.346  -39.309  42.568 0.0000000000
73138  30.794  -39.401  42.254 0.0000000000
73151  29.843  -39.582  41.560 0.0000000000
73170  28.961  -39.878  39.523 0.0000000000
75463  33.231  -37.509  37.667 0.0000000000
75475  32.251  -37.378  36.726 0.0000000000
75486  31.134  -37.602  35.747 0.0000000000
75520  30.527  -37.797  34.498 0.0000000000
76660  36.995  -36.564  38.193 0.0000000000
77852  36.895  -35.583  36.846 0.0000000000
77897  34.431  -36.201  34.098 0.0000000000
79042  33.455  -34.518  33.454 0.0000000000
80196  33.669  -33.151  33.629 0.0000000000
81250  38.546  -33.017  37.609 0.0000000000
82408  40.947  -30.736  34.179 0.0000000000
82421  41.358  -31.053  33.789 0.0000000000
82422  40.992  -31.105  33.977 0.0000000000
82437  41.098  -31.087  33.688 0.0000000000
82438  40.838  -30.971  33.687 0.0000000000
82439  40.793  -30.681  33.818 0.0000000000
83582  41.301  -30.674  33.918 0.0000000000
83593  41.178  -30.756  33.652 0.0000000000
83606  41.042  -31.028  33.459 0.0000000000
83607  40.920  -30.813  33.652 0.0000000000
83608  40.733  -30.443  33.853 0.0000000000
84832  41.346  -29.490  33.896 0.0000000000
84857  39.262  -28.842  32.204 0.0000000000
86162  41.807  -27.779  32.793 0.0000000000
87396  41.898  -27.038  31.589 0.0000000000
92164  46.048  -23.001  25.295 0.0000000000
