#!ascii label  , from subject 3373 vox2ras=TkReg
943
112899  38.786  -4.399  29.046 0.0000000000
111870  47.380  -5.090  21.251 0.0000000000
114125  46.336  -3.147  20.217 0.0000000000
107766  50.788  -9.121  11.334 0.0000000000
109722  40.593  -7.954  24.524 0.0000000000
116231  47.664  -1.960  27.626 0.0000000000
111944  51.258  -5.275  14.557 0.0000000000
114187  44.622  -3.040  16.005 0.0000000000
114054  49.057  -3.540  28.501 0.0000000000
112934  43.645  -4.808  25.767 0.0000000000
108683  44.634  -8.838  19.763 0.0000000000
118152  47.283  1.898  17.549 0.0000000000
117268  47.136  0.144  11.476 0.0000000000
152283  52.646  -3.661  22.091 0.0000000000
115324  51.851  -2.199  14.054 0.0000000000
152317  43.149  0.759  16.800 0.0000000000
115212  43.842  -2.376  28.892 0.0000000000
114087  40.918  -3.535  26.777 0.0000000000
108674  42.864  -8.809  23.027 0.0000000000
116249  45.367  -1.419  23.067 0.0000000000
118084  47.416  0.982  21.461 0.0000000000
116255  45.383  -1.148  19.529 0.0000000000
152329  45.683  -0.597  15.831 0.0000000000
152310  46.608  -2.528  16.152 0.0000000000
112931  48.900  -4.750  25.597 0.0000000000
112912  51.845  -4.100  25.570 0.0000000000
152280  51.125  -4.500  21.822 0.0000000000
109833  54.786  -6.782  12.262 0.0000000000
114198  52.954  -3.199  14.825 0.0000000000
113085  52.724  -4.287  11.976 0.0000000000
113067  50.604  -4.022  12.879 0.0000000000
109813  50.389  -7.623  13.178 0.0000000000
105734  47.893  -11.087  14.562 0.0000000000
111829  36.581  -5.042  27.764 0.0000000000
112939  38.974  -4.689  26.074 0.0000000000
115249  47.047  -2.886  24.804 0.0000000000
110818  47.259  -6.773  17.883 0.0000000000
111913  49.303  -5.050  18.006 0.0000000000
109785  50.102  -7.324  15.022 0.0000000000
108748  53.658  -8.533  13.376 0.0000000000
114000  48.730  -3.125  31.457 0.0000000000
115197  45.708  -2.250  29.966 0.0000000000
114082  46.110  -3.934  26.987 0.0000000000
111864  46.120  -5.836  23.969 0.0000000000
111858  41.907  -6.033  25.119 0.0000000000
109727  43.979  -7.306  23.077 0.0000000000
110794  45.571  -6.737  20.266 0.0000000000
108687  46.675  -8.559  17.900 0.0000000000
110744  34.992  -6.396  30.014 0.0000000000
119924  48.279  2.447  19.780 0.0000000000
119046  45.263  2.654  17.230 0.0000000000
120790  45.534  2.693  14.544 0.0000000000
116327  45.595  -1.862  13.739 0.0000000000
113072  45.400  -4.247  12.335 0.0000000000
115193  51.563  -2.723  29.948 0.0000000000
115241  50.018  -2.902  25.572 0.0000000000
152294  48.976  -3.188  21.305 0.0000000000
112990  51.367  -3.674  18.358 0.0000000000
114169  51.135  -3.206  18.109 0.0000000000
114171  48.835  -3.235  17.610 0.0000000000
115343  49.447  -2.553  12.957 0.0000000000
113070  47.330  -4.155  12.507 0.0000000000
152321  42.548  0.702  17.190 0.0000000000
119053  42.688  2.115  16.728 0.0000000000
114058  41.376  -3.290  29.034 0.0000000000
114076  39.817  -3.417  27.840 0.0000000000
115260  45.714  -2.825  21.453 0.0000000000
116253  45.321  -1.407  20.794 0.0000000000
115264  45.385  -2.377  19.981 0.0000000000
114174  45.740  -2.171  17.509 0.0000000000
114160  46.758  -2.963  18.248 0.0000000000
152295  47.331  -4.639  23.255 0.0000000000
112941  49.053  -4.657  24.138 0.0000000000
152291  48.702  -4.624  20.823 0.0000000000
108764  52.506  -8.182  11.400 0.0000000000
112008  54.529  -5.508  11.551 0.0000000000
110901  52.682  -6.419  11.806 0.0000000000
110889  51.781  -6.455  12.281 0.0000000000
108749  50.869  -8.046  12.201 0.0000000000
107759  49.764  -9.274  12.909 0.0000000000
106762  49.524  -9.986  11.108 0.0000000000
111851  37.219  -5.768  25.773 0.0000000000
116241  46.504  -1.951  25.564 0.0000000000
116235  47.200  -2.047  26.098 0.0000000000
108698  48.554  -8.441  16.504 0.0000000000
109773  48.222  -7.001  16.354 0.0000000000
108712  49.621  -8.497  15.773 0.0000000000
107750  53.315  -9.307  14.268 0.0000000000
106744  52.717  -9.872  12.814 0.0000000000
106751  52.409  -9.561  12.237 0.0000000000
114072  43.489  -3.041  27.013 0.0000000000
115235  44.867  -2.994  27.271 0.0000000000
111835  45.123  -5.098  26.378 0.0000000000
111842  46.573  -5.763  25.605 0.0000000000
111856  45.056  -6.029  25.039 0.0000000000
110768  39.504  -6.350  25.109 0.0000000000
111847  40.665  -5.640  25.006 0.0000000000
110779  40.909  -7.164  25.058 0.0000000000
107670  43.703  -9.153  21.455 0.0000000000
109734  43.207  -8.200  22.924 0.0000000000
109737  44.435  -7.669  21.459 0.0000000000
110791  44.937  -6.857  21.680 0.0000000000
109740  45.107  -7.331  20.663 0.0000000000
109745  46.005  -7.328  19.246 0.0000000000
108689  45.465  -8.652  18.772 0.0000000000
106683  49.184  -10.669  18.589 0.0000000000
118123  46.951  0.905  19.107 0.0000000000
119013  48.945  1.928  20.069 0.0000000000
119035  48.162  2.088  18.236 0.0000000000
119025  47.034  2.132  18.848 0.0000000000
119045  46.677  2.865  17.183 0.0000000000
119948  45.443  3.408  15.633 0.0000000000
152327  47.070  2.531  15.860 0.0000000000
117238  46.568  -1.207  14.071 0.0000000000
117247  45.629  -0.554  14.894 0.0000000000
117257  46.030  -0.501  12.974 0.0000000000
115366  45.447  -2.728  12.291 0.0000000000
115381  46.420  -1.958  11.624 0.0000000000
114018  49.294  -3.293  30.633 0.0000000000
113998  49.808  -3.062  31.059 0.0000000000
114038  51.032  -3.422  29.452 0.0000000000
152269  52.969  -3.906  24.220 0.0000000000
115239  52.078  -3.295  25.983 0.0000000000
152285  51.412  -3.409  23.649 0.0000000000
114100  50.252  -3.401  23.607 0.0000000000
114123  51.057  -3.274  22.005 0.0000000000
111931  50.063  -5.339  15.583 0.0000000000
113002  50.122  -4.570  17.749 0.0000000000
113010  50.992  -4.512  16.266 0.0000000000
116311  53.293  -2.061  14.218 0.0000000000
114181  51.947  -3.308  16.735 0.0000000000
115297  51.741  -3.079  15.910 0.0000000000
114170  50.067  -3.354  17.914 0.0000000000
115311  50.293  -2.850  15.033 0.0000000000
115312  49.120  -2.848  15.154 0.0000000000
115325  50.892  -2.547  14.028 0.0000000000
111969  49.578  -5.463  13.629 0.0000000000
113068  49.526  -4.290  12.946 0.0000000000
111970  48.417  -5.599  13.766 0.0000000000
110877  46.510  -6.119  13.781 0.0000000000
116217  48.685  -1.809  30.061 0.0000000000
115287  43.395  -1.324  17.740 0.0000000000
114162  43.858  -1.761  17.348 0.0000000000
115181  43.920  -3.140  30.667 0.0000000000
115201  42.100  -3.237  29.640 0.0000000000
115226  42.184  -2.856  28.145 0.0000000000
112921  42.238  -4.082  25.816 0.0000000000
108669  41.860  -8.795  24.088 0.0000000000
118067  46.151  0.157  22.093 0.0000000000
118105  46.198  0.493  19.581 0.0000000000
117210  46.228  0.351  17.954 0.0000000000
118153  46.911  1.262  16.916 0.0000000000
152315  45.756  -0.278  17.120 0.0000000000
152312  46.412  -1.863  15.795 0.0000000000
115328  47.288  -2.474  14.306 0.0000000000
112915  48.810  -4.688  26.551 0.0000000000
112894  50.707  -3.936  27.751 0.0000000000
112930  50.001  -4.578  25.297 0.0000000000
152266  51.857  -4.335  23.539 0.0000000000
152274  52.651  -4.250  22.136 0.0000000000
110857  53.102  -5.963  13.212 0.0000000000
113035  52.135  -4.490  14.211 0.0000000000
113045  54.282  -4.446  12.858 0.0000000000
114229  54.187  -3.058  13.097 0.0000000000
115360  53.021  -1.718  12.462 0.0000000000
114231  51.628  -2.669  12.319 0.0000000000
113066  51.700  -3.878  12.672 0.0000000000
110873  50.417  -6.028  13.322 0.0000000000
109814  49.352  -7.644  13.821 0.0000000000
105742  48.160  -11.534  13.636 0.0000000000
112901  37.227  -4.684  28.947 0.0000000000
114090  38.214  -3.727  27.374 0.0000000000
112926  37.463  -4.147  26.870 0.0000000000
110769  38.625  -6.405  25.148 0.0000000000
109724  38.861  -8.106  24.580 0.0000000000
117155  45.191  -0.862  25.224 0.0000000000
115251  45.890  -2.078  24.399 0.0000000000
114105  46.627  -3.052  23.258 0.0000000000
111903  47.552  -5.544  19.435 0.0000000000
111902  48.325  -5.157  19.206 0.0000000000
111914  48.482  -5.444  18.249 0.0000000000
111933  48.747  -5.779  16.435 0.0000000000
110847  50.281  -6.310  14.838 0.0000000000
107740  51.646  -9.204  15.233 0.0000000000
108739  51.640  -8.330  14.335 0.0000000000
109799  52.352  -7.098  13.494 0.0000000000
108755  54.169  -7.961  12.954 0.0000000000
107773  52.776  -8.726  11.557 0.0000000000
107783  51.160  -9.772  10.231 0.0000000000
106770  49.863  -9.941  10.013 0.0000000000
115177  47.626  -2.634  30.611 0.0000000000
115208  47.881  -2.854  29.240 0.0000000000
115198  44.625  -2.323  29.832 0.0000000000
114057  46.052  -3.119  28.203 0.0000000000
112907  47.767  -4.284  27.645 0.0000000000
112916  47.688  -4.903  26.609 0.0000000000
111853  47.189  -5.398  24.730 0.0000000000
111866  46.421  -5.032  22.520 0.0000000000
112923  40.283  -4.045  26.127 0.0000000000
112936  41.711  -4.667  25.243 0.0000000000
111857  42.540  -5.683  25.276 0.0000000000
109729  42.646  -7.935  23.481 0.0000000000
109719  43.081  -7.212  24.138 0.0000000000
110765  44.180  -6.021  25.118 0.0000000000
110783  45.330  -6.321  23.135 0.0000000000
111872  45.906  -5.820  21.854 0.0000000000
111886  46.666  -5.581  20.577 0.0000000000
110805  46.371  -6.771  19.182 0.0000000000
109753  46.765  -7.645  17.722 0.0000000000
107702  48.375  -9.512  17.022 0.0000000000
107685  46.724  -9.507  18.156 0.0000000000
106706  48.386  -10.246  17.722 0.0000000000
111816  36.645  -5.625  29.870 0.0000000000
111827  36.035  -5.665  29.201 0.0000000000
110754  34.171  -7.032  29.278 0.0000000000
119002  48.997  2.187  21.900 0.0000000000
119919  47.493  2.410  20.362 0.0000000000
119944  43.722  3.134  16.096 0.0000000000
152335  43.643  1.936  15.849 0.0000000000
152333  44.720  0.064  15.919 0.0000000000
152340  46.357  1.891  14.635 0.0000000000
152344  44.936  0.187  15.460 0.0000000000
114202  44.997  -2.273  14.824 0.0000000000
115207  49.468  -2.273  28.558 0.0000000000
115217  52.078  -3.104  27.840 0.0000000000
115219  51.035  -2.645  27.882 0.0000000000
115233  49.221  -2.704  26.500 0.0000000000
115242  48.716  -2.965  25.521 0.0000000000
114101  48.683  -3.399  23.175 0.0000000000
114124  47.573  -3.419  20.454 0.0000000000
112982  50.071  -4.387  19.755 0.0000000000
112981  51.107  -4.129  19.444 0.0000000000
114140  52.067  -3.385  20.076 0.0000000000
113009  51.786  -3.975  16.155 0.0000000000
114168  51.330  -3.553  18.194 0.0000000000
114141  51.711  -3.011  20.208 0.0000000000
114142  50.410  -3.224  20.265 0.0000000000
114158  49.001  -3.168  18.709 0.0000000000
114159  47.868  -3.174  18.421 0.0000000000
114172  47.618  -3.006  17.360 0.0000000000
115327  48.437  -2.943  14.143 0.0000000000
115363  48.423  -1.657  12.104 0.0000000000
114251  50.377  -3.034  12.314 0.0000000000
114275  49.018  -2.367  11.790 0.0000000000
114288  48.227  -2.095  10.781 0.0000000000
113071  46.354  -4.050  12.269 0.0000000000
105725  47.277  -11.052  15.427 0.0000000000
119048  41.987  2.140  17.342 0.0000000000
119039  42.882  1.701  18.165 0.0000000000
112885  39.540  -4.597  29.479 0.0000000000
114046  40.049  -4.283  29.420 0.0000000000
112898  39.230  -4.246  28.945 0.0000000000
114146  45.945  -2.860  19.082 0.0000000000
152297  47.138  -4.684  22.098 0.0000000000
152293  48.487  -4.619  22.046 0.0000000000
152292  47.966  -4.799  20.894 0.0000000000
108757  52.034  -7.986  11.137 0.0000000000
109836  52.945  -7.158  11.534 0.0000000000
109825  52.126  -7.487  11.615 0.0000000000
108759  50.729  -8.861  11.775 0.0000000000
107767  50.291  -9.430  11.873 0.0000000000
117144  47.050  -1.202  28.969 0.0000000000
117147  47.080  -1.250  28.477 0.0000000000
108713  48.978  -8.346  16.238 0.0000000000
106737  53.127  -10.271  13.939 0.0000000000
106745  52.439  -10.850  13.154 0.0000000000
112920  43.894  -4.407  26.131 0.0000000000
114084  43.845  -3.836  26.419 0.0000000000
112919  44.490  -4.663  26.275 0.0000000000
111844  44.809  -5.511  25.826 0.0000000000
110780  40.023  -7.258  25.124 0.0000000000
108679  44.373  -8.774  20.642 0.0000000000
108676  44.037  -8.714  21.363 0.0000000000
109741  44.740  -8.065  20.237 0.0000000000
109747  44.945  -8.327  19.661 0.0000000000
108682  45.028  -8.708  19.203 0.0000000000
118140  47.267  1.696  18.326 0.0000000000
118139  48.073  1.560  18.706 0.0000000000
119036  47.253  2.093  17.991 0.0000000000
119044  47.473  2.664  16.786 0.0000000000
119941  46.902  3.241  16.556 0.0000000000
116342  46.983  -1.033  12.540 0.0000000000
117246  46.434  -0.878  13.251 0.0000000000
117269  46.562  -0.217  11.898 0.0000000000
115364  46.189  -1.316  11.883 0.0000000000
116356  46.569  -0.726  11.333 0.0000000000
114040  49.215  -3.312  29.617 0.0000000000
114039  50.117  -3.533  29.580 0.0000000000
152277  52.683  -3.685  22.933 0.0000000000
152276  52.451  -3.691  24.020 0.0000000000
152284  52.073  -3.360  22.997 0.0000000000
152289  52.198  -3.343  21.715 0.0000000000
111945  50.693  -5.274  15.052 0.0000000000
113022  51.331  -4.630  15.433 0.0000000000
115323  52.711  -1.966  14.138 0.0000000000
115309  52.303  -2.493  15.022 0.0000000000
115310  51.349  -2.639  15.063 0.0000000000
115298  50.755  -3.131  15.980 0.0000000000
110875  48.585  -6.771  13.909 0.0000000000
110860  48.049  -7.385  14.336 0.0000000000
110876  47.519  -6.337  13.948 0.0000000000
116289  43.077  -0.085  17.669 0.0000000000
114022  42.377  -4.074  30.520 0.0000000000
114023  41.916  -4.413  30.380 0.0000000000
114075  40.684  -3.159  27.641 0.0000000000
115227  41.350  -2.951  28.279 0.0000000000
114074  41.552  -3.082  27.411 0.0000000000
114073  42.500  -3.064  27.213 0.0000000000
114086  41.853  -3.425  26.512 0.0000000000
117166  45.657  -0.593  23.484 0.0000000000
117172  46.281  -0.011  22.881 0.0000000000
117173  45.651  -0.521  22.421 0.0000000000
117186  45.702  -0.129  20.251 0.0000000000
118124  46.291  0.544  19.192 0.0000000000
117196  45.838  0.151  19.045 0.0000000000
116265  45.452  -0.965  18.295 0.0000000000
152311  45.740  -1.888  16.633 0.0000000000
114201  46.725  -2.463  15.614 0.0000000000
115329  46.840  -2.055  14.795 0.0000000000
115313  47.040  -2.758  14.888 0.0000000000
112914  49.902  -4.498  26.327 0.0000000000
152273  50.464  -4.463  22.762 0.0000000000
152271  50.776  -4.442  24.134 0.0000000000
152272  51.881  -4.442  22.502 0.0000000000
109823  54.314  -6.740  12.667 0.0000000000
111967  53.651  -5.185  13.047 0.0000000000
111983  54.856  -5.330  12.287 0.0000000000
113084  53.923  -4.646  11.667 0.0000000000
113083  54.727  -4.566  11.839 0.0000000000
114272  53.454  -3.547  11.916 0.0000000000
115359  53.358  -2.145  12.638 0.0000000000
114273  52.870  -3.364  12.002 0.0000000000
113048  51.903  -2.825  11.953 0.0000000000
113086  52.103  -4.756  12.448 0.0000000000
109827  50.750  -7.132  13.033 0.0000000000
110890  50.830  -6.416  12.956 0.0000000000
110891  50.544  -6.967  13.278 0.0000000000
110874  50.021  -6.605  13.564 0.0000000000
108751  49.707  -8.496  13.459 0.0000000000
105748  48.737  -11.111  12.708 0.0000000000
106754  49.007  -10.401  13.029 0.0000000000
112910  37.118  -4.570  28.378 0.0000000000
112909  37.604  -4.115  27.910 0.0000000000
112927  37.052  -4.532  27.496 0.0000000000
110770  37.761  -6.600  25.384 0.0000000000
110781  39.152  -7.165  24.679 0.0000000000
109714  38.318  -7.334  24.937 0.0000000000
115244  46.749  -2.475  25.171 0.0000000000
115245  46.204  -2.155  25.005 0.0000000000
115250  46.498  -2.677  24.483 0.0000000000
115256  45.882  -2.701  23.201 0.0000000000
114103  46.572  -2.966  23.926 0.0000000000
110804  47.099  -6.343  18.879 0.0000000000
111915  47.747  -5.882  18.531 0.0000000000
110817  47.972  -6.284  17.643 0.0000000000
109771  49.441  -7.378  15.532 0.0000000000
110837  48.892  -6.468  15.849 0.0000000000
110836  49.524  -6.353  15.290 0.0000000000
107739  53.025  -9.616  15.623 0.0000000000
107751  52.598  -9.026  14.595 0.0000000000
108738  52.739  -8.179  13.761 0.0000000000
109800  51.653  -7.305  13.979 0.0000000000
108737  52.960  -7.521  13.407 0.0000000000
108747  53.573  -7.769  13.343 0.0000000000
107765  52.284  -9.463  11.811 0.0000000000
107764  52.949  -9.125  12.072 0.0000000000
107774  51.961  -9.392  11.074 0.0000000000
107792  50.801  -9.847  9.864 0.0000000000
115179  45.702  -2.662  30.801 0.0000000000
115157  46.736  -3.070  31.775 0.0000000000
115178  46.777  -2.332  30.839 0.0000000000
115195  47.832  -2.627  29.867 0.0000000000
115196  46.855  -2.543  29.837 0.0000000000
115199  43.580  -2.794  29.991 0.0000000000
115223  45.283  -2.909  27.954 0.0000000000
114070  45.879  -3.333  27.610 0.0000000000
114056  46.596  -3.275  28.302 0.0000000000
112908  47.166  -4.175  27.432 0.0000000000
112917  46.710  -4.467  26.824 0.0000000000
111855  45.895  -5.931  24.941 0.0000000000
111863  46.739  -5.475  24.313 0.0000000000
112947  46.954  -5.191  23.926 0.0000000000
112950  46.466  -5.204  23.457 0.0000000000
112925  38.378  -4.093  26.414 0.0000000000
114089  39.050  -3.518  27.083 0.0000000000
112924  39.345  -3.966  26.321 0.0000000000
111859  41.140  -6.247  25.059 0.0000000000
112937  40.659  -4.764  25.269 0.0000000000
112945  41.358  -5.412  24.985 0.0000000000
112944  42.112  -5.304  25.072 0.0000000000
108668  42.339  -8.770  23.548 0.0000000000
109730  42.119  -8.148  23.962 0.0000000000
109728  43.365  -7.534  23.252 0.0000000000
110785  43.791  -6.910  23.778 0.0000000000
110776  43.573  -6.533  24.627 0.0000000000
110775  44.369  -6.378  24.326 0.0000000000
110784  44.506  -6.703  23.318 0.0000000000
110790  45.340  -6.545  21.225 0.0000000000
110787  45.283  -6.273  22.165 0.0000000000
111887  45.910  -5.918  20.852 0.0000000000
111904  46.850  -5.926  19.712 0.0000000000
110793  46.170  -6.269  20.006 0.0000000000
109754  46.134  -7.714  18.570 0.0000000000
108700  47.452  -8.521  17.401 0.0000000000
106685  46.760  -10.383  18.442 0.0000000000
106705  49.424  -10.376  17.585 0.0000000000
111802  37.562  -5.513  30.500 0.0000000000
110736  35.919  -6.057  30.311 0.0000000000
110742  36.270  -6.073  29.890 0.0000000000
110743  35.765  -6.184  29.692 0.0000000000
110752  35.321  -5.987  28.595 0.0000000000
110753  34.794  -6.574  29.041 0.0000000000
119929  49.029  2.329  19.345 0.0000000000
119923  48.757  2.179  20.176 0.0000000000
119917  48.708  2.299  21.621 0.0000000000
119918  48.157  2.490  20.892 0.0000000000
119037  46.146  2.168  18.111 0.0000000000
119047  43.519  2.382  16.930 0.0000000000
120781  45.246  3.160  14.764 0.0000000000
120775  44.462  3.174  15.397 0.0000000000
119957  44.682  2.504  15.278 0.0000000000
152334  44.604  0.063  16.140 0.0000000000
152346  44.859  1.226  15.497 0.0000000000
152320  46.130  0.398  16.483 0.0000000000
152316  46.556  1.609  15.883 0.0000000000
152330  46.155  0.806  15.017 0.0000000000
117258  45.827  -0.965  13.600 0.0000000000
152319  45.219  -1.567  15.828 0.0000000000
114218  44.847  -3.260  14.107 0.0000000000
115330  45.234  -2.520  13.867 0.0000000000
113073  45.065  -3.999  12.194 0.0000000000
115155  48.844  -2.657  31.630 0.0000000000
115176  50.418  -2.789  30.852 0.0000000000
115194  50.765  -2.601  30.178 0.0000000000
116216  49.755  -2.420  30.188 0.0000000000
115206  50.458  -2.371  29.054 0.0000000000
112904  50.914  -4.066  27.003 0.0000000000
114065  51.247  -3.629  27.744 0.0000000000
114064  51.690  -3.374  27.188 0.0000000000
115240  51.382  -2.991  25.626 0.0000000000
115231  51.680  -2.874  26.864 0.0000000000
115232  50.521  -2.726  26.693 0.0000000000
152298  47.125  -3.615  22.099 0.0000000000
112993  49.172  -4.738  18.972 0.0000000000
112983  49.020  -4.568  19.981 0.0000000000
112991  50.990  -4.058  18.495 0.0000000000
112965  51.999  -3.848  20.204 0.0000000000
112980  51.930  -3.765  19.194 0.0000000000
113020  52.406  -3.905  14.777 0.0000000000
113008  52.312  -3.511  15.638 0.0000000000
114155  51.785  -3.418  19.214 0.0000000000
114156  51.217  -3.384  19.205 0.0000000000
114157  50.193  -3.321  19.026 0.0000000000
114183  49.890  -3.241  16.827 0.0000000000
114144  48.078  -3.315  19.341 0.0000000000
114184  48.628  -3.184  16.355 0.0000000000
115326  49.788  -2.720  14.025 0.0000000000
115344  48.275  -2.022  13.114 0.0000000000
115362  49.356  -1.929  12.080 0.0000000000
114250  51.056  -3.115  12.610 0.0000000000
114232  50.980  -2.769  12.432 0.0000000000
113069  48.455  -4.090  12.645 0.0000000000
114252  49.334  -3.229  12.191 0.0000000000
114253  48.218  -3.180  12.218 0.0000000000
114287  48.716  -2.096  11.148 0.0000000000
114276  48.094  -2.558  11.480 0.0000000000
114277  47.199  -2.597  11.014 0.0000000000
111972  46.365  -5.332  13.295 0.0000000000
106739  48.194  -9.896  14.539 0.0000000000
117220  41.874  0.471  17.531 0.0000000000
118154  42.247  1.502  16.906 0.0000000000
118159  42.804  1.954  16.570 0.0000000000
114044  41.534  -3.725  29.760 0.0000000000
114045  40.558  -4.004  29.430 0.0000000000
114059  40.754  -3.346  28.708 0.0000000000
116251  45.439  -1.497  21.976 0.0000000000
115276  45.433  -1.670  18.271 0.0000000000
115275  45.149  -2.084  18.712 0.0000000000
114161  45.953  -2.411  18.171 0.0000000000
114173  46.419  -2.689  17.177 0.0000000000
112967  50.006  -4.379  21.089 0.0000000000
109835  53.691  -7.230  11.623 0.0000000000
110908  55.051  -5.821  11.782 0.0000000000
110900  53.540  -6.359  11.530 0.0000000000
111999  53.218  -5.461  11.741 0.0000000000
112000  52.386  -5.480  12.249 0.0000000000
109826  51.133  -7.455  12.450 0.0000000000
109812  50.685  -7.899  12.571 0.0000000000
108750  50.504  -8.530  12.476 0.0000000000
106753  49.599  -9.991  12.409 0.0000000000
106763  49.228  -10.578  12.073 0.0000000000
111830  35.965  -5.534  28.157 0.0000000000
111838  36.865  -5.102  26.671 0.0000000000
111839  35.999  -5.597  27.000 0.0000000000
117151  45.789  -0.816  26.150 0.0000000000
116232  46.478  -1.333  27.171 0.0000000000
115243  47.533  -2.669  25.366 0.0000000000
110829  47.480  -6.860  17.022 0.0000000000
109764  48.101  -7.530  16.648 0.0000000000
109772  48.806  -7.445  16.195 0.0000000000
108726  50.012  -8.094  15.248 0.0000000000
106731  53.386  -10.157  15.182 0.0000000000
107758  53.290  -9.243  13.207 0.0000000000
106752  51.769  -10.060  12.097 0.0000000000
115225  43.175  -2.941  28.048 0.0000000000
115224  44.251  -2.891  27.869 0.0000000000
115236  44.324  -3.078  26.894 0.0000000000
114083  45.087  -3.568  26.747 0.0000000000
112918  45.567  -4.482  26.515 0.0000000000
111833  46.660  -5.428  26.175 0.0000000000
111834  45.784  -5.215  26.244 0.0000000000
111843  45.808  -5.821  25.721 0.0000000000
111849  39.023  -5.461  25.520 0.0000000000
111848  39.925  -5.483  25.083 0.0000000000
111860  40.351  -6.365  25.141 0.0000000000
110778  41.715  -6.860  24.772 0.0000000000
108673  43.400  -8.847  22.464 0.0000000000
108677  43.757  -8.768  21.890 0.0000000000
109733  43.807  -7.978  22.418 0.0000000000
109732  44.260  -7.269  22.524 0.0000000000
110788  44.721  -6.774  22.355 0.0000000000
109736  45.008  -7.129  21.272 0.0000000000
110806  45.853  -6.930  19.589 0.0000000000
109746  45.473  -7.796  19.505 0.0000000000
109755  45.778  -8.201  18.817 0.0000000000
108688  46.048  -8.685  18.411 0.0000000000
106669  47.482  -11.060  19.016 0.0000000000
118122  47.886  1.137  19.539 0.0000000000
118103  47.849  1.172  20.614 0.0000000000
118138  48.590  1.637  19.128 0.0000000000
119034  48.886  2.093  18.619 0.0000000000
119936  48.875  2.470  18.802 0.0000000000
119925  47.707  2.492  19.347 0.0000000000
119932  47.919  2.467  18.619 0.0000000000
119942  46.040  3.260  16.447 0.0000000000
119947  46.696  3.225  15.620 0.0000000000
120780  45.923  3.242  13.966 0.0000000000
152324  46.227  -1.143  14.915 0.0000000000
116344  45.782  -1.264  12.976 0.0000000000
115347  45.210  -2.653  13.165 0.0000000000
115365  45.822  -1.911  12.409 0.0000000000
115382  45.668  -2.550  11.944 0.0000000000
114256  45.631  -3.477  11.894 0.0000000000
113999  49.260  -3.188  31.319 0.0000000000
114017  50.061  -3.245  30.495 0.0000000000
114015  51.786  -3.086  30.147 0.0000000000
114092  52.352  -3.772  24.943 0.0000000000
114080  52.067  -3.559  26.186 0.0000000000
115247  52.087  -3.477  25.069 0.0000000000
114093  50.714  -3.221  24.614 0.0000000000
111923  49.248  -5.103  16.999 0.0000000000
113011  50.054  -4.712  16.652 0.0000000000
113001  51.032  -4.298  17.521 0.0000000000
115308  53.063  -2.558  14.819 0.0000000000
114180  52.552  -3.132  15.664 0.0000000000
115296  52.564  -2.969  15.630 0.0000000000
114182  51.072  -3.117  17.027 0.0000000000
115299  49.756  -3.243  15.857 0.0000000000
111986  50.111  -4.726  13.245 0.0000000000
113049  49.001  -4.889  13.782 0.0000000000
113050  48.403  -4.727  13.434 0.0000000000
113051  47.710  -4.634  13.047 0.0000000000
111987  47.057  -4.965  12.879 0.0000000000
111971  47.426  -5.418  13.447 0.0000000000
110862  46.636  -6.848  14.445 0.0000000000
116226  47.762  -1.451  29.040 0.0000000000
116280  42.717  -0.961  18.203 0.0000000000
114175  44.080  -2.499  16.934 0.0000000000
114042  42.964  -3.148  30.186 0.0000000000
115213  42.818  -2.576  28.957 0.0000000000
115214  41.873  -2.984  29.032 0.0000000000
114085  42.852  -3.492  26.364 0.0000000000
114098  43.204  -4.088  25.728 0.0000000000
108660  41.152  -8.817  24.323 0.0000000000
107662  41.523  -9.357  23.799 0.0000000000
107668  42.448  -9.470  23.045 0.0000000000
107667  42.986  -9.591  22.545 0.0000000000
107671  43.447  -9.626  21.760 0.0000000000
107673  43.761  -9.618  20.863 0.0000000000
107680  44.337  -9.692  19.974 0.0000000000
107679  44.963  -9.717  19.152 0.0000000000
118066  47.030  0.711  22.305 0.0000000000
118085  46.674  0.490  21.321 0.0000000000
117179  45.686  -0.429  21.403 0.0000000000
117185  46.280  -0.008  20.896 0.0000000000
118104  46.741  0.650  20.210 0.0000000000
117209  46.583  0.814  18.529 0.0000000000
118141  46.791  1.306  17.846 0.0000000000
116279  45.496  -1.464  17.572 0.0000000000
152313  45.477  -1.092  16.768 0.0000000000
116302  46.463  -1.614  15.180 0.0000000000
116313  46.710  -1.747  14.508 0.0000000000
116326  47.303  -1.462  13.109 0.0000000000
112906  48.734  -4.333  27.383 0.0000000000
114066  49.453  -4.106  27.763 0.0000000000
112905  49.872  -4.264  27.427 0.0000000000
112913  50.882  -4.139  25.930 0.0000000000
152278  50.216  -4.557  24.664 0.0000000000
112929  50.998  -4.380  25.048 0.0000000000
152267  51.899  -4.186  24.572 0.0000000000
152265  52.798  -4.163  24.032 0.0000000000
152268  52.759  -4.222  23.085 0.0000000000
152282  52.842  -3.890  21.728 0.0000000000
110858  52.375  -6.113  13.532 0.0000000000
111957  51.790  -5.212  13.995 0.0000000000
111956  52.463  -5.140  13.648 0.0000000000
113034  52.677  -4.107  13.890 0.0000000000
114215  53.151  -3.630  13.910 0.0000000000
113064  54.705  -4.519  12.317 0.0000000000
114228  54.499  -3.756  13.001 0.0000000000
114214  53.636  -3.309  13.678 0.0000000000
116300  53.484  -2.334  14.141 0.0000000000
116324  53.097  -1.730  13.420 0.0000000000
115340  52.298  -1.773  12.744 0.0000000000
115341  51.475  -2.681  13.012 0.0000000000
111984  51.538  -5.374  12.626 0.0000000000
111985  50.585  -5.224  13.077 0.0000000000
111968  50.168  -5.835  13.471 0.0000000000
108740  48.923  -8.527  14.252 0.0000000000
105733  48.229  -10.430  14.385 0.0000000000
106746  49.258  -9.807  13.246 0.0000000000
105741  48.535  -10.811  13.764 0.0000000000
104711  47.554  -11.797  14.436 0.0000000000
112900  37.882  -4.449  29.066 0.0000000000
114078  38.286  -3.955  28.258 0.0000000000
111836  38.455  -5.004  26.037 0.0000000000
111837  37.717  -4.926  26.198 0.0000000000
109723  39.714  -7.992  24.438 0.0000000000
118050  45.865  0.179  24.718 0.0000000000
116246  45.448  -1.356  24.167 0.0000000000
116242  45.550  -1.502  25.279 0.0000000000
115257  45.446  -2.372  22.662 0.0000000000
115259  46.160  -2.900  22.533 0.0000000000
114111  46.594  -3.539  21.064 0.0000000000
111885  47.406  -5.295  20.320 0.0000000000
111884  48.143  -4.972  20.108 0.0000000000
110828  47.981  -6.586  16.745 0.0000000000
111924  48.569  -5.808  17.218 0.0000000000
111932  49.291  -5.494  16.029 0.0000000000
110846  51.081  -6.331  14.515 0.0000000000
107741  50.525  -8.801  15.398 0.0000000000
108725  50.667  -8.305  14.779 0.0000000000
109784  50.842  -7.353  14.498 0.0000000000
110859  51.688  -6.253  13.956 0.0000000000
109798  53.169  -6.894  13.222 0.0000000000
109810  53.728  -6.631  13.024 0.0000000000
109824  54.440  -7.350  12.536 0.0000000000
108756  53.755  -8.493  12.638 0.0000000000
108762  54.209  -7.865  12.345 0.0000000000
109834  54.597  -7.237  11.909 0.0000000000
108763  53.532  -8.094  11.950 0.0000000000
107775  51.177  -9.353  10.869 0.0000000000
107776  50.283  -9.447  10.777 0.0000000000
107784  50.614  -9.699  10.161 0.0000000000
115156  47.954  -2.773  31.563 0.0000000000
114019  48.498  -3.166  30.828 0.0000000000
114041  48.533  -2.950  29.768 0.0000000000
114055  47.866  -3.437  28.519 0.0000000000
114020  44.090  -3.307  30.994 0.0000000000
115180  44.715  -2.858  30.836 0.0000000000
115211  44.946  -2.446  28.849 0.0000000000
115210  46.060  -2.660  28.720 0.0000000000
115209  47.174  -2.848  29.045 0.0000000000
112897  48.285  -3.847  28.142 0.0000000000
112932  47.924  -5.162  25.949 0.0000000000
111841  47.198  -5.495  25.466 0.0000000000
112942  47.848  -4.882  25.094 0.0000000000
152290  47.579  -5.053  24.243 0.0000000000
114077  38.920  -3.554  28.004 0.0000000000
114088  39.964  -3.375  26.869 0.0000000000
112938  39.655  -4.675  25.659 0.0000000000
112922  41.271  -4.175  26.040 0.0000000000
112935  42.653  -4.894  25.332 0.0000000000
111846  43.182  -5.511  25.416 0.0000000000
109721  41.513  -7.871  24.430 0.0000000000
109720  42.287  -7.439  24.304 0.0000000000
110777  42.673  -6.534  24.942 0.0000000000
110766  43.406  -6.080  25.260 0.0000000000
111845  43.903  -5.511  25.529 0.0000000000
110774  45.229  -6.257  24.136 0.0000000000
111867  45.942  -5.800  22.853 0.0000000000
111871  46.592  -5.395  21.532 0.0000000000
110819  46.668  -7.011  18.402 0.0000000000
109765  47.460  -7.624  17.212 0.0000000000
108699  48.060  -8.429  16.908 0.0000000000
107701  48.475  -9.000  16.576 0.0000000000
107687  45.173  -9.156  18.755 0.0000000000
107686  45.807  -9.652  18.570 0.0000000000
106684  47.790  -10.485  18.277 0.0000000000
107703  47.491  -9.489  17.671 0.0000000000
107725  49.175  -9.976  16.867 0.0000000000
112887  38.232  -5.143  29.597 0.0000000000
111815  37.706  -5.351  29.740 0.0000000000
111825  37.362  -4.896  29.214 0.0000000000
111826  36.786  -5.144  28.942 0.0000000000
111817  36.184  -5.958  29.691 0.0000000000
111818  34.514  -6.193  30.198 0.0000000000
110759  33.992  -6.993  28.232 0.0000000000
119005  46.601  2.138  20.922 0.0000000000
119015  46.820  2.059  19.857 0.0000000000
119016  45.881  1.627  20.431 0.0000000000
119052  43.300  2.307  16.173 0.0000000000
119943  44.688  3.117  16.314 0.0000000000
152314  43.755  1.254  16.240 0.0000000000
152318  44.541  -0.495  16.649 0.0000000000
115300  44.936  -2.050  16.416 0.0000000000
152322  46.784  1.826  16.131 0.0000000000
152339  46.710  2.699  14.747 0.0000000000
120789  46.033  2.421  13.911 0.0000000000
152343  46.123  1.313  14.105 0.0000000000
152341  45.123  0.733  15.387 0.0000000000
152326  44.902  -0.144  15.633 0.0000000000
114186  45.033  -2.275  15.821 0.0000000000
114203  44.379  -3.531  14.999 0.0000000000
114233  44.475  -3.921  13.450 0.0000000000
115154  49.584  -2.706  31.305 0.0000000000
116225  49.131  -1.953  29.054 0.0000000000
116230  48.896  -2.188  28.260 0.0000000000
114052  51.060  -3.679  28.451 0.0000000000
114037  51.727  -3.111  29.199 0.0000000000
115192  52.023  -2.920  29.704 0.0000000000
115230  52.029  -3.134  27.017 0.0000000000
115218  51.982  -2.862  27.904 0.0000000000
115205  51.603  -2.856  28.946 0.0000000000
115220  49.461  -2.465  27.726 0.0000000000
115221  48.590  -2.404  27.048 0.0000000000
115234  48.140  -2.432  26.344 0.0000000000
114096  47.461  -3.041  24.731 0.0000000000
114094  49.402  -3.321  24.551 0.0000000000
114095  48.128  -3.270  24.614 0.0000000000
114102  47.244  -3.210  24.051 0.0000000000
152296  47.409  -3.304  23.150 0.0000000000
112992  50.106  -4.406  18.733 0.0000000000
112966  51.100  -4.355  20.380 0.0000000000
112954  51.937  -4.296  20.854 0.0000000000
112953  52.469  -4.030  20.678 0.0000000000
114121  52.495  -3.557  20.618 0.0000000000
113021  51.895  -4.425  15.035 0.0000000000
113000  51.708  -3.940  17.334 0.0000000000
114122  52.174  -3.140  20.941 0.0000000000
114143  49.032  -3.198  19.854 0.0000000000
114145  47.024  -3.406  19.269 0.0000000000
114185  47.260  -3.214  16.267 0.0000000000
114199  47.942  -3.348  15.281 0.0000000000
114200  46.990  -3.056  15.313 0.0000000000
116325  47.953  -1.557  12.585 0.0000000000
116341  47.762  -1.017  12.107 0.0000000000
115342  50.528  -2.758  12.898 0.0000000000
115361  50.275  -2.164  12.045 0.0000000000
114274  49.927  -2.470  11.812 0.0000000000
115377  49.714  -1.985  11.673 0.0000000000
115378  48.786  -1.722  11.462 0.0000000000
116353  48.954  -1.182  10.992 0.0000000000
117284  47.613  -0.289  10.309 0.0000000000
115380  46.981  -1.769  10.823 0.0000000000
114255  46.266  -3.446  11.628 0.0000000000
111989  45.812  -4.486  12.610 0.0000000000
111988  46.363  -4.696  12.751 0.0000000000
106776  50.715  -10.029  9.726 0.0000000000
106777  50.440  -9.918  9.796 0.0000000000
107661  42.004  -9.410  23.498 0.0000000000
107791  51.031  -9.902  9.824 0.0000000000
108758  51.426  -8.432  11.558 0.0000000000
108765  51.836  -8.904  11.117 0.0000000000
109738  44.034  -8.283  21.795 0.0000000000
109763  48.614  -7.931  16.440 0.0000000000
109797  53.347  -6.479  13.121 0.0000000000
109811  54.052  -7.256  13.091 0.0000000000
110735  36.322  -6.003  30.120 0.0000000000
110737  35.465  -6.008  30.425 0.0000000000
110745  34.092  -6.557  29.803 0.0000000000
110767  42.932  -6.015  25.361 0.0000000000
110838  48.444  -6.472  16.378 0.0000000000
110856  53.472  -6.288  13.029 0.0000000000
110871  53.776  -5.999  12.777 0.0000000000
110872  53.402  -5.575  13.134 0.0000000000
110888  54.693  -6.113  12.413 0.0000000000
110898  55.160  -6.207  11.955 0.0000000000
110899  54.566  -6.256  11.617 0.0000000000
110909  54.821  -5.733  11.637 0.0000000000
111814  38.683  -5.553  29.938 0.0000000000
111832  47.225  -5.527  26.014 0.0000000000
111850  38.102  -5.655  25.609 0.0000000000
111854  46.599  -5.664  24.887 0.0000000000
111862  47.112  -5.308  24.312 0.0000000000
111955  53.131  -5.054  13.423 0.0000000000
111966  54.197  -5.310  12.630 0.0000000000
111997  55.148  -5.288  11.904 0.0000000000
111998  54.011  -5.559  11.448 0.0000000000
112007  54.884  -5.331  11.696 0.0000000000
112866  42.826  -4.395  30.958 0.0000000000
112883  41.002  -4.348  29.851 0.0000000000
112886  38.756  -4.938  29.540 0.0000000000
112895  50.429  -3.995  28.037 0.0000000000
112896  48.574  -4.000  27.908 0.0000000000
112903  51.586  -3.824  26.379 0.0000000000
112933  44.180  -5.171  25.906 0.0000000000
112943  42.428  -5.296  25.224 0.0000000000
112948  46.570  -5.453  23.920 0.0000000000
112964  52.458  -3.814  20.448 0.0000000000
113032  53.990  -3.962  13.346 0.0000000000
113033  53.554  -4.298  13.401 0.0000000000
113046  53.918  -4.806  12.961 0.0000000000
113047  52.302  -2.634  11.900 0.0000000000
113065  52.383  -3.212  11.996 0.0000000000
113094  54.502  -5.022  11.604 0.0000000000
113095  54.185  -5.129  11.525 0.0000000000
114016  50.988  -3.187  30.387 0.0000000000
114043  42.441  -3.395  30.147 0.0000000000
114051  51.771  -3.276  28.233 0.0000000000
114053  50.039  -3.900  28.430 0.0000000000
114060  39.680  -3.849  28.827 0.0000000000
114061  38.905  -4.081  28.554 0.0000000000
114062  38.427  -4.201  28.702 0.0000000000
114067  49.169  -3.909  27.931 0.0000000000
114068  47.379  -3.993  27.794 0.0000000000
114069  46.779  -3.846  27.542 0.0000000000
114071  45.281  -3.184  27.358 0.0000000000
114081  46.541  -4.075  27.073 0.0000000000
114097  43.636  -4.286  26.014 0.0000000000
114110  52.652  -3.811  21.022 0.0000000000
114120  52.597  -3.800  20.654 0.0000000000
114197  53.386  -2.876  14.538 0.0000000000
114213  54.203  -3.829  13.242 0.0000000000
114216  47.508  -3.110  14.728 0.0000000000
114217  47.187  -2.932  14.801 0.0000000000
114230  52.100  -2.290  11.888 0.0000000000
114247  54.498  -3.746  12.419 0.0000000000
114248  53.815  -3.011  12.456 0.0000000000
114249  52.917  -2.471  12.001 0.0000000000
114254  47.203  -3.327  11.821 0.0000000000
114257  45.161  -3.445  12.369 0.0000000000
114271  54.228  -3.817  11.952 0.0000000000
114278  46.259  -2.742  11.246 0.0000000000
114279  45.620  -2.876  11.651 0.0000000000
114280  45.438  -2.981  11.978 0.0000000000
114289  47.659  -1.854  10.640 0.0000000000
115174  51.820  -2.870  30.161 0.0000000000
115175  51.428  -2.868  30.452 0.0000000000
115200  42.618  -2.983  29.642 0.0000000000
115204  51.963  -3.013  28.690 0.0000000000
115215  41.350  -3.153  28.728 0.0000000000
115222  45.780  -3.062  28.143 0.0000000000
115248  51.658  -3.401  24.620 0.0000000000
115253  46.149  -2.602  23.821 0.0000000000
115254  45.563  -2.152  23.586 0.0000000000
115285  45.569  -1.959  18.075 0.0000000000
115286  45.550  -1.675  18.030 0.0000000000
115295  52.854  -2.909  15.373 0.0000000000
115307  53.473  -2.641  14.315 0.0000000000
115314  46.822  -2.342  15.136 0.0000000000
115322  53.669  -2.620  13.712 0.0000000000
115339  53.681  -2.459  13.136 0.0000000000
115345  47.493  -1.952  13.597 0.0000000000
115346  45.629  -1.936  13.066 0.0000000000
115379  48.356  -1.338  11.657 0.0000000000
115383  45.503  -2.759  12.046 0.0000000000
115387  48.742  -1.561  10.884 0.0000000000
115388  48.230  -1.401  10.612 0.0000000000
115389  47.619  -1.257  10.503 0.0000000000
116209  45.377  -2.503  30.574 0.0000000000
116210  45.177  -2.581  30.689 0.0000000000
116220  45.504  -2.401  30.398 0.0000000000
116221  45.165  -2.375  30.406 0.0000000000
116224  50.047  -2.384  29.649 0.0000000000
116227  47.143  -1.092  29.276 0.0000000000
116236  46.326  -1.448  26.319 0.0000000000
116237  45.673  -1.133  25.883 0.0000000000
116240  46.970  -2.289  25.570 0.0000000000
116243  45.102  -1.170  25.119 0.0000000000
116247  45.176  -1.163  24.776 0.0000000000
116266  45.484  -1.441  18.076 0.0000000000
116301  53.321  -2.384  14.429 0.0000000000
116310  53.512  -2.121  13.687 0.0000000000
116312  47.091  -1.765  13.914 0.0000000000
116323  53.420  -1.967  13.155 0.0000000000
116328  45.349  -2.372  13.571 0.0000000000
116339  53.181  -1.766  12.883 0.0000000000
116340  52.912  -1.665  12.844 0.0000000000
116343  46.099  -0.847  12.237 0.0000000000
116354  48.372  -0.846  11.195 0.0000000000
116355  46.705  -1.264  10.918 0.0000000000
116361  48.699  -1.025  10.744 0.0000000000
116362  48.063  -0.615  10.521 0.0000000000
116363  47.191  -0.665  10.495 0.0000000000
116364  46.869  -0.225  10.843 0.0000000000
116370  47.635  -0.463  10.418 0.0000000000
116371  47.400  -0.497  10.346 0.0000000000
117154  45.532  -0.514  25.511 0.0000000000
117158  45.952  0.105  24.343 0.0000000000
117159  45.478  -0.456  24.579 0.0000000000
117160  45.096  -0.891  24.926 0.0000000000
117171  46.584  0.481  23.131 0.0000000000
117178  46.201  -0.045  21.296 0.0000000000
117195  46.384  0.615  18.970 0.0000000000
117255  47.561  -0.375  11.561 0.0000000000
117256  46.861  -0.340  12.241 0.0000000000
117267  47.794  -0.101  11.060 0.0000000000
117276  47.706  -0.189  10.509 0.0000000000
117277  47.248  0.053  10.745 0.0000000000
117278  46.813  -0.013  11.207 0.0000000000
117285  47.452  -0.270  10.435 0.0000000000
118068  45.770  -0.144  21.893 0.0000000000
118086  46.070  -0.017  21.620 0.0000000000
118102  48.536  1.605  20.301 0.0000000000
118121  48.557  1.570  19.797 0.0000000000
119012  49.134  2.137  19.444 0.0000000000
119023  49.186  2.233  19.024 0.0000000000
119024  49.076  1.910  19.282 0.0000000000
119033  49.065  2.318  18.798 0.0000000000
119060  43.849  2.342  15.669 0.0000000000
119922  49.066  2.164  19.702 0.0000000000
119930  48.837  2.472  19.264 0.0000000000
119931  48.430  2.632  18.962 0.0000000000
119935  49.059  2.447  19.023 0.0000000000
119937  48.465  2.394  18.567 0.0000000000
119938  48.041  2.294  18.376 0.0000000000
119949  44.483  3.230  15.659 0.0000000000
119950  44.018  2.947  15.595 0.0000000000
119965  45.443  1.544  15.067 0.0000000000
120772  46.391  3.153  14.451 0.0000000000
120773  45.801  3.366  14.806 0.0000000000
120774  44.919  3.397  15.140 0.0000000000
120779  46.453  2.919  13.969 0.0000000000
120782  44.591  3.144  15.186 0.0000000000
120788  46.338  2.381  14.170 0.0000000000
152270  53.095  -3.933  23.531 0.0000000000
152275  53.016  -3.938  22.590 0.0000000000
152279  51.948  -4.436  21.619 0.0000000000
152281  52.497  -4.152  21.319 0.0000000000
152286  52.201  -3.418  22.341 0.0000000000
152287  51.245  -4.477  21.136 0.0000000000
152288  52.556  -3.528  21.327 0.0000000000
152323  47.140  2.201  16.457 0.0000000000
152325  46.292  1.098  15.997 0.0000000000
152328  46.574  1.848  15.458 0.0000000000
152331  44.549  0.656  15.824 0.0000000000
152332  43.026  1.628  16.568 0.0000000000
152336  44.514  1.243  15.668 0.0000000000
152337  44.564  1.476  15.615 0.0000000000
152338  44.220  1.658  15.674 0.0000000000
152342  45.168  1.183  15.369 0.0000000000
152345  44.771  1.726  15.517 0.0000000000
