#!ascii label  , from subject 4012 vox2ras=TkReg
979
52983  -37.287  -28.354  39.953 0.0000000000
43303  -22.532  -36.653  44.209 0.0000000000
46632  -30.578  -33.879  39.942 0.0000000000
80252  -43.429  -2.264  28.953 0.0000000000
84687  -47.448  1.266  23.195 0.0000000000
40156  -15.890  -38.254  48.107 0.0000000000
76947  -40.803  -5.115  30.959 0.0000000000
56247  -39.266  -24.793  38.202 0.0000000000
50774  -32.002  -30.027  40.649 0.0000000000
43277  -18.674  -37.027  45.395 0.0000000000
38082  -19.384  -41.544  47.720 0.0000000000
54149  -31.631  -26.729  36.876 0.0000000000
56267  -33.486  -24.881  36.081 0.0000000000
44446  -26.485  -36.573  42.190 0.0000000000
54088  -27.566  -25.346  40.498 0.0000000000
65146  -38.421  -16.429  29.244 0.0000000000
71784  -40.847  -10.655  29.417 0.0000000000
74891  -43.742  -8.165  27.617 0.0000000000
33854  -12.549  -44.624  49.394 0.0000000000
32655  -9.396  -45.848  52.711 0.0000000000
59420  -31.722  -21.526  36.240 0.0000000000
62749  -31.540  -18.092  34.499 0.0000000000
62794  -34.930  -19.012  31.595 0.0000000000
37041  -15.920  -42.643  48.339 0.0000000000
42197  -22.467  -38.274  45.975 0.0000000000
42200  -24.776  -38.793  45.726 0.0000000000
51908  -34.523  -29.408  39.967 0.0000000000
46536  -21.167  -33.223  44.511 0.0000000000
44410  -20.366  -36.208  44.807 0.0000000000
41200  -21.280  -38.945  45.942 0.0000000000
54091  -31.255  -24.867  39.950 0.0000000000
55217  -29.138  -25.540  38.349 0.0000000000
69701  -36.927  -12.409  30.389 0.0000000000
68652  -40.108  -13.453  28.664 0.0000000000
71782  -38.249  -10.007  29.895 0.0000000000
75952  -41.333  -6.496  28.158 0.0000000000
77003  -42.476  -5.450  27.697 0.0000000000
76994  -45.645  -6.149  27.360 0.0000000000
78093  -44.487  -3.765  26.276 0.0000000000
79209  -46.102  -3.261  25.580 0.0000000000
58283  -32.205  -22.859  39.356 0.0000000000
58317  -32.571  -22.962  36.228 0.0000000000
59378  -31.028  -21.456  39.852 0.0000000000
64977  -30.408  -16.879  36.465 0.0000000000
65027  -32.109  -15.829  34.157 0.0000000000
62775  -33.771  -19.363  33.124 0.0000000000
65100  -34.165  -16.434  32.366 0.0000000000
65116  -35.617  -16.022  31.361 0.0000000000
44474  -28.831  -35.580  40.744 0.0000000000
38064  -13.561  -40.938  48.847 0.0000000000
38078  -15.495  -40.816  47.654 0.0000000000
29566  -9.973  -49.381  53.544 0.0000000000
30561  -9.435  -49.859  54.908 0.0000000000
74856  -38.907  -7.185  32.345 0.0000000000
58287  -38.769  -22.387  39.247 0.0000000000
48639  -31.161  -31.860  40.777 0.0000000000
42177  -17.423  -37.761  46.535 0.0000000000
39127  -17.584  -40.203  46.535 0.0000000000
40191  -19.009  -39.798  45.699 0.0000000000
84698  -48.354  1.458  21.708 0.0000000000
53012  -33.748  -28.309  37.962 0.0000000000
54165  -35.113  -26.880  36.639 0.0000000000
55249  -32.886  -25.594  36.299 0.0000000000
45542  -22.785  -34.157  42.606 0.0000000000
43305  -24.210  -37.285  43.386 0.0000000000
45556  -24.715  -33.613  42.004 0.0000000000
46630  -26.174  -32.953  40.867 0.0000000000
48657  -26.926  -31.458  40.020 0.0000000000
51871  -26.613  -28.149  42.132 0.0000000000
49670  -27.809  -30.372  39.581 0.0000000000
51903  -29.857  -28.768  39.493 0.0000000000
51919  -31.373  -28.561  38.718 0.0000000000
61741  -39.832  -19.347  30.166 0.0000000000
73832  -39.532  -8.119  29.598 0.0000000000
72798  -41.891  -9.596  29.129 0.0000000000
80291  -47.806  -2.049  24.661 0.0000000000
32687  -10.797  -45.904  51.091 0.0000000000
30582  -11.742  -48.767  52.159 0.0000000000
56270  -36.746  -24.555  36.219 0.0000000000
58320  -36.427  -22.430  36.186 0.0000000000
60503  -35.422  -20.954  36.987 0.0000000000
61585  -29.561  -19.405  38.422 0.0000000000
61625  -31.410  -19.590  35.865 0.0000000000
62681  -35.197  -19.525  36.821 0.0000000000
62729  -35.752  -19.001  35.812 0.0000000000
61672  -36.598  -20.873  34.269 0.0000000000
61714  -38.553  -20.677  32.122 0.0000000000
62827  -36.820  -18.211  30.258 0.0000000000
66373  -36.349  -15.101  30.560 0.0000000000
43286  -27.574  -38.519  45.215 0.0000000000
38037  -12.207  -41.563  50.341 0.0000000000
34962  -14.202  -43.815  48.503 0.0000000000
38068  -17.520  -42.172  48.074 0.0000000000
28621  -7.847  -49.952  54.537 0.0000000000
43281  -22.312  -37.494  45.105 0.0000000000
42199  -23.708  -38.728  46.001 0.0000000000
43282  -23.165  -37.599  44.675 0.0000000000
51909  -35.453  -29.099  40.061 0.0000000000
44427  -21.691  -35.435  43.631 0.0000000000
45524  -20.376  -34.876  44.477 0.0000000000
43302  -21.638  -36.465  44.405 0.0000000000
42216  -21.788  -37.763  45.519 0.0000000000
70724  -37.093  -11.003  31.004 0.0000000000
70738  -37.749  -11.375  29.765 0.0000000000
71753  -37.492  -10.048  32.082 0.0000000000
79182  -42.803  -2.846  29.093 0.0000000000
78063  -41.965  -4.306  28.283 0.0000000000
78078  -42.797  -4.210  27.680 0.0000000000
78079  -44.077  -4.354  26.700 0.0000000000
79194  -43.385  -3.062  27.212 0.0000000000
80272  -44.615  -2.352  26.523 0.0000000000
59379  -31.944  -22.254  39.901 0.0000000000
66267  -31.659  -15.285  35.581 0.0000000000
65055  -32.653  -15.534  33.691 0.0000000000
65057  -34.552  -14.353  33.430 0.0000000000
65085  -35.364  -14.890  33.047 0.0000000000
45566  -29.572  -34.760  40.088 0.0000000000
44463  -29.405  -36.148  41.581 0.0000000000
45567  -30.409  -34.813  41.020 0.0000000000
40154  -14.945  -39.533  48.390 0.0000000000
40174  -15.564  -39.523  47.734 0.0000000000
82474  -48.019  -0.595  23.059 0.0000000000
30567  -9.309  -49.257  54.186 0.0000000000
55204  -40.614  -25.854  38.926 0.0000000000
57281  -38.709  -22.884  38.609 0.0000000000
49652  -31.602  -30.910  41.105 0.0000000000
49641  -33.037  -31.436  41.725 0.0000000000
44392  -18.704  -35.533  45.922 0.0000000000
43244  -17.910  -36.047  46.591 0.0000000000
42179  -17.689  -36.177  47.674 0.0000000000
43243  -17.934  -36.914  46.472 0.0000000000
40203  -18.254  -38.755  45.868 0.0000000000
41209  -18.933  -38.411  45.327 0.0000000000
41175  -22.389  -39.455  47.473 0.0000000000
40177  -21.300  -39.902  46.741 0.0000000000
53031  -32.298  -27.628  36.967 0.0000000000
53045  -33.539  -27.240  36.742 0.0000000000
54162  -32.318  -26.479  36.608 0.0000000000
46589  -23.152  -33.040  43.155 0.0000000000
45543  -23.624  -33.967  42.436 0.0000000000
46610  -24.628  -33.123  42.730 0.0000000000
47611  -25.883  -32.231  42.402 0.0000000000
47624  -26.215  -31.994  41.122 0.0000000000
46650  -27.162  -32.964  40.298 0.0000000000
48646  -26.729  -31.364  40.975 0.0000000000
55158  -27.745  -24.764  42.865 0.0000000000
54067  -26.608  -26.087  42.116 0.0000000000
51887  -26.373  -28.409  40.657 0.0000000000
51901  -27.144  -28.119  39.602 0.0000000000
50786  -29.110  -29.402  39.755 0.0000000000
52981  -27.650  -26.730  39.397 0.0000000000
54131  -30.000  -26.015  37.537 0.0000000000
52992  -30.195  -27.445  38.151 0.0000000000
51939  -31.075  -27.804  37.844 0.0000000000
51941  -32.799  -28.570  37.955 0.0000000000
63934  -39.502  -17.837  29.659 0.0000000000
62831  -41.093  -18.524  30.010 0.0000000000
65132  -39.856  -17.113  29.332 0.0000000000
69721  -40.518  -12.464  28.788 0.0000000000
68653  -41.497  -13.291  28.873 0.0000000000
75907  -39.261  -6.618  31.961 0.0000000000
74868  -38.715  -7.435  30.626 0.0000000000
75940  -39.707  -6.689  29.846 0.0000000000
75953  -42.018  -7.085  27.844 0.0000000000
73844  -41.594  -8.458  28.471 0.0000000000
73845  -42.488  -8.807  28.292 0.0000000000
72786  -43.346  -10.417  29.215 0.0000000000
79210  -46.955  -3.316  25.222 0.0000000000
81393  -46.790  -1.544  24.913 0.0000000000
81401  -46.935  -1.117  24.295 0.0000000000
35960  -11.685  -43.441  51.072 0.0000000000
35945  -10.905  -43.544  51.488 0.0000000000
33811  -11.158  -45.188  50.681 0.0000000000
31571  -12.398  -48.169  51.574 0.0000000000
29568  -11.873  -49.794  53.414 0.0000000000
55250  -33.964  -25.988  35.870 0.0000000000
55252  -36.474  -25.397  36.430 0.0000000000
56276  -34.471  -24.263  35.429 0.0000000000
58316  -32.115  -22.294  35.890 0.0000000000
58326  -34.152  -22.620  35.434 0.0000000000
59430  -33.603  -21.979  35.432 0.0000000000
60520  -35.433  -21.078  36.541 0.0000000000
60518  -33.682  -20.542  36.240 0.0000000000
62661  -29.968  -17.460  39.204 0.0000000000
63851  -30.701  -17.503  35.292 0.0000000000
62698  -30.593  -18.994  35.813 0.0000000000
61644  -31.817  -19.195  35.499 0.0000000000
62699  -33.330  -19.261  36.634 0.0000000000
62726  -32.678  -19.159  35.632 0.0000000000
62701  -35.118  -19.111  36.316 0.0000000000
62752  -34.254  -19.520  35.206 0.0000000000
62793  -33.940  -19.001  32.394 0.0000000000
61692  -34.770  -20.291  33.566 0.0000000000
61712  -36.164  -20.750  32.274 0.0000000000
61694  -36.919  -21.384  33.207 0.0000000000
61729  -36.669  -20.035  31.367 0.0000000000
61730  -37.818  -20.094  31.271 0.0000000000
62808  -35.992  -18.743  30.848 0.0000000000
66357  -36.047  -15.097  31.636 0.0000000000
65129  -35.923  -16.214  30.622 0.0000000000
66358  -36.827  -14.446  32.395 0.0000000000
44445  -25.240  -36.177  42.193 0.0000000000
43306  -25.511  -37.629  43.635 0.0000000000
43307  -26.765  -37.724  43.977 0.0000000000
37040  -14.817  -42.675  47.999 0.0000000000
37039  -13.997  -42.590  48.511 0.0000000000
35993  -14.501  -43.402  48.381 0.0000000000
38090  -18.396  -41.150  46.563 0.0000000000
38080  -17.028  -41.103  47.016 0.0000000000
38069  -18.628  -42.064  48.344 0.0000000000
41176  -22.959  -39.352  47.653 0.0000000000
42167  -24.045  -39.204  47.419 0.0000000000
42183  -24.386  -38.852  46.806 0.0000000000
42185  -26.448  -39.332  46.919 0.0000000000
51891  -33.044  -29.930  40.285 0.0000000000
50760  -33.168  -30.557  40.876 0.0000000000
45471  -19.669  -33.841  45.885 0.0000000000
44409  -19.572  -35.413  45.042 0.0000000000
43278  -19.240  -36.652  45.100 0.0000000000
42214  -20.055  -37.628  45.252 0.0000000000
42215  -21.044  -37.820  45.452 0.0000000000
42196  -21.871  -38.419  46.053 0.0000000000
54109  -31.235  -25.562  38.707 0.0000000000
54133  -31.992  -25.656  38.407 0.0000000000
54069  -28.937  -24.847  41.652 0.0000000000
54106  -28.398  -25.573  39.027 0.0000000000
55187  -30.391  -25.271  39.536 0.0000000000
67519  -37.386  -14.310  29.548 0.0000000000
66386  -38.997  -15.423  29.095 0.0000000000
69719  -38.351  -12.653  29.032 0.0000000000
70755  -38.674  -11.901  29.216 0.0000000000
71783  -39.664  -10.314  29.710 0.0000000000
76962  -40.726  -5.308  29.847 0.0000000000
76981  -41.468  -5.115  29.089 0.0000000000
76992  -41.727  -5.637  27.992 0.0000000000
75964  -43.330  -6.322  27.371 0.0000000000
74892  -44.520  -7.789  27.539 0.0000000000
75965  -44.117  -6.278  26.943 0.0000000000
78080  -44.972  -4.979  26.643 0.0000000000
77016  -46.011  -4.951  25.713 0.0000000000
79208  -45.415  -3.582  25.703 0.0000000000
80273  -45.169  -2.366  26.176 0.0000000000
33831  -13.101  -45.704  49.531 0.0000000000
32707  -12.483  -45.929  49.795 0.0000000000
32709  -13.619  -46.650  50.346 0.0000000000
58296  -32.384  -23.325  38.745 0.0000000000
57309  -33.050  -23.823  36.612 0.0000000000
58295  -32.324  -22.846  38.251 0.0000000000
58294  -32.085  -22.473  37.886 0.0000000000
59396  -30.733  -21.639  38.343 0.0000000000
63810  -30.116  -16.558  37.879 0.0000000000
65004  -31.307  -15.643  36.524 0.0000000000
66266  -31.314  -15.989  35.110 0.0000000000
63864  -31.698  -17.530  34.181 0.0000000000
62773  -32.520  -18.131  33.683 0.0000000000
65081  -32.342  -17.142  33.484 0.0000000000
63899  -33.766  -17.654  32.221 0.0000000000
63900  -34.402  -18.124  31.773 0.0000000000
63915  -35.168  -17.675  31.329 0.0000000000
65114  -34.724  -16.424  32.076 0.0000000000
44461  -27.048  -35.982  41.476 0.0000000000
44447  -27.731  -36.685  42.299 0.0000000000
44448  -28.911  -36.653  42.391 0.0000000000
39105  -14.475  -40.485  48.265 0.0000000000
38066  -15.240  -41.479  47.798 0.0000000000
31568  -9.226  -47.851  52.414 0.0000000000
32654  -8.904  -46.125  52.914 0.0000000000
30572  -8.647  -47.893  53.145 0.0000000000
31554  -8.047  -47.331  53.959 0.0000000000
30560  -8.348  -48.673  54.330 0.0000000000
59366  -37.933  -21.076  39.981 0.0000000000
47625  -30.491  -32.568  40.162 0.0000000000
46614  -31.280  -34.249  41.112 0.0000000000
42164  -17.480  -36.699  48.215 0.0000000000
41187  -16.804  -37.908  47.008 0.0000000000
40175  -16.155  -38.827  47.426 0.0000000000
40189  -17.115  -39.079  46.695 0.0000000000
39128  -18.581  -40.585  46.279 0.0000000000
39118  -19.229  -41.081  46.849 0.0000000000
41199  -20.560  -39.060  45.672 0.0000000000
40176  -20.617  -40.128  46.409 0.0000000000
39107  -20.711  -41.394  48.298 0.0000000000
84688  -47.866  1.413  22.435 0.0000000000
52995  -35.785  -28.476  39.139 0.0000000000
53015  -36.238  -27.903  38.624 0.0000000000
53034  -35.057  -27.631  37.430 0.0000000000
54164  -34.340  -26.844  36.516 0.0000000000
56266  -33.231  -25.222  36.378 0.0000000000
55221  -32.562  -25.250  38.920 0.0000000000
55222  -32.817  -24.697  38.820 0.0000000000
56245  -32.770  -24.277  38.492 0.0000000000
58284  -32.875  -23.110  39.916 0.0000000000
44443  -22.560  -35.015  43.137 0.0000000000
43304  -23.417  -36.941  43.953 0.0000000000
44444  -23.739  -35.673  42.510 0.0000000000
44458  -24.060  -34.596  42.227 0.0000000000
44460  -25.836  -35.592  41.528 0.0000000000
46611  -25.174  -32.932  42.711 0.0000000000
45562  -25.243  -33.453  41.709 0.0000000000
44472  -26.457  -34.930  41.038 0.0000000000
45564  -26.923  -34.172  40.289 0.0000000000
45578  -27.760  -33.932  39.651 0.0000000000
47643  -28.584  -32.307  39.386 0.0000000000
51872  -26.624  -29.007  42.943 0.0000000000
50771  -26.482  -29.884  40.555 0.0000000000
49669  -26.966  -30.597  39.907 0.0000000000
47644  -29.626  -32.224  39.654 0.0000000000
48647  -29.482  -31.092  39.960 0.0000000000
50772  -30.234  -29.843  40.004 0.0000000000
51888  -30.753  -29.359  40.066 0.0000000000
52990  -28.680  -26.774  38.518 0.0000000000
51904  -30.944  -28.845  39.528 0.0000000000
51905  -31.888  -29.006  39.630 0.0000000000
51906  -32.740  -29.430  39.549 0.0000000000
51922  -34.250  -28.866  39.289 0.0000000000
46562  -21.821  -33.200  43.739 0.0000000000
66388  -41.286  -15.561  29.013 0.0000000000
73806  -37.727  -8.118  31.546 0.0000000000
72781  -38.362  -8.991  30.359 0.0000000000
72783  -40.385  -9.619  29.584 0.0000000000
74888  -40.422  -7.590  28.718 0.0000000000
73833  -40.362  -8.571  29.215 0.0000000000
72784  -41.690  -10.264  29.344 0.0000000000
72764  -42.996  -10.694  29.523 0.0000000000
81402  -47.706  -1.430  24.088 0.0000000000
82473  -47.349  -0.451  23.332 0.0000000000
83587  -46.917  0.526  23.422 0.0000000000
33794  -9.959  -44.517  52.246 0.0000000000
32670  -9.702  -45.839  51.940 0.0000000000
32688  -11.895  -46.273  50.385 0.0000000000
31579  -10.866  -46.893  51.058 0.0000000000
31569  -9.638  -47.198  51.850 0.0000000000
30581  -10.377  -48.701  52.428 0.0000000000
55223  -36.901  -26.580  37.708 0.0000000000
55241  -37.367  -25.474  36.814 0.0000000000
56259  -37.507  -24.551  36.546 0.0000000000
57319  -34.760  -23.307  35.282 0.0000000000
57310  -36.467  -23.535  35.922 0.0000000000
57302  -37.584  -23.360  36.898 0.0000000000
58297  -37.512  -22.038  37.617 0.0000000000
59400  -37.340  -21.420  38.189 0.0000000000
60465  -36.281  -20.473  38.349 0.0000000000
60483  -30.103  -20.869  38.673 0.0000000000
60499  -30.246  -21.045  37.519 0.0000000000
62678  -29.673  -18.451  37.762 0.0000000000
61624  -30.303  -19.671  36.418 0.0000000000
60516  -30.892  -20.686  36.571 0.0000000000
60500  -33.047  -19.836  36.490 0.0000000000
61607  -34.690  -20.140  37.352 0.0000000000
61670  -34.630  -19.990  34.633 0.0000000000
61647  -36.416  -20.278  35.173 0.0000000000
61731  -38.923  -20.047  31.044 0.0000000000
62829  -38.980  -19.082  29.573 0.0000000000
63951  -37.797  -16.946  29.418 0.0000000000
63930  -35.757  -17.435  30.602 0.0000000000
65144  -36.564  -15.953  29.743 0.0000000000
66384  -37.140  -15.249  29.558 0.0000000000
67505  -36.771  -14.240  30.300 0.0000000000
69686  -36.652  -12.885  31.209 0.0000000000
43284  -24.993  -38.142  44.381 0.0000000000
42218  -25.587  -38.508  45.230 0.0000000000
43308  -28.049  -37.658  44.189 0.0000000000
35967  -12.245  -43.423  50.266 0.0000000000
38051  -13.051  -41.318  49.314 0.0000000000
35979  -12.917  -43.318  49.014 0.0000000000
34939  -12.771  -44.171  49.122 0.0000000000
33857  -14.605  -45.540  49.628 0.0000000000
39115  -16.179  -40.102  47.312 0.0000000000
38067  -16.410  -41.818  47.859 0.0000000000
37042  -16.762  -42.445  48.516 0.0000000000
30552  -9.548  -50.521  55.689 0.0000000000
29549  -8.975  -50.067  54.982 0.0000000000
29540  -7.235  -48.146  54.456 0.0000000000
54095  -37.852  -27.947  39.486 0.0000000000
52982  -36.340  -28.685  39.963 0.0000000000
71754  -37.574  -10.498  32.853 0.0000000000
79181  -42.830  -2.826  28.840 0.0000000000
78064  -42.252  -3.585  28.626 0.0000000000
79193  -42.629  -2.842  28.063 0.0000000000
80263  -43.492  -2.393  28.044 0.0000000000
80264  -44.173  -2.057  27.352 0.0000000000
66316  -33.534  -13.955  33.901 0.0000000000
46631  -29.860  -34.116  39.643 0.0000000000
40155  -15.566  -38.620  48.403 0.0000000000
82488  -47.792  -0.106  22.885 0.0000000000
82489  -48.339  -0.318  22.492 0.0000000000
83601  -47.799  0.527  22.615 0.0000000000
56233  -40.159  -24.301  38.816 0.0000000000
57283  -39.896  -23.701  39.106 0.0000000000
57294  -39.056  -23.899  38.173 0.0000000000
50758  -31.814  -30.379  40.912 0.0000000000
49653  -32.341  -31.321  41.480 0.0000000000
50759  -32.443  -30.631  41.175 0.0000000000
43259  -18.528  -36.319  45.628 0.0000000000
43258  -18.189  -36.912  45.926 0.0000000000
42212  -18.520  -37.657  45.582 0.0000000000
42213  -19.188  -37.658  45.230 0.0000000000
53030  -31.693  -27.315  36.914 0.0000000000
53043  -32.103  -27.101  36.629 0.0000000000
46590  -24.061  -32.908  43.159 0.0000000000
47613  -26.385  -31.210  42.983 0.0000000000
48637  -26.460  -31.214  42.118 0.0000000000
49651  -26.551  -30.626  42.540 0.0000000000
55174  -27.573  -24.908  41.733 0.0000000000
55184  -27.054  -25.560  41.726 0.0000000000
54087  -26.790  -26.007  41.152 0.0000000000
52980  -26.653  -26.852  40.266 0.0000000000
54132  -31.102  -26.277  37.735 0.0000000000
53010  -30.334  -26.992  37.693 0.0000000000
53011  -31.192  -27.118  37.345 0.0000000000
51957  -31.779  -27.845  37.381 0.0000000000
65131  -39.036  -17.032  29.500 0.0000000000
65147  -39.495  -16.390  29.063 0.0000000000
70757  -40.560  -11.759  28.986 0.0000000000
69702  -41.068  -12.164  29.092 0.0000000000
71785  -41.916  -11.096  29.438 0.0000000000
75908  -40.188  -5.693  31.679 0.0000000000
75925  -39.266  -6.533  30.745 0.0000000000
75926  -40.178  -5.939  30.374 0.0000000000
73859  -43.123  -8.030  27.621 0.0000000000
73858  -42.670  -8.211  27.844 0.0000000000
73846  -43.367  -8.758  27.886 0.0000000000
72811  -43.247  -9.434  28.323 0.0000000000
82455  -45.901  -0.519  25.549 0.0000000000
34915  -11.947  -44.089  50.282 0.0000000000
34903  -11.376  -44.302  50.559 0.0000000000
33830  -12.111  -45.074  49.805 0.0000000000
56268  -34.631  -25.293  35.648 0.0000000000
56275  -33.603  -24.109  35.796 0.0000000000
58315  -31.701  -22.040  36.118 0.0000000000
59429  -33.038  -22.065  35.510 0.0000000000
59421  -32.844  -21.480  35.699 0.0000000000
59422  -34.064  -21.231  35.692 0.0000000000
62725  -31.231  -18.658  35.048 0.0000000000
62727  -34.033  -19.256  35.781 0.0000000000
62751  -33.269  -19.281  34.700 0.0000000000
61711  -34.951  -20.120  32.436 0.0000000000
61728  -35.680  -19.849  31.609 0.0000000000
43322  -26.026  -36.939  43.076 0.0000000000
35994  -15.420  -43.637  48.716 0.0000000000
35995  -16.083  -43.257  48.912 0.0000000000
38081  -18.356  -41.494  47.162 0.0000000000
55203  -39.543  -26.343  38.694 0.0000000000
42181  -22.944  -38.684  46.867 0.0000000000
42166  -23.454  -39.118  47.331 0.0000000000
42182  -23.597  -38.747  46.814 0.0000000000
43262  -23.794  -38.425  45.088 0.0000000000
42184  -25.376  -39.042  47.021 0.0000000000
51907  -33.646  -29.611  39.611 0.0000000000
51892  -33.971  -30.364  40.259 0.0000000000
46518  -21.194  -32.852  45.212 0.0000000000
45501  -20.616  -33.573  45.152 0.0000000000
44426  -20.669  -35.614  44.447 0.0000000000
44425  -20.162  -35.091  44.668 0.0000000000
43279  -20.254  -36.750  45.120 0.0000000000
42180  -22.400  -38.674  46.582 0.0000000000
54110  -31.950  -25.501  39.553 0.0000000000
54089  -29.087  -25.211  40.346 0.0000000000
54072  -32.053  -25.143  41.673 0.0000000000
55198  -30.494  -25.531  38.924 0.0000000000
68649  -37.193  -13.298  29.732 0.0000000000
68650  -37.905  -13.441  29.178 0.0000000000
69718  -37.578  -12.511  29.457 0.0000000000
71781  -37.605  -10.518  30.334 0.0000000000
70739  -39.028  -11.088  29.536 0.0000000000
78038  -41.545  -4.306  29.694 0.0000000000
78077  -42.214  -4.705  27.916 0.0000000000
76993  -41.874  -4.948  28.221 0.0000000000
75963  -42.347  -6.539  27.654 0.0000000000
77004  -43.585  -5.386  27.185 0.0000000000
78094  -45.115  -4.369  26.093 0.0000000000
58307  -32.633  -23.276  37.593 0.0000000000
59397  -31.620  -22.086  38.706 0.0000000000
59411  -31.407  -22.226  37.518 0.0000000000
66290  -31.780  -15.560  34.602 0.0000000000
65026  -31.111  -16.728  34.964 0.0000000000
66313  -31.665  -16.414  34.271 0.0000000000
63881  -32.182  -17.593  33.760 0.0000000000
65054  -31.949  -16.599  33.815 0.0000000000
65083  -33.460  -15.927  32.954 0.0000000000
65099  -33.354  -16.855  32.554 0.0000000000
63914  -34.516  -17.106  31.819 0.0000000000
65101  -35.032  -15.742  32.419 0.0000000000
44473  -27.615  -35.363  40.778 0.0000000000
44462  -28.260  -36.190  41.475 0.0000000000
44464  -30.451  -35.745  41.737 0.0000000000
44449  -30.049  -36.591  42.495 0.0000000000
39106  -15.156  -40.426  47.880 0.0000000000
30573  -9.357  -48.586  53.121 0.0000000000
31561  -8.870  -47.251  52.726 0.0000000000
30566  -8.511  -48.269  53.649 0.0000000000
58274  -39.144  -22.145  39.694 0.0000000000
59367  -38.881  -21.448  40.068 0.0000000000
58273  -38.530  -21.807  39.431 0.0000000000
47614  -31.346  -33.139  40.761 0.0000000000
42178  -17.476  -37.022  47.040 0.0000000000
41188  -17.057  -37.301  47.868 0.0000000000
41197  -17.469  -38.408  46.402 0.0000000000
40204  -18.625  -38.981  45.591 0.0000000000
40190  -18.041  -39.298  46.076 0.0000000000
39129  -19.605  -40.396  46.382 0.0000000000
41211  -20.599  -38.401  45.492 0.0000000000
41210  -19.829  -38.569  45.394 0.0000000000
39120  -21.359  -40.352  47.532 0.0000000000
39119  -20.419  -40.722  47.328 0.0000000000
53013  -34.656  -28.128  37.986 0.0000000000
53033  -34.211  -27.663  37.207 0.0000000000
54163  -33.266  -26.542  36.361 0.0000000000
54111  -32.459  -24.943  40.042 0.0000000000
55220  -32.359  -25.574  38.368 0.0000000000
55199  -32.660  -24.893  39.743 0.0000000000
56231  -33.393  -23.842  40.566 0.0000000000
56230  -33.380  -24.055  39.739 0.0000000000
57292  -32.810  -23.706  39.145 0.0000000000
45555  -24.263  -33.800  42.323 0.0000000000
44459  -24.704  -34.791  41.826 0.0000000000
47623  -25.927  -32.282  41.698 0.0000000000
46629  -25.630  -32.774  41.725 0.0000000000
45563  -25.873  -33.777  41.008 0.0000000000
44471  -25.498  -34.452  41.410 0.0000000000
47641  -26.882  -32.048  40.413 0.0000000000
47642  -27.503  -32.282  39.744 0.0000000000
46651  -28.188  -33.197  39.533 0.0000000000
52949  -26.644  -27.029  42.733 0.0000000000
54028  -26.500  -25.998  44.598 0.0000000000
52930  -26.423  -26.960  44.088 0.0000000000
51856  -26.445  -27.985  43.391 0.0000000000
50756  -26.436  -29.339  41.693 0.0000000000
50784  -26.952  -29.468  39.818 0.0000000000
48658  -27.729  -31.405  39.602 0.0000000000
48659  -29.034  -31.238  39.529 0.0000000000
49671  -28.669  -30.150  39.667 0.0000000000
51938  -30.494  -27.522  38.116 0.0000000000
51918  -30.322  -28.033  38.597 0.0000000000
51920  -32.332  -28.781  38.839 0.0000000000
51921  -33.368  -28.790  38.908 0.0000000000
52993  -34.173  -28.440  38.651 0.0000000000
52994  -34.925  -28.473  38.761 0.0000000000
46588  -22.488  -33.375  43.289 0.0000000000
46563  -22.566  -32.636  44.006 0.0000000000
45541  -22.123  -34.083  43.149 0.0000000000
44442  -22.016  -34.674  43.402 0.0000000000
61732  -39.978  -19.700  31.090 0.0000000000
63953  -41.271  -17.144  29.471 0.0000000000
62832  -41.999  -18.517  30.361 0.0000000000
67521  -39.566  -14.456  28.915 0.0000000000
66387  -40.138  -15.484  29.056 0.0000000000
67522  -40.766  -14.474  28.775 0.0000000000
74840  -37.900  -7.596  33.051 0.0000000000
73805  -37.517  -8.418  32.269 0.0000000000
74855  -38.208  -7.449  32.164 0.0000000000
73821  -38.148  -8.126  30.667 0.0000000000
73822  -38.939  -8.298  30.107 0.0000000000
72782  -39.248  -9.332  30.021 0.0000000000
73823  -39.692  -8.801  29.754 0.0000000000
75941  -40.463  -6.425  29.135 0.0000000000
75951  -40.670  -7.013  28.408 0.0000000000
73835  -41.987  -9.117  28.742 0.0000000000
73843  -40.895  -8.298  28.656 0.0000000000
73834  -41.306  -8.929  28.945 0.0000000000
72797  -41.126  -9.407  29.278 0.0000000000
72763  -42.413  -10.557  29.400 0.0000000000
72785  -42.489  -10.233  29.242 0.0000000000
75954  -44.994  -6.732  27.433 0.0000000000
78105  -47.261  -4.230  25.105 0.0000000000
80282  -47.517  -2.496  25.020 0.0000000000
80283  -48.062  -2.913  24.980 0.0000000000
80292  -48.405  -2.458  24.602 0.0000000000
82462  -46.505  -0.468  24.467 0.0000000000
82463  -46.985  -0.772  23.929 0.0000000000
82472  -46.721  -0.176  23.743 0.0000000000
34902  -10.788  -44.320  51.130 0.0000000000
34892  -10.411  -44.039  51.855 0.0000000000
33810  -10.493  -45.018  51.581 0.0000000000
33793  -9.841  -45.115  51.826 0.0000000000
32686  -10.205  -45.566  51.589 0.0000000000
32689  -13.012  -47.015  50.480 0.0000000000
31570  -11.112  -47.944  51.537 0.0000000000
31580  -12.014  -47.408  50.868 0.0000000000
31578  -10.230  -46.306  51.477 0.0000000000
54135  -36.082  -27.221  37.762 0.0000000000
54136  -36.762  -27.235  38.087 0.0000000000
54153  -36.233  -26.931  37.589 0.0000000000
55253  -37.070  -25.019  36.452 0.0000000000
57308  -32.963  -23.383  36.112 0.0000000000
57318  -33.665  -23.408  35.678 0.0000000000
58327  -35.168  -22.548  35.445 0.0000000000
57320  -35.576  -23.196  35.484 0.0000000000
58328  -35.901  -22.786  35.730 0.0000000000
57301  -36.840  -22.948  36.537 0.0000000000
58309  -37.490  -22.617  37.365 0.0000000000
58308  -37.078  -22.366  36.942 0.0000000000
59412  -36.158  -21.150  36.954 0.0000000000
59399  -36.311  -21.015  37.898 0.0000000000
60485  -35.586  -20.222  37.763 0.0000000000
62644  -29.705  -18.720  39.544 0.0000000000
61569  -29.690  -19.383  39.476 0.0000000000
60482  -29.631  -20.177  39.037 0.0000000000
60498  -30.096  -20.153  37.997 0.0000000000
64978  -30.589  -16.222  37.043 0.0000000000
63809  -29.924  -17.301  37.140 0.0000000000
62697  -29.941  -18.549  36.510 0.0000000000
60517  -32.496  -20.309  36.266 0.0000000000
62679  -33.531  -19.349  36.876 0.0000000000
62662  -34.668  -19.929  37.086 0.0000000000
61571  -35.381  -19.822  38.176 0.0000000000
62663  -35.063  -19.955  37.507 0.0000000000
62728  -34.995  -18.993  35.774 0.0000000000
62774  -33.145  -18.766  33.436 0.0000000000
61690  -33.407  -19.520  34.151 0.0000000000
61691  -33.898  -19.721  33.754 0.0000000000
61693  -35.735  -20.922  33.332 0.0000000000
61671  -35.621  -20.393  34.374 0.0000000000
61695  -38.149  -21.269  33.138 0.0000000000
61696  -39.236  -20.759  33.158 0.0000000000
61715  -39.647  -20.349  32.080 0.0000000000
62809  -37.165  -19.283  30.552 0.0000000000
62810  -38.227  -19.512  30.387 0.0000000000
62828  -37.807  -18.547  30.019 0.0000000000
63932  -37.344  -17.580  29.724 0.0000000000
65128  -35.473  -16.747  31.100 0.0000000000
66383  -36.699  -15.047  29.912 0.0000000000
67518  -36.968  -14.703  29.794 0.0000000000
68611  -36.685  -13.372  31.438 0.0000000000
44429  -23.437  -36.621  43.202 0.0000000000
43283  -23.963  -37.901  44.302 0.0000000000
43285  -26.160  -38.160  44.681 0.0000000000
42219  -26.492  -38.594  45.489 0.0000000000
43324  -28.470  -37.244  43.196 0.0000000000
45558  -31.840  -34.778  42.011 0.0000000000
37014  -12.204  -42.889  50.979 0.0000000000
37015  -12.332  -42.614  50.371 0.0000000000
39090  -13.097  -40.496  49.783 0.0000000000
38050  -12.828  -40.705  49.833 0.0000000000
35980  -13.773  -43.318  48.627 0.0000000000
37028  -13.281  -42.488  48.893 0.0000000000
34940  -13.783  -44.283  48.763 0.0000000000
39116  -16.814  -39.873  46.968 0.0000000000
28622  -8.598  -50.376  54.773 0.0000000000
29548  -7.812  -49.109  54.542 0.0000000000
43260  -22.728  -38.113  45.684 0.0000000000
42198  -23.078  -38.403  46.192 0.0000000000
43261  -23.099  -38.123  45.474 0.0000000000
45525  -20.752  -34.323  44.155 0.0000000000
43280  -21.162  -36.872  44.990 0.0000000000
71764  -37.672  -9.836  30.893 0.0000000000
78055  -41.859  -4.209  29.208 0.0000000000
79200  -44.173  -3.102  26.591 0.0000000000
59362  -31.593  -21.644  40.728 0.0000000000
59361  -31.104  -21.435  40.564 0.0000000000
65028  -32.238  -15.374  34.232 0.0000000000
66315  -33.035  -14.632  33.813 0.0000000000
65056  -33.537  -14.812  33.312 0.0000000000
65084  -34.332  -15.277  32.784 0.0000000000
44475  -29.751  -35.450  41.034 0.0000000000
40173  -15.306  -39.935  47.868 0.0000000000
81412  -48.453  -1.289  22.979 0.0000000000
81422  -48.767  -0.862  22.520 0.0000000000
29559  -10.332  -49.703  54.368 0.0000000000
29558  -9.684  -49.324  53.822 0.0000000000
30568  -9.945  -49.866  54.870 0.0000000000
57282  -39.149  -23.050  39.031 0.0000000000
49662  -30.588  -30.759  40.549 0.0000000000
48640  -31.929  -31.716  41.406 0.0000000000
44393  -19.021  -34.715  46.150 0.0000000000
44381  -18.531  -35.002  46.940 0.0000000000
43231  -18.003  -35.302  47.840 0.0000000000
42195  -17.911  -37.613  46.168 0.0000000000
42194  -17.672  -38.037  46.255 0.0000000000
41208  -18.355  -38.314  45.742 0.0000000000
40205  -19.291  -39.123  45.444 0.0000000000
41189  -21.982  -39.141  46.810 0.0000000000
40157  -21.870  -39.889  47.583 0.0000000000
53032  -33.133  -28.035  37.054 0.0000000000
53044  -32.758  -27.183  36.644 0.0000000000
55248  -32.350  -25.751  36.989 0.0000000000
46613  -25.975  -31.978  43.117 0.0000000000
47612  -26.146  -31.741  42.621 0.0000000000
55157  -27.137  -25.062  43.359 0.0000000000
52969  -26.483  -27.063  41.448 0.0000000000
50785  -27.921  -29.289  39.342 0.0000000000
51902  -28.472  -28.061  39.149 0.0000000000
54130  -29.229  -25.864  37.837 0.0000000000
53009  -29.383  -26.493  37.819 0.0000000000
51940  -31.885  -28.504  37.911 0.0000000000
51958  -32.372  -28.159  37.427 0.0000000000
62830  -40.105  -18.652  29.825 0.0000000000
63935  -40.612  -17.684  29.510 0.0000000000
65148  -40.631  -16.599  29.150 0.0000000000
75906  -38.732  -7.205  31.779 0.0000000000
75924  -38.766  -6.994  31.238 0.0000000000
74877  -39.240  -7.383  29.979 0.0000000000
74889  -41.080  -7.622  28.310 0.0000000000
74890  -41.956  -7.755  28.082 0.0000000000
72799  -42.704  -9.723  28.772 0.0000000000
72800  -43.714  -10.144  28.632 0.0000000000
80274  -45.839  -2.349  25.942 0.0000000000
80281  -46.621  -2.430  25.544 0.0000000000
81394  -47.489  -1.855  24.742 0.0000000000
35959  -11.100  -43.838  50.984 0.0000000000
29575  -11.384  -49.383  52.719 0.0000000000
55251  -35.431  -26.253  36.213 0.0000000000
56269  -35.755  -24.796  35.677 0.0000000000
57317  -33.057  -23.106  35.846 0.0000000000
58325  -33.105  -22.575  35.666 0.0000000000
59431  -34.563  -21.903  35.483 0.0000000000
59432  -35.290  -21.910  35.717 0.0000000000
59424  -35.835  -21.661  36.222 0.0000000000
59423  -35.034  -21.316  35.886 0.0000000000
60519  -34.716  -20.757  36.425 0.0000000000
62660  -29.742  -18.460  38.988 0.0000000000
63829  -30.545  -17.211  35.827 0.0000000000
63828  -30.291  -17.531  36.192 0.0000000000
62724  -30.435  -18.194  35.663 0.0000000000
61626  -32.586  -19.508  36.134 0.0000000000
61645  -32.098  -19.337  35.798 0.0000000000
62700  -34.028  -19.219  36.386 0.0000000000
61710  -34.245  -19.747  33.031 0.0000000000
61713  -37.383  -20.907  32.166 0.0000000000
66356  -35.616  -15.603  31.823 0.0000000000
67486  -36.555  -14.063  31.515 0.0000000000
43321  -24.897  -37.035  42.643 0.0000000000
38065  -14.006  -41.550  48.380 0.0000000000
38052  -13.557  -42.008  48.735 0.0000000000
34963  -14.648  -44.066  48.591 0.0000000000
38089  -17.923  -41.099  46.431 0.0000000000
55226  -39.763  -25.500  38.434 0.0000000000
41177  -23.676  -39.531  48.180 0.0000000000
50775  -32.607  -30.262  40.485 0.0000000000
45500  -20.223  -34.529  44.934 0.0000000000
44408  -18.869  -35.909  45.257 0.0000000000
41190  -22.563  -39.031  47.081 0.0000000000
54134  -32.322  -25.505  39.237 0.0000000000
55175  -28.194  -24.606  41.720 0.0000000000
54068  -28.002  -24.741  41.313 0.0000000000
54107  -29.312  -25.337  39.451 0.0000000000
54090  -30.124  -25.059  40.011 0.0000000000
55197  -29.772  -25.474  39.148 0.0000000000
55218  -29.811  -25.573  38.149 0.0000000000
55219  -30.478  -25.764  38.084 0.0000000000
66385  -37.931  -15.333  29.189 0.0000000000
67520  -38.438  -14.415  29.080 0.0000000000
68651  -38.906  -13.502  28.749 0.0000000000
69720  -39.357  -12.583  28.773 0.0000000000
70756  -39.709  -11.753  28.980 0.0000000000
70740  -40.189  -11.201  29.405 0.0000000000
76980  -40.920  -5.687  29.238 0.0000000000
75942  -40.993  -5.900  28.853 0.0000000000
76982  -41.774  -4.630  28.686 0.0000000000
75962  -41.831  -6.138  27.836 0.0000000000
74903  -42.557  -7.518  27.673 0.0000000000
74904  -43.363  -7.352  27.419 0.0000000000
74905  -44.062  -6.915  27.282 0.0000000000
77005  -44.740  -5.680  26.867 0.0000000000
78103  -45.840  -4.147  25.524 0.0000000000
79201  -44.830  -3.187  26.024 0.0000000000
79202  -45.461  -2.937  25.835 0.0000000000
33855  -12.935  -44.959  49.039 0.0000000000
32708  -13.035  -46.411  49.941 0.0000000000
57300  -32.594  -23.832  37.993 0.0000000000
58318  -32.813  -23.257  36.775 0.0000000000
58306  -32.450  -22.933  37.258 0.0000000000
59398  -31.972  -22.565  38.807 0.0000000000
58305  -31.922  -22.650  36.788 0.0000000000
58304  -31.509  -22.176  36.520 0.0000000000
59410  -30.842  -21.754  36.985 0.0000000000
64955  -30.696  -15.951  37.982 0.0000000000
66244  -31.823  -14.895  36.570 0.0000000000
65003  -30.820  -16.439  35.856 0.0000000000
63863  -31.200  -17.564  34.661 0.0000000000
62750  -32.110  -18.521  34.209 0.0000000000
63882  -32.663  -17.671  33.369 0.0000000000
65082  -32.731  -16.748  33.159 0.0000000000
63898  -33.146  -17.664  32.847 0.0000000000
62792  -33.478  -18.281  32.684 0.0000000000
65115  -35.188  -16.369  31.768 0.0000000000
66341  -35.480  -15.525  32.176 0.0000000000
66342  -36.086  -15.098  32.354 0.0000000000
43325  -29.570  -37.031  43.243 0.0000000000
39104  -13.898  -40.650  48.661 0.0000000000
40153  -14.484  -39.842  48.718 0.0000000000
39092  -14.158  -40.096  48.867 0.0000000000
38071  -20.239  -41.929  48.799 0.0000000000
31562  -9.187  -46.590  52.498 0.0000000000
32653  -8.589  -46.454  53.269 0.0000000000
31560  -8.396  -47.233  53.423 0.0000000000
31548  -7.876  -47.063  54.215 0.0000000000
74841  -38.647  -7.308  32.899 0.0000000000
75886  -40.121  -6.160  32.878 0.0000000000
75909  -41.516  -5.293  31.854 0.0000000000
59365  -37.534  -20.957  39.549 0.0000000000
46653  -30.087  -32.996  39.778 0.0000000000
46615  -32.106  -33.703  41.506 0.0000000000
50744  -33.054  -30.947  41.345 0.0000000000
41174  -17.087  -37.130  48.810 0.0000000000
41173  -16.333  -37.752  48.221 0.0000000000
40192  -20.019  -39.649  45.885 0.0000000000
40193  -20.845  -39.622  46.009 0.0000000000
39130  -20.191  -40.282  46.461 0.0000000000
38083  -20.056  -41.541  48.141 0.0000000000
52996  -36.640  -28.022  39.179 0.0000000000
53014  -35.672  -27.789  38.105 0.0000000000
54151  -34.883  -27.204  36.990 0.0000000000
54150  -31.900  -26.041  37.313 0.0000000000
55236  -32.292  -25.557  37.882 0.0000000000
55237  -32.711  -25.244  37.633 0.0000000000
55238  -32.824  -24.773  37.820 0.0000000000
56258  -32.843  -24.477  37.282 0.0000000000
59380  -32.566  -22.579  40.283 0.0000000000
58285  -32.924  -23.092  40.726 0.0000000000
44428  -22.905  -36.046  43.459 0.0000000000
46591  -24.853  -32.637  43.623 0.0000000000
46628  -25.357  -32.834  42.197 0.0000000000
44470  -24.994  -34.081  41.649 0.0000000000
45565  -28.247  -34.736  40.122 0.0000000000
45579  -28.793  -34.109  39.602 0.0000000000
45580  -29.442  -34.152  39.619 0.0000000000
46652  -29.453  -33.386  39.498 0.0000000000
50757  -26.571  -29.950  42.639 0.0000000000
49650  -26.782  -30.471  41.584 0.0000000000
49660  -26.767  -30.785  40.547 0.0000000000
48648  -29.931  -31.480  40.095 0.0000000000
49661  -29.583  -30.548  39.967 0.0000000000
50773  -31.215  -30.088  40.558 0.0000000000
51916  -28.766  -27.515  38.833 0.0000000000
52991  -29.628  -27.292  38.164 0.0000000000
51917  -29.240  -27.768  38.778 0.0000000000
51889  -31.522  -29.461  40.189 0.0000000000
51890  -32.300  -29.750  40.103 0.0000000000
51923  -34.988  -28.892  39.452 0.0000000000
46537  -21.741  -32.620  44.557 0.0000000000
47574  -21.424  -33.120  44.213 0.0000000000
45526  -21.538  -34.185  43.551 0.0000000000
62813  -41.447  -19.144  30.624 0.0000000000
72747  -37.360  -8.971  32.629 0.0000000000
72761  -37.586  -9.050  31.712 0.0000000000
72762  -37.739  -8.857  30.820 0.0000000000
74867  -38.321  -7.514  31.289 0.0000000000
74878  -39.836  -7.453  29.310 0.0000000000
71766  -42.533  -10.873  29.558 0.0000000000
81403  -49.003  -1.756  23.987 0.0000000000
81411  -47.891  -0.951  23.366 0.0000000000
83600  -47.419  0.351  23.012 0.0000000000
84677  -46.986  1.575  24.075 0.0000000000
33778  -9.684  -45.069  52.630 0.0000000000
30580  -9.540  -48.158  52.350 0.0000000000
30574  -10.077  -49.118  53.109 0.0000000000
29567  -10.726  -49.581  53.370 0.0000000000
54113  -37.421  -27.617  39.100 0.0000000000
55240  -36.394  -26.296  37.296 0.0000000000
55224  -37.505  -26.190  37.768 0.0000000000
56246  -38.420  -24.714  37.414 0.0000000000
56277  -35.453  -23.829  35.394 0.0000000000
57311  -37.101  -23.999  36.375 0.0000000000
57293  -38.528  -23.227  38.054 0.0000000000
58298  -37.888  -22.623  37.841 0.0000000000
59401  -37.926  -21.948  38.222 0.0000000000
59425  -36.598  -21.718  36.644 0.0000000000
59413  -36.876  -21.549  37.397 0.0000000000
59383  -37.975  -21.522  38.917 0.0000000000
59382  -37.385  -20.753  38.900 0.0000000000
60464  -30.708  -20.936  40.229 0.0000000000
61554  -30.060  -19.237  40.653 0.0000000000
60463  -30.305  -20.332  39.855 0.0000000000
59377  -30.464  -21.188  39.224 0.0000000000
63797  -29.816  -17.396  38.324 0.0000000000
61604  -29.585  -19.543  37.237 0.0000000000
60515  -29.838  -20.425  36.959 0.0000000000
60502  -34.647  -20.107  37.059 0.0000000000
61605  -33.337  -19.574  36.693 0.0000000000
61606  -34.169  -19.937  36.838 0.0000000000
61572  -36.162  -20.162  38.279 0.0000000000
61573  -36.836  -19.960  39.021 0.0000000000
63811  -35.654  -19.024  36.793 0.0000000000
62753  -35.030  -19.371  35.374 0.0000000000
61740  -39.329  -19.666  30.334 0.0000000000
62811  -38.851  -19.676  30.251 0.0000000000
63933  -38.406  -17.604  29.672 0.0000000000
63952  -38.270  -17.013  29.400 0.0000000000
62826  -36.263  -17.885  30.460 0.0000000000
63931  -36.415  -17.191  29.983 0.0000000000
63950  -37.048  -16.791  29.509 0.0000000000
65145  -37.461  -16.130  29.400 0.0000000000
68630  -36.841  -13.381  30.307 0.0000000000
68629  -36.590  -13.496  30.896 0.0000000000
69700  -36.680  -13.036  30.681 0.0000000000
69687  -36.992  -12.125  31.581 0.0000000000
70710  -37.337  -11.246  32.284 0.0000000000
43263  -24.494  -38.440  44.847 0.0000000000
42217  -24.980  -38.509  45.021 0.0000000000
42201  -25.976  -38.897  46.081 0.0000000000
43323  -27.241  -37.130  43.186 0.0000000000
43287  -29.052  -38.181  45.204 0.0000000000
43264  -27.880  -38.714  46.154 0.0000000000
44465  -31.279  -35.540  42.104 0.0000000000
34938  -12.318  -44.172  49.702 0.0000000000
37027  -12.614  -42.399  49.546 0.0000000000
35968  -12.540  -43.079  49.766 0.0000000000
35978  -12.525  -43.621  49.544 0.0000000000
33856  -13.969  -45.250  49.372 0.0000000000
34941  -15.090  -44.781  49.298 0.0000000000
39114  -15.604  -40.298  47.608 0.0000000000
38079  -15.990  -40.963  47.499 0.0000000000
38054  -18.876  -42.411  49.280 0.0000000000
37030  -17.337  -42.695  49.167 0.0000000000
37029  -16.638  -43.042  49.032 0.0000000000
83611  -48.234  0.571  21.992 0.0000000000
30553  -9.824  -50.289  55.427 0.0000000000
29550  -9.543  -50.118  55.089 0.0000000000
28613  -8.985  -50.847  55.502 0.0000000000
30559  -7.533  -47.762  54.392 0.0000000000
28632  -7.479  -50.045  54.156 0.0000000000
29556  -7.296  -49.211  54.156 0.0000000000
29557  -7.581  -49.595  54.363 0.0000000000
29541  -9.244  -50.649  55.721 0.0000000000
29542  -9.457  -50.434  55.404 0.0000000000
30544  -9.679  -50.549  55.890 0.0000000000
33809  -10.168  -45.192  51.666 0.0000000000
39117  -18.686  -41.155  46.653 0.0000000000
41172  -15.852  -38.012  48.579 0.0000000000
41198  -17.956  -38.408  46.067 0.0000000000
45557  -31.062  -35.033  41.613 0.0000000000
46561  -21.303  -33.482  43.966 0.0000000000
47575  -21.483  -32.929  44.383 0.0000000000
47588  -21.538  -33.143  43.992 0.0000000000
47589  -21.595  -32.934  44.164 0.0000000000
48638  -26.421  -30.908  42.953 0.0000000000
48660  -29.541  -31.639  39.780 0.0000000000
51956  -31.418  -27.535  37.333 0.0000000000
53008  -28.883  -26.216  37.956 0.0000000000
53042  -31.799  -27.044  36.686 0.0000000000
54108  -29.741  -25.331  39.549 0.0000000000
54129  -28.746  -25.857  38.252 0.0000000000
54152  -35.644  -26.964  37.205 0.0000000000
54161  -31.948  -26.851  36.630 0.0000000000
55159  -28.415  -24.606  42.379 0.0000000000
55173  -27.107  -25.357  42.503 0.0000000000
55185  -27.250  -25.472  41.256 0.0000000000
55186  -30.107  -25.302  39.585 0.0000000000
55195  -28.666  -25.565  38.737 0.0000000000
55196  -28.916  -25.444  38.784 0.0000000000
55216  -28.796  -25.608  38.528 0.0000000000
55239  -35.721  -26.368  37.046 0.0000000000
56232  -39.617  -24.011  38.550 0.0000000000
56257  -33.073  -25.057  36.902 0.0000000000
58286  -38.450  -22.431  38.698 0.0000000000
58319  -35.736  -22.263  35.840 0.0000000000
58324  -32.714  -22.145  35.591 0.0000000000
59381  -36.645  -20.634  38.568 0.0000000000
60462  -29.784  -20.025  39.498 0.0000000000
60484  -35.019  -20.101  37.507 0.0000000000
60501  -33.504  -19.944  36.604 0.0000000000
61570  -29.967  -19.330  40.039 0.0000000000
61586  -34.513  -20.034  37.235 0.0000000000
61587  -34.895  -19.938  37.784 0.0000000000
61588  -35.619  -20.110  37.917 0.0000000000
61668  -33.481  -19.483  34.440 0.0000000000
61669  -33.781  -19.649  34.478 0.0000000000
62647  -35.215  -20.018  37.802 0.0000000000
62680  -34.210  -19.707  36.790 0.0000000000
62682  -35.851  -19.062  37.158 0.0000000000
63850  -30.456  -17.613  35.724 0.0000000000
65002  -30.527  -17.010  36.095 0.0000000000
65053  -31.476  -16.822  34.392 0.0000000000
65130  -38.522  -17.029  29.428 0.0000000000
66289  -31.492  -16.229  34.599 0.0000000000
66291  -32.601  -14.787  34.593 0.0000000000
66314  -31.790  -16.100  34.290 0.0000000000
67506  -37.036  -13.811  29.962 0.0000000000
69722  -41.239  -12.572  28.955 0.0000000000
70754  -38.014  -12.078  29.298 0.0000000000
71765  -37.916  -9.379  30.408 0.0000000000
73787  -37.603  -7.857  32.403 0.0000000000
77002  -42.064  -5.931  27.749 0.0000000000
77028  -46.248  -4.500  25.491 0.0000000000
78054  -41.604  -4.514  29.343 0.0000000000
79192  -42.833  -2.773  28.595 0.0000000000
80251  -42.997  -2.673  28.768 0.0000000000
80262  -43.078  -2.608  28.438 0.0000000000
