#!ascii label  , from subject 4012 vox2ras=TkReg
909
33771  -20.603  -45.605  54.398 0.0000000000
51777  -46.140  -29.404  48.518 0.0000000000
61407  -47.843  -20.523  48.122 0.0000000000
63774  -52.624  -16.956  41.483 0.0000000000
51761  -41.931  -30.614  49.645 0.0000000000
62594  -49.759  -19.222  43.872 0.0000000000
71722  -50.166  -10.559  34.453 0.0000000000
74832  -54.201  -7.770  33.432 0.0000000000
49616  -47.932  -30.125  46.252 0.0000000000
55133  -46.824  -25.241  44.328 0.0000000000
56134  -46.447  -24.537  48.574 0.0000000000
34841  -21.734  -44.935  58.611 0.0000000000
35905  -25.508  -43.046  56.874 0.0000000000
37984  -29.329  -41.414  54.231 0.0000000000
39035  -33.097  -39.537  53.271 0.0000000000
41119  -37.464  -38.415  52.456 0.0000000000
44299  -40.745  -34.678  51.767 0.0000000000
46457  -44.352  -32.933  49.567 0.0000000000
57249  -51.076  -23.619  43.579 0.0000000000
74848  -56.277  -7.468  33.053 0.0000000000
50664  -47.331  -29.326  48.062 0.0000000000
52875  -48.292  -27.513  47.220 0.0000000000
53961  -46.742  -26.607  48.242 0.0000000000
36930  -21.908  -43.209  56.883 0.0000000000
34844  -24.296  -44.323  57.897 0.0000000000
132767  -37.972  -35.519  53.181 0.0000000000
43189  -39.059  -36.752  52.252 0.0000000000
46409  -39.568  -33.716  52.666 0.0000000000
51763  -43.794  -30.525  49.153 0.0000000000
48537  -43.237  -31.791  50.436 0.0000000000
48540  -45.628  -30.997  49.215 0.0000000000
48575  -46.589  -31.741  47.965 0.0000000000
57218  -47.651  -22.787  46.118 0.0000000000
56197  -49.608  -24.762  43.691 0.0000000000
58228  -50.078  -21.929  46.277 0.0000000000
62611  -51.508  -17.940  42.560 0.0000000000
61514  -52.533  -19.399  43.319 0.0000000000
62627  -53.572  -18.636  41.600 0.0000000000
64930  -54.469  -17.390  39.913 0.0000000000
70681  -51.447  -11.099  34.903 0.0000000000
68547  -52.228  -12.549  36.508 0.0000000000
50643  -39.125  -31.555  49.597 0.0000000000
63781  -50.195  -18.168  39.648 0.0000000000
74795  -51.326  -8.224  34.558 0.0000000000
71733  -52.108  -9.950  33.696 0.0000000000
73829  -54.569  -8.246  30.923 0.0000000000
48632  -47.485  -30.912  43.953 0.0000000000
51838  -47.646  -28.355  45.362 0.0000000000
56155  -47.037  -24.715  47.227 0.0000000000
33722  -21.342  -45.861  57.447 0.0000000000
34874  -26.509  -44.852  54.714 0.0000000000
36936  -26.752  -42.116  55.444 0.0000000000
36995  -27.699  -42.938  52.445 0.0000000000
38029  -29.255  -42.098  51.246 0.0000000000
39078  -30.806  -40.585  50.629 0.0000000000
40120  -32.864  -39.388  50.155 0.0000000000
38018  -35.232  -39.267  52.556 0.0000000000
39084  -38.502  -39.914  50.085 0.0000000000
48521  -41.328  -32.233  51.741 0.0000000000
46455  -42.528  -33.620  50.655 0.0000000000
46472  -42.719  -33.703  49.064 0.0000000000
45465  -44.336  -34.041  47.432 0.0000000000
45537  -47.038  -33.662  45.172 0.0000000000
60349  -51.130  -20.368  45.515 0.0000000000
67415  -53.362  -14.742  37.404 0.0000000000
66219  -54.098  -14.978  39.472 0.0000000000
33753  -20.082  -45.346  55.464 0.0000000000
51778  -46.687  -29.207  48.343 0.0000000000
51789  -47.074  -28.417  48.187 0.0000000000
51788  -46.728  -28.588  48.141 0.0000000000
46419  -37.942  -34.047  51.757 0.0000000000
46397  -38.644  -34.283  52.704 0.0000000000
47490  -38.396  -33.195  51.547 0.0000000000
51776  -45.482  -29.842  48.501 0.0000000000
50650  -45.003  -30.318  49.209 0.0000000000
51766  -46.276  -29.583  48.821 0.0000000000
49575  -46.600  -30.082  48.703 0.0000000000
57219  -48.578  -22.684  46.108 0.0000000000
59278  -49.028  -21.213  47.385 0.0000000000
63761  -52.109  -17.379  42.154 0.0000000000
63752  -52.997  -17.830  42.917 0.0000000000
64892  -53.318  -17.117  41.757 0.0000000000
62628  -53.803  -18.385  40.910 0.0000000000
64907  -53.849  -16.883  41.404 0.0000000000
69653  -52.412  -12.144  34.786 0.0000000000
69642  -53.036  -12.293  36.140 0.0000000000
68566  -52.999  -12.818  35.509 0.0000000000
74829  -51.194  -8.495  33.424 0.0000000000
74812  -52.473  -8.234  33.734 0.0000000000
72723  -51.962  -9.184  34.192 0.0000000000
73778  -52.793  -9.131  33.912 0.0000000000
72753  -52.854  -9.783  32.789 0.0000000000
72741  -53.933  -9.140  33.233 0.0000000000
73816  -55.929  -7.773  32.096 0.0000000000
49623  -47.731  -30.474  45.161 0.0000000000
50739  -47.701  -29.951  44.637 0.0000000000
50724  -47.880  -29.705  45.599 0.0000000000
53977  -47.424  -26.322  48.007 0.0000000000
55098  -47.603  -26.376  47.228 0.0000000000
56150  -46.953  -24.787  48.250 0.0000000000
57208  -46.685  -23.864  47.509 0.0000000000
57199  -46.216  -23.609  48.095 0.0000000000
32619  -22.662  -46.182  57.022 0.0000000000
33723  -22.864  -45.854  58.062 0.0000000000
35891  -24.617  -44.027  57.764 0.0000000000
37959  -28.513  -41.081  55.640 0.0000000000
36953  -27.838  -41.771  54.351 0.0000000000
36963  -26.576  -42.592  53.944 0.0000000000
37982  -27.953  -41.772  53.653 0.0000000000
36996  -28.318  -42.701  52.092 0.0000000000
37997  -29.236  -41.540  53.331 0.0000000000
39063  -31.927  -39.832  51.454 0.0000000000
39079  -32.077  -39.686  50.179 0.0000000000
39064  -32.900  -39.479  51.095 0.0000000000
41091  -36.819  -38.264  53.389 0.0000000000
39025  -36.192  -39.275  53.612 0.0000000000
39052  -36.283  -39.228  52.547 0.0000000000
40100  -35.401  -39.246  51.010 0.0000000000
39082  -36.846  -39.777  50.750 0.0000000000
39098  -37.377  -40.172  50.094 0.0000000000
40101  -37.737  -39.099  51.684 0.0000000000
43190  -39.715  -35.734  51.974 0.0000000000
42144  -39.729  -37.639  51.299 0.0000000000
43205  -39.999  -36.354  51.299 0.0000000000
44335  -40.626  -35.165  51.270 0.0000000000
50624  -40.486  -31.302  50.839 0.0000000000
50636  -41.669  -30.861  50.406 0.0000000000
47513  -43.911  -32.281  49.987 0.0000000000
47512  -43.149  -32.540  50.702 0.0000000000
45372  -43.768  -33.226  50.149 0.0000000000
45394  -42.553  -33.921  50.273 0.0000000000
45421  -43.330  -33.574  49.149 0.0000000000
45446  -44.708  -33.558  48.395 0.0000000000
48592  -47.382  -31.220  46.689 0.0000000000
46532  -47.142  -32.801  46.435 0.0000000000
47582  -47.224  -32.012  45.526 0.0000000000
47593  -47.415  -32.275  44.234 0.0000000000
35889  -21.238  -44.357  58.091 0.0000000000
34852  -21.075  -44.798  58.552 0.0000000000
34840  -20.539  -45.096  58.932 0.0000000000
52946  -47.029  -27.678  43.448 0.0000000000
54059  -47.446  -26.769  42.788 0.0000000000
56184  -50.701  -24.587  44.104 0.0000000000
61494  -49.844  -19.652  44.801 0.0000000000
60348  -50.675  -20.000  45.725 0.0000000000
61472  -50.954  -19.530  45.451 0.0000000000
60410  -53.056  -20.110  42.146 0.0000000000
59319  -52.242  -20.954  43.435 0.0000000000
69620  -53.810  -12.399  37.908 0.0000000000
68548  -52.636  -12.766  37.155 0.0000000000
68510  -54.028  -13.223  38.416 0.0000000000
66236  -53.881  -15.029  38.722 0.0000000000
67370  -54.505  -14.152  39.345 0.0000000000
66221  -54.862  -15.526  39.667 0.0000000000
75897  -54.449  -6.823  32.736 0.0000000000
74833  -55.149  -7.615  33.279 0.0000000000
75898  -55.438  -6.376  32.928 0.0000000000
76938  -56.002  -5.795  32.374 0.0000000000
49594  -47.875  -29.712  47.587 0.0000000000
50691  -48.146  -29.209  47.194 0.0000000000
51790  -47.657  -28.486  47.840 0.0000000000
52860  -47.369  -27.605  48.036 0.0000000000
53945  -46.775  -25.814  48.411 0.0000000000
35890  -21.879  -43.867  58.118 0.0000000000
34842  -22.760  -44.781  58.433 0.0000000000
35878  -25.117  -42.822  57.775 0.0000000000
42118  -37.862  -37.181  52.955 0.0000000000
41120  -38.304  -38.418  52.037 0.0000000000
43158  -38.455  -36.220  53.083 0.0000000000
44283  -39.359  -35.314  52.791 0.0000000000
45324  -40.120  -34.387  52.453 0.0000000000
51762  -42.793  -30.471  49.425 0.0000000000
49572  -42.493  -30.886  50.002 0.0000000000
50638  -43.640  -30.719  49.719 0.0000000000
49563  -44.652  -31.006  49.876 0.0000000000
48549  -45.245  -31.711  49.401 0.0000000000
47534  -45.389  -32.488  48.590 0.0000000000
48550  -45.899  -31.042  48.978 0.0000000000
49584  -46.881  -30.113  48.217 0.0000000000
35901  -21.768  -43.843  56.289 0.0000000000
56171  -46.700  -24.329  45.041 0.0000000000
56195  -47.514  -24.816  43.507 0.0000000000
57237  -48.505  -23.454  44.761 0.0000000000
57238  -49.571  -23.486  44.724 0.0000000000
57229  -50.613  -23.071  45.113 0.0000000000
62595  -50.541  -18.774  43.732 0.0000000000
62585  -51.210  -18.821  44.441 0.0000000000
62597  -52.381  -18.563  43.352 0.0000000000
62612  -52.738  -18.809  42.926 0.0000000000
71723  -50.861  -10.310  34.742 0.0000000000
69627  -51.314  -11.814  35.921 0.0000000000
70671  -51.973  -11.511  36.014 0.0000000000
69629  -52.723  -12.218  36.799 0.0000000000
50689  -45.363  -29.413  47.242 0.0000000000
50675  -44.308  -30.175  47.368 0.0000000000
62555  -48.774  -20.395  46.800 0.0000000000
61528  -48.821  -19.511  42.692 0.0000000000
62624  -49.730  -19.010  41.663 0.0000000000
63771  -50.318  -18.130  40.840 0.0000000000
63783  -51.722  -17.615  40.619 0.0000000000
72722  -50.504  -9.472  34.508 0.0000000000
71724  -51.342  -10.041  34.663 0.0000000000
70693  -51.694  -10.970  34.281 0.0000000000
69666  -51.992  -11.398  33.884 0.0000000000
73795  -55.233  -8.283  32.656 0.0000000000
73813  -53.808  -9.076  31.684 0.0000000000
49633  -47.550  -30.119  43.788 0.0000000000
50738  -47.384  -29.442  44.029 0.0000000000
52927  -47.156  -27.531  44.682 0.0000000000
52895  -48.299  -27.528  46.795 0.0000000000
54011  -47.410  -26.571  46.139 0.0000000000
55121  -46.963  -25.518  45.595 0.0000000000
56162  -46.770  -24.569  46.153 0.0000000000
58224  -46.708  -22.732  46.825 0.0000000000
52873  -45.863  -27.188  46.990 0.0000000000
55085  -45.618  -25.464  47.996 0.0000000000
57185  -44.817  -23.507  48.383 0.0000000000
33754  -21.139  -45.647  55.487 0.0000000000
33755  -22.141  -45.890  55.516 0.0000000000
32665  -27.889  -45.939  53.193 0.0000000000
37939  -25.427  -41.676  57.204 0.0000000000
36911  -25.643  -42.100  57.171 0.0000000000
36935  -25.955  -42.557  56.119 0.0000000000
35929  -26.590  -43.904  53.930 0.0000000000
37022  -29.890  -42.985  50.668 0.0000000000
38058  -30.402  -41.840  49.812 0.0000000000
39023  -33.979  -39.282  54.489 0.0000000000
40059  -35.410  -39.225  53.747 0.0000000000
38016  -33.912  -39.230  52.510 0.0000000000
40099  -34.556  -39.081  51.313 0.0000000000
40122  -34.861  -39.400  50.334 0.0000000000
41135  -39.335  -38.535  51.424 0.0000000000
49546  -39.235  -31.988  51.644 0.0000000000
48505  -40.263  -32.487  52.243 0.0000000000
46412  -41.161  -33.612  51.984 0.0000000000
48530  -42.546  -31.846  50.807 0.0000000000
46421  -41.905  -33.250  51.393 0.0000000000
45353  -41.677  -34.040  51.459 0.0000000000
44337  -41.707  -34.145  50.786 0.0000000000
45419  -41.599  -34.194  49.788 0.0000000000
45487  -44.310  -34.062  46.532 0.0000000000
46512  -45.866  -33.062  47.644 0.0000000000
45489  -45.714  -34.145  46.621 0.0000000000
45535  -45.582  -34.009  44.878 0.0000000000
45551  -46.662  -33.514  44.161 0.0000000000
33721  -20.434  -45.626  57.602 0.0000000000
60327  -49.739  -20.876  46.653 0.0000000000
59296  -50.817  -21.472  45.638 0.0000000000
58245  -51.368  -22.611  44.177 0.0000000000
60368  -51.872  -20.258  44.586 0.0000000000
59318  -51.746  -21.736  43.819 0.0000000000
58252  -51.159  -22.633  43.380 0.0000000000
64945  -50.447  -17.682  38.863 0.0000000000
64927  -52.397  -17.261  40.106 0.0000000000
68565  -51.655  -12.871  35.968 0.0000000000
67430  -51.802  -14.044  35.716 0.0000000000
64991  -52.543  -16.347  37.621 0.0000000000
64970  -53.446  -16.035  38.656 0.0000000000
66199  -53.468  -16.048  40.977 0.0000000000
66202  -54.556  -16.101  40.567 0.0000000000
33784  -20.239  -45.539  53.291 0.0000000000
51787  -46.368  -29.008  47.856 0.0000000000
46428  -37.383  -33.818  51.265 0.0000000000
47489  -38.150  -33.371  51.459 0.0000000000
47509  -37.986  -33.014  50.953 0.0000000000
51765  -45.641  -29.886  48.942 0.0000000000
59265  -48.216  -21.177  48.462 0.0000000000
59277  -48.384  -21.375  47.837 0.0000000000
60314  -48.530  -21.067  48.382 0.0000000000
63762  -52.930  -17.212  42.165 0.0000000000
64891  -53.144  -16.957  41.785 0.0000000000
64906  -53.352  -16.582  41.408 0.0000000000
74831  -53.166  -7.932  33.447 0.0000000000
73763  -52.776  -8.226  33.764 0.0000000000
73779  -53.322  -8.517  33.565 0.0000000000
55068  -46.969  -25.404  48.540 0.0000000000
55086  -47.198  -25.733  48.243 0.0000000000
56135  -46.909  -24.982  48.735 0.0000000000
56149  -46.592  -24.219  48.349 0.0000000000
33708  -22.299  -45.650  58.419 0.0000000000
35892  -25.078  -43.615  57.425 0.0000000000
34856  -25.046  -44.281  56.756 0.0000000000
37971  -28.234  -41.649  54.987 0.0000000000
36965  -27.897  -41.684  53.973 0.0000000000
37983  -28.445  -41.672  53.985 0.0000000000
37996  -28.272  -41.931  53.090 0.0000000000
39048  -31.881  -39.952  52.551 0.0000000000
39049  -33.264  -39.515  52.190 0.0000000000
41105  -37.096  -38.406  52.901 0.0000000000
40061  -36.646  -39.103  53.081 0.0000000000
40062  -36.969  -38.815  52.641 0.0000000000
39067  -36.343  -39.216  51.773 0.0000000000
39053  -36.965  -39.042  52.093 0.0000000000
39068  -37.511  -39.482  51.261 0.0000000000
40081  -37.570  -38.786  52.096 0.0000000000
44298  -40.264  -35.094  52.111 0.0000000000
44314  -40.391  -35.234  51.650 0.0000000000
50635  -41.096  -30.775  50.378 0.0000000000
51751  -41.488  -30.705  50.126 0.0000000000
46443  -44.225  -32.747  49.838 0.0000000000
46442  -43.560  -33.016  50.463 0.0000000000
45373  -44.033  -33.133  49.829 0.0000000000
45395  -43.655  -33.512  49.844 0.0000000000
45396  -44.109  -33.201  49.551 0.0000000000
45422  -44.188  -33.328  49.035 0.0000000000
46475  -44.663  -32.777  48.998 0.0000000000
48591  -47.603  -30.624  46.807 0.0000000000
48604  -47.711  -30.906  45.952 0.0000000000
48612  -47.599  -31.164  44.951 0.0000000000
35874  -21.757  -44.358  58.391 0.0000000000
54038  -46.902  -26.452  43.781 0.0000000000
55164  -47.500  -25.987  43.083 0.0000000000
56185  -51.076  -24.496  43.747 0.0000000000
55152  -51.002  -25.122  43.231 0.0000000000
56199  -51.105  -24.579  42.925 0.0000000000
62583  -49.968  -19.368  44.370 0.0000000000
61495  -50.352  -19.425  45.092 0.0000000000
62584  -50.465  -19.146  44.624 0.0000000000
70691  -50.300  -11.310  34.648 0.0000000000
70655  -54.569  -12.260  38.423 0.0000000000
68529  -53.734  -13.089  37.842 0.0000000000
68495  -54.381  -13.376  39.133 0.0000000000
49585  -47.433  -29.680  47.941 0.0000000000
50678  -47.914  -29.190  47.750 0.0000000000
52859  -46.953  -27.531  48.280 0.0000000000
53962  -47.125  -26.390  48.299 0.0000000000
53944  -46.542  -26.014  48.287 0.0000000000
36919  -22.638  -43.372  57.711 0.0000000000
37938  -24.906  -42.043  57.326 0.0000000000
45335  -37.427  -35.401  52.637 0.0000000000
132762  -37.506  -36.279  53.229 0.0000000000
132763  -37.808  -36.461  53.274 0.0000000000
132765  -38.335  -35.870  53.254 0.0000000000
47472  -38.937  -33.944  52.719 0.0000000000
45316  -39.251  -34.723  52.881 0.0000000000
46399  -39.346  -34.204  52.714 0.0000000000
45336  -39.935  -35.023  52.479 0.0000000000
46410  -40.031  -33.828  52.481 0.0000000000
51774  -43.291  -30.374  48.603 0.0000000000
51753  -43.192  -30.552  49.567 0.0000000000
50640  -45.039  -30.496  49.499 0.0000000000
49564  -45.338  -30.715  49.405 0.0000000000
48539  -45.003  -31.460  49.642 0.0000000000
49576  -47.043  -29.720  48.275 0.0000000000
49593  -47.290  -30.123  47.840 0.0000000000
36918  -21.519  -43.757  57.503 0.0000000000
57225  -47.081  -23.481  45.634 0.0000000000
57236  -47.478  -23.560  44.911 0.0000000000
57226  -48.072  -23.006  45.441 0.0000000000
58227  -49.425  -22.158  46.459 0.0000000000
57227  -49.212  -22.980  45.595 0.0000000000
58235  -49.826  -22.714  45.881 0.0000000000
57228  -50.061  -23.101  45.369 0.0000000000
58236  -50.302  -22.349  45.761 0.0000000000
62610  -50.698  -18.629  42.695 0.0000000000
62596  -51.559  -18.526  43.444 0.0000000000
63753  -53.234  -18.059  42.766 0.0000000000
62598  -53.012  -18.279  43.021 0.0000000000
62613  -53.205  -18.607  42.482 0.0000000000
61531  -53.371  -19.393  42.032 0.0000000000
69630  -53.963  -12.519  37.208 0.0000000000
50676  -44.731  -30.099  47.741 0.0000000000
61529  -49.402  -19.316  42.358 0.0000000000
62639  -49.470  -18.550  40.315 0.0000000000
63772  -51.218  -17.883  41.127 0.0000000000
63782  -50.971  -18.055  40.264 0.0000000000
74810  -51.074  -8.261  34.460 0.0000000000
74809  -50.891  -8.456  34.653 0.0000000000
73760  -50.562  -9.042  34.315 0.0000000000
73750  -50.909  -8.605  34.923 0.0000000000
72713  -50.910  -9.327  34.835 0.0000000000
72714  -51.518  -9.296  34.445 0.0000000000
72724  -52.313  -9.294  33.916 0.0000000000
71732  -51.823  -9.875  34.280 0.0000000000
70704  -51.923  -10.600  33.484 0.0000000000
71748  -52.325  -9.959  33.008 0.0000000000
72754  -53.400  -9.556  32.550 0.0000000000
74834  -55.791  -7.647  33.266 0.0000000000
73781  -55.399  -7.990  33.110 0.0000000000
73782  -55.893  -7.969  33.035 0.0000000000
73830  -55.224  -7.938  31.245 0.0000000000
73815  -55.477  -8.158  31.810 0.0000000000
48631  -47.415  -31.116  43.374 0.0000000000
49645  -47.512  -30.608  43.675 0.0000000000
50723  -47.634  -29.214  45.004 0.0000000000
51853  -47.225  -28.556  44.316 0.0000000000
51803  -48.242  -28.335  47.293 0.0000000000
51821  -48.255  -28.599  46.661 0.0000000000
52874  -48.380  -27.753  47.123 0.0000000000
55108  -47.357  -25.979  46.813 0.0000000000
53994  -47.796  -26.813  46.731 0.0000000000
57207  -46.263  -23.233  47.565 0.0000000000
57216  -46.426  -23.084  47.079 0.0000000000
33737  -21.601  -45.940  56.472 0.0000000000
34843  -23.657  -44.616  58.182 0.0000000000
34854  -24.025  -44.802  57.607 0.0000000000
32649  -26.655  -46.246  54.341 0.0000000000
33775  -26.850  -45.584  54.357 0.0000000000
32650  -27.145  -45.956  53.802 0.0000000000
34881  -26.964  -44.964  54.135 0.0000000000
38974  -25.781  -40.845  57.317 0.0000000000
37940  -25.858  -41.557  57.275 0.0000000000
36950  -25.791  -43.314  55.548 0.0000000000
36951  -26.223  -42.858  54.922 0.0000000000
36978  -27.027  -42.517  53.542 0.0000000000
35942  -26.754  -42.978  53.322 0.0000000000
35943  -27.355  -43.671  52.924 0.0000000000
35930  -27.236  -44.321  53.372 0.0000000000
34895  -28.120  -44.269  52.659 0.0000000000
34889  -28.670  -44.783  52.838 0.0000000000
38013  -28.925  -41.826  52.202 0.0000000000
36997  -28.921  -42.819  51.584 0.0000000000
37010  -29.453  -43.037  51.057 0.0000000000
37021  -29.613  -42.842  50.850 0.0000000000
38044  -29.554  -42.506  50.853 0.0000000000
39062  -31.118  -40.503  51.843 0.0000000000
38046  -30.459  -41.076  51.466 0.0000000000
39077  -30.411  -41.302  50.217 0.0000000000
39095  -30.582  -41.107  49.781 0.0000000000
39096  -31.135  -40.609  49.430 0.0000000000
39080  -32.846  -39.417  50.510 0.0000000000
40142  -32.947  -39.237  49.332 0.0000000000
38004  -35.675  -39.504  53.059 0.0000000000
40060  -35.798  -39.341  53.711 0.0000000000
38003  -35.149  -39.456  52.960 0.0000000000
38002  -34.387  -39.309  52.997 0.0000000000
38017  -34.409  -39.227  52.620 0.0000000000
39050  -34.156  -39.181  52.260 0.0000000000
39051  -34.800  -39.083  52.324 0.0000000000
39081  -35.995  -39.521  51.189 0.0000000000
40144  -35.402  -39.378  49.384 0.0000000000
40143  -34.236  -39.094  49.380 0.0000000000
39083  -37.789  -40.020  50.480 0.0000000000
40146  -37.416  -39.739  49.406 0.0000000000
39099  -38.025  -40.133  49.812 0.0000000000
42132  -38.633  -37.718  52.274 0.0000000000
41121  -38.951  -38.159  52.020 0.0000000000
49557  -38.772  -31.997  50.969 0.0000000000
49558  -39.508  -31.536  50.940 0.0000000000
49536  -40.923  -31.875  51.911 0.0000000000
49521  -40.524  -32.117  52.208 0.0000000000
48506  -40.782  -32.432  52.140 0.0000000000
47482  -41.066  -32.946  51.958 0.0000000000
47493  -41.615  -32.825  51.551 0.0000000000
49561  -42.851  -31.102  50.225 0.0000000000
49550  -42.222  -31.428  50.860 0.0000000000
46441  -42.602  -33.407  50.921 0.0000000000
47511  -42.591  -33.097  51.230 0.0000000000
46440  -42.517  -33.259  51.203 0.0000000000
46430  -41.842  -33.634  51.392 0.0000000000
44316  -41.565  -34.281  51.193 0.0000000000
45371  -41.962  -33.796  50.838 0.0000000000
45420  -42.488  -34.015  49.484 0.0000000000
45393  -41.870  -34.201  50.235 0.0000000000
45443  -42.048  -34.138  49.289 0.0000000000
45488  -45.041  -34.225  46.590 0.0000000000
47549  -46.061  -32.357  48.082 0.0000000000
47548  -45.583  -32.694  48.248 0.0000000000
47563  -46.038  -32.762  47.716 0.0000000000
45515  -46.788  -33.436  45.819 0.0000000000
44399  -46.402  -33.744  46.302 0.0000000000
45514  -46.351  -33.949  45.862 0.0000000000
45513  -45.734  -34.229  45.722 0.0000000000
45536  -46.544  -34.140  44.846 0.0000000000
45550  -46.127  -33.701  44.322 0.0000000000
46580  -47.083  -33.335  44.450 0.0000000000
48621  -47.488  -31.435  43.972 0.0000000000
46606  -47.043  -32.885  43.745 0.0000000000
47606  -47.224  -31.947  43.570 0.0000000000
33707  -21.344  -45.684  58.360 0.0000000000
33736  -20.713  -45.683  56.524 0.0000000000
56196  -48.496  -24.669  43.427 0.0000000000
55149  -47.952  -25.284  42.941 0.0000000000
55150  -49.152  -25.519  42.903 0.0000000000
61447  -48.962  -20.390  46.472 0.0000000000
60326  -49.310  -20.696  46.900 0.0000000000
60337  -50.777  -20.853  46.014 0.0000000000
59306  -51.436  -21.398  44.680 0.0000000000
61497  -52.120  -19.361  44.094 0.0000000000
61496  -51.512  -19.361  44.872 0.0000000000
60369  -52.352  -20.187  43.802 0.0000000000
58259  -50.866  -22.615  42.894 0.0000000000
64926  -51.531  -17.721  39.775 0.0000000000
64947  -52.090  -17.181  39.185 0.0000000000
69628  -51.599  -11.931  36.252 0.0000000000
69641  -51.329  -12.296  35.898 0.0000000000
67414  -52.999  -13.887  37.163 0.0000000000
67413  -52.306  -13.443  36.460 0.0000000000
66277  -52.361  -14.934  36.326 0.0000000000
65017  -52.321  -16.081  36.888 0.0000000000
66278  -52.947  -15.320  37.091 0.0000000000
64949  -53.628  -15.803  39.566 0.0000000000
64929  -53.754  -15.709  40.104 0.0000000000
66200  -53.839  -15.734  40.498 0.0000000000
66220  -54.388  -15.169  39.612 0.0000000000
51779  -47.017  -28.962  48.246 0.0000000000
52858  -46.573  -27.629  48.065 0.0000000000
46406  -37.970  -34.662  52.488 0.0000000000
45314  -38.240  -34.969  52.967 0.0000000000
46396  -38.239  -34.563  52.630 0.0000000000
47477  -38.436  -33.374  51.774 0.0000000000
47478  -38.753  -33.275  52.117 0.0000000000
51775  -44.422  -30.367  48.487 0.0000000000
50649  -44.375  -30.542  49.305 0.0000000000
51764  -44.864  -30.260  48.916 0.0000000000
50651  -45.698  -30.082  49.176 0.0000000000
49574  -45.985  -30.398  49.120 0.0000000000
50652  -46.420  -29.793  48.861 0.0000000000
51767  -46.657  -29.458  48.556 0.0000000000
58225  -47.291  -22.453  46.716 0.0000000000
58226  -48.270  -22.229  46.624 0.0000000000
58217  -48.717  -21.681  47.111 0.0000000000
59286  -49.434  -21.453  46.857 0.0000000000
62626  -51.502  -17.704  41.844 0.0000000000
63751  -52.300  -17.731  42.961 0.0000000000
63763  -53.360  -17.751  42.090 0.0000000000
63775  -53.835  -17.735  41.243 0.0000000000
64908  -54.476  -16.915  40.899 0.0000000000
70682  -52.240  -11.531  35.441 0.0000000000
74811  -51.797  -8.269  34.137 0.0000000000
73752  -51.610  -8.245  34.397 0.0000000000
73761  -51.931  -8.952  34.224 0.0000000000
73762  -52.226  -8.550  34.088 0.0000000000
72740  -52.931  -9.419  33.381 0.0000000000
72755  -54.150  -9.144  32.696 0.0000000000
73796  -55.959  -7.887  32.525 0.0000000000
74864  -56.317  -7.286  31.950 0.0000000000
74863  -55.883  -7.730  31.796 0.0000000000
74884  -55.008  -7.678  30.253 0.0000000000
48622  -47.574  -30.965  44.434 0.0000000000
49634  -47.591  -30.510  44.277 0.0000000000
51839  -48.106  -28.928  45.869 0.0000000000
53963  -47.539  -27.019  47.789 0.0000000000
53979  -48.231  -27.072  47.142 0.0000000000
53978  -47.683  -26.707  47.437 0.0000000000
55097  -47.382  -25.792  47.674 0.0000000000
57200  -46.602  -23.923  48.064 0.0000000000
58203  -45.830  -22.867  47.800 0.0000000000
32609  -21.772  -46.170  58.108 0.0000000000
32618  -22.009  -46.151  57.299 0.0000000000
32610  -22.373  -46.220  57.960 0.0000000000
32611  -22.972  -46.071  57.517 0.0000000000
34873  -25.874  -44.754  55.315 0.0000000000
36952  -27.181  -42.111  54.727 0.0000000000
36964  -27.420  -42.051  53.837 0.0000000000
36979  -27.467  -42.505  53.085 0.0000000000
38012  -28.358  -42.165  52.471 0.0000000000
41090  -36.432  -38.360  54.060 0.0000000000
40043  -36.494  -38.980  53.553 0.0000000000
39038  -36.190  -39.406  53.177 0.0000000000
38033  -35.902  -39.256  52.419 0.0000000000
39066  -35.380  -38.978  51.800 0.0000000000
39069  -38.299  -39.654  50.690 0.0000000000
43172  -39.344  -35.773  52.505 0.0000000000
43204  -39.443  -37.107  51.641 0.0000000000
44355  -40.551  -35.140  50.767 0.0000000000
50644  -39.575  -31.329  49.664 0.0000000000
49559  -40.200  -31.296  50.740 0.0000000000
50634  -40.619  -31.088  50.514 0.0000000000
50626  -41.224  -31.180  50.787 0.0000000000
49549  -41.568  -31.478  51.156 0.0000000000
48548  -43.532  -32.086  50.286 0.0000000000
48547  -43.278  -32.131  50.484 0.0000000000
47523  -43.506  -32.344  50.360 0.0000000000
46456  -43.158  -33.502  50.462 0.0000000000
45445  -44.254  -33.866  48.344 0.0000000000
45466  -45.090  -33.862  47.573 0.0000000000
48576  -47.003  -31.058  47.511 0.0000000000
46494  -46.797  -32.401  47.357 0.0000000000
47565  -47.301  -31.867  46.672 0.0000000000
47572  -47.376  -31.925  46.059 0.0000000000
46582  -47.099  -32.413  45.194 0.0000000000
46581  -47.188  -32.864  44.830 0.0000000000
47594  -47.187  -32.132  44.828 0.0000000000
48611  -47.512  -31.374  44.300 0.0000000000
36917  -20.583  -44.076  57.624 0.0000000000
35888  -20.285  -44.444  58.492 0.0000000000
56198  -50.243  -24.787  43.966 0.0000000000
55151  -50.427  -25.299  43.496 0.0000000000
55134  -50.765  -25.056  43.904 0.0000000000
61470  -49.511  -20.014  45.696 0.0000000000
61448  -49.726  -20.033  46.174 0.0000000000
61471  -50.285  -19.731  45.610 0.0000000000
60389  -52.698  -20.190  43.020 0.0000000000
69619  -52.995  -12.402  37.495 0.0000000000
68528  -53.166  -12.981  37.653 0.0000000000
67400  -53.590  -13.938  37.935 0.0000000000
67385  -53.938  -14.020  38.940 0.0000000000
75878  -53.911  -7.364  33.145 0.0000000000
75879  -54.860  -7.079  33.367 0.0000000000
75880  -55.744  -7.064  33.344 0.0000000000
75899  -56.279  -6.467  32.598 0.0000000000
49602  -48.153  -29.864  47.031 0.0000000000
51791  -48.141  -27.981  47.448 0.0000000000
52861  -47.845  -27.663  47.580 0.0000000000
53946  -46.951  -25.648  48.482 0.0000000000
55067  -46.792  -25.253  48.646 0.0000000000
35875  -22.448  -44.084  58.395 0.0000000000
35876  -23.331  -43.938  58.372 0.0000000000
35877  -24.387  -43.597  58.203 0.0000000000
35893  -25.393  -42.731  57.277 0.0000000000
41078  -37.134  -37.152  53.717 0.0000000000
42117  -37.311  -37.841  53.039 0.0000000000
42130  -37.355  -38.132  52.704 0.0000000000
42131  -37.806  -37.826  52.508 0.0000000000
43188  -38.315  -37.264  52.566 0.0000000000
132769  -38.379  -36.840  52.722 0.0000000000
44271  -39.004  -35.409  53.021 0.0000000000
44297  -39.815  -35.223  52.437 0.0000000000
45337  -40.291  -34.733  52.296 0.0000000000
50647  -42.249  -30.794  49.923 0.0000000000
50648  -42.670  -30.648  49.723 0.0000000000
50637  -42.983  -30.662  49.795 0.0000000000
49562  -43.873  -31.003  50.217 0.0000000000
50639  -44.451  -30.696  49.622 0.0000000000
48538  -44.020  -31.578  50.040 0.0000000000
47514  -44.757  -32.169  49.604 0.0000000000
46444  -44.704  -32.364  49.581 0.0000000000
47524  -45.198  -32.080  49.200 0.0000000000
47525  -45.699  -31.595  48.792 0.0000000000
48562  -46.221  -31.453  48.338 0.0000000000
48551  -46.523  -30.347  48.571 0.0000000000
48563  -46.599  -30.572  48.237 0.0000000000
49601  -47.728  -30.221  47.322 0.0000000000
55147  -46.850  -25.082  43.843 0.0000000000
56181  -47.629  -24.254  44.182 0.0000000000
56182  -49.015  -24.158  44.202 0.0000000000
57239  -50.367  -23.647  44.648 0.0000000000
57240  -50.990  -23.553  44.418 0.0000000000
62586  -51.829  -18.854  44.152 0.0000000000
61530  -52.942  -19.431  42.645 0.0000000000
70680  -50.692  -11.201  34.913 0.0000000000
70670  -51.375  -11.622  35.651 0.0000000000
70672  -52.456  -11.783  36.140 0.0000000000
69621  -54.467  -11.930  37.759 0.0000000000
50690  -45.853  -29.236  47.529 0.0000000000
51772  -41.474  -30.510  48.850 0.0000000000
51784  -42.757  -30.295  47.846 0.0000000000
50662  -44.649  -30.261  48.196 0.0000000000
50677  -45.504  -29.673  47.895 0.0000000000
61430  -47.253  -20.380  46.963 0.0000000000
62538  -48.005  -20.193  47.885 0.0000000000
62561  -48.023  -20.103  46.717 0.0000000000
61469  -48.739  -20.355  45.793 0.0000000000
61512  -49.027  -19.673  43.899 0.0000000000
62593  -49.385  -19.392  43.711 0.0000000000
62608  -49.331  -19.320  43.420 0.0000000000
62609  -49.664  -18.933  42.958 0.0000000000
62625  -50.920  -18.332  41.755 0.0000000000
63773  -51.922  -17.427  41.392 0.0000000000
63784  -52.368  -17.117  40.887 0.0000000000
72721  -50.077  -9.886  34.059 0.0000000000
72712  -50.516  -9.866  34.592 0.0000000000
70692  -51.535  -10.486  34.512 0.0000000000
73780  -54.589  -8.399  33.194 0.0000000000
73794  -54.595  -8.758  32.753 0.0000000000
73814  -54.331  -8.821  31.995 0.0000000000
50752  -47.523  -29.579  43.122 0.0000000000
54024  -47.073  -26.480  45.097 0.0000000000
50709  -48.147  -29.416  46.475 0.0000000000
52915  -48.004  -28.194  46.188 0.0000000000
52896  -48.430  -27.218  47.110 0.0000000000
52894  -47.731  -27.126  46.485 0.0000000000
52914  -47.561  -27.447  45.903 0.0000000000
57217  -46.717  -23.403  46.532 0.0000000000
59264  -47.440  -21.108  48.469 0.0000000000
52857  -46.268  -27.757  47.641 0.0000000000
53960  -46.246  -26.455  47.889 0.0000000000
53976  -45.570  -26.111  47.408 0.0000000000
55066  -46.180  -25.327  48.492 0.0000000000
56133  -45.667  -24.331  48.528 0.0000000000
57187  -45.831  -23.703  48.398 0.0000000000
61416  -46.754  -20.539  47.867 0.0000000000
33772  -21.668  -45.635  54.526 0.0000000000
33709  -23.043  -45.327  58.281 0.0000000000
33724  -23.449  -45.412  57.511 0.0000000000
36910  -25.269  -42.113  57.312 0.0000000000
35879  -25.340  -42.461  57.343 0.0000000000
35918  -26.160  -43.965  55.100 0.0000000000
34882  -27.331  -44.811  53.617 0.0000000000
35954  -28.816  -43.655  51.936 0.0000000000
38014  -29.968  -41.303  52.693 0.0000000000
38030  -29.950  -41.587  51.797 0.0000000000
38045  -29.933  -41.749  50.673 0.0000000000
39097  -31.918  -40.141  48.691 0.0000000000
39022  -33.204  -39.691  54.270 0.0000000000
41076  -35.267  -38.050  54.402 0.0000000000
39036  -34.481  -39.303  53.639 0.0000000000
38001  -33.804  -39.252  52.771 0.0000000000
40098  -33.730  -39.325  51.523 0.0000000000
40121  -33.600  -39.192  50.488 0.0000000000
40082  -38.134  -38.873  51.725 0.0000000000
41134  -38.587  -38.793  51.624 0.0000000000
40102  -38.556  -39.216  51.259 0.0000000000
40103  -39.357  -39.055  50.809 0.0000000000
40125  -39.056  -39.341  50.289 0.0000000000
48535  -38.282  -32.566  50.719 0.0000000000
48527  -38.882  -32.277  51.530 0.0000000000
48503  -39.310  -32.848  52.085 0.0000000000
49547  -40.120  -31.556  51.344 0.0000000000
48520  -39.911  -32.229  52.235 0.0000000000
47480  -40.061  -33.329  52.343 0.0000000000
46411  -40.611  -33.695  52.272 0.0000000000
45325  -40.717  -34.158  52.185 0.0000000000
45338  -40.840  -34.391  51.972 0.0000000000
49560  -42.145  -31.052  50.449 0.0000000000
48529  -42.003  -32.008  51.347 0.0000000000
47502  -42.806  -32.210  50.787 0.0000000000
47501  -42.420  -32.563  51.226 0.0000000000
46422  -41.571  -33.692  51.715 0.0000000000
45339  -41.571  -34.052  51.900 0.0000000000
45352  -41.212  -34.314  51.759 0.0000000000
44315  -41.082  -34.618  51.478 0.0000000000
44336  -41.174  -34.747  50.971 0.0000000000
44356  -41.402  -34.431  50.684 0.0000000000
44357  -41.846  -34.099  50.519 0.0000000000
46492  -45.255  -33.146  48.236 0.0000000000
45468  -46.327  -33.514  47.103 0.0000000000
45467  -45.784  -33.747  47.231 0.0000000000
46605  -46.081  -33.131  43.541 0.0000000000
60315  -48.893  -21.175  47.830 0.0000000000
59279  -49.514  -21.097  46.905 0.0000000000
59287  -49.963  -21.354  46.520 0.0000000000
60336  -50.221  -20.474  46.262 0.0000000000
59288  -50.515  -21.163  46.199 0.0000000000
59295  -50.366  -21.672  46.102 0.0000000000
58237  -50.905  -22.419  44.957 0.0000000000
62575  -51.043  -19.007  45.122 0.0000000000
59307  -52.336  -21.033  44.232 0.0000000000
64925  -50.827  -17.904  39.500 0.0000000000
69651  -50.410  -11.686  34.775 0.0000000000
68564  -51.144  -12.637  35.506 0.0000000000
67429  -51.253  -13.473  35.188 0.0000000000
66256  -53.556  -15.332  37.854 0.0000000000
64992  -53.231  -16.206  37.890 0.0000000000
64969  -52.690  -16.654  38.509 0.0000000000
64948  -52.971  -16.631  39.454 0.0000000000
64928  -53.165  -16.369  40.575 0.0000000000
66177  -53.689  -16.040  41.074 0.0000000000
66179  -54.371  -16.301  40.981 0.0000000000
64909  -54.508  -16.421  40.705 0.0000000000
64931  -54.524  -16.482  40.160 0.0000000000
64950  -54.698  -17.461  39.385 0.0000000000
33776  -27.307  -45.473  53.706 0.0000000000
34853  -21.471  -44.635  58.464 0.0000000000
34888  -27.859  -44.707  53.065 0.0000000000
36907  -23.017  -43.592  58.263 0.0000000000
36980  -27.989  -42.401  52.598 0.0000000000
37011  -29.771  -43.434  50.879 0.0000000000
37947  -25.403  -41.206  56.876 0.0000000000
37995  -27.763  -42.015  53.404 0.0000000000
38019  -35.775  -39.448  52.812 0.0000000000
38032  -35.761  -38.956  52.086 0.0000000000
39024  -35.979  -39.410  53.593 0.0000000000
39037  -35.582  -39.399  53.386 0.0000000000
39039  -36.592  -39.136  52.749 0.0000000000
39065  -34.628  -39.013  51.968 0.0000000000
40042  -35.970  -39.058  54.051 0.0000000000
40044  -36.803  -38.751  53.115 0.0000000000
40079  -33.833  -39.301  51.993 0.0000000000
40080  -34.180  -39.166  51.852 0.0000000000
41077  -36.120  -37.768  54.433 0.0000000000
41150  -39.669  -38.814  50.732 0.0000000000
42143  -39.258  -37.698  51.905 0.0000000000
43144  -38.682  -35.829  53.096 0.0000000000
43173  -39.782  -35.478  52.260 0.0000000000
44270  -38.501  -35.402  53.143 0.0000000000
44389  -46.398  -33.698  46.705 0.0000000000
44390  -46.532  -33.494  46.822 0.0000000000
44400  -46.610  -33.470  46.522 0.0000000000
44415  -46.515  -33.670  45.995 0.0000000000
44416  -46.634  -33.492  46.160 0.0000000000
45315  -38.785  -34.820  53.024 0.0000000000
45317  -39.641  -34.374  52.640 0.0000000000
45322  -37.906  -35.088  52.893 0.0000000000
45323  -39.650  -35.058  52.687 0.0000000000
45326  -41.253  -34.036  52.000 0.0000000000
45423  -44.684  -33.208  48.673 0.0000000000
45469  -46.738  -33.213  46.873 0.0000000000
45490  -46.076  -34.021  46.704 0.0000000000
45491  -46.893  -33.161  46.309 0.0000000000
45492  -47.127  -32.920  46.216 0.0000000000
45516  -47.048  -33.054  46.032 0.0000000000
45538  -47.106  -33.028  45.427 0.0000000000
46395  -37.994  -34.852  52.754 0.0000000000
46398  -39.072  -34.146  52.821 0.0000000000
46407  -38.361  -33.972  52.167 0.0000000000
46408  -38.635  -33.840  52.415 0.0000000000
46420  -38.254  -33.607  51.751 0.0000000000
46429  -42.291  -33.318  51.271 0.0000000000
46458  -44.607  -32.547  49.502 0.0000000000
46473  -42.943  -33.660  49.169 0.0000000000
46474  -44.337  -33.077  49.329 0.0000000000
46493  -45.673  -32.801  48.042 0.0000000000
46495  -47.096  -32.092  47.205 0.0000000000
46511  -45.487  -33.460  47.649 0.0000000000
46513  -46.498  -32.864  47.339 0.0000000000
46514  -47.098  -32.542  46.887 0.0000000000
46515  -47.268  -32.285  46.621 0.0000000000
46533  -47.238  -32.542  46.300 0.0000000000
46553  -47.195  -32.519  45.725 0.0000000000
47471  -38.844  -33.783  52.540 0.0000000000
47479  -39.275  -33.514  52.429 0.0000000000
47481  -40.449  -33.109  52.231 0.0000000000
47491  -38.603  -33.111  51.714 0.0000000000
47492  -41.957  -32.881  51.419 0.0000000000
47499  -38.198  -33.118  51.179 0.0000000000
47500  -42.366  -33.062  51.327 0.0000000000
47510  -42.515  -33.247  51.245 0.0000000000
47522  -43.325  -32.372  50.529 0.0000000000
47535  -45.693  -31.975  48.625 0.0000000000
47550  -46.803  -32.015  47.643 0.0000000000
47551  -47.139  -31.829  47.237 0.0000000000
47564  -46.441  -32.474  47.629 0.0000000000
47566  -47.343  -31.991  46.456 0.0000000000
47571  -47.434  -31.603  46.022 0.0000000000
47580  -47.416  -31.701  44.682 0.0000000000
47581  -47.394  -31.633  45.272 0.0000000000
47595  -47.072  -32.002  45.170 0.0000000000
48502  -39.063  -33.018  52.220 0.0000000000
48504  -39.833  -32.935  52.201 0.0000000000
48516  -38.760  -32.650  51.590 0.0000000000
48517  -38.883  -32.731  51.818 0.0000000000
48518  -39.251  -32.415  51.914 0.0000000000
48519  -39.662  -32.348  52.123 0.0000000000
48526  -38.318  -32.625  50.987 0.0000000000
48528  -39.081  -32.314  51.751 0.0000000000
48536  -38.496  -32.324  50.839 0.0000000000
48577  -47.253  -31.476  47.086 0.0000000000
48603  -47.805  -30.409  46.467 0.0000000000
49520  -40.249  -32.020  52.232 0.0000000000
49533  -39.352  -32.170  51.861 0.0000000000
49534  -39.605  -32.022  51.912 0.0000000000
49535  -40.173  -31.926  51.969 0.0000000000
49545  -39.021  -31.906  51.349 0.0000000000
49548  -40.837  -31.573  51.331 0.0000000000
49556  -38.554  -32.248  50.754 0.0000000000
49568  -38.534  -32.094  50.440 0.0000000000
49570  -39.871  -31.273  50.332 0.0000000000
49571  -40.337  -31.126  50.389 0.0000000000
49573  -42.734  -30.794  49.909 0.0000000000
49615  -47.935  -30.224  46.821 0.0000000000
50625  -40.788  -31.272  50.821 0.0000000000
50653  -46.953  -29.581  48.438 0.0000000000
50663  -44.989  -30.091  48.227 0.0000000000
51752  -42.903  -30.533  49.646 0.0000000000
51785  -43.839  -30.397  47.758 0.0000000000
51786  -44.399  -30.356  48.084 0.0000000000
51802  -45.996  -28.645  47.089 0.0000000000
51804  -48.298  -27.891  47.264 0.0000000000
53964  -47.935  -27.223  47.382 0.0000000000
53995  -48.011  -26.814  47.083 0.0000000000
53996  -48.386  -26.986  46.992 0.0000000000
55096  -45.322  -25.484  47.562 0.0000000000
55109  -47.686  -26.428  46.972 0.0000000000
55132  -46.725  -24.996  44.052 0.0000000000
55135  -51.022  -25.068  43.852 0.0000000000
55148  -47.171  -25.403  43.530 0.0000000000
56180  -46.979  -24.796  43.894 0.0000000000
56183  -49.983  -24.291  44.306 0.0000000000
56194  -47.084  -24.998  43.653 0.0000000000
57167  -44.876  -23.301  48.314 0.0000000000
57168  -45.111  -23.335  48.401 0.0000000000
57186  -45.282  -23.608  48.493 0.0000000000
58215  -46.789  -22.264  47.291 0.0000000000
58218  -49.170  -21.581  46.956 0.0000000000
59255  -47.844  -20.950  48.764 0.0000000000
59256  -48.088  -21.069  48.684 0.0000000000
59266  -48.642  -21.085  48.114 0.0000000000
60303  -47.851  -20.768  48.527 0.0000000000
60304  -48.354  -20.898  48.418 0.0000000000
60305  -48.688  -20.963  48.039 0.0000000000
60313  -47.359  -20.772  48.329 0.0000000000
61408  -48.114  -20.573  48.088 0.0000000000
61409  -48.322  -20.724  48.037 0.0000000000
61417  -47.323  -20.464  47.907 0.0000000000
61418  -48.261  -20.504  47.760 0.0000000000
61419  -48.540  -20.622  47.617 0.0000000000
61431  -48.956  -20.596  46.977 0.0000000000
61446  -48.320  -20.293  46.441 0.0000000000
61513  -49.672  -19.475  44.222 0.0000000000
61547  -49.234  -19.424  42.075 0.0000000000
62537  -47.841  -20.373  47.777 0.0000000000
62545  -47.802  -20.226  47.351 0.0000000000
62546  -48.291  -20.334  47.426 0.0000000000
62547  -48.583  -20.451  47.199 0.0000000000
62554  -48.329  -20.165  46.967 0.0000000000
62562  -48.426  -20.256  46.769 0.0000000000
62563  -48.679  -20.408  46.784 0.0000000000
62574  -50.680  -19.321  45.222 0.0000000000
66178  -53.948  -16.092  41.116 0.0000000000
66180  -54.538  -16.439  40.949 0.0000000000
66201  -54.337  -15.806  40.466 0.0000000000
66255  -53.073  -15.700  37.544 0.0000000000
66279  -53.256  -15.295  37.434 0.0000000000
67369  -54.222  -14.080  39.233 0.0000000000
67399  -53.245  -13.521  37.597 0.0000000000
69640  -50.977  -11.938  35.599 0.0000000000
70663  -54.226  -11.858  38.085 0.0000000000
70679  -49.820  -11.130  34.548 0.0000000000
70690  -50.131  -11.423  34.504 0.0000000000
72742  -54.408  -8.954  33.052 0.0000000000
73751  -51.390  -8.555  34.597 0.0000000000
74793  -50.877  -8.321  34.947 0.0000000000
74794  -51.122  -8.337  34.690 0.0000000000
74828  -50.804  -8.634  34.086 0.0000000000
132764  -38.083  -36.078  53.345 0.0000000000
132766  -38.307  -36.117  53.268 0.0000000000
132768  -37.986  -35.245  53.049 0.0000000000
