#!ascii label  , from subject 4012 vox2ras=TkReg
420
10040  -44.266  -70.347  -7.123 0.0000000000
12007  -41.598  -68.495  -11.534 0.0000000000
13897  -45.739  -66.283  -9.304 0.0000000000
10127  -45.562  -69.906  -13.111 0.0000000000
16844  -47.157  -63.674  -10.899 0.0000000000
11945  -47.788  -67.580  -4.984 0.0000000000
15763  -42.202  -64.783  -5.463 0.0000000000
17721  -40.906  -62.141  -1.592 0.0000000000
17815  -46.234  -63.022  -8.564 0.0000000000
15800  -47.691  -64.296  -10.180 0.0000000000
17818  -48.236  -61.979  -9.287 0.0000000000
14808  -44.746  -65.657  -5.215 0.0000000000
15732  -44.351  -64.336  -3.840 0.0000000000
21646  -39.243  -58.568  -2.116 0.0000000000
19660  -40.248  -60.635  -4.234 0.0000000000
9200  -41.438  -72.211  -8.949 0.0000000000
11066  -44.063  -69.131  -12.689 0.0000000000
8523  -43.291  -72.066  -14.220 0.0000000000
10168  -41.786  -70.652  -15.022 0.0000000000
11975  -46.265  -68.239  -8.979 0.0000000000
10074  -44.005  -70.105  -9.863 0.0000000000
13919  -46.392  -66.660  -12.036 0.0000000000
13907  -43.803  -66.362  -10.392 0.0000000000
12940  -45.761  -67.965  -6.748 0.0000000000
15774  -43.735  -64.728  -7.574 0.0000000000
17773  -44.082  -61.974  -7.123 0.0000000000
17738  -43.844  -62.968  -1.731 0.0000000000
16748  -41.308  -63.624  -3.691 0.0000000000
18734  -42.006  -61.415  -5.847 0.0000000000
20693  -44.311  -59.570  -6.500 0.0000000000
8467  -42.875  -72.688  -11.933 0.0000000000
15792  -39.387  -64.171  -9.296 0.0000000000
13934  -40.255  -66.505  -12.155 0.0000000000
14901  -41.802  -65.742  -14.915 0.0000000000
18776  -45.933  -61.285  -7.676 0.0000000000
17816  -46.898  -62.440  -8.660 0.0000000000
10056  -42.530  -70.618  -8.490 0.0000000000
11065  -42.916  -69.557  -12.707 0.0000000000
11086  -42.488  -70.053  -13.375 0.0000000000
11085  -41.650  -69.797  -13.651 0.0000000000
11117  -41.426  -69.930  -15.717 0.0000000000
12049  -41.129  -68.826  -13.542 0.0000000000
12954  -46.154  -67.730  -9.086 0.0000000000
12967  -46.451  -67.201  -9.779 0.0000000000
16861  -47.923  -63.869  -10.855 0.0000000000
14858  -47.696  -65.240  -11.300 0.0000000000
15825  -46.903  -64.646  -11.377 0.0000000000
14855  -45.375  -66.047  -11.377 0.0000000000
15812  -45.688  -64.504  -10.764 0.0000000000
11955  -46.536  -68.731  -6.649 0.0000000000
12932  -46.947  -67.538  -5.704 0.0000000000
14807  -43.599  -65.458  -5.459 0.0000000000
13880  -43.669  -66.054  -6.551 0.0000000000
15772  -42.986  -64.709  -6.928 0.0000000000
16786  -43.496  -63.803  -7.280 0.0000000000
16780  -42.753  -63.769  -6.711 0.0000000000
17722  -42.073  -62.383  -1.371 0.0000000000
16733  -42.101  -63.386  -2.731 0.0000000000
17736  -41.350  -62.860  -2.369 0.0000000000
20667  -41.286  -59.250  -4.329 0.0000000000
19671  -40.815  -60.933  -5.020 0.0000000000
19672  -41.933  -60.410  -5.408 0.0000000000
19689  -42.997  -60.545  -6.132 0.0000000000
10090  -45.326  -70.036  -11.405 0.0000000000
9231  -43.962  -71.068  -11.104 0.0000000000
9267  -44.146  -71.353  -12.395 0.0000000000
7701  -41.834  -73.289  -14.843 0.0000000000
16819  -38.728  -63.310  -9.080 0.0000000000
13916  -39.675  -65.695  -10.721 0.0000000000
15850  -40.615  -64.405  -13.191 0.0000000000
15785  -46.072  -64.546  -9.196 0.0000000000
14839  -46.893  -65.430  -9.715 0.0000000000
16826  -47.121  -63.994  -9.442 0.0000000000
17845  -47.897  -62.962  -9.680 0.0000000000
17871  -47.953  -62.562  -10.260 0.0000000000
14810  -46.883  -65.919  -5.320 0.0000000000
15750  -44.870  -64.895  -4.477 0.0000000000
15748  -42.691  -64.788  -4.729 0.0000000000
18718  -39.512  -60.816  -1.976 0.0000000000
18726  -39.728  -61.590  -3.272 0.0000000000
20661  -39.698  -59.877  -3.119 0.0000000000
20663  -41.034  -58.830  -3.890 0.0000000000
21669  -42.097  -58.536  -4.215 0.0000000000
11088  -44.907  -69.518  -13.250 0.0000000000
9294  -44.269  -71.128  -13.504 0.0000000000
10170  -43.540  -71.045  -14.001 0.0000000000
9311  -42.473  -72.052  -15.568 0.0000000000
9328  -41.750  -71.975  -16.768 0.0000000000
10209  -41.753  -70.933  -16.757 0.0000000000
11132  -41.787  -69.612  -16.993 0.0000000000
12108  -42.203  -68.503  -16.955 0.0000000000
10983  -44.891  -69.801  -7.440 0.0000000000
11000  -44.413  -69.571  -8.461 0.0000000000
11020  -46.291  -68.957  -10.372 0.0000000000
11049  -46.275  -68.968  -12.005 0.0000000000
13909  -47.432  -65.994  -10.437 0.0000000000
13003  -46.645  -67.435  -11.518 0.0000000000
12031  -46.230  -68.488  -12.602 0.0000000000
13021  -45.479  -67.894  -12.369 0.0000000000
13000  -44.078  -67.792  -11.107 0.0000000000
11995  -43.049  -68.083  -10.823 0.0000000000
10984  -45.995  -69.382  -7.541 0.0000000000
11954  -45.940  -68.400  -7.467 0.0000000000
12952  -44.848  -66.719  -8.265 0.0000000000
13870  -45.117  -66.531  -5.826 0.0000000000
13886  -44.384  -66.501  -7.706 0.0000000000
14828  -44.745  -65.516  -8.490 0.0000000000
16804  -44.852  -64.194  -8.314 0.0000000000
17788  -44.572  -62.530  -7.526 0.0000000000
18750  -44.731  -61.320  -7.174 0.0000000000
16750  -43.848  -63.782  -3.163 0.0000000000
16749  -42.658  -63.870  -3.273 0.0000000000
15747  -41.657  -64.319  -4.812 0.0000000000
18729  -40.093  -61.823  -4.196 0.0000000000
17765  -40.723  -62.540  -5.062 0.0000000000
17770  -41.650  -63.024  -5.971 0.0000000000
18748  -42.613  -61.728  -6.376 0.0000000000
19690  -44.042  -60.492  -6.624 0.0000000000
10072  -42.517  -71.074  -9.650 0.0000000000
8447  -42.186  -72.736  -10.749 0.0000000000
8490  -42.988  -72.379  -12.961 0.0000000000
7666  -41.490  -73.477  -12.721 0.0000000000
15797  -44.200  -64.142  -9.869 0.0000000000
13896  -43.061  -65.984  -9.808 0.0000000000
12981  -41.355  -67.412  -10.473 0.0000000000
12980  -40.571  -66.846  -10.558 0.0000000000
12026  -40.928  -68.146  -11.969 0.0000000000
13037  -40.913  -67.718  -14.103 0.0000000000
13051  -41.288  -67.638  -15.114 0.0000000000
18777  -46.948  -61.430  -8.349 0.0000000000
9182  -42.430  -71.470  -7.579 0.0000000000
10981  -43.218  -70.113  -7.732 0.0000000000
11045  -42.196  -69.238  -12.020 0.0000000000
11064  -41.846  -69.495  -12.899 0.0000000000
12027  -41.391  -68.771  -12.428 0.0000000000
13898  -46.445  -66.247  -9.631 0.0000000000
16845  -47.792  -63.421  -10.708 0.0000000000
16859  -47.419  -64.276  -11.160 0.0000000000
15824  -46.196  -64.789  -11.211 0.0000000000
15813  -46.442  -64.218  -10.960 0.0000000000
12920  -47.398  -67.618  -4.310 0.0000000000
11927  -47.644  -67.903  -4.810 0.0000000000
11944  -47.125  -68.300  -5.466 0.0000000000
12933  -47.589  -67.282  -5.259 0.0000000000
14806  -42.785  -65.212  -5.451 0.0000000000
14820  -42.970  -65.432  -6.221 0.0000000000
15771  -42.308  -64.558  -6.238 0.0000000000
16779  -42.200  -63.816  -6.338 0.0000000000
18708  -40.252  -61.207  -1.214 0.0000000000
18709  -41.500  -61.760  -0.809 0.0000000000
17735  -40.368  -62.165  -2.419 0.0000000000
20668  -42.027  -59.396  -4.779 0.0000000000
19662  -41.624  -59.787  -4.797 0.0000000000
20676  -42.564  -59.475  -5.272 0.0000000000
10110  -45.559  -69.865  -12.301 0.0000000000
10109  -45.002  -70.476  -11.986 0.0000000000
9268  -44.583  -70.875  -12.629 0.0000000000
14869  -39.807  -65.043  -12.009 0.0000000000
14870  -40.252  -65.420  -12.667 0.0000000000
16805  -45.530  -63.656  -8.455 0.0000000000
16806  -46.726  -63.557  -9.060 0.0000000000
18801  -47.657  -61.768  -8.716 0.0000000000
17817  -47.814  -62.424  -9.256 0.0000000000
17846  -48.098  -62.503  -9.751 0.0000000000
15749  -43.727  -64.835  -4.673 0.0000000000
19650  -39.464  -60.449  -1.340 0.0000000000
19653  -39.212  -60.126  -2.122 0.0000000000
19656  -39.388  -60.291  -2.695 0.0000000000
20655  -39.551  -59.371  -2.716 0.0000000000
21668  -41.475  -58.628  -3.911 0.0000000000
8430  -41.357  -73.235  -9.759 0.0000000000
10146  -44.156  -70.447  -13.490 0.0000000000
11087  -43.639  -69.908  -13.279 0.0000000000
10144  -42.005  -70.506  -14.070 0.0000000000
10169  -42.676  -71.018  -14.563 0.0000000000
10192  -42.249  -71.417  -15.313 0.0000000000
9310  -42.024  -71.669  -16.119 0.0000000000
12071  -41.019  -68.782  -14.854 0.0000000000
12089  -41.598  -68.577  -15.980 0.0000000000
12129  -42.200  -69.076  -17.436 0.0000000000
11002  -46.237  -69.064  -9.055 0.0000000000
11001  -45.449  -69.450  -8.679 0.0000000000
11031  -46.250  -68.810  -11.246 0.0000000000
12011  -46.357  -68.384  -11.693 0.0000000000
14840  -47.339  -65.221  -10.146 0.0000000000
14848  -47.869  -65.005  -10.737 0.0000000000
13920  -47.172  -66.392  -11.696 0.0000000000
13936  -46.640  -67.057  -11.993 0.0000000000
13023  -46.404  -67.561  -12.179 0.0000000000
13022  -46.101  -67.632  -12.424 0.0000000000
12030  -45.694  -68.417  -12.783 0.0000000000
13908  -44.821  -66.558  -11.173 0.0000000000
13001  -44.798  -67.623  -11.733 0.0000000000
12984  -44.247  -67.175  -10.984 0.0000000000
11996  -43.669  -68.022  -10.937 0.0000000000
12983  -43.587  -67.465  -10.692 0.0000000000
12944  -45.462  -67.830  -7.664 0.0000000000
12943  -44.894  -67.172  -7.722 0.0000000000
14809  -45.879  -65.941  -5.280 0.0000000000
13871  -46.276  -66.859  -5.877 0.0000000000
14822  -43.421  -65.560  -7.106 0.0000000000
13885  -43.872  -66.217  -7.236 0.0000000000
13889  -44.560  -66.171  -8.248 0.0000000000
14823  -44.064  -65.680  -7.848 0.0000000000
15775  -44.430  -64.754  -8.178 0.0000000000
17787  -43.943  -63.169  -7.446 0.0000000000
18775  -45.252  -61.900  -7.579 0.0000000000
16735  -44.550  -63.297  -2.202 0.0000000000
16732  -41.453  -63.263  -2.963 0.0000000000
15730  -42.252  -64.332  -3.998 0.0000000000
19657  -39.615  -60.461  -3.371 0.0000000000
18733  -41.226  -61.692  -5.495 0.0000000000
18732  -40.577  -61.806  -4.823 0.0000000000
17766  -41.226  -62.707  -5.582 0.0000000000
18747  -41.787  -62.237  -6.029 0.0000000000
17771  -42.292  -62.977  -6.399 0.0000000000
20692  -43.641  -59.856  -6.194 0.0000000000
11017  -43.959  -69.751  -9.143 0.0000000000
10073  -43.185  -70.178  -9.248 0.0000000000
8468  -43.333  -71.994  -11.635 0.0000000000
9229  -42.600  -71.795  -10.426 0.0000000000
8448  -42.893  -72.184  -11.120 0.0000000000
7625  -41.785  -73.345  -10.866 0.0000000000
7645  -41.997  -73.541  -11.644 0.0000000000
9293  -43.721  -71.420  -13.790 0.0000000000
8508  -43.517  -71.985  -13.468 0.0000000000
8507  -42.837  -72.478  -13.825 0.0000000000
7683  -41.068  -73.093  -13.606 0.0000000000
7684  -41.682  -73.241  -13.897 0.0000000000
16824  -44.960  -63.460  -9.938 0.0000000000
13895  -42.241  -66.205  -9.578 0.0000000000
12965  -42.357  -66.743  -9.859 0.0000000000
12964  -41.750  -66.859  -9.832 0.0000000000
13917  -39.934  -66.280  -11.034 0.0000000000
13904  -40.263  -66.107  -10.005 0.0000000000
12998  -40.659  -67.383  -11.398 0.0000000000
13020  -40.610  -67.461  -12.481 0.0000000000
14885  -41.277  -65.550  -14.127 0.0000000000
13950  -41.309  -66.650  -14.440 0.0000000000
13969  -41.760  -66.672  -15.257 0.0000000000
17790  -46.374  -61.889  -8.206 0.0000000000
18802  -48.194  -61.527  -8.959 0.0000000000
21647  -39.885  -58.366  -2.818 0.0000000000
9201  -41.930  -71.622  -8.651 0.0000000000
11046  -43.247  -69.113  -11.991 0.0000000000
10191  -41.665  -70.981  -15.815 0.0000000000
11103  -41.422  -69.758  -14.492 0.0000000000
12985  -46.609  -67.598  -10.542 0.0000000000
15815  -48.010  -64.353  -10.770 0.0000000000
14859  -48.077  -64.804  -11.038 0.0000000000
15827  -48.015  -64.412  -11.025 0.0000000000
14857  -47.077  -65.498  -11.770 0.0000000000
13918  -45.553  -66.629  -11.681 0.0000000000
14856  -46.060  -65.571  -11.563 0.0000000000
14846  -45.103  -65.514  -10.824 0.0000000000
11943  -46.772  -68.168  -5.950 0.0000000000
13883  -45.984  -67.468  -6.332 0.0000000000
13869  -44.103  -66.186  -5.894 0.0000000000
13868  -43.532  -65.832  -6.025 0.0000000000
17772  -43.406  -62.662  -6.981 0.0000000000
17723  -43.370  -62.412  -1.044 0.0000000000
17737  -42.681  -62.914  -1.932 0.0000000000
16734  -43.288  -63.379  -2.485 0.0000000000
17751  -41.093  -63.182  -3.064 0.0000000000
20666  -40.700  -59.777  -4.313 0.0000000000
19661  -41.110  -60.107  -4.714 0.0000000000
19688  -42.408  -61.022  -5.934 0.0000000000
19673  -42.676  -60.005  -5.629 0.0000000000
20677  -43.150  -59.610  -5.705 0.0000000000
21699  -43.664  -59.032  -6.046 0.0000000000
10089  -44.595  -70.408  -10.832 0.0000000000
9251  -43.799  -71.473  -11.736 0.0000000000
8491  -43.573  -71.908  -12.492 0.0000000000
7685  -42.234  -72.941  -14.267 0.0000000000
15809  -39.061  -64.133  -10.147 0.0000000000
14843  -39.538  -65.220  -10.178 0.0000000000
14853  -39.544  -65.294  -11.214 0.0000000000
14854  -39.900  -65.743  -11.836 0.0000000000
13949  -40.666  -66.552  -13.371 0.0000000000
14884  -40.777  -65.285  -13.460 0.0000000000
14838  -46.249  -65.484  -9.447 0.0000000000
15798  -46.724  -64.877  -9.495 0.0000000000
15799  -47.215  -64.537  -9.665 0.0000000000
16827  -47.543  -63.529  -9.555 0.0000000000
16807  -47.293  -62.970  -9.166 0.0000000000
16828  -47.995  -63.490  -9.999 0.0000000000
16846  -47.938  -63.588  -10.508 0.0000000000
17870  -47.558  -62.727  -10.539 0.0000000000
13872  -47.262  -66.637  -5.418 0.0000000000
14793  -45.625  -65.294  -4.746 0.0000000000
15765  -44.147  -65.108  -5.051 0.0000000000
14791  -43.235  -65.110  -5.080 0.0000000000
17720  -40.337  -61.750  -1.872 0.0000000000
18719  -39.850  -61.458  -2.251 0.0000000000
18725  -39.292  -61.024  -2.735 0.0000000000
20656  -40.027  -58.925  -3.145 0.0000000000
20662  -40.355  -59.387  -3.615 0.0000000000
10148  -45.459  -69.825  -13.323 0.0000000000
9279  -44.588  -70.775  -13.252 0.0000000000
10147  -45.065  -70.165  -13.310 0.0000000000
10171  -44.285  -70.872  -13.573 0.0000000000
9292  -42.978  -71.662  -14.640 0.0000000000
8548  -41.876  -72.404  -16.337 0.0000000000
10226  -42.007  -70.558  -17.958 0.0000000000
11146  -42.326  -69.556  -17.947 0.0000000000
10982  -43.925  -69.903  -7.606 0.0000000000
11018  -44.769  -69.641  -9.685 0.0000000000
11019  -45.747  -69.384  -9.953 0.0000000000
11029  -45.285  -69.759  -10.645 0.0000000000
11030  -45.844  -69.381  -11.286 0.0000000000
11048  -46.018  -69.378  -12.266 0.0000000000
11069  -46.234  -69.139  -12.654 0.0000000000
13899  -46.995  -66.123  -9.993 0.0000000000
12968  -47.069  -66.548  -10.222 0.0000000000
13921  -47.571  -66.060  -11.042 0.0000000000
13004  -47.276  -66.718  -11.269 0.0000000000
12052  -46.095  -69.011  -13.290 0.0000000000
12051  -45.770  -68.958  -13.249 0.0000000000
12050  -45.286  -68.891  -13.050 0.0000000000
12029  -44.880  -68.500  -12.518 0.0000000000
13002  -45.696  -67.278  -12.127 0.0000000000
12010  -44.402  -68.269  -12.047 0.0000000000
12028  -44.170  -68.596  -12.242 0.0000000000
12008  -42.633  -68.636  -11.401 0.0000000000
11994  -42.049  -68.128  -10.763 0.0000000000
10022  -44.873  -70.082  -6.964 0.0000000000
11964  -46.055  -68.809  -8.015 0.0000000000
11963  -45.837  -68.170  -8.305 0.0000000000
12953  -45.540  -67.309  -8.808 0.0000000000
13890  -45.128  -66.265  -8.704 0.0000000000
13882  -45.430  -67.220  -6.408 0.0000000000
13881  -44.477  -66.784  -6.764 0.0000000000
12939  -45.102  -67.506  -7.011 0.0000000000
14829  -45.475  -65.466  -9.031 0.0000000000
15784  -45.153  -64.681  -8.648 0.0000000000
16787  -44.419  -63.733  -7.868 0.0000000000
16788  -45.085  -63.113  -7.916 0.0000000000
17789  -45.726  -62.464  -8.083 0.0000000000
15731  -43.242  -64.399  -3.888 0.0000000000
17750  -40.493  -62.714  -3.380 0.0000000000
16747  -40.562  -63.140  -3.961 0.0000000000
19670  -40.428  -61.294  -4.585 0.0000000000
17760  -40.411  -62.577  -4.343 0.0000000000
16763  -40.674  -63.211  -4.516 0.0000000000
16764  -41.036  -63.691  -4.760 0.0000000000
16773  -41.366  -63.575  -5.482 0.0000000000
15762  -41.791  -64.211  -5.743 0.0000000000
18749  -43.642  -61.438  -6.760 0.0000000000
18751  -45.375  -60.745  -7.219 0.0000000000
10998  -42.873  -70.082  -8.074 0.0000000000
10087  -42.939  -71.252  -10.360 0.0000000000
9214  -41.842  -72.033  -9.726 0.0000000000
8446  -41.613  -73.155  -10.419 0.0000000000
9278  -44.179  -71.418  -13.156 0.0000000000
7667  -42.315  -73.040  -13.044 0.0000000000
19713  -47.833  -60.091  -8.522 0.0000000000
18826  -47.976  -61.604  -9.745 0.0000000000
18847  -47.848  -62.042  -10.194 0.0000000000
17869  -46.796  -62.702  -10.552 0.0000000000
16843  -45.997  -63.457  -10.580 0.0000000000
16842  -45.360  -63.970  -10.407 0.0000000000
15811  -44.752  -64.499  -10.365 0.0000000000
14845  -44.182  -65.260  -10.407 0.0000000000
14837  -43.544  -65.361  -9.958 0.0000000000
12982  -42.600  -67.240  -10.282 0.0000000000
14844  -39.998  -65.551  -9.720 0.0000000000
13893  -40.636  -65.970  -9.632 0.0000000000
13894  -41.125  -66.197  -9.565 0.0000000000
13905  -40.942  -66.777  -9.994 0.0000000000
12999  -41.331  -67.901  -11.123 0.0000000000
12006  -41.125  -67.975  -11.517 0.0000000000
12048  -40.937  -68.217  -12.716 0.0000000000
13036  -40.792  -67.767  -13.244 0.0000000000
13066  -42.010  -67.420  -15.920 0.0000000000
8431  -41.621  -72.719  -10.032 0.0000000000
9183  -43.027  -71.062  -7.160 0.0000000000
9213  -41.474  -72.603  -9.436 0.0000000000
9230  -43.327  -71.540  -10.933 0.0000000000
9252  -44.372  -70.952  -11.793 0.0000000000
9329  -42.136  -72.209  -16.181 0.0000000000
10038  -42.860  -70.525  -7.773 0.0000000000
10039  -43.354  -70.683  -7.245 0.0000000000
10057  -42.953  -70.082  -8.554 0.0000000000
10088  -43.497  -70.782  -10.300 0.0000000000
10126  -45.155  -70.392  -12.876 0.0000000000
10980  -42.962  -70.217  -7.821 0.0000000000
10999  -43.449  -69.755  -8.376 0.0000000000
11047  -43.796  -68.784  -12.163 0.0000000000
11067  -44.828  -69.008  -12.957 0.0000000000
11068  -45.944  -69.510  -12.860 0.0000000000
11089  -45.675  -69.500  -13.189 0.0000000000
11090  -46.175  -69.159  -13.083 0.0000000000
11974  -46.056  -67.892  -8.753 0.0000000000
12009  -43.783  -68.383  -11.574 0.0000000000
12941  -46.417  -67.830  -6.216 0.0000000000
12966  -45.981  -66.799  -9.516 0.0000000000
13082  -42.137  -68.014  -16.385 0.0000000000
13903  -39.824  -65.852  -10.482 0.0000000000
13906  -42.823  -66.529  -9.952 0.0000000000
13935  -46.391  -67.230  -12.191 0.0000000000
14792  -43.530  -65.102  -5.103 0.0000000000
14819  -42.454  -65.112  -5.854 0.0000000000
14836  -42.729  -65.346  -9.564 0.0000000000
14847  -45.774  -65.081  -11.126 0.0000000000
14849  -48.098  -64.623  -10.907 0.0000000000
15764  -43.778  -65.088  -5.102 0.0000000000
15770  -41.975  -64.076  -6.142 0.0000000000
15786  -46.830  -64.313  -9.381 0.0000000000
15791  -38.868  -63.664  -9.562 0.0000000000
15801  -47.939  -64.013  -10.431 0.0000000000
15808  -38.927  -63.837  -9.778 0.0000000000
15810  -43.984  -64.740  -10.096 0.0000000000
15814  -47.882  -64.407  -10.562 0.0000000000
15826  -47.576  -64.675  -11.357 0.0000000000
16772  -40.876  -63.192  -5.160 0.0000000000
16778  -41.818  -63.626  -6.071 0.0000000000
16860  -47.747  -64.054  -11.017 0.0000000000
17739  -44.453  -63.059  -1.631 0.0000000000
18707  -39.698  -60.861  -1.505 0.0000000000
18848  -48.079  -62.073  -10.108 0.0000000000
