#!ascii label  , from subject 4012 vox2ras=TkReg
1151
65725  -25.211  -16.404  -10.614 0.4285714328
66950  -25.474  -14.933  -11.435 0.2857142985
65743  -25.062  -15.654  -11.287 0.4285714328
68106  -26.104  -14.273  -11.473 0.4285714328
68105  -25.161  -14.177  -12.111 0.2857142985
69201  -25.847  -13.825  -12.107 0.4285714328
69202  -26.750  -13.497  -11.612 0.4285714328
69240  -26.146  -13.315  -13.905 0.4285714328
70277  -26.670  -12.689  -13.369 0.4285714328
70291  -26.540  -12.662  -14.558 0.4285714328
71323  -27.198  -12.060  -14.118 0.4285714328
71353  -26.916  -11.273  -15.597 0.5714285970
71340  -27.052  -11.638  -14.911 0.5714285970
71341  -27.902  -11.469  -14.801 0.4285714328
72332  -28.520  -10.681  -14.963 0.2857142985
71361  -28.456  -11.327  -16.328 0.7142857313
71362  -28.705  -11.448  -16.208 0.7142857313
73424  -29.478  -9.748  -16.515 0.7142857313
74454  -29.689  -8.835  -16.080 0.4285714328
72347  -29.020  -10.833  -16.162 0.7142857313
75476  -31.029  -8.068  -17.237 0.5714285970
73434  -30.284  -9.533  -17.299 0.5714285970
74466  -30.931  -9.079  -17.547 0.5714285970
75489  -31.275  -8.652  -17.931 0.5714285970
73445  -30.517  -9.355  -17.745 0.5714285970
76501  -30.690  -6.920  -16.292 0.4285714328
132865  -31.376  -6.167  -18.363 0.5714285970
77550  -32.107  -4.954  -17.742 0.5714285970
74476  -31.058  -7.620  -18.468 0.7142857313
132875  -32.224  -5.637  -18.417 0.7142857313
132873  -32.509  -5.240  -18.230 0.7142857313
78666  -32.642  -4.224  -17.928 0.5714285970
132864  -30.907  -6.670  -18.552 0.5714285970
76515  -29.008  -6.540  -17.217 0.5714285970
76533  -31.708  -6.132  -18.881 0.8571428657
78672  -33.118  -5.153  -18.480 0.7142857313
79798  -33.386  -3.873  -18.516 0.5714285970
132866  -31.215  -5.891  -18.554 0.7142857313
78645  -30.163  -5.798  -17.594 0.5714285970
79807  -34.334  -4.589  -20.005 0.7142857313
80870  -34.615  -3.397  -18.678 0.5714285970
77581  -33.107  -5.997  -19.495 0.7142857313
79800  -34.583  -5.501  -19.688 0.7142857313
80878  -34.737  -3.625  -19.678 0.5714285970
78674  -34.429  -6.198  -19.777 0.7142857313
81948  -35.757  -3.069  -19.288 0.5714285970
78684  -32.471  -5.450  -19.584 0.5714285970
79821  -33.862  -5.506  -20.191 0.7142857313
81961  -34.866  -2.163  -19.923 0.7142857313
80886  -32.925  -2.988  -20.889 0.7142857313
80887  -33.986  -3.255  -20.828 0.7142857313
80888  -34.198  -2.290  -21.046 0.7142857313
83065  -34.640  -0.552  -20.432 0.7142857313
80897  -33.240  -2.289  -21.531 0.7142857313
78682  -31.627  -4.008  -20.259 0.5714285970
84206  -34.709  0.336  -20.798 0.5714285970
85289  -34.961  1.433  -20.852 0.5714285970
81976  -32.990  -1.242  -22.382 0.8571428657
81965  -32.382  -2.477  -20.920 0.8571428657
85288  -34.167  1.352  -21.762 0.7142857313
85301  -33.207  1.094  -22.676 0.7142857313
83085  -33.452  -0.451  -22.949 0.8571428657
84228  -33.487  0.362  -23.230 0.7142857313
87410  -33.352  2.427  -24.102 0.8571428657
86329  -34.609  2.277  -21.773 0.5714285970
85300  -32.394  0.984  -23.701 0.8571428657
84248  -32.828  -0.057  -23.952 0.8571428657
84227  -33.002  0.729  -23.949 0.8571428657
87409  -32.865  3.018  -24.310 0.8571428657
88484  -33.053  3.642  -24.311 0.8571428657
132987  -31.659  4.007  -24.679 0.8571428657
86343  -33.629  1.911  -23.162 0.8571428657
88483  -31.989  4.338  -23.402 1.0000000000
87432  -32.168  2.408  -24.662 0.8571428657
132989  -31.599  4.655  -24.185 1.0000000000
132992  -30.540  5.995  -23.788 1.0000000000
92506  -31.435  8.217  -22.511 0.7142857313
132990  -31.468  4.747  -24.596 1.0000000000
133001  -31.800  6.137  -22.337 1.0000000000
133004  -31.328  7.020  -22.756 1.0000000000
95573  -31.535  11.522  -21.605 1.0000000000
95564  -31.816  11.476  -20.569 0.8571428657
97371  -31.740  13.307  -20.359 0.8571428657
96478  -31.768  12.454  -21.001 1.0000000000
100263  -30.025  16.547  -19.438 0.8571428657
99307  -30.457  15.464  -19.341 0.8571428657
98312  -31.036  14.769  -19.922 1.0000000000
101162  -28.701  17.540  -19.736 0.8571428657
101163  -29.683  17.337  -19.773 0.8571428657
101161  -27.673  17.636  -19.892 0.7142857313
100260  -26.933  16.903  -19.539 0.5714285970
101168  -26.124  17.994  -20.716 0.7142857313
101997  -26.275  19.959  -21.193 0.5714285970
100266  -24.985  16.404  -21.213 0.5714285970
100259  -26.268  16.889  -20.319 0.5714285970
101166  -24.780  17.531  -20.676 0.4285714328
101993  -23.643  19.071  -21.423 0.4285714328
102853  -23.861  20.067  -22.447 0.4285714328
101988  -24.860  18.739  -19.344 0.2857142985
101155  -25.415  17.578  -18.694 0.2857142985
101159  -24.548  17.541  -19.657 0.2857142985
101156  -26.074  17.863  -18.058 0.2857142985
75477  -31.186  -7.865  -18.177 0.5714285970
79799  -34.257  -4.695  -19.206 0.5714285970
83076  -34.255  -0.418  -22.045 0.7142857313
84220  -34.320  0.431  -21.768 0.7142857313
87399  -33.937  3.012  -23.358 0.8571428657
88477  -33.531  3.485  -23.629 0.8571428657
132991  -32.393  3.775  -24.706 0.8571428657
92505  -30.882  8.438  -23.281 0.8571428657
101135  -26.611  18.230  -16.304 0.1428571492
68104  -24.786  -14.727  -12.843 0.2857142985
68127  -25.200  -14.264  -13.075 0.2857142985
69218  -25.621  -13.926  -12.627 0.2857142985
69219  -26.250  -13.395  -12.767 0.4285714328
70278  -27.253  -12.091  -13.198 0.4285714328
69239  -25.614  -13.752  -13.424 0.4285714328
71339  -26.341  -11.940  -15.198 0.5714285970
71354  -27.958  -11.439  -15.834 0.5714285970
72354  -27.981  -10.917  -16.509 0.2857142985
72355  -28.692  -11.063  -16.501 0.7142857313
73433  -29.054  -10.073  -17.090 0.7142857313
74465  -30.394  -9.224  -16.929 0.4285714328
73443  -29.428  -9.272  -17.509 0.5714285970
77549  -31.371  -5.348  -16.900 0.4285714328
74474  -29.681  -8.576  -17.752 0.7142857313
74487  -30.143  -8.121  -18.224 0.7142857313
76502  -31.260  -6.719  -17.533 0.7142857313
132870  -31.446  -5.655  -17.907 0.5714285970
77569  -33.109  -6.015  -18.921 0.7142857313
78673  -34.089  -5.808  -19.162 0.7142857313
77547  -29.892  -6.159  -17.477 0.5714285970
132872  -30.544  -6.640  -18.133 0.5714285970
81949  -35.683  -2.476  -19.334 0.5714285970
132871  -30.925  -5.494  -18.552 0.5714285970
79820  -33.491  -4.410  -20.370 0.7142857313
78697  -32.312  -4.375  -20.342 0.8571428657
80899  -34.022  -1.625  -21.821 0.7142857313
86342  -32.376  1.383  -23.635 1.0000000000
88476  -32.039  3.754  -22.050 1.0000000000
91483  -31.752  7.149  -21.756 0.8571428657
93513  -31.698  9.488  -20.652 0.7142857313
93522  -30.847  9.111  -22.710 1.0000000000
93530  -30.005  9.174  -23.415 1.0000000000
94513  -31.675  10.530  -21.160 0.7142857313
94520  -30.738  10.172  -22.760 1.0000000000
98325  -31.360  14.180  -20.657 1.0000000000
97379  -31.523  13.434  -21.395 1.0000000000
101994  -23.958  18.645  -21.033 0.7142857313
101996  -25.432  18.702  -21.194 0.7142857313
100273  -25.036  15.732  -21.540 0.4285714328
102820  -23.651  19.592  -20.759 0.4285714328
102838  -24.860  19.654  -21.835 0.4285714328
103660  -23.519  20.674  -21.665 0.4285714328
101982  -25.874  18.761  -18.331 0.2857142985
102805  -24.191  19.373  -20.166 0.4285714328
74464  -28.014  -9.030  -16.720 0.4285714328
74473  -28.818  -8.911  -17.378 0.4285714328
101995  -24.628  18.507  -21.236 0.7142857313
101987  -24.400  18.329  -20.149 0.2857142985
66929  -25.782  -15.475  -10.732 0.4285714328
66949  -24.628  -15.189  -12.121 0.2857142985
65762  -23.995  -15.659  -12.541 0.2857142985
66951  -26.146  -14.869  -11.002 0.4285714328
69258  -26.161  -13.361  -14.662 0.2857142985
72346  -27.428  -11.102  -16.054 0.2857142985
71355  -28.521  -11.334  -15.568 0.4285714328
74475  -30.770  -8.782  -18.238 0.5714285970
77548  -30.926  -6.023  -16.329 0.4285714328
132867  -31.232  -6.261  -18.632 0.7142857313
76516  -30.192  -6.896  -17.730 0.7142857313
132876  -31.347  -6.634  -18.899 0.7142857313
75488  -29.670  -7.614  -17.707 0.7142857313
77580  -32.017  -5.624  -19.374 0.5714285970
80879  -34.334  -2.818  -19.977 0.7142857313
132878  -31.083  -4.819  -19.268 0.7142857313
79819  -32.421  -3.735  -20.680 0.8571428657
81967  -34.114  -1.320  -21.149 0.7142857313
80885  -32.254  -2.903  -20.621 0.8571428657
86356  -32.874  2.001  -23.912 0.8571428657
85309  -32.509  0.607  -23.738 0.8571428657
87408  -31.309  2.853  -23.485 1.0000000000
91484  -31.967  6.651  -21.952 1.0000000000
92497  -31.539  8.389  -21.189 0.8571428657
100262  -29.123  16.661  -19.298 0.8571428657
101160  -26.840  17.593  -20.158 0.7142857313
101169  -27.157  18.619  -20.404 0.7142857313
101167  -25.222  17.652  -20.785 0.5714285970
100267  -25.542  16.825  -20.810 0.5714285970
100265  -24.625  16.427  -20.883 0.4285714328
101158  -24.514  17.488  -20.383 0.4285714328
102004  -23.961  18.966  -21.992 0.4285714328
101134  -26.243  17.941  -16.721 0.1428571492
73432  -27.703  -9.890  -16.506 0.2857142985
93523  -31.388  9.525  -21.882 1.0000000000
102821  -24.952  18.979  -21.603 0.5714285970
105309  -24.815  22.999  -19.830 0.2857142985
105300  -23.517  24.264  -18.971 0.1428571492
104494  -24.038  21.859  -21.086 0.2857142985
104476  -23.834  22.985  -19.288 0.1428571492
103651  -24.578  20.660  -20.120 0.1428571492
104495  -24.241  21.590  -20.353 0.2857142985
104485  -24.178  21.812  -19.648 0.1428571492
105317  -25.329  22.741  -21.080 0.2857142985
105316  -24.274  23.013  -20.867 0.2857142985
133295  -28.268  21.488  -22.925 0.2857142985
133300  -27.121  21.991  -22.909 0.2857142985
104457  -23.585  23.341  -18.345 0.1428571492
103670  -23.569  20.888  -22.316 0.2857142985
102006  -28.105  20.135  -21.939 0.2857142985
106182  -25.196  23.147  -22.763 0.2857142985
104502  -23.774  22.918  -21.697 0.2857142985
102015  -29.811  18.509  -23.098 0.1428571492
133287  -27.284  20.980  -22.279 0.2857142985
133307  -26.851  22.015  -22.858 0.2857142985
104477  -24.126  22.050  -18.737 0.1428571492
133298  -25.484  21.611  -22.390 0.2857142985
105323  -23.856  22.851  -22.584 0.2857142985
133246  -28.413  17.267  -26.909 0.1428571492
102023  -29.665  18.660  -24.411 0.1428571492
102013  -28.418  20.192  -22.557 0.4285714328
99335  -30.484  15.254  -23.734 0.2857142985
102008  -29.773  18.622  -21.903 0.4285714328
101998  -27.684  19.744  -20.937 0.2857142985
102837  -24.192  19.558  -22.328 0.2857142985
99343  -29.460  14.999  -25.224 0.1428571492
101180  -30.234  17.437  -23.454 0.2857142985
101999  -28.645  19.128  -20.992 0.4285714328
100275  -30.774  16.491  -21.247 0.5714285970
101171  -29.230  18.209  -20.295 0.7142857313
97409  -29.530  13.171  -25.413 0.1428571492
98344  -30.300  14.284  -24.213 0.1428571492
101172  -30.232  17.702  -20.668 0.7142857313
100284  -31.135  15.731  -22.222 0.4285714328
96527  -29.748  12.311  -26.423 0.2857142985
97408  -28.891  12.312  -25.797 0.7142857313
100268  -30.457  16.528  -20.083 0.7142857313
96487  -31.349  12.508  -22.069 0.8571428657
97388  -30.617  13.526  -23.535 0.8571428657
99326  -31.251  15.378  -21.818 0.5714285970
94547  -31.150  10.867  -26.354 0.2857142985
95620  -30.351  11.586  -26.377 0.2857142985
98337  -31.291  14.546  -21.783 0.7142857313
99297  -29.768  15.034  -18.721 0.5714285970
98324  -31.040  14.956  -20.886 0.8571428657
93560  -31.634  9.804  -26.204 0.1428571492
95599  -28.991  11.497  -25.466 0.7142857313
93550  -32.083  9.708  -25.705 0.1428571492
87363  -31.370  3.267  -17.899 0.5714285970
89477  -32.370  5.175  -21.836 0.8571428657
132998  -32.109  6.067  -21.482 0.8571428657
90479  -32.190  5.699  -20.614 0.4285714328
90478  -31.829  6.565  -20.976 0.5714285970
94521  -31.280  10.653  -22.027 0.8571428657
92518  -29.275  8.096  -24.984 0.8571428657
95580  -31.039  11.468  -22.801 0.8571428657
92529  -31.617  8.266  -26.031 0.2857142985
93546  -27.941  9.520  -26.215 0.8571428657
95600  -29.482  11.424  -24.803 0.8571428657
133007  -33.027  8.476  -24.155 0.4285714328
92536  -28.724  9.286  -26.792 0.7142857313
94563  -27.322  11.057  -26.657 0.7142857313
88470  -32.556  3.850  -20.521 0.5714285970
88460  -32.383  3.920  -19.328 0.5714285970
92519  -29.862  7.657  -24.464 0.8571428657
92512  -29.643  8.266  -24.297 0.8571428657
93537  -29.123  9.004  -24.224 0.8571428657
93538  -29.535  9.969  -24.134 0.8571428657
91513  -31.628  7.416  -25.927 0.4285714328
91505  -29.782  7.038  -26.052 0.8571428657
92527  -28.710  9.238  -26.561 0.8571428657
133005  -32.722  7.552  -24.043 0.4285714328
81923  -30.863  -1.763  -18.138 0.7142857313
83020  -30.512  -0.981  -17.828 0.4285714328
80868  -31.647  -2.572  -19.441 0.7142857313
84218  -32.562  -0.217  -21.076 0.8571428657
85251  -32.160  0.593  -19.106 0.5714285970
85249  -30.841  1.401  -18.053 0.5714285970
85248  -29.678  1.516  -18.035 0.4285714328
85286  -32.323  0.680  -21.505 0.8571428657
85271  -32.346  1.514  -19.422 0.5714285970
87372  -32.119  3.103  -18.707 0.5714285970
86341  -31.695  1.728  -23.399 0.8571428657
87386  -32.416  2.746  -21.388 0.7142857313
87373  -32.535  2.931  -19.875 0.5714285970
89486  -33.346  4.828  -24.279 0.7142857313
133008  -32.178  4.307  -25.101 0.7142857313
89502  -30.804  5.618  -25.656 0.7142857313
90501  -29.947  6.445  -25.653 0.8571428657
90487  -34.450  6.132  -22.291 0.2857142985
133003  -33.318  6.122  -24.512 0.4285714328
78665  -30.819  -4.865  -18.689 0.4285714328
79780  -31.165  -3.455  -18.433 0.4285714328
81922  -30.159  -1.862  -17.482 0.4285714328
83084  -32.366  -0.701  -22.402 0.7142857313
83074  -31.987  -0.733  -21.210 0.7142857313
84226  -32.247  0.013  -22.051 0.7142857313
86327  -32.120  1.612  -22.573 0.8571428657
88478  -33.601  3.997  -22.884 0.7142857313
89478  -34.355  5.038  -22.470 0.2857142985
89482  -33.846  4.789  -23.527 0.5714285970
88485  -33.054  4.217  -23.971 0.5714285970
78664  -30.570  -5.274  -17.876 0.4285714328
78663  -29.208  -4.702  -17.312 0.5714285970
79797  -31.580  -3.713  -19.255 0.5714285970
80847  -31.322  -2.629  -18.592 0.5714285970
81966  -32.376  -1.790  -21.449 0.7142857313
87388  -35.074  2.804  -20.691 0.4285714328
88471  -34.414  4.407  -21.414 0.4285714328
75487  -28.666  -7.675  -17.283 0.5714285970
83023  -36.000  -2.330  -18.721 0.4285714328
85273  -35.332  1.484  -19.872 0.4285714328
86315  -35.363  2.252  -19.772 0.4285714328
86330  -35.255  2.049  -20.638 0.4285714328
72319  -28.103  -10.959  -14.174 0.1428571492
83046  -35.448  -1.661  -19.125 0.4285714328
83067  -35.640  -0.245  -18.725 0.4285714328
85274  -35.791  0.924  -19.155 0.4285714328
74439  -29.108  -9.143  -15.168 0.1428571492
80811  -33.918  -2.793  -15.637 0.2857142985
81907  -36.494  -1.611  -16.804 0.2857142985
80850  -35.242  -2.020  -17.246 0.2857142985
78647  -32.283  -4.029  -16.924 0.4285714328
81927  -36.436  -1.293  -17.501 0.2857142985
80849  -34.122  -2.566  -17.335 0.2857142985
83024  -35.896  -1.419  -18.272 0.4285714328
72320  -28.406  -10.193  -13.728 0.1428571492
73396  -28.731  -9.608  -14.451 0.1428571492
72331  -28.267  -11.146  -14.749 0.1428571492
74440  -29.462  -8.500  -14.790 0.2857142985
75459  -29.775  -8.053  -15.167 0.2857142985
78607  -31.871  -4.544  -14.930 0.2857142985
78630  -33.227  -3.561  -14.944 0.2857142985
78629  -32.586  -3.712  -15.649 0.2857142985
77533  -31.286  -5.320  -15.590 0.2857142985
79739  -32.987  -3.115  -15.994 0.2857142985
73373  -28.886  -9.108  -13.123 0.1428571492
76444  -30.563  -6.490  -13.732 0.2857142985
74418  -29.427  -8.211  -13.888 0.2857142985
76467  -30.509  -6.437  -14.256 0.2857142985
75447  -29.985  -7.299  -14.604 0.2857142985
77512  -30.836  -6.011  -14.418 0.2857142985
68107  -26.726  -14.154  -11.205 0.2857142985
70256  -26.607  -12.894  -12.674 0.2857142985
72301  -28.006  -10.816  -13.130 0.1428571492
64461  -25.993  -17.057  -10.199 0.2857142985
65724  -24.312  -16.902  -10.710 0.2857142985
70257  -27.110  -12.602  -12.310 0.2857142985
65707  -26.530  -16.786  -9.868 0.1428571492
64460  -25.088  -17.615  -10.287 0.2857142985
63390  -25.037  -18.348  -9.924 0.1428571492
74417  -29.123  -8.839  -14.135 0.1428571492
75402  -30.096  -7.531  -13.250 0.2857142985
77513  -31.339  -5.575  -14.218 0.2857142985
79724  -33.757  -3.343  -14.917 0.2857142985
80828  -34.828  -2.419  -16.331 0.2857142985
80869  -33.651  -3.114  -17.982 0.4285714328
81925  -35.389  -2.565  -18.266 0.4285714328
81926  -35.746  -1.782  -17.897 0.2857142985
83026  -36.437  0.046  -17.709 0.2857142985
83022  -31.443  -0.716  -18.814 0.7142857313
83048  -36.029  -0.171  -18.407 0.4285714328
86314  -32.420  1.795  -20.486 0.5714285970
84207  -35.083  0.562  -19.985 0.4285714328
87387  -34.513  3.392  -21.778 0.4285714328
89472  -34.564  5.474  -21.144 0.2857142985
90491  -34.015  5.535  -23.395 0.5714285970
98313  -31.442  13.963  -19.697 0.7142857313
90513  -31.333  6.390  -25.923 0.7142857313
100261  -28.010  16.769  -19.346 0.4285714328
99315  -30.794  15.635  -20.416 0.7142857313
90486  -33.450  6.514  -23.555 0.2857142985
96502  -30.428  12.281  -23.729 0.8571428657
95618  -28.637  11.158  -26.726 0.5714285970
133288  -25.861  20.336  -21.458 0.2857142985
100283  -30.731  16.265  -22.713 0.4285714328
104458  -24.324  22.412  -17.895 0.1428571492
102014  -28.990  19.531  -22.793 0.2857142985
105325  -26.021  22.371  -22.412 0.2857142985
65726  -26.374  -16.155  -10.172 0.1428571492
65742  -24.156  -16.197  -11.560 0.2857142985
69220  -26.664  -13.094  -12.325 0.2857142985
73374  -29.581  -8.815  -12.207 0.1428571492
75460  -30.227  -7.791  -15.971 0.2857142985
76485  -30.400  -6.898  -15.256 0.2857142985
78609  -33.712  -3.841  -14.327 0.2857142985
80812  -34.338  -2.715  -15.356 0.2857142985
79778  -29.514  -3.872  -17.610 0.5714285970
78646  -31.684  -4.584  -16.959 0.2857142985
78628  -31.789  -4.546  -16.126 0.2857142985
80844  -28.698  -2.852  -17.628 0.2857142985
81928  -36.773  -0.691  -17.344 0.2857142985
84153  -36.767  0.730  -17.406 0.2857142985
81924  -31.468  -1.561  -18.906 0.7142857313
81959  -31.769  -1.361  -20.683 0.5714285970
84185  -30.033  0.651  -17.817 0.4285714328
84187  -31.583  0.050  -19.035 0.5714285970
84169  -36.470  0.734  -17.982 0.4285714328
87362  -30.197  3.398  -17.669 0.2857142985
86296  -31.804  2.202  -17.948 0.5714285970
85253  -36.226  1.138  -18.487 0.2857142985
83066  -35.228  -0.382  -19.189 0.4285714328
85272  -32.479  0.848  -19.703 0.7142857313
88459  -31.928  4.070  -18.509 0.2857142985
86297  -35.529  2.457  -18.839 0.1428571492
87375  -35.225  3.096  -19.634 0.4285714328
88462  -35.100  3.933  -19.471 0.1428571492
91500  -30.086  7.007  -24.948 0.8571428657
88461  -34.598  4.746  -19.965 0.1428571492
90496  -33.818  5.174  -23.958 0.5714285970
90514  -32.631  6.278  -25.220 0.5714285970
92538  -30.897  8.402  -26.252 0.7142857313
96495  -30.868  12.600  -23.142 0.8571428657
93540  -32.817  9.473  -24.234 0.2857142985
93539  -32.596  9.841  -24.758 0.1428571492
102806  -24.740  19.884  -19.545 0.2857142985
93558  -30.045  9.437  -26.266 0.4285714328
92520  -32.407  8.685  -25.206 0.4285714328
95612  -31.691  11.577  -25.702 0.1428571492
97399  -30.054  13.428  -24.426 0.5714285970
95611  -31.053  11.447  -26.326 0.1428571492
97419  -29.346  13.069  -26.295 0.1428571492
133239  -29.894  14.306  -25.383 0.1428571492
99336  -31.038  15.269  -22.560 0.5714285970
102007  -29.019  19.466  -21.818 0.2857142985
100292  -30.129  16.308  -24.441 0.2857142985
101189  -29.749  17.514  -25.151 0.1428571492
102855  -28.287  20.661  -23.432 0.2857142985
102866  -28.456  20.757  -24.231 0.1428571492
102035  -28.677  20.355  -24.571 0.1428571492
66931  -27.638  -15.147  -10.230 0.1428571492
71303  -28.232  -10.877  -12.255 0.1428571492
80813  -35.423  -2.499  -15.552 0.2857142985
90480  -34.612  6.600  -20.868 0.2857142985
133250  -29.292  18.810  -26.244 0.1428571492
133294  -28.518  21.369  -23.846 0.2857142985
68082  -26.614  -14.538  -10.963 0.1428571492
71324  -27.610  -11.452  -13.656 0.1428571492
74453  -29.272  -9.430  -15.852 0.2857142985
74455  -30.478  -8.646  -16.820 0.4285714328
73410  -28.896  -9.892  -15.577 0.1428571492
79806  -31.660  -3.288  -19.961 0.5714285970
132879  -31.348  -4.453  -19.319 0.4285714328
81958  -32.029  -2.134  -20.631 0.7142857313
85287  -31.661  0.974  -22.991 0.7142857313
133000  -31.727  5.130  -25.408 0.7142857313
87397  -31.801  2.493  -22.813 0.8571428657
132999  -30.299  6.097  -25.078 0.8571428657
92514  -31.027  7.552  -23.330 0.8571428657
99306  -29.520  15.774  -19.088 0.5714285970
101164  -30.165  17.058  -19.909 0.7142857313
101170  -28.230  18.534  -20.254 0.5714285970
104509  -24.014  21.615  -23.127 0.2857142985
94530  -30.158  10.411  -23.571 0.8571428657
97389  -31.160  13.514  -22.507 0.8571428657
103650  -23.982  20.191  -20.498 0.2857142985
103687  -24.847  20.924  -22.330 0.2857142985
104493  -23.637  21.236  -21.432 0.2857142985
105308  -24.013  23.442  -19.756 0.1428571492
104484  -23.951  22.603  -20.196 0.2857142985
105324  -24.660  23.144  -22.114 0.2857142985
133289  -27.732  20.957  -22.744 0.2857142985
133299  -27.102  22.247  -22.126 0.2857142985
105332  -25.137  22.429  -23.000 0.2857142985
102022  -28.813  19.801  -24.025 0.1428571492
133296  -26.503  21.508  -22.312 0.2857142985
101181  -30.190  17.656  -23.359 0.1428571492
102036  -28.910  20.119  -25.487 0.1428571492
101175  -30.454  17.601  -22.159 0.4285714328
102000  -29.404  18.592  -21.107 0.5714285970
98353  -29.883  14.052  -24.980 0.1428571492
100276  -31.183  15.949  -21.826 0.5714285970
96515  -28.554  11.831  -26.176 0.5714285970
96501  -29.822  12.432  -24.467 0.7142857313
96494  -30.352  12.870  -23.854 0.7142857313
98345  -30.813  14.401  -23.036 0.7142857313
94556  -29.354  10.356  -26.552 0.5714285970
92539  -31.551  8.804  -26.237 0.4285714328
94546  -29.339  10.588  -24.873 0.8571428657
89471  -32.514  4.720  -20.934 0.5714285970
90469  -32.082  5.744  -19.522 0.4285714328
89463  -32.198  4.880  -19.710 0.4285714328
91499  -29.543  7.337  -25.609 0.8571428657
92537  -29.509  8.525  -26.357 0.8571428657
91514  -32.125  7.593  -25.141 0.5714285970
93556  -27.997  9.814  -26.992 0.8571428657
90512  -30.490  6.199  -26.120 0.7142857313
80846  -30.701  -2.739  -17.929 0.5714285970
83063  -31.895  -0.799  -20.272 0.7142857313
84203  -31.985  -0.373  -19.519 0.7142857313
84186  -30.977  0.519  -18.139 0.4285714328
85250  -32.055  1.126  -18.568 0.5714285970
86313  -32.200  2.137  -19.159 0.5714285970
133002  -33.444  5.620  -24.353 0.5714285970
79779  -30.521  -3.889  -18.154 0.5714285970
87374  -34.778  3.725  -20.452 0.4285714328
85252  -35.679  1.643  -19.033 0.4285714328
83047  -35.668  -0.767  -18.520 0.4285714328
77532  -30.658  -6.054  -15.191 0.2857142985
80827  -33.963  -2.625  -16.078 0.2857142985
79757  -33.396  -2.843  -16.412 0.2857142985
80851  -35.941  -1.693  -17.171 0.2857142985
79781  -32.950  -3.369  -17.548 0.2857142985
79756  -32.832  -3.268  -16.577 0.2857142985
83025  -36.313  -0.760  -18.007 0.4285714328
72302  -28.465  -10.111  -12.588 0.1428571492
75446  -29.637  -7.902  -14.409 0.2857142985
78608  -32.785  -4.128  -14.566 0.2857142985
75419  -30.326  -6.904  -13.519 0.2857142985
76445  -30.968  -6.284  -13.550 0.2857142985
103622  -24.964  21.022  -18.200 0.1428571492
68083  -27.323  -14.272  -10.719 0.1428571492
98303  -30.057  14.269  -18.588 0.5714285970
95538  -30.568  11.798  -18.140 0.4285714328
96454  -30.034  12.607  -18.202 0.4285714328
97347  -30.585  13.468  -18.404 0.5714285970
95539  -31.334  11.476  -18.644 0.4285714328
97348  -31.249  13.312  -18.886 0.5714285970
98304  -31.096  14.359  -18.850 0.4285714328
93505  -31.860  9.122  -19.365 0.4285714328
94506  -31.774  10.479  -20.100 0.4285714328
94498  -31.693  10.477  -19.095 0.4285714328
95553  -31.795  11.455  -19.565 0.5714285970
96456  -31.480  12.395  -19.190 0.5714285970
91476  -31.777  7.440  -20.514 0.5714285970
81896  -37.499  -1.951  -16.001 0.1428571492
81908  -37.202  -1.231  -16.606 0.1428571492
81909  -37.444  -0.846  -16.172 0.1428571492
71352  -26.112  -11.495  -15.830 0.2857142985
80829  -35.932  -2.099  -16.419 0.1428571492
80800  -38.122  -2.549  -14.543 0.1428571492
80815  -37.844  -2.402  -15.288 0.1428571492
81862  -38.144  -1.909  -14.289 0.1428571492
80816  -38.338  -2.045  -15.375 0.1428571492
81861  -37.234  -1.511  -13.327 0.1428571492
79726  -35.372  -3.187  -14.509 0.1428571492
79727  -36.643  -3.105  -14.639 0.1428571492
80798  -34.923  -2.660  -14.836 0.1428571492
79743  -37.380  -2.839  -14.967 0.1428571492
79684  -37.703  -3.425  -12.972 0.1428571492
79728  -37.560  -2.966  -14.580 0.1428571492
80714  -37.985  -2.811  -10.330 0.1428571492
80739  -37.276  -2.346  -11.684 0.1428571492
81826  -37.439  -1.795  -11.288 0.1428571492
70300  -25.825  -12.141  -15.545 0.2857142985
70299  -25.409  -12.350  -15.333 0.2857142985
77499  -32.212  -5.729  -13.359 0.1428571492
77500  -33.360  -5.451  -13.464 0.1428571492
77515  -33.255  -4.577  -13.974 0.1428571492
77514  -32.411  -4.915  -13.976 0.1428571492
78610  -34.751  -3.968  -14.246 0.1428571492
78612  -36.610  -3.987  -14.108 0.1428571492
78593  -35.150  -4.799  -13.796 0.1428571492
78596  -37.749  -4.253  -13.264 0.1428571492
78573  -37.675  -4.456  -12.459 0.1428571492
78552  -37.468  -4.656  -11.300 0.1428571492
70290  -25.913  -12.871  -15.152 0.2857142985
70289  -24.995  -12.690  -14.880 0.2857142985
69256  -24.512  -13.379  -14.397 0.2857142985
75420  -30.974  -6.770  -12.783 0.1428571492
76447  -32.914  -6.310  -12.864 0.1428571492
77501  -34.511  -5.736  -13.831 0.1428571492
78594  -36.179  -4.802  -13.859 0.1428571492
77504  -37.487  -5.382  -13.029 0.1428571492
81789  -38.951  -2.164  -9.872 0.1428571492
80695  -38.595  -2.691  -9.935 0.1428571492
75403  -30.489  -7.439  -12.833 0.1428571492
76446  -31.898  -6.588  -12.929 0.1428571492
75421  -31.544  -6.974  -12.590 0.1428571492
76448  -34.020  -6.556  -13.057 0.1428571492
76435  -33.293  -6.992  -12.724 0.1428571492
76450  -36.023  -6.736  -13.567 0.1428571492
77503  -36.585  -5.655  -13.475 0.1428571492
76449  -35.036  -6.718  -13.678 0.1428571492
78519  -37.536  -4.628  -10.244 0.1428571492
77491  -37.737  -5.485  -12.117 0.1428571492
79603  -37.865  -4.077  -9.767 0.1428571492
78493  -37.813  -4.699  -9.733 0.1428571492
74394  -31.617  -7.910  -11.970 0.1428571492
74392  -29.794  -8.156  -12.957 0.1428571492
74396  -33.653  -8.418  -12.254 0.1428571492
75405  -32.095  -7.293  -12.455 0.1428571492
75422  -34.717  -7.532  -13.097 0.1428571492
75407  -33.876  -7.559  -12.679 0.1428571492
76434  -32.575  -6.959  -12.678 0.1428571492
75425  -37.075  -8.053  -13.385 0.1428571492
75424  -36.351  -7.778  -13.606 0.1428571492
76451  -36.977  -6.790  -13.195 0.1428571492
75387  -37.599  -7.009  -12.044 0.1428571492
77430  -37.474  -5.420  -10.644 0.1428571492
73375  -34.293  -8.887  -12.585 0.1428571492
74395  -32.595  -8.060  -12.020 0.1428571492
73397  -35.362  -8.990  -13.528 0.1428571492
73376  -34.940  -9.336  -13.014 0.1428571492
74420  -35.777  -8.702  -13.845 0.1428571492
76418  -37.687  -6.275  -11.722 0.1428571492
75408  -37.426  -7.451  -12.715 0.1428571492
77502  -35.572  -5.772  -13.769 0.1428571492
79604  -38.699  -3.625  -9.477 0.1428571492
81790  -39.581  -2.054  -9.704 0.1428571492
79629  -37.498  -3.611  -10.551 0.1428571492
79656  -37.310  -3.357  -11.761 0.1428571492
80814  -36.695  -2.376  -15.514 0.1428571492
81897  -37.955  -1.618  -15.588 0.1428571492
69257  -25.375  -13.546  -14.354 0.2857142985
76383  -37.494  -6.102  -11.039 0.1428571492
77407  -37.739  -5.325  -9.736 0.1428571492
80696  -39.277  -2.720  -9.489 0.1428571492
81808  -40.163  -1.482  -9.943 0.1428571492
92489  -31.899  8.537  -19.956 0.4285714328
82906  -38.721  -0.837  -10.253 0.1428571492
80713  -37.496  -2.479  -10.883 0.1428571492
81806  -38.374  -1.936  -10.299 0.1428571492
81845  -37.100  -1.634  -11.956 0.1428571492
82905  -38.078  -1.106  -10.608 0.1428571492
83008  -37.003  -0.005  -16.689 0.1428571492
98302  -29.005  14.471  -18.363 0.4285714328
99296  -29.036  15.230  -18.652 0.4285714328
104520  -28.924  21.491  -24.083 0.1428571492
99298  -30.389  14.800  -18.847 0.4285714328
80830  -36.822  -1.862  -16.292 0.1428571492
75404  -31.219  -7.358  -12.399 0.1428571492
77498  -31.593  -6.025  -13.475 0.1428571492
79725  -34.388  -3.168  -14.715 0.1428571492
85230  -36.478  1.237  -17.770 0.1428571492
85229  -35.828  1.727  -18.131 0.1428571492
80799  -35.798  -2.636  -14.892 0.1428571492
81883  -38.465  -1.850  -14.955 0.1428571492
80779  -37.954  -2.469  -13.763 0.1428571492
79710  -37.686  -3.325  -13.795 0.1428571492
79742  -37.207  -2.731  -15.151 0.1428571492
80761  -37.407  -2.467  -12.587 0.1428571492
82980  -37.450  -1.256  -15.176 0.1428571492
81881  -36.993  -1.287  -13.980 0.1428571492
78611  -35.806  -4.013  -14.248 0.1428571492
79709  -37.120  -3.483  -14.043 0.1428571492
78592  -34.112  -4.714  -13.886 0.1428571492
78595  -37.180  -4.449  -13.700 0.1428571492
76436  -37.524  -6.404  -12.496 0.1428571492
77469  -37.565  -5.594  -11.372 0.1428571492
74393  -30.743  -7.999  -12.346 0.1428571492
75406  -33.018  -7.547  -12.448 0.1428571492
75423  -35.539  -7.649  -13.466 0.1428571492
74397  -34.465  -8.362  -12.758 0.1428571492
74379  -37.620  -7.905  -12.011 0.1428571492
74419  -35.165  -8.430  -13.246 0.1428571492
63388  -23.351  -18.206  -10.600 0.1428571492
64459  -23.879  -17.640  -10.683 0.1428571492
63407  -22.907  -18.281  -11.025 0.1428571492
64458  -23.454  -17.860  -10.879 0.1428571492
64478  -23.751  -17.073  -11.240 0.1428571492
66972  -23.573  -15.461  -13.117 0.1428571492
66988  -24.309  -14.994  -14.027 0.1428571492
66973  -24.231  -15.187  -13.250 0.1428571492
68126  -24.674  -14.591  -13.525 0.1428571492
66971  -22.807  -15.544  -12.923 0.1428571492
68136  -23.283  -14.650  -13.866 0.1428571492
68137  -23.902  -14.634  -14.203 0.1428571492
68138  -24.495  -14.113  -14.053 0.1428571492
69254  -23.016  -13.141  -14.186 0.1428571492
70287  -23.195  -12.410  -14.466 0.1428571492
71337  -24.489  -11.966  -15.156 0.1428571492
70288  -24.086  -12.502  -14.648 0.1428571492
71350  -24.276  -11.152  -15.299 0.2857142985
71351  -25.175  -11.629  -15.601 0.1428571492
72344  -25.605  -10.721  -15.930 0.1428571492
72345  -26.741  -10.696  -16.148 0.1428571492
72343  -24.714  -10.619  -15.684 0.2857142985
76514  -27.678  -6.529  -17.240 0.4285714328
78644  -29.695  -5.561  -17.336 0.4285714328
90468  -32.069  6.543  -19.938 0.2857142985
91453  -31.589  7.480  -18.379 0.2857142985
95536  -28.455  11.457  -17.882 0.2857142985
95537  -29.634  11.790  -17.928 0.2857142985
97346  -29.489  13.507  -18.263 0.4285714328
72342  -23.948  -10.439  -15.474 0.1428571492
73422  -24.979  -9.935  -16.112 0.2857142985
72353  -27.292  -10.381  -16.447 0.1428571492
65761  -23.417  -16.105  -12.489 0.1428571492
66986  -23.271  -15.173  -13.493 0.1428571492
69237  -23.443  -13.868  -14.008 0.1428571492
71336  -23.524  -11.433  -14.873 0.1428571492
71349  -23.725  -10.882  -15.251 0.1428571492
73421  -24.234  -9.807  -15.791 0.2857142985
73423  -25.839  -9.884  -16.196 0.2857142985
74452  -25.202  -9.207  -15.983 0.2857142985
73431  -26.703  -9.794  -16.424 0.2857142985
74463  -26.983  -8.861  -16.203 0.2857142985
75475  -28.160  -8.062  -16.630 0.4285714328
75486  -27.440  -7.316  -17.061 0.4285714328
77561  -26.774  -5.561  -17.416 0.2857142985
89453  -32.096  5.354  -19.184 0.2857142985
90458  -31.749  6.260  -18.817 0.2857142985
91465  -32.108  7.472  -19.333 0.2857142985
91452  -30.533  7.449  -17.671 0.2857142985
92483  -31.964  8.570  -18.931 0.2857142985
93497  -31.595  9.475  -18.650 0.2857142985
94472  -30.027  10.481  -17.524 0.2857142985
93467  -28.064  9.732  -17.645 0.2857142985
90457  -31.006  6.574  -18.061 0.2857142985
89451  -30.803  5.480  -18.017 0.2857142985
91451  -29.410  7.709  -17.346 0.2857142985
92468  -28.834  8.561  -17.408 0.2857142985
92470  -31.199  8.564  -18.086 0.2857142985
93485  -30.986  9.624  -17.720 0.2857142985
92453  -28.466  9.236  -17.553 0.2857142985
94473  -30.722  10.482  -17.749 0.2857142985
91437  -29.009  7.009  -17.416 0.2857142985
91450  -28.244  7.503  -17.664 0.2857142985
92469  -30.124  8.798  -17.348 0.2857142985
68153  -24.881  -13.730  -14.033 0.1428571492
65741  -23.289  -16.827  -11.872 0.1428571492
95521  -30.283  11.164  -17.714 0.2857142985
93470  -30.413  9.979  -17.551 0.2857142985
69255  -23.701  -13.217  -14.339 0.1428571492
66987  -23.768  -15.301  -13.934 0.1428571492
69236  -22.605  -13.570  -13.631 0.1428571492
69238  -24.010  -13.890  -14.244 0.1428571492
94470  -28.530  10.489  -17.531 0.2857142985
75474  -27.269  -7.902  -16.300 0.4285714328
78662  -28.087  -4.554  -17.377 0.2857142985
80845  -29.788  -2.854  -17.606 0.2857142985
103641  -29.361  20.434  -18.297 0.1428571492
103654  -28.971  20.269  -19.381 0.1428571492
103653  -28.069  20.838  -20.179 0.1428571492
133290  -27.805  21.604  -22.028 0.1428571492
133301  -28.870  21.364  -22.178 0.1428571492
103652  -27.352  21.713  -20.691 0.1428571492
104496  -26.536  22.201  -20.165 0.1428571492
105282  -26.044  23.078  -17.970 0.1428571492
79777  -28.449  -3.755  -17.547 0.2857142985
80843  -28.148  -3.204  -18.079 0.2857142985
102823  -30.027  19.750  -20.203 0.1428571492
133306  -27.488  21.273  -22.612 0.1428571492
105318  -26.640  22.312  -21.042 0.1428571492
104488  -27.654  21.458  -19.402 0.1428571492
105283  -26.665  22.834  -17.712 0.1428571492
105311  -26.549  22.322  -19.634 0.1428571492
105301  -24.441  24.035  -18.968 0.1428571492
105310  -26.025  22.402  -19.895 0.1428571492
133292  -27.247  22.060  -21.543 0.1428571492
77563  -28.857  -5.467  -17.038 0.2857142985
103624  -28.739  21.145  -17.807 0.1428571492
103663  -29.124  20.362  -20.818 0.1428571492
103625  -29.633  20.977  -17.375 0.1428571492
104487  -26.888  22.067  -19.813 0.1428571492
89448  -27.837  5.557  -18.333 0.1428571492
89437  -30.134  5.975  -17.634 0.1428571492
90443  -29.283  6.560  -17.465 0.1428571492
92467  -27.699  8.887  -17.967 0.1428571492
92480  -25.167  8.438  -19.896 0.1428571492
93481  -26.246  9.521  -19.560 0.1428571492
94482  -25.823  10.293  -19.980 0.1428571492
95533  -25.706  10.712  -19.440 0.1428571492
95551  -25.348  11.215  -19.722 0.2857142985
84166  -30.364  -0.164  -17.637 0.2857142985
84165  -29.517  -0.096  -17.730 0.1428571492
87361  -29.023  3.486  -17.628 0.1428571492
88449  -30.969  4.295  -18.198 0.1428571492
89450  -29.597  5.242  -17.706 0.1428571492
133006  -33.393  8.357  -23.419 0.1428571492
90456  -28.543  6.348  -17.747 0.1428571492
93483  -27.449  9.874  -18.211 0.1428571492
95535  -26.986  11.563  -18.312 0.1428571492
95534  -26.016  11.319  -19.203 0.1428571492
95552  -25.645  11.631  -19.767 0.2857142985
97344  -26.976  13.841  -19.192 0.2857142985
97368  -24.860  14.973  -21.135 0.2857142985
97355  -24.701  14.951  -20.920 0.2857142985
99301  -24.311  15.847  -20.732 0.2857142985
99289  -25.750  16.281  -16.719 0.1428571492
97345  -28.305  13.579  -18.403 0.2857142985
96451  -26.372  12.490  -19.440 0.2857142985
99304  -27.236  15.951  -19.307 0.2857142985
97357  -25.995  14.550  -20.327 0.2857142985
97356  -24.916  14.518  -20.671 0.2857142985
99314  -25.681  16.123  -20.581 0.2857142985
97369  -25.267  14.938  -21.033 0.2857142985
99324  -24.988  16.058  -22.047 0.2857142985
100258  -24.725  16.564  -19.233 0.1428571492
98299  -23.802  14.458  -18.742 0.2857142985
101975  -26.363  18.936  -17.459 0.1428571492
97342  -24.415  13.631  -20.076 0.1428571492
97341  -23.879  13.235  -19.057 0.1428571492
98300  -24.246  14.787  -19.949 0.2857142985
100257  -24.220  16.616  -20.159 0.1428571492
99302  -24.222  15.745  -19.909 0.2857142985
99295  -24.746  15.491  -18.648 0.1428571492
94496  -24.274  10.370  -19.608 0.2857142985
98292  -24.067  14.775  -17.373 0.1428571492
99277  -25.752  15.934  -16.546 0.1428571492
99287  -24.749  15.392  -17.403 0.1428571492
93479  -21.983  9.639  -18.372 0.1428571492
92522  -33.291  9.175  -23.787 0.1428571492
86294  -29.351  2.479  -17.841 0.1428571492
88447  -28.830  4.437  -17.798 0.1428571492
91491  -33.695  8.299  -22.508 0.1428571492
88446  -28.028  4.573  -18.349 0.1428571492
90467  -26.141  6.352  -19.036 0.1428571492
90454  -26.960  6.694  -18.858 0.1428571492
91449  -27.160  7.585  -18.526 0.1428571492
92481  -25.724  8.124  -19.713 0.1428571492
93482  -26.847  9.627  -18.761 0.1428571492
94484  -26.809  10.546  -18.537 0.1428571492
95550  -24.563  11.288  -19.605 0.2857142985
96450  -25.343  12.747  -19.836 0.1428571492
97343  -25.680  13.565  -20.114 0.2857142985
99294  -24.284  15.084  -18.061 0.1428571492
99276  -25.282  15.676  -16.649 0.1428571492
99288  -25.500  15.927  -17.330 0.1428571492
91486  -34.022  7.484  -21.885 0.1428571492
91485  -33.548  7.636  -23.106 0.1428571492
99303  -26.230  16.122  -19.708 0.2857142985
99313  -25.275  16.084  -21.374 0.2857142985
100255  -25.388  16.578  -18.106 0.1428571492
101147  -25.578  17.396  -17.570 0.1428571492
99312  -24.659  15.802  -21.368 0.2857142985
101974  -25.998  19.128  -17.898 0.1428571492
86295  -30.583  2.355  -17.715 0.1428571492
85247  -28.500  1.611  -18.154 0.1428571492
99305  -28.431  15.739  -19.094 0.2857142985
89464  -34.761  5.829  -19.916 0.1428571492
98311  -28.396  14.959  -18.715 0.2857142985
96453  -28.908  12.600  -18.102 0.1428571492
96452  -27.580  12.621  -18.393 0.1428571492
89449  -28.650  5.341  -17.825 0.1428571492
90455  -27.664  6.579  -18.420 0.1428571492
91464  -26.339  7.755  -18.807 0.1428571492
89447  -26.869  5.741  -18.705 0.1428571492
88445  -27.188  4.746  -18.713 0.1428571492
92482  -25.994  8.137  -19.140 0.1428571492
92465  -25.967  8.788  -19.589 0.1428571492
93480  -25.634  9.407  -19.986 0.1428571492
88448  -29.892  4.397  -17.797 0.1428571492
94497  -25.132  10.394  -20.175 0.1428571492
94483  -26.166  10.284  -19.221 0.1428571492
87360  -28.177  3.628  -18.306 0.1428571492
96467  -25.858  11.972  -20.022 0.2857142985
98301  -28.027  14.362  -18.702 0.2857142985
98308  -24.482  15.185  -20.567 0.2857142985
98335  -25.074  15.798  -21.757 0.2857142985
100250  -25.823  16.592  -16.505 0.1428571492
97358  -26.686  14.632  -19.489 0.2857142985
98310  -27.450  14.952  -19.108 0.2857142985
98309  -26.525  15.249  -19.629 0.2857142985
98323  -25.849  15.402  -20.303 0.2857142985
98322  -25.417  15.481  -21.088 0.2857142985
102778  -25.650  19.715  -17.871 0.1428571492
96466  -25.221  12.053  -19.717 0.1428571492
74449  -23.108  -8.644  -15.372 0.1428571492
74451  -24.481  -9.143  -16.080 0.1428571492
74461  -24.809  -8.498  -16.353 0.1428571492
75457  -22.463  -7.757  -15.056 0.1428571492
76484  -23.193  -6.636  -15.833 0.1428571492
75471  -24.301  -7.603  -16.522 0.1428571492
77544  -23.956  -5.787  -16.510 0.1428571492
75473  -26.220  -7.907  -16.439 0.1428571492
77545  -24.404  -5.760  -16.993 0.1428571492
76512  -25.645  -6.582  -17.352 0.1428571492
75485  -26.454  -7.358  -17.183 0.1428571492
77560  -25.768  -5.629  -17.526 0.1428571492
76513  -26.597  -6.520  -17.392 0.1428571492
78627  -23.522  -5.262  -16.430 0.1428571492
78643  -24.502  -5.199  -17.072 0.1428571492
78661  -27.019  -4.565  -17.551 0.1428571492
80866  -27.690  -2.475  -18.359 0.1428571492
80867  -28.536  -2.008  -17.906 0.1428571492
75472  -25.152  -7.844  -17.019 0.1428571492
73419  -22.939  -9.579  -14.897 0.1428571492
74448  -22.494  -8.707  -14.681 0.1428571492
75470  -23.619  -7.521  -16.125 0.1428571492
83019  -29.607  -0.996  -17.672 0.1428571492
77562  -27.853  -5.520  -17.230 0.1428571492
74450  -23.715  -9.035  -15.979 0.1428571492
74462  -25.852  -8.757  -15.971 0.1428571492
75484  -25.707  -7.385  -17.174 0.1428571492
74460  -23.995  -8.378  -16.314 0.1428571492
74459  -23.464  -8.240  -15.950 0.1428571492
76483  -22.403  -6.669  -15.354 0.1428571492
76496  -23.853  -6.662  -16.274 0.1428571492
76511  -24.919  -6.342  -17.155 0.1428571492
76497  -24.559  -6.688  -16.736 0.1428571492
77559  -24.976  -5.705  -17.307 0.1428571492
78642  -23.771  -4.746  -16.864 0.1428571492
77530  -22.719  -5.676  -15.698 0.1428571492
73409  -22.288  -9.559  -14.498 0.1428571492
68139  -24.998  -13.955  -13.716 0.1428571492
68152  -24.810  -13.657  -14.222 0.1428571492
69200  -25.496  -13.942  -12.243 0.2857142985
71338  -24.998  -12.234  -15.356 0.2857142985
71342  -28.337  -11.222  -15.053 0.1428571492
73425  -30.067  -9.435  -16.746 0.7142857313
73435  -30.748  -9.333  -17.817 0.5714285970
73444  -30.048  -9.253  -17.523 0.5714285970
74391  -29.301  -8.572  -13.504 0.2857142985
74488  -30.548  -7.669  -18.329 0.7142857313
74489  -30.908  -6.659  -18.769 0.5714285970
75418  -29.799  -7.616  -13.736 0.2857142985
75498  -30.100  -7.608  -18.129 0.7142857313
76433  -32.198  -6.943  -12.672 0.1428571492
76468  -30.906  -6.059  -14.079 0.2857142985
76498  -25.227  -6.943  -17.017 0.1428571492
76499  -29.290  -6.350  -17.222 0.4285714328
76500  -29.538  -6.409  -17.346 0.5714285970
77546  -29.384  -6.082  -17.164 0.4285714328
77564  -30.446  -6.245  -17.855 0.5714285970
77570  -33.832  -6.173  -19.460 0.7142857313
77582  -33.932  -6.313  -19.807 0.7142857313
77593  -33.518  -5.860  -19.782 0.5714285970
77594  -33.741  -6.143  -19.917 0.7142857313
78683  -31.656  -4.910  -19.841 0.7142857313
78685  -34.094  -6.096  -20.149 0.7142857313
78696  -31.904  -3.972  -20.703 0.5714285970
78698  -33.123  -5.199  -19.758 0.5714285970
78699  -33.732  -5.863  -20.053 0.7142857313
79630  -38.122  -3.366  -10.008 0.1428571492
79740  -33.536  -3.058  -15.535 0.2857142985
79741  -33.997  -3.101  -15.135 0.2857142985
79782  -33.313  -2.955  -17.059 0.2857142985
79796  -31.246  -4.263  -18.736 0.5714285970
79808  -34.306  -5.512  -20.157 0.7142857313
79818  -31.901  -3.451  -20.459 0.8571428657
80780  -38.384  -2.144  -14.574 0.1428571492
80797  -34.498  -2.785  -14.898 0.2857142985
80801  -38.455  -2.151  -15.080 0.1428571492
80848  -33.476  -2.956  -17.474 0.4285714328
80877  -31.822  -2.658  -20.193 0.7142857313
80898  -33.717  -2.018  -21.751 0.7142857313
81788  -38.668  -2.265  -10.072 0.1428571492
81805  -37.721  -1.636  -10.807 0.1428571492
81860  -37.000  -1.233  -13.613 0.1428571492
81898  -38.394  -1.905  -15.222 0.1428571492
81921  -29.220  -1.965  -17.444 0.1428571492
81946  -31.753  -1.636  -19.937 0.5714285970
81947  -31.667  -1.189  -20.245 0.7142857313
81960  -35.115  -3.057  -19.684 0.7142857313
81977  -33.567  -0.979  -22.292 0.7142857313
81978  -33.950  -0.932  -22.051 0.7142857313
81986  -32.960  -0.602  -22.813 0.8571428657
81987  -33.197  -0.686  -22.729 0.8571428657
83009  -37.216  -0.443  -16.080 0.1428571492
83021  -31.075  -0.934  -18.345 0.7142857313
83043  -31.762  -0.823  -19.498 0.7142857313
83044  -31.684  -1.079  -20.014 0.7142857313
83045  -35.943  -2.503  -19.176 0.5714285970
83062  -32.046  -0.564  -19.793 0.7142857313
83064  -32.090  -0.633  -20.409 0.7142857313
83075  -32.018  -0.702  -20.623 0.7142857313
83086  -33.767  -0.363  -22.920 0.8571428657
83095  -32.834  -0.322  -23.297 0.8571428657
83096  -33.151  -0.394  -23.316 0.8571428657
83097  -33.445  -0.232  -23.546 0.8571428657
83103  -32.958  -0.205  -24.003 0.8571428657
83104  -33.035  -0.226  -23.876 0.8571428657
83105  -33.230  -0.238  -23.737 0.8571428657
84167  -31.176  -0.298  -17.926 0.5714285970
84168  -31.294  -0.436  -18.479 0.7142857313
84188  -32.204  0.344  -19.427 0.5714285970
84189  -36.193  0.490  -18.487 0.4285714328
84204  -32.395  -0.151  -20.041 0.7142857313
84205  -32.239  -0.519  -20.252 0.7142857313
84208  -35.687  0.233  -18.964 0.4285714328
84219  -32.282  -0.492  -20.582 0.8571428657
84221  -34.673  0.833  -21.009 0.5714285970
84237  -32.437  0.076  -23.343 0.8571428657
84238  -32.965  0.407  -24.149 0.8571428657
84239  -33.414  0.010  -23.838 0.8571428657
84249  -33.053  -0.004  -24.169 0.8571428657
84250  -33.229  -0.080  -23.981 0.8571428657
85299  -31.980  0.510  -23.036 0.8571428657
85310  -32.748  0.776  -24.028 0.8571428657
86328  -31.816  1.247  -23.446 0.7142857313
86353  -31.002  2.566  -23.671 0.8571428657
86354  -31.376  2.298  -23.719 0.8571428657
86355  -31.862  1.636  -24.054 0.8571428657
86364  -31.114  2.391  -23.831 0.8571428657
86365  -31.435  2.126  -24.051 0.8571428657
86366  -32.327  2.109  -24.315 0.8571428657
86367  -33.198  2.099  -23.958 0.8571428657
86378  -31.443  2.306  -24.192 0.8571428657
86379  -31.755  2.318  -24.485 0.8571428657
86380  -32.199  2.434  -24.728 0.8571428657
86391  -31.738  2.490  -24.670 0.8571428657
86392  -31.959  2.506  -24.814 0.8571428657
86393  -32.047  2.608  -25.012 0.8571428657
87398  -33.514  3.287  -24.086 0.8571428657
87407  -30.916  2.777  -23.590 0.8571428657
87419  -31.389  2.267  -23.808 0.8571428657
87420  -32.205  2.242  -23.868 0.8571428657
87421  -32.922  2.319  -24.418 0.8571428657
87422  -33.088  2.302  -24.233 0.8571428657
87431  -31.733  2.316  -24.456 0.8571428657
87433  -32.411  2.454  -24.695 0.8571428657
87442  -31.944  2.694  -25.008 0.8571428657
87443  -32.245  2.656  -24.900 0.8571428657
87444  -32.251  2.490  -25.025 0.8571428657
88490  -32.582  4.307  -24.624 0.7142857313
89436  -29.331  5.970  -17.509 0.1428571492
89438  -30.627  6.156  -17.834 0.1428571492
89452  -31.926  5.112  -18.634 0.2857142985
89462  -32.237  4.537  -18.969 0.4285714328
89496  -30.422  5.702  -25.643 0.7142857313
89503  -31.142  5.776  -25.774 0.7142857313
89504  -31.678  5.824  -25.637 0.7142857313
90444  -29.854  6.503  -17.546 0.1428571492
90445  -30.417  6.594  -17.711 0.1428571492
90459  -31.947  5.628  -19.022 0.2857142985
90485  -31.962  6.542  -21.694 0.5714285970
90506  -30.121  5.985  -25.895 0.8571428657
90507  -30.252  5.844  -25.607 0.8571428657
91438  -29.717  7.020  -17.504 0.2857142985
91439  -30.153  6.894  -17.599 0.1428571492
91496  -30.257  7.161  -24.313 0.8571428657
91501  -32.481  8.255  -24.733 0.5714285970
91506  -31.913  8.038  -25.763 0.2857142985
91507  -32.138  8.261  -25.358 0.5714285970
91512  -30.541  7.238  -26.166 0.8571428657
92452  -28.069  9.270  -17.681 0.2857142985
92454  -29.237  9.226  -17.444 0.2857142985
92464  -25.667  8.718  -19.814 0.1428571492
92466  -26.476  8.640  -18.756 0.1428571492
92484  -31.903  8.924  -19.223 0.4285714328
92490  -31.932  8.909  -19.470 0.4285714328
92513  -30.263  7.871  -23.874 0.8571428657
92521  -32.770  9.000  -24.621 0.4285714328
92528  -29.153  8.479  -25.962 0.8571428657
92530  -31.989  8.755  -25.771 0.2857142985
92531  -32.453  9.181  -25.282 0.4285714328
93468  -28.886  9.799  -17.375 0.2857142985
93469  -29.788  9.747  -17.414 0.2857142985
93484  -30.367  9.543  -17.470 0.2857142985
93498  -31.829  9.136  -19.119 0.4285714328
93504  -31.814  9.461  -19.550 0.4285714328
93529  -29.639  8.574  -23.855 0.8571428657
93531  -32.618  10.155  -24.328 0.1428571492
93545  -27.546  10.081  -26.515 0.8571428657
93547  -28.756  9.440  -25.408 0.8571428657
93548  -29.074  9.888  -24.820 0.8571428657
93549  -31.742  9.280  -26.146 0.4285714328
93555  -27.515  10.484  -26.820 0.7142857313
93557  -28.863  9.494  -26.749 0.7142857313
93559  -31.196  9.459  -26.374 0.4285714328
93565  -27.538  10.908  -26.958 0.7142857313
93566  -27.687  10.615  -27.019 0.7142857313
94471  -29.289  10.417  -17.407 0.2857142985
94485  -27.654  10.616  -17.908 0.1428571492
94486  -31.370  10.467  -18.219 0.4285714328
94537  -29.665  10.800  -24.144 0.8571428657
94543  -27.374  10.164  -25.980 0.8571428657
94544  -27.775  10.426  -25.685 0.8571428657
94545  -28.532  10.560  -25.409 0.8571428657
94548  -31.538  10.583  -26.095 0.2857142985
94553  -27.229  10.604  -26.370 0.7142857313
94554  -28.020  10.648  -27.111 0.7142857313
94555  -28.475  10.262  -26.975 0.8571428657
94557  -30.679  10.568  -26.400 0.2857142985
94558  -31.329  10.091  -26.369 0.1428571492
94564  -27.775  11.272  -26.753 0.7142857313
95519  -28.934  10.884  -17.478 0.2857142985
95520  -29.469  11.071  -17.543 0.2857142985
95522  -30.905  11.096  -18.063 0.2857142985
95562  -24.184  11.584  -19.453 0.1428571492
95563  -24.419  11.656  -19.506 0.1428571492
95579  -30.597  10.882  -23.240 0.8571428657
95589  -30.228  11.476  -23.745 0.8571428657
95590  -30.692  11.964  -23.369 0.8571428657
95609  -27.315  10.827  -25.884 0.7142857313
95610  -28.915  11.120  -25.328 0.8571428657
95617  -27.195  11.223  -26.151 0.7142857313
95619  -29.660  11.319  -26.376 0.5714285970
95627  -27.417  11.345  -26.345 0.7142857313
96455  -30.925  12.511  -18.532 0.4285714328
96468  -31.889  12.397  -19.996 0.5714285970
96477  -24.436  11.902  -19.532 0.1428571492
96507  -27.995  11.579  -25.763 0.7142857313
96508  -29.184  12.061  -25.413 0.7142857313
96526  -29.162  11.937  -26.190 0.2857142985
97359  -31.590  13.198  -19.523 0.8571428657
97370  -25.593  15.051  -20.710 0.2857142985
97418  -28.726  12.546  -25.995 0.5714285970
97430  -28.970  12.486  -26.251 0.5714285970
97431  -29.259  12.544  -26.357 0.2857142985
98305  -31.385  13.736  -19.193 0.7142857313
98307  -24.621  15.362  -21.070 0.2857142985
98321  -24.863  15.529  -21.508 0.2857142985
98334  -24.874  15.771  -21.985 0.2857142985
98336  -31.174  15.108  -21.401 0.5714285970
99278  -26.068  16.265  -16.308 0.1428571492
99323  -24.608  15.852  -22.073 0.2857142985
99325  -31.092  15.599  -21.232 0.5714285970
100274  -24.673  16.173  -22.021 0.2857142985
101182  -30.244  17.989  -23.097 0.1428571492
101190  -29.907  17.817  -23.849 0.1428571492
101191  -30.101  17.845  -23.349 0.1428571492
101983  -26.158  18.373  -17.840 0.2857142985
102003  -23.670  19.173  -21.734 0.4285714328
102005  -24.466  19.045  -21.867 0.5714285970
102011  -23.696  19.352  -22.292 0.4285714328
102012  -23.886  19.438  -22.497 0.4285714328
102016  -30.039  17.949  -23.259 0.1428571492
102017  -30.158  17.796  -23.184 0.1428571492
102021  -28.588  20.339  -24.190 0.1428571492
102024  -29.960  17.975  -23.493 0.1428571492
102025  -30.056  18.020  -23.218 0.1428571492
102807  -29.670  19.777  -19.465 0.1428571492
102819  -23.539  19.589  -21.369 0.4285714328
102822  -25.386  19.451  -21.431 0.4285714328
102836  -23.687  19.919  -21.993 0.4285714328
102839  -25.518  20.145  -21.515 0.2857142985
102854  -23.951  19.810  -22.530 0.2857142985
102867  -28.523  20.424  -23.958 0.1428571492
103661  -23.580  20.570  -20.974 0.2857142985
103662  -24.156  20.955  -20.616 0.2857142985
103671  -24.569  20.224  -22.172 0.2857142985
103672  -25.174  20.408  -22.040 0.2857142985
103685  -23.774  20.973  -22.764 0.2857142985
103686  -24.124  20.584  -22.592 0.2857142985
103703  -29.300  21.247  -24.086 0.1428571492
103718  -29.071  21.394  -24.548 0.1428571492
104486  -26.530  22.234  -19.870 0.1428571492
104501  -23.469  21.870  -21.938 0.2857142985
104508  -23.695  21.816  -22.721 0.2857142985
104510  -24.620  21.648  -22.787 0.2857142985
104511  -29.274  21.417  -23.521 0.1428571492
105280  -23.540  23.952  -17.887 0.1428571492
105330  -24.016  22.433  -23.106 0.2857142985
105331  -24.461  22.345  -23.151 0.2857142985
106180  -24.287  22.895  -23.043 0.2857142985
106181  -24.655  23.143  -22.906 0.2857142985
106187  -24.362  22.698  -23.160 0.2857142985
106188  -24.736  22.869  -23.260 0.2857142985
106189  -25.282  23.019  -23.141 0.2857142985
132863  -31.291  -7.528  -18.461 0.5714285970
132868  -31.232  -6.341  -18.849 0.7142857313
132869  -31.227  -6.789  -18.986 0.7142857313
132874  -30.849  -5.271  -18.580 0.5714285970
132877  -31.204  -5.436  -19.061 0.5714285970
132986  -31.682  4.204  -24.523 0.8571428657
132988  -31.785  3.693  -24.433 0.8571428657
132993  -31.717  4.145  -25.042 0.8571428657
132994  -31.481  4.989  -25.150 0.7142857313
132995  -30.953  5.415  -25.125 1.0000000000
132996  -31.292  5.345  -25.331 0.7142857313
132997  -32.200  3.923  -25.006 0.7142857313
133009  -32.701  5.020  -24.917 0.7142857313
133210  -27.944  10.886  -25.563 0.7142857313
133291  -25.351  20.925  -22.216 0.2857142985
133293  -25.808  20.778  -21.982 0.2857142985
133302  -26.054  21.806  -22.332 0.2857142985
133303  -26.663  22.113  -22.727 0.2857142985
133304  -26.006  21.467  -22.257 0.2857142985
