#!ascii label  , from subject 4012 vox2ras=TkReg
1160
55846  24.138  -29.080  37.851 0.0000000000
75585  39.540  -12.081  26.457 0.0000000000
64203  29.829  -22.086  32.794 0.0000000000
45532  9.838  -38.659  50.615 0.0000000000
49026  21.540  -33.888  42.250 0.0000000000
67847  31.953  -18.919  31.164 0.0000000000
46693  14.814  -37.315  44.586 0.0000000000
43373  13.376  -40.598  47.486 0.0000000000
46724  19.029  -38.118  42.313 0.0000000000
74532  43.515  -13.485  24.491 0.0000000000
58189  28.649  -26.482  41.008 0.0000000000
60543  30.034  -25.437  35.323 0.0000000000
55839  31.336  -30.148  38.298 0.0000000000
81038  42.545  -7.590  25.963 0.0000000000
78898  44.916  -10.034  21.546 0.0000000000
76633  36.142  -11.828  30.198 0.0000000000
70229  39.394  -18.028  28.943 0.0000000000
69051  35.163  -17.987  27.938 0.0000000000
63014  35.597  -23.720  30.304 0.0000000000
49047  27.603  -35.721  40.426 0.0000000000
41102  8.169  -42.665  52.573 0.0000000000
39932  5.771  -43.443  55.572 0.0000000000
37557  5.648  -43.894  59.432 0.0000000000
52355  22.560  -31.950  40.824 0.0000000000
46744  24.239  -38.706  40.106 0.0000000000
67703  26.529  -19.951  37.692 0.0000000000
66522  31.777  -21.511  37.263 0.0000000000
81054  48.660  -6.894  20.880 0.0000000000
74513  41.136  -13.535  25.649 0.0000000000
71359  41.400  -15.792  26.584 0.0000000000
58204  26.471  -27.154  38.998 0.0000000000
58233  28.316  -27.623  37.026 0.0000000000
55842  27.750  -30.294  37.755 0.0000000000
78859  39.288  -9.153  27.405 0.0000000000
81034  41.716  -7.505  27.390 0.0000000000
78870  40.908  -9.329  25.955 0.0000000000
77782  42.433  -10.476  24.135 0.0000000000
35294  3.046  -47.352  57.540 0.0000000000
73466  35.504  -14.497  29.088 0.0000000000
73454  33.460  -14.688  30.071 0.0000000000
66616  30.756  -20.462  31.925 0.0000000000
65475  32.400  -20.902  29.955 0.0000000000
62998  32.440  -23.623  31.277 0.0000000000
64179  32.615  -24.277  34.059 0.0000000000
44413  11.404  -39.844  48.748 0.0000000000
42216  13.144  -42.216  49.614 0.0000000000
43287  10.623  -41.326  50.426 0.0000000000
41100  10.306  -42.800  52.098 0.0000000000
43264  9.104  -40.612  51.467 0.0000000000
42124  6.643  -41.360  55.730 0.0000000000
38767  4.924  -43.975  57.389 0.0000000000
50142  22.474  -33.259  41.956 0.0000000000
49089  23.900  -35.598  38.257 0.0000000000
47926  21.559  -36.250  39.186 0.0000000000
44509  18.494  -40.539  44.648 0.0000000000
45618  20.887  -40.429  44.123 0.0000000000
60506  33.659  -25.542  37.260 0.0000000000
62855  31.603  -23.168  36.906 0.0000000000
71291  33.259  -15.617  32.311 0.0000000000
68994  31.409  -17.375  33.536 0.0000000000
67823  29.664  -18.598  33.393 0.0000000000
44488  17.163  -40.342  45.354 0.0000000000
43370  16.149  -41.416  46.512 0.0000000000
44491  14.070  -39.148  46.087 0.0000000000
45572  11.864  -38.269  47.787 0.0000000000
46595  11.133  -36.435  50.450 0.0000000000
49054  19.490  -35.945  40.948 0.0000000000
49005  17.701  -35.052  42.688 0.0000000000
46710  17.087  -37.372  43.819 0.0000000000
61637  29.239  -24.829  41.553 0.0000000000
62856  27.811  -24.171  39.799 0.0000000000
59369  28.441  -26.482  38.098 0.0000000000
58231  31.795  -28.219  35.950 0.0000000000
81040  45.641  -6.892  23.826 0.0000000000
79975  43.759  -8.658  23.441 0.0000000000
76718  43.307  -11.843  23.185 0.0000000000
76655  37.664  -11.331  27.787 0.0000000000
72494  38.826  -15.245  27.103 0.0000000000
73464  37.154  -14.508  28.343 0.0000000000
70243  37.568  -17.643  28.027 0.0000000000
66645  38.106  -20.900  29.507 0.0000000000
70248  32.872  -17.289  29.516 0.0000000000
65490  35.012  -21.071  29.084 0.0000000000
53469  26.318  -32.143  38.568 0.0000000000
54637  28.070  -31.458  39.904 0.0000000000
78840  38.444  -9.472  30.535 0.0000000000
45480  8.340  -38.216  53.427 0.0000000000
43233  7.026  -40.290  54.259 0.0000000000
41080  6.861  -42.406  53.774 0.0000000000
37644  6.627  -45.323  53.651 0.0000000000
37621  4.911  -45.535  55.361 0.0000000000
36426  3.798  -45.470  56.971 0.0000000000
35282  3.507  -45.599  59.580 0.0000000000
36381  3.154  -45.683  60.495 0.0000000000
54640  22.769  -30.370  39.502 0.0000000000
51293  25.005  -34.027  37.622 0.0000000000
47905  26.007  -37.250  39.715 0.0000000000
45688  21.298  -38.574  41.061 0.0000000000
66584  27.823  -20.369  34.167 0.0000000000
64087  27.173  -23.080  37.461 0.0000000000
65354  28.164  -21.759  35.551 0.0000000000
65407  30.576  -22.281  34.718 0.0000000000
54618  30.581  -31.061  41.034 0.0000000000
81076  48.810  -7.691  18.750 0.0000000000
81056  46.434  -7.794  21.449 0.0000000000
78910  47.150  -9.696  19.382 0.0000000000
74514  40.298  -13.183  25.848 0.0000000000
73495  41.622  -14.472  26.025 0.0000000000
74504  39.766  -13.718  26.062 0.0000000000
58220  24.727  -27.436  38.554 0.0000000000
58236  26.313  -28.078  37.463 0.0000000000
55844  25.823  -29.526  37.531 0.0000000000
77762  39.387  -10.948  26.764 0.0000000000
78871  40.115  -9.109  26.575 0.0000000000
76682  39.784  -11.393  26.362 0.0000000000
76680  41.135  -11.822  25.273 0.0000000000
34167  2.492  -47.905  58.073 0.0000000000
74459  34.548  -13.124  31.138 0.0000000000
73445  33.756  -13.992  31.811 0.0000000000
65442  30.895  -21.817  31.872 0.0000000000
64218  31.311  -22.253  30.993 0.0000000000
64201  31.062  -22.933  31.806 0.0000000000
62949  32.975  -25.187  33.223 0.0000000000
62951  31.368  -23.709  32.801 0.0000000000
45531  10.418  -38.764  50.047 0.0000000000
43329  11.181  -40.402  49.389 0.0000000000
44395  9.897  -39.707  50.523 0.0000000000
43263  9.566  -40.852  51.203 0.0000000000
44374  9.274  -39.555  51.222 0.0000000000
49049  22.326  -33.624  42.145 0.0000000000
49070  22.025  -34.541  39.553 0.0000000000
49071  21.396  -34.805  39.989 0.0000000000
44486  19.157  -41.198  45.273 0.0000000000
64030  28.026  -22.378  41.930 0.0000000000
61636  34.144  -23.830  38.615 0.0000000000
68995  30.477  -17.937  33.512 0.0000000000
68944  29.681  -16.980  34.715 0.0000000000
45607  15.635  -39.104  44.708 0.0000000000
44490  15.010  -39.688  45.847 0.0000000000
45609  14.355  -38.426  45.496 0.0000000000
46659  12.832  -36.893  46.986 0.0000000000
47784  12.470  -36.150  48.389 0.0000000000
46634  11.384  -37.350  48.664 0.0000000000
49004  18.701  -34.599  42.331 0.0000000000
47855  15.658  -35.998  44.342 0.0000000000
47854  16.532  -36.249  43.812 0.0000000000
45647  15.971  -37.993  44.283 0.0000000000
45622  17.173  -39.113  44.596 0.0000000000
60497  28.589  -25.754  39.977 0.0000000000
58200  28.402  -26.634  39.019 0.0000000000
55856  30.455  -29.726  37.358 0.0000000000
57041  30.951  -28.996  36.579 0.0000000000
55855  31.702  -29.490  37.486 0.0000000000
57039  33.029  -28.187  37.436 0.0000000000
55837  33.263  -29.346  38.647 0.0000000000
81033  42.342  -7.400  26.829 0.0000000000
81042  43.996  -7.494  24.219 0.0000000000
81043  43.433  -7.707  24.709 0.0000000000
75616  42.680  -12.446  24.184 0.0000000000
77791  42.774  -11.263  23.616 0.0000000000
75615  43.195  -12.606  23.934 0.0000000000
76657  36.706  -11.609  28.874 0.0000000000
74494  37.481  -13.459  27.933 0.0000000000
74478  36.638  -13.570  28.556 0.0000000000
71331  34.955  -16.393  28.813 0.0000000000
72462  36.278  -15.518  28.728 0.0000000000
70244  36.597  -17.461  28.368 0.0000000000
67873  37.577  -19.004  28.284 0.0000000000
67861  36.718  -20.068  28.852 0.0000000000
70217  32.707  -16.515  32.039 0.0000000000
71293  32.492  -16.525  30.617 0.0000000000
69038  31.972  -18.021  30.596 0.0000000000
64234  34.207  -22.804  29.763 0.0000000000
66648  33.715  -20.717  29.205 0.0000000000
64233  35.384  -22.806  29.673 0.0000000000
64232  36.453  -22.912  29.623 0.0000000000
51265  27.146  -33.895  39.381 0.0000000000
52341  27.811  -33.127  40.078 0.0000000000
77714  37.267  -10.554  31.492 0.0000000000
77724  37.089  -10.385  30.315 0.0000000000
77741  37.767  -10.279  28.458 0.0000000000
42263  14.745  -41.423  47.334 0.0000000000
42232  14.912  -42.308  48.274 0.0000000000
41078  9.842  -43.430  52.140 0.0000000000
41077  10.345  -43.595  52.392 0.0000000000
39980  9.266  -43.908  52.028 0.0000000000
38852  8.313  -43.934  52.502 0.0000000000
44319  8.054  -38.547  54.609 0.0000000000
44333  7.825  -39.171  53.302 0.0000000000
44320  7.211  -39.369  55.010 0.0000000000
41049  6.523  -42.124  56.008 0.0000000000
41062  6.316  -42.463  54.899 0.0000000000
39946  5.891  -43.586  54.557 0.0000000000
38816  6.479  -44.289  53.837 0.0000000000
38817  6.066  -44.544  54.276 0.0000000000
37620  5.341  -45.335  54.788 0.0000000000
37593  5.203  -44.810  55.708 0.0000000000
37560  4.947  -43.765  58.384 0.0000000000
37573  4.476  -44.576  57.371 0.0000000000
37561  4.509  -44.505  58.670 0.0000000000
36408  3.512  -46.170  58.106 0.0000000000
37558  4.778  -44.522  59.720 0.0000000000
54604  22.814  -30.370  42.593 0.0000000000
55805  22.675  -29.112  41.647 0.0000000000
53449  22.555  -31.229  40.179 0.0000000000
53489  23.285  -32.040  38.169 0.0000000000
52387  23.219  -33.181  38.372 0.0000000000
47924  23.437  -36.748  38.641 0.0000000000
47923  24.454  -36.483  38.688 0.0000000000
46754  24.570  -37.800  39.539 0.0000000000
46735  19.239  -37.426  41.660 0.0000000000
46748  19.815  -37.228  40.784 0.0000000000
45679  19.732  -38.236  42.001 0.0000000000
45640  22.708  -40.467  43.552 0.0000000000
72459  39.070  -16.527  27.923 0.0000000000
71347  39.972  -16.630  27.837 0.0000000000
71306  40.637  -17.414  28.934 0.0000000000
68906  27.588  -18.409  37.371 0.0000000000
68947  27.795  -18.651  35.840 0.0000000000
66549  26.827  -20.189  36.036 0.0000000000
60509  27.814  -25.240  37.513 0.0000000000
62858  27.229  -23.699  38.037 0.0000000000
61693  28.454  -24.294  36.086 0.0000000000
65325  31.396  -22.085  37.046 0.0000000000
64084  29.951  -22.700  35.743 0.0000000000
66524  30.219  -21.665  36.106 0.0000000000
65379  29.316  -21.639  35.021 0.0000000000
66566  31.072  -20.877  35.882 0.0000000000
65376  32.185  -22.264  35.616 0.0000000000
54619  29.653  -31.222  40.983 0.0000000000
81058  49.049  -6.689  20.014 0.0000000000
79973  44.796  -8.185  22.585 0.0000000000
81050  46.070  -7.701  22.208 0.0000000000
79982  45.653  -8.742  21.367 0.0000000000
77813  46.753  -10.549  19.948 0.0000000000
77812  47.386  -10.745  19.457 0.0000000000
47831  14.863  -36.204  45.342 0.0000000000
46678  13.831  -37.258  45.707 0.0000000000
74521  42.601  -13.569  24.736 0.0000000000
74511  44.174  -14.582  25.951 0.0000000000
72512  42.545  -14.991  25.739 0.0000000000
56999  27.811  -26.831  40.586 0.0000000000
58216  28.004  -27.137  38.194 0.0000000000
58217  27.531  -27.119  38.026 0.0000000000
57044  27.624  -28.683  36.861 0.0000000000
55840  29.967  -30.361  38.420 0.0000000000
81020  41.680  -7.494  29.079 0.0000000000
79949  40.434  -8.040  27.854 0.0000000000
79956  41.259  -8.227  26.462 0.0000000000
78883  41.517  -9.015  25.539 0.0000000000
78891  42.620  -9.224  24.446 0.0000000000
77771  41.272  -10.314  25.387 0.0000000000
76695  41.620  -11.429  24.646 0.0000000000
34210  3.400  -47.850  56.495 0.0000000000
76628  35.463  -11.933  30.846 0.0000000000
75543  35.727  -12.790  29.642 0.0000000000
75527  35.017  -12.764  30.613 0.0000000000
73467  34.483  -14.452  29.538 0.0000000000
71332  34.018  -16.405  29.092 0.0000000000
67848  31.472  -19.616  31.557 0.0000000000
67863  31.852  -19.147  30.086 0.0000000000
65455  31.908  -21.486  30.530 0.0000000000
64217  32.340  -22.546  30.650 0.0000000000
62997  33.422  -24.030  31.278 0.0000000000
62974  33.722  -24.730  32.204 0.0000000000
64178  33.891  -24.934  34.324 0.0000000000
47870  28.251  -37.122  41.617 0.0000000000
43351  12.636  -40.757  48.307 0.0000000000
42234  13.292  -41.667  48.934 0.0000000000
43328  12.076  -40.890  49.151 0.0000000000
43308  11.705  -41.063  50.021 0.0000000000
41121  12.174  -42.793  51.301 0.0000000000
42174  9.775  -41.583  51.353 0.0000000000
42175  9.067  -41.658  51.837 0.0000000000
43211  7.494  -39.654  56.658 0.0000000000
41017  6.581  -41.844  57.556 0.0000000000
39919  5.806  -42.918  56.730 0.0000000000
38781  5.600  -43.963  56.276 0.0000000000
38765  5.847  -42.738  58.264 0.0000000000
38756  5.806  -43.348  59.013 0.0000000000
37556  6.279  -43.493  59.715 0.0000000000
51267  22.506  -32.794  40.799 0.0000000000
51282  22.612  -33.414  39.331 0.0000000000
50161  22.223  -33.596  40.495 0.0000000000
49090  22.630  -35.553  38.543 0.0000000000
46756  22.501  -37.653  39.796 0.0000000000
45644  18.278  -39.031  43.430 0.0000000000
45642  20.423  -39.891  43.378 0.0000000000
45619  19.960  -40.401  43.933 0.0000000000
69019  39.901  -18.812  29.547 0.0000000000
66500  26.743  -20.403  38.976 0.0000000000
60541  32.029  -25.529  35.802 0.0000000000
62890  30.775  -24.185  35.542 0.0000000000
62854  32.351  -23.659  37.049 0.0000000000
64060  32.508  -23.134  37.797 0.0000000000
82080  48.388  -6.328  22.285 0.0000000000
35271  2.432  -47.079  59.303 0.0000000000
69023  33.617  -16.588  33.222 0.0000000000
69024  32.966  -16.940  32.657 0.0000000000
67833  31.827  -18.532  32.065 0.0000000000
67834  31.117  -19.156  32.325 0.0000000000
67835  30.212  -19.516  32.661 0.0000000000
66617  29.868  -20.620  32.626 0.0000000000
43385  17.710  -41.090  45.913 0.0000000000
43369  17.258  -41.510  46.630 0.0000000000
43386  16.635  -40.891  45.828 0.0000000000
43371  15.127  -40.836  46.574 0.0000000000
43372  14.187  -40.633  46.983 0.0000000000
45610  13.665  -38.187  46.015 0.0000000000
45590  13.014  -38.189  46.508 0.0000000000
44436  12.549  -39.671  47.486 0.0000000000
45551  11.454  -38.963  48.378 0.0000000000
45552  10.923  -38.573  48.966 0.0000000000
46596  10.436  -37.607  50.215 0.0000000000
49052  20.415  -34.864  41.031 0.0000000000
49028  19.812  -34.637  41.775 0.0000000000
47894  18.379  -36.634  42.190 0.0000000000
48985  16.977  -35.092  43.729 0.0000000000
47878  17.173  -36.323  43.306 0.0000000000
46709  17.661  -38.049  43.404 0.0000000000
45621  17.914  -39.658  44.190 0.0000000000
44510  17.608  -39.996  44.866 0.0000000000
61630  29.316  -23.834  42.208 0.0000000000
62832  28.219  -23.481  41.346 0.0000000000
61649  28.576  -25.002  40.505 0.0000000000
61659  28.263  -25.451  39.442 0.0000000000
59377  28.846  -26.725  36.109 0.0000000000
58214  28.284  -26.900  37.582 0.0000000000
58232  29.562  -27.764  36.190 0.0000000000
59387  31.275  -26.313  35.436 0.0000000000
59376  33.081  -26.558  36.406 0.0000000000
59361  34.758  -26.443  38.169 0.0000000000
82069  45.381  -6.463  24.613 0.0000000000
81047  44.393  -7.757  23.611 0.0000000000
78895  44.079  -9.176  22.889 0.0000000000
78890  43.132  -9.792  23.997 0.0000000000
78896  43.653  -9.449  23.130 0.0000000000
75569  38.354  -11.736  27.348 0.0000000000
74505  39.040  -13.603  26.711 0.0000000000
74493  38.436  -13.646  27.283 0.0000000000
72479  38.175  -15.293  27.754 0.0000000000
72460  38.634  -16.285  28.126 0.0000000000
73465  36.400  -14.489  28.641 0.0000000000
71329  37.068  -16.627  28.576 0.0000000000
70230  38.694  -17.982  28.409 0.0000000000
67846  38.909  -19.255  29.140 0.0000000000
67859  38.749  -20.240  29.534 0.0000000000
72428  33.143  -14.857  31.861 0.0000000000
71333  33.162  -16.429  29.643 0.0000000000
70247  33.720  -17.338  29.095 0.0000000000
66669  32.895  -19.751  29.439 0.0000000000
67877  33.970  -19.230  28.524 0.0000000000
67891  34.977  -19.231  28.149 0.0000000000
66647  36.294  -20.850  28.838 0.0000000000
54656  24.268  -30.604  37.907 0.0000000000
55826  25.766  -30.229  38.270 0.0000000000
54639  26.947  -31.535  39.030 0.0000000000
53428  28.457  -32.331  40.555 0.0000000000
78850  38.967  -8.911  28.672 0.0000000000
77752  38.332  -10.460  27.552 0.0000000000
46563  9.652  -37.540  51.620 0.0000000000
45479  9.305  -37.396  53.551 0.0000000000
45496  8.791  -38.362  52.187 0.0000000000
44353  8.203  -39.383  52.456 0.0000000000
43245  8.008  -40.007  52.808 0.0000000000
42177  7.562  -40.968  52.833 0.0000000000
43224  6.727  -40.064  55.568 0.0000000000
41079  7.523  -42.563  53.058 0.0000000000
39962  7.317  -43.416  53.246 0.0000000000
37665  7.337  -45.037  53.251 0.0000000000
35339  4.733  -47.089  55.161 0.0000000000
37594  4.802  -45.183  56.239 0.0000000000
36449  4.332  -45.532  56.523 0.0000000000
35319  3.653  -47.209  56.450 0.0000000000
35305  3.327  -46.878  57.420 0.0000000000
35293  3.174  -46.651  58.165 0.0000000000
35270  2.802  -46.827  59.160 0.0000000000
36385  4.018  -45.099  60.082 0.0000000000
36386  3.648  -45.535  60.412 0.0000000000
35258  2.770  -46.357  59.826 0.0000000000
58207  23.762  -27.408  40.067 0.0000000000
57004  23.242  -27.754  40.866 0.0000000000
55828  23.451  -29.518  38.616 0.0000000000
54673  23.927  -31.415  37.845 0.0000000000
52385  25.250  -33.077  37.742 0.0000000000
50175  26.156  -34.734  38.651 0.0000000000
50195  24.145  -34.917  38.143 0.0000000000
49087  25.826  -35.239  38.581 0.0000000000
47904  26.651  -36.666  39.849 0.0000000000
47916  20.454  -36.063  39.801 0.0000000000
46757  21.501  -37.416  39.899 0.0000000000
45687  22.331  -39.038  40.970 0.0000000000
45663  20.995  -39.630  42.601 0.0000000000
45662  22.118  -40.157  42.582 0.0000000000
45675  23.910  -39.969  41.707 0.0000000000
72493  39.998  -15.528  26.722 0.0000000000
68969  28.876  -17.878  34.335 0.0000000000
67824  28.755  -19.451  33.606 0.0000000000
66619  28.548  -21.039  33.090 0.0000000000
62843  27.266  -23.398  39.972 0.0000000000
64047  26.677  -22.114  39.477 0.0000000000
65329  26.653  -21.882  37.249 0.0000000000
64105  28.462  -23.485  36.017 0.0000000000
65328  27.746  -22.224  36.015 0.0000000000
65355  26.987  -21.292  36.007 0.0000000000
65381  27.604  -21.252  35.139 0.0000000000
65409  28.612  -21.541  34.371 0.0000000000
64153  29.726  -22.403  33.718 0.0000000000
64150  32.124  -23.202  34.739 0.0000000000
54653  27.770  -30.708  38.923 0.0000000000
54652  28.928  -30.878  39.247 0.0000000000
55822  30.965  -30.695  39.416 0.0000000000
55802  31.940  -30.810  41.436 0.0000000000
55812  33.293  -30.109  40.213 0.0000000000
82116  50.081  -6.568  18.837 0.0000000000
82081  47.521  -6.559  22.521 0.0000000000
81055  47.038  -7.132  21.139 0.0000000000
78902  46.009  -9.919  20.431 0.0000000000
79985  46.842  -8.410  20.414 0.0000000000
81067  47.816  -7.860  19.695 0.0000000000
79991  48.179  -8.176  19.074 0.0000000000
78934  48.334  -9.330  17.753 0.0000000000
75584  40.127  -12.200  26.091 0.0000000000
75567  39.587  -12.853  26.290 0.0000000000
57030  24.578  -28.144  37.923 0.0000000000
57029  25.403  -28.504  37.662 0.0000000000
55845  25.093  -29.183  38.114 0.0000000000
76683  39.271  -11.602  26.670 0.0000000000
34153  2.284  -47.893  58.659 0.0000000000
65443  30.232  -21.518  32.423 0.0000000000
64202  30.424  -22.596  32.510 0.0000000000
62977  30.882  -23.439  32.411 0.0000000000
64181  30.714  -23.208  33.267 0.0000000000
44394  10.449  -39.927  49.668 0.0000000000
44396  9.642  -39.101  50.925 0.0000000000
44373  9.547  -40.140  50.845 0.0000000000
49025  22.335  -33.794  42.775 0.0000000000
49050  21.788  -33.894  41.194 0.0000000000
49051  21.125  -34.466  41.139 0.0000000000
43384  18.764  -41.240  45.987 0.0000000000
43383  19.806  -41.292  46.060 0.0000000000
64029  28.920  -22.753  42.540 0.0000000000
45624  15.376  -38.285  44.531 0.0000000000
45608  15.202  -38.919  45.123 0.0000000000
45625  14.757  -38.091  44.904 0.0000000000
47856  15.088  -36.666  44.505 0.0000000000
46712  15.448  -37.245  44.262 0.0000000000
59353  28.976  -25.976  40.634 0.0000000000
58188  28.816  -26.257  40.642 0.0000000000
55854  32.270  -29.145  37.731 0.0000000000
55838  32.514  -29.507  38.293 0.0000000000
81032  43.182  -7.066  26.452 0.0000000000
81037  43.111  -7.454  25.431 0.0000000000
79963  43.021  -8.160  24.835 0.0000000000
74533  42.860  -12.885  24.394 0.0000000000
75614  44.509  -13.583  24.284 0.0000000000
34225  4.879  -48.206  55.230 0.0000000000
76644  36.456  -11.683  29.322 0.0000000000
75559  36.592  -12.038  28.680 0.0000000000
75542  36.072  -12.507  29.331 0.0000000000
70245  35.596  -17.313  28.473 0.0000000000
69050  36.131  -18.386  28.094 0.0000000000
69069  35.503  -18.756  27.972 0.0000000000
69025  32.331  -17.660  31.811 0.0000000000
63015  34.739  -23.490  30.235 0.0000000000
50141  27.323  -34.770  39.959 0.0000000000
51248  27.785  -33.925  39.902 0.0000000000
50140  27.778  -34.723  40.660 0.0000000000
77725  36.501  -10.943  30.724 0.0000000000
77734  36.652  -11.042  29.817 0.0000000000
76643  36.921  -11.243  29.081 0.0000000000
42264  14.011  -41.306  47.466 0.0000000000
42251  15.091  -41.891  47.837 0.0000000000
42252  14.469  -41.741  47.993 0.0000000000
41101  9.002  -42.844  51.931 0.0000000000
39981  8.554  -43.524  52.259 0.0000000000
41050  6.158  -42.755  55.924 0.0000000000
41063  5.976  -43.051  55.198 0.0000000000
38799  5.415  -44.338  54.947 0.0000000000
53430  22.729  -31.426  42.127 0.0000000000
54586  23.202  -30.535  43.481 0.0000000000
53431  22.565  -31.182  41.407 0.0000000000
54605  22.560  -30.553  41.812 0.0000000000
52370  22.568  -32.287  39.445 0.0000000000
46755  23.571  -37.758  39.440 0.0000000000
46733  25.108  -39.011  40.647 0.0000000000
45685  24.402  -39.341  41.027 0.0000000000
71327  39.284  -16.902  28.158 0.0000000000
71307  39.837  -17.543  28.561 0.0000000000
70228  40.131  -17.793  29.218 0.0000000000
67702  26.829  -19.702  38.241 0.0000000000
67723  27.356  -19.109  38.097 0.0000000000
67724  26.916  -19.322  37.433 0.0000000000
68907  27.138  -18.933  36.933 0.0000000000
67746  26.615  -20.039  36.573 0.0000000000
60524  28.369  -25.310  36.276 0.0000000000
60525  27.866  -25.048  36.742 0.0000000000
61674  28.288  -24.780  36.251 0.0000000000
66523  30.884  -21.514  36.561 0.0000000000
66547  30.320  -21.164  36.153 0.0000000000
66546  31.211  -21.032  36.370 0.0000000000
65351  31.767  -21.539  36.195 0.0000000000
81053  49.049  -6.858  20.830 0.0000000000
79979  44.578  -8.714  22.475 0.0000000000
79978  45.151  -8.649  21.908 0.0000000000
47807  15.303  -35.001  46.729 0.0000000000
47832  14.232  -36.660  45.625 0.0000000000
47830  15.714  -34.895  45.570 0.0000000000
75582  41.552  -12.805  24.979 0.0000000000
73501  42.771  -14.555  25.403 0.0000000000
74512  41.918  -14.020  25.295 0.0000000000
71371  41.718  -15.526  26.375 0.0000000000
72505  42.186  -15.391  26.113 0.0000000000
57015  27.186  -27.103  39.860 0.0000000000
58203  27.334  -27.246  38.965 0.0000000000
58218  26.712  -27.327  38.025 0.0000000000
55859  27.201  -29.511  36.953 0.0000000000
57045  26.659  -28.664  36.777 0.0000000000
55858  28.192  -29.604  37.223 0.0000000000
55841  28.817  -30.375  37.826 0.0000000000
79946  39.619  -8.490  28.555 0.0000000000
79950  39.914  -8.416  27.840 0.0000000000
78872  39.875  -8.566  27.202 0.0000000000
77760  40.534  -10.059  26.046 0.0000000000
34191  3.217  -48.184  57.058 0.0000000000
75525  35.700  -11.879  31.904 0.0000000000
75526  35.226  -12.300  31.330 0.0000000000
73453  33.945  -13.844  30.555 0.0000000000
73468  33.913  -15.021  29.533 0.0000000000
72465  33.601  -15.562  29.540 0.0000000000
66631  31.895  -20.212  30.737 0.0000000000
66632  31.424  -20.375  31.388 0.0000000000
62999  31.741  -23.081  31.353 0.0000000000
64216  33.238  -23.213  30.509 0.0000000000
62975  32.629  -24.462  32.101 0.0000000000
64148  34.570  -23.845  35.005 0.0000000000
76615  36.075  -11.605  32.004 0.0000000000
43352  11.889  -40.393  48.481 0.0000000000
43309  10.849  -40.866  49.903 0.0000000000
43286  11.250  -41.457  50.294 0.0000000000
42194  11.799  -41.962  50.412 0.0000000000
42195  11.249  -41.937  50.846 0.0000000000
43265  8.378  -40.501  52.181 0.0000000000
41033  6.277  -42.327  56.699 0.0000000000
39918  6.187  -42.438  57.440 0.0000000000
39904  5.835  -42.710  57.765 0.0000000000
38751  6.147  -43.443  59.510 0.0000000000
51266  22.526  -32.963  41.528 0.0000000000
51249  22.696  -32.556  42.166 0.0000000000
50160  22.398  -33.169  41.208 0.0000000000
49091  21.763  -35.484  39.058 0.0000000000
47925  22.331  -36.461  38.847 0.0000000000
46765  21.965  -37.046  39.321 0.0000000000
45620  18.816  -40.292  43.795 0.0000000000
44508  19.555  -41.025  44.486 0.0000000000
66483  27.349  -19.798  40.261 0.0000000000
65283  26.773  -21.313  39.744 0.0000000000
60522  32.985  -25.511  36.525 0.0000000000
61672  32.182  -24.636  36.322 0.0000000000
61658  33.032  -24.642  37.162 0.0000000000
62830  34.323  -23.374  39.047 0.0000000000
62841  33.099  -23.498  37.839 0.0000000000
64043  32.851  -22.762  38.377 0.0000000000
35259  2.241  -46.657  59.641 0.0000000000
69007  31.482  -18.197  32.720 0.0000000000
67822  30.720  -18.448  32.988 0.0000000000
66603  29.418  -19.930  33.153 0.0000000000
43388  15.232  -40.300  46.182 0.0000000000
44461  14.974  -40.226  46.235 0.0000000000
44462  14.453  -40.049  46.360 0.0000000000
46679  13.366  -37.051  46.325 0.0000000000
45591  12.476  -37.805  47.144 0.0000000000
45571  12.556  -38.748  47.012 0.0000000000
44437  11.759  -39.783  47.992 0.0000000000
46614  11.009  -37.255  49.567 0.0000000000
46615  10.644  -38.162  49.625 0.0000000000
49027  20.772  -34.005  42.329 0.0000000000
49003  20.122  -34.067  43.234 0.0000000000
47876  18.225  -35.575  42.302 0.0000000000
47893  18.641  -36.306  41.783 0.0000000000
46726  17.540  -37.248  43.118 0.0000000000
45645  17.506  -38.532  44.075 0.0000000000
44511  16.844  -39.635  44.952 0.0000000000
44487  18.151  -40.683  45.370 0.0000000000
61638  28.778  -24.187  41.509 0.0000000000
60508  28.457  -25.728  37.809 0.0000000000
58215  28.123  -26.945  38.285 0.0000000000
58246  31.353  -27.166  35.719 0.0000000000
58247  30.230  -26.969  35.536 0.0000000000
59386  32.296  -26.371  35.872 0.0000000000
58245  32.427  -27.247  35.995 0.0000000000
57026  34.303  -27.994  38.433 0.0000000000
58212  34.164  -27.468  37.884 0.0000000000
81026  42.456  -7.175  28.016 0.0000000000
82062  45.947  -5.899  25.263 0.0000000000
82063  45.243  -6.306  25.538 0.0000000000
79974  44.258  -8.565  23.044 0.0000000000
78882  41.982  -9.652  24.905 0.0000000000
77790  43.118  -10.520  23.499 0.0000000000
77795  43.776  -10.689  22.658 0.0000000000
75557  38.035  -12.562  27.416 0.0000000000
74477  37.195  -14.000  28.189 0.0000000000
73476  37.571  -14.445  27.964 0.0000000000
72480  37.581  -14.963  28.143 0.0000000000
74479  35.636  -13.351  29.374 0.0000000000
71328  38.279  -17.069  28.292 0.0000000000
70242  38.218  -17.817  27.989 0.0000000000
69037  38.843  -18.704  28.936 0.0000000000
69048  38.075  -18.522  28.161 0.0000000000
67860  38.067  -19.679  28.912 0.0000000000
71292  32.604  -15.827  31.375 0.0000000000
70231  32.419  -17.298  30.217 0.0000000000
71310  32.722  -16.708  29.994 0.0000000000
69053  33.311  -18.261  28.935 0.0000000000
66650  32.442  -19.962  29.887 0.0000000000
66649  32.972  -20.458  29.457 0.0000000000
65491  34.422  -20.776  29.063 0.0000000000
66667  34.230  -20.114  28.862 0.0000000000
67892  34.555  -19.259  28.296 0.0000000000
66666  34.986  -20.332  28.759 0.0000000000
67862  36.151  -20.305  28.673 0.0000000000
65489  35.657  -21.284  28.930 0.0000000000
54671  25.641  -31.720  38.401 0.0000000000
54655  25.899  -31.114  38.713 0.0000000000
53448  26.833  -31.792  38.855 0.0000000000
51233  28.664  -33.925  41.180 0.0000000000
52340  28.304  -33.149  40.645 0.0000000000
79940  39.463  -8.586  29.199 0.0000000000
78848  38.291  -9.522  29.219 0.0000000000
77742  37.264  -10.955  28.568 0.0000000000
76668  38.321  -11.189  27.498 0.0000000000
42260  17.907  -42.134  47.257 0.0000000000
42261  16.733  -42.162  47.445 0.0000000000
39979  11.132  -43.492  52.572 0.0000000000
46562  10.642  -36.788  52.307 0.0000000000
45460  8.682  -37.762  54.292 0.0000000000
45459  9.476  -37.347  54.915 0.0000000000
46549  9.711  -37.338  52.573 0.0000000000
45497  8.189  -38.722  52.801 0.0000000000
44334  7.417  -39.472  54.056 0.0000000000
43246  7.554  -40.284  53.304 0.0000000000
43266  7.847  -40.649  52.653 0.0000000000
43212  6.866  -40.592  56.567 0.0000000000
42139  6.723  -41.324  54.554 0.0000000000
37666  6.877  -44.728  53.483 0.0000000000
36473  5.279  -46.349  54.779 0.0000000000
36474  4.533  -46.145  55.738 0.0000000000
38782  5.112  -44.325  56.766 0.0000000000
36450  4.053  -46.271  56.386 0.0000000000
36427  3.473  -46.183  57.163 0.0000000000
36397  3.422  -46.190  58.610 0.0000000000
35283  3.259  -46.286  58.962 0.0000000000
37552  5.092  -44.559  60.627 0.0000000000
36379  4.444  -45.203  60.880 0.0000000000
36380  3.868  -45.699  60.916 0.0000000000
35257  3.191  -45.905  60.078 0.0000000000
58191  24.396  -27.085  40.340 0.0000000000
55815  22.725  -29.096  40.077 0.0000000000
54657  23.309  -30.870  38.427 0.0000000000
52386  24.199  -33.110  37.724 0.0000000000
53488  24.504  -32.221  37.896 0.0000000000
51281  25.760  -33.903  38.200 0.0000000000
50178  22.850  -34.504  38.760 0.0000000000
51295  23.169  -33.981  38.410 0.0000000000
50177  23.603  -34.922  38.289 0.0000000000
47914  25.182  -36.855  39.389 0.0000000000
49088  25.180  -35.695  38.471 0.0000000000
47913  26.014  -36.550  39.428 0.0000000000
49068  26.286  -35.736  39.058 0.0000000000
47889  27.069  -37.177  40.485 0.0000000000
46742  26.454  -37.779  40.218 0.0000000000
49053  19.791  -35.528  40.820 0.0000000000
49073  20.266  -35.563  40.334 0.0000000000
47917  20.051  -36.178  40.234 0.0000000000
45689  20.549  -38.004  41.183 0.0000000000
46747  20.930  -37.712  40.564 0.0000000000
46746  22.028  -37.963  40.659 0.0000000000
45641  21.583  -40.388  43.611 0.0000000000
45661  23.247  -40.370  42.597 0.0000000000
45676  22.745  -39.879  41.653 0.0000000000
73488  39.123  -14.600  26.781 0.0000000000
73487  39.795  -14.468  26.392 0.0000000000
70148  29.423  -16.744  35.562 0.0000000000
68925  28.667  -17.684  36.003 0.0000000000
67798  27.566  -20.048  34.773 0.0000000000
67797  28.086  -19.272  34.451 0.0000000000
67825  28.250  -20.093  33.786 0.0000000000
66604  28.658  -20.402  33.320 0.0000000000
66605  27.964  -20.883  33.440 0.0000000000
61639  28.273  -23.933  40.915 0.0000000000
64045  27.724  -23.053  41.071 0.0000000000
62842  27.776  -23.620  40.394 0.0000000000
64063  26.895  -22.796  38.795 0.0000000000
65303  26.562  -21.614  38.760 0.0000000000
62873  31.330  -23.652  36.058 0.0000000000
62891  30.161  -23.956  35.611 0.0000000000
62874  30.224  -23.271  35.742 0.0000000000
65327  29.351  -22.129  35.720 0.0000000000
64085  28.695  -22.942  35.887 0.0000000000
65378  30.158  -21.693  35.196 0.0000000000
65408  29.540  -22.023  34.246 0.0000000000
64152  30.178  -22.720  33.942 0.0000000000
64151  31.084  -22.993  34.241 0.0000000000
64124  32.702  -22.762  35.213 0.0000000000
54654  26.820  -30.801  39.051 0.0000000000
54635  29.628  -30.879  40.178 0.0000000000
54650  30.320  -30.731  39.448 0.0000000000
55814  31.171  -30.857  40.598 0.0000000000
55801  32.875  -30.338  41.300 0.0000000000
55811  33.762  -29.774  40.517 0.0000000000
81065  49.280  -6.917  19.182 0.0000000000
81075  49.513  -7.207  18.379 0.0000000000
79999  48.976  -7.885  17.904 0.0000000000
82068  46.098  -6.084  24.280 0.0000000000
82082  46.659  -6.880  22.752 0.0000000000
81049  46.986  -7.233  22.031 0.0000000000
78911  46.710  -9.312  20.167 0.0000000000
79984  47.325  -8.636  19.969 0.0000000000
81060  47.323  -7.565  20.362 0.0000000000
79992  47.616  -8.750  19.290 0.0000000000
75583  40.788  -12.464  25.583 0.0000000000
73496  40.621  -14.238  26.100 0.0000000000
72506  41.204  -15.296  26.416 0.0000000000
58205  25.451  -27.046  39.274 0.0000000000
58219  25.659  -27.637  38.103 0.0000000000
57046  25.856  -28.691  36.984 0.0000000000
55843  26.753  -29.972  37.481 0.0000000000
77751  39.047  -10.186  26.987 0.0000000000
78858  39.665  -9.586  26.829 0.0000000000
77750  39.464  -9.787  26.905 0.0000000000
77761  39.887  -10.316  26.611 0.0000000000
76681  40.536  -11.219  25.771 0.0000000000
34179  2.957  -47.943  57.514 0.0000000000
74458  34.871  -12.943  32.264 0.0000000000
73439  33.452  -14.333  31.480 0.0000000000
65456  31.361  -21.119  31.223 0.0000000000
62976  31.474  -24.016  31.914 0.0000000000
62950  32.129  -24.207  32.970 0.0000000000
44414  10.904  -39.582  49.226 0.0000000000
43310  10.283  -40.589  50.190 0.0000000000
43288  9.899  -40.830  50.799 0.0000000000
43289  9.435  -40.410  51.081 0.0000000000
44352  8.607  -39.665  51.773 0.0000000000
39903  6.480  -42.289  58.352 0.0000000000
50143  22.184  -33.583  41.464 0.0000000000
49092  21.271  -35.575  39.481 0.0000000000
64031  27.576  -21.448  41.296 0.0000000000
60495  34.393  -25.494  37.896 0.0000000000
61646  33.821  -24.418  37.933 0.0000000000
61645  34.523  -24.871  38.352 0.0000000000
68967  30.920  -17.007  33.867 0.0000000000
68968  30.076  -17.272  34.124 0.0000000000
67795  29.230  -17.966  33.796 0.0000000000
44489  16.005  -39.853  45.188 0.0000000000
47783  13.157  -35.852  47.993 0.0000000000
46660  12.308  -36.882  47.640 0.0000000000
46633  11.900  -36.883  48.216 0.0000000000
48984  17.823  -34.261  43.565 0.0000000000
48969  16.404  -34.877  44.705 0.0000000000
48986  16.320  -35.501  44.062 0.0000000000
46711  16.198  -37.182  44.012 0.0000000000
45646  16.733  -38.163  44.319 0.0000000000
45623  16.191  -38.985  44.486 0.0000000000
60485  29.140  -25.397  41.324 0.0000000000
60486  29.040  -25.734  40.835 0.0000000000
59362  28.512  -26.256  39.742 0.0000000000
57042  29.482  -28.961  36.629 0.0000000000
57040  32.345  -28.674  37.250 0.0000000000
57027  33.465  -28.623  38.104 0.0000000000
57012  33.783  -29.236  39.176 0.0000000000
81025  43.483  -6.790  27.631 0.0000000000
82070  44.603  -6.716  24.824 0.0000000000
81036  43.806  -6.925  25.060 0.0000000000
79970  43.320  -8.551  24.071 0.0000000000
76706  42.481  -11.817  23.933 0.0000000000
76705  42.865  -12.024  23.583 0.0000000000
75626  43.753  -12.755  23.613 0.0000000000
76656  36.994  -11.550  28.456 0.0000000000
75558  37.224  -12.282  28.090 0.0000000000
74495  36.786  -12.775  28.502 0.0000000000
72463  35.247  -15.454  28.975 0.0000000000
71330  35.984  -16.467  28.751 0.0000000000
69049  37.147  -18.433  27.818 0.0000000000
67874  36.921  -19.250  28.356 0.0000000000
70218  32.254  -16.927  31.122 0.0000000000
69054  32.433  -18.341  29.600 0.0000000000
64235  33.276  -22.210  30.015 0.0000000000
65474  33.132  -21.322  29.605 0.0000000000
65473  34.122  -21.568  29.402 0.0000000000
65472  35.082  -21.951  29.195 0.0000000000
65471  36.206  -21.870  29.030 0.0000000000
52368  26.751  -33.038  38.949 0.0000000000
53468  27.028  -32.395  39.000 0.0000000000
52354  27.379  -33.080  39.447 0.0000000000
51247  28.253  -33.939  40.515 0.0000000000
78827  38.053  -9.778  31.277 0.0000000000
78841  37.671  -9.923  30.721 0.0000000000
77723  37.761  -9.960  29.887 0.0000000000
77732  37.807  -10.094  29.220 0.0000000000
42262  15.653  -41.800  47.336 0.0000000000
41171  16.152  -42.341  47.687 0.0000000000
41161  15.557  -42.432  47.985 0.0000000000
38831  9.331  -44.578  52.802 0.0000000000
38832  8.086  -44.541  52.860 0.0000000000
44318  8.748  -37.861  54.951 0.0000000000
39945  6.549  -43.364  53.872 0.0000000000
36490  5.900  -45.932  54.054 0.0000000000
37645  5.967  -45.111  54.420 0.0000000000
37572  4.791  -43.787  57.713 0.0000000000
36407  3.880  -45.378  57.910 0.0000000000
36396  3.801  -45.439  58.986 0.0000000000
37545  3.564  -45.218  61.236 0.0000000000
54623  22.491  -30.219  40.926 0.0000000000
53470  22.771  -31.350  39.069 0.0000000000
47915  24.300  -37.228  39.011 0.0000000000
46743  25.429  -38.135  39.959 0.0000000000
46732  26.107  -38.869  40.677 0.0000000000
47907  19.327  -36.392  41.104 0.0000000000
47906  19.669  -36.337  40.624 0.0000000000
46749  19.202  -36.877  41.271 0.0000000000
46734  20.009  -37.886  41.536 0.0000000000
45678  20.554  -38.728  41.779 0.0000000000
44506  21.671  -40.992  44.662 0.0000000000
44525  22.368  -40.883  44.216 0.0000000000
72478  39.336  -16.228  27.650 0.0000000000
71348  39.721  -16.689  27.993 0.0000000000
71326  40.292  -16.919  28.263 0.0000000000
68926  27.898  -18.111  36.253 0.0000000000
68927  27.427  -18.771  36.392 0.0000000000
67770  27.525  -19.337  35.493 0.0000000000
61660  27.752  -24.932  39.150 0.0000000000
62857  27.488  -23.780  39.196 0.0000000000
61661  27.377  -24.519  37.859 0.0000000000
61662  27.324  -24.088  37.590 0.0000000000
62876  27.589  -24.070  36.805 0.0000000000
64083  30.943  -22.817  36.568 0.0000000000
65326  30.552  -22.105  36.167 0.0000000000
66548  29.916  -21.739  35.787 0.0000000000
65353  29.220  -21.748  35.473 0.0000000000
66568  29.979  -21.581  35.566 0.0000000000
65377  31.136  -21.604  35.572 0.0000000000
65406  31.511  -22.513  35.018 0.0000000000
54621  28.618  -31.826  40.578 0.0000000000
54620  28.975  -31.605  40.902 0.0000000000
54602  30.464  -31.517  41.638 0.0000000000
54601  31.131  -31.356  41.906 0.0000000000
81066  48.588  -7.422  19.531 0.0000000000
81051  45.350  -7.793  22.550 0.0000000000
81045  45.879  -7.252  23.051 0.0000000000
79977  45.901  -8.311  21.589 0.0000000000
76783  47.840  -11.079  19.317 0.0000000000
46694  14.334  -37.337  45.149 0.0000000000
47808  14.214  -35.965  46.541 0.0000000000
74520  43.691  -14.260  25.143 0.0000000000
73500  43.491  -14.959  25.739 0.0000000000
73494  42.234  -14.684  25.745 0.0000000000
56998  28.219  -26.822  40.278 0.0000000000
58201  28.322  -26.892  39.535 0.0000000000
57013  28.129  -27.115  39.650 0.0000000000
58202  27.973  -27.327  39.059 0.0000000000
58234  27.877  -27.770  37.255 0.0000000000
58235  27.106  -27.794  37.211 0.0000000000
57043  28.470  -28.803  36.860 0.0000000000
55857  29.240  -29.768  37.264 0.0000000000
79944  40.993  -7.636  28.527 0.0000000000
79948  41.028  -7.738  27.555 0.0000000000
79957  40.396  -8.246  27.111 0.0000000000
79955  42.040  -7.990  26.049 0.0000000000
79964  42.354  -8.437  25.261 0.0000000000
77770  41.793  -10.465  24.745 0.0000000000
76696  41.059  -11.196  25.200 0.0000000000
75600  42.273  -12.491  24.466 0.0000000000
34209  3.738  -48.132  55.691 0.0000000000
75533  35.998  -12.347  29.975 0.0000000000
75534  35.529  -12.560  30.201 0.0000000000
74465  35.379  -13.057  29.913 0.0000000000
74480  35.094  -13.849  29.478 0.0000000000
74466  34.936  -13.278  30.110 0.0000000000
72464  34.339  -15.529  29.209 0.0000000000
70246  34.641  -17.302  28.718 0.0000000000
64236  32.627  -21.704  30.178 0.0000000000
64215  34.002  -23.642  30.509 0.0000000000
62996  34.569  -24.273  31.076 0.0000000000
62973  34.861  -24.620  32.371 0.0000000000
62947  34.933  -24.661  33.477 0.0000000000
62948  34.033  -25.148  33.188 0.0000000000
47888  27.766  -36.838  40.961 0.0000000000
49023  28.076  -35.675  41.092 0.0000000000
77715  36.539  -10.967  31.257 0.0000000000
42253  13.622  -41.466  48.093 0.0000000000
43327  12.706  -41.205  48.962 0.0000000000
42235  12.730  -41.549  49.331 0.0000000000
42217  12.343  -41.833  49.882 0.0000000000
41123  10.375  -42.209  51.440 0.0000000000
42196  10.514  -41.712  51.086 0.0000000000
42176  8.109  -41.585  52.508 0.0000000000
43200  6.845  -40.836  57.137 0.0000000000
42109  6.568  -41.421  56.782 0.0000000000
41034  6.114  -42.714  56.452 0.0000000000
38766  5.226  -43.241  57.757 0.0000000000
38755  6.084  -42.741  58.882 0.0000000000
52342  22.765  -31.838  42.409 0.0000000000
51250  22.609  -32.300  41.385 0.0000000000
46764  22.746  -37.256  39.087 0.0000000000
46745  23.041  -38.421  40.319 0.0000000000
45665  18.807  -38.851  42.729 0.0000000000
45664  19.787  -39.064  42.535 0.0000000000
45643  19.305  -39.632  43.257 0.0000000000
44507  20.640  -40.879  44.704 0.0000000000
70213  39.859  -18.256  29.366 0.0000000000
66499  27.167  -19.781  39.590 0.0000000000
66501  26.564  -20.321  38.131 0.0000000000
60542  31.122  -25.425  35.303 0.0000000000
60565  30.140  -24.926  35.427 0.0000000000
61690  31.359  -24.549  35.633 0.0000000000
61673  31.722  -24.211  36.117 0.0000000000
61647  33.131  -24.022  37.467 0.0000000000
64061  31.970  -22.715  37.573 0.0000000000
65302  32.076  -21.969  38.072 0.0000000000
82086  48.636  -6.670  21.385 0.0000000000
77794  44.576  -10.823  22.050 0.0000000000
70216  33.453  -16.294  32.699 0.0000000000
69006  32.302  -17.491  32.803 0.0000000000
65444  29.514  -21.430  32.777 0.0000000000
43368  18.343  -41.649  46.589 0.0000000000
43387  15.727  -40.458  46.071 0.0000000000
44492  13.461  -38.836  46.193 0.0000000000
44463  13.370  -39.571  46.642 0.0000000000
45573  11.373  -38.288  48.418 0.0000000000
45553  10.642  -38.654  49.493 0.0000000000
46580  9.728  -37.780  50.714 0.0000000000
49029  19.254  -35.533  41.396 0.0000000000
46736  18.514  -37.164  42.166 0.0000000000
50107  17.503  -34.760  43.186 0.0000000000
49006  17.374  -35.465  43.068 0.0000000000
47877  17.961  -36.418  42.595 0.0000000000
46725  18.179  -37.893  42.750 0.0000000000
62831  28.778  -23.408  42.085 0.0000000000
61650  28.207  -24.315  40.380 0.0000000000
60523  28.826  -25.881  35.696 0.0000000000
59388  30.020  -26.219  35.247 0.0000000000
60521  33.391  -26.031  36.792 0.0000000000
58230  32.932  -27.579  36.885 0.0000000000
58229  33.680  -27.194  37.313 0.0000000000
59368  34.068  -26.449  37.551 0.0000000000
81041  44.821  -7.089  24.013 0.0000000000
81046  44.988  -7.577  23.208 0.0000000000
78899  44.235  -9.522  22.417 0.0000000000
79971  42.824  -8.594  24.649 0.0000000000
77781  42.951  -10.285  23.949 0.0000000000
78900  43.844  -9.872  22.699 0.0000000000
75568  38.819  -12.345  26.758 0.0000000000
74492  38.656  -13.480  26.984 0.0000000000
73489  38.615  -14.469  27.214 0.0000000000
73475  38.094  -14.369  27.593 0.0000000000
72495  38.390  -14.862  27.396 0.0000000000
71308  39.105  -17.543  28.468 0.0000000000
72461  37.469  -15.592  28.405 0.0000000000
69036  39.454  -18.548  29.276 0.0000000000
69020  39.276  -18.976  29.329 0.0000000000
67845  39.269  -19.613  29.480 0.0000000000
72429  32.939  -14.916  30.953 0.0000000000
71309  32.741  -15.945  30.419 0.0000000000
72442  33.137  -15.493  30.114 0.0000000000
67879  32.475  -19.277  29.581 0.0000000000
67878  33.047  -19.140  29.129 0.0000000000
66668  33.502  -19.893  29.147 0.0000000000
69071  34.499  -18.974  28.062 0.0000000000
69070  34.948  -18.714  27.911 0.0000000000
67875  35.750  -19.620  28.351 0.0000000000
66646  37.122  -20.858  29.154 0.0000000000
65470  37.323  -21.955  29.206 0.0000000000
55827  24.741  -29.935  38.208 0.0000000000
54638  27.221  -31.453  39.308 0.0000000000
53447  27.360  -32.192  39.531 0.0000000000
53446  27.776  -31.960  39.935 0.0000000000
78851  38.409  -9.556  28.013 0.0000000000
78860  38.664  -9.754  27.377 0.0000000000
76667  38.858  -11.224  27.162 0.0000000000
42250  17.004  -42.561  47.925 0.0000000000
42233  14.217  -42.269  48.639 0.0000000000
46579  10.309  -36.909  51.065 0.0000000000
45511  9.430  -38.484  51.193 0.0000000000
44307  7.260  -39.483  55.635 0.0000000000
42156  7.262  -41.421  53.308 0.0000000000
42155  7.734  -42.053  52.836 0.0000000000
39961  7.984  -43.441  52.738 0.0000000000
38833  7.059  -44.226  53.334 0.0000000000
34226  4.129  -47.485  55.534 0.0000000000
35340  4.203  -46.775  55.842 0.0000000000
35320  3.426  -47.534  56.645 0.0000000000
35284  2.728  -47.059  58.188 0.0000000000
35268  3.533  -45.486  59.988 0.0000000000
35269  3.255  -45.906  59.729 0.0000000000
60476  29.704  -25.031  42.356 0.0000000000
58190  25.009  -26.920  40.015 0.0000000000
58206  24.265  -27.193  39.355 0.0000000000
57031  23.794  -28.436  38.366 0.0000000000
57019  23.350  -28.008  39.303 0.0000000000
54672  24.940  -31.518  38.041 0.0000000000
53487  25.470  -32.262  38.162 0.0000000000
52369  26.060  -33.026  38.334 0.0000000000
51280  26.469  -33.886  38.805 0.0000000000
50159  26.784  -34.799  39.258 0.0000000000
51294  24.005  -34.149  37.811 0.0000000000
49109  24.643  -35.329  38.154 0.0000000000
49108  24.922  -35.340  38.127 0.0000000000
50176  25.495  -34.764  38.187 0.0000000000
49048  27.165  -35.745  39.676 0.0000000000
47903  27.316  -36.436  40.261 0.0000000000
49072  20.779  -35.288  40.069 0.0000000000
47927  20.917  -36.052  39.419 0.0000000000
46759  19.980  -36.681  40.360 0.0000000000
46758  20.533  -36.868  40.009 0.0000000000
46766  21.224  -36.707  39.570 0.0000000000
45677  21.662  -39.375  41.752 0.0000000000
45686  23.457  -39.190  41.020 0.0000000000
72507  40.410  -14.896  26.414 0.0000000000
72492  41.263  -16.079  26.770 0.0000000000
72477  40.527  -16.522  27.496 0.0000000000
70212  40.477  -18.205  29.553 0.0000000000
68945  29.237  -17.285  35.144 0.0000000000
68946  28.272  -18.400  35.218 0.0000000000
68970  28.476  -18.510  34.463 0.0000000000
67796  28.753  -18.546  33.913 0.0000000000
66618  29.129  -20.811  32.946 0.0000000000
64046  27.167  -22.476  40.375 0.0000000000
64062  27.059  -23.215  39.633 0.0000000000
66525  26.578  -20.988  38.132 0.0000000000
66526  26.506  -20.698  37.442 0.0000000000
61691  29.970  -24.348  35.539 0.0000000000
62893  28.149  -23.895  36.347 0.0000000000
64106  27.963  -23.401  36.319 0.0000000000
62875  29.507  -23.136  35.734 0.0000000000
64086  27.458  -22.885  36.478 0.0000000000
65330  26.508  -21.146  37.026 0.0000000000
66550  26.566  -20.658  36.687 0.0000000000
66569  27.268  -20.492  35.319 0.0000000000
66585  27.530  -20.783  34.606 0.0000000000
65380  28.429  -21.534  35.031 0.0000000000
65410  27.886  -21.298  34.470 0.0000000000
66606  27.683  -21.001  34.019 0.0000000000
65432  28.701  -21.452  33.629 0.0000000000
65431  29.414  -21.967  33.349 0.0000000000
64182  30.014  -22.543  33.269 0.0000000000
64180  31.685  -23.596  33.658 0.0000000000
65405  31.999  -22.736  35.203 0.0000000000
64149  33.377  -23.436  34.902 0.0000000000
55825  26.597  -30.353  38.232 0.0000000000
55824  27.167  -30.407  38.075 0.0000000000
54636  28.841  -31.197  40.036 0.0000000000
54670  28.471  -30.610  38.468 0.0000000000
54669  29.261  -30.644  38.612 0.0000000000
55823  30.249  -30.653  39.104 0.0000000000
54617  31.340  -31.100  41.517 0.0000000000
55803  31.251  -30.994  41.153 0.0000000000
55813  32.067  -30.551  40.412 0.0000000000
55821  32.268  -30.275  39.259 0.0000000000
55820  33.200  -29.823  39.169 0.0000000000
56997  33.621  -29.615  39.749 0.0000000000
82087  47.732  -6.725  21.709 0.0000000000
82093  47.869  -6.825  20.901 0.0000000000
78903  45.506  -9.433  21.127 0.0000000000
79981  46.132  -8.673  20.846 0.0000000000
81061  46.710  -7.884  20.813 0.0000000000
81059  48.324  -7.066  20.365 0.0000000000
78922  47.601  -9.433  18.746 0.0000000000
78935  47.836  -9.138  18.259 0.0000000000
80000  48.315  -8.476  18.276 0.0000000000
34142  1.946  -47.057  59.441 0.0000000000
35306  3.364  -47.534  56.957 0.0000000000
36475  4.298  -46.426  56.002 0.0000000000
38851  8.689  -44.160  52.354 0.0000000000
41170  16.433  -42.398  47.745 0.0000000000
43223  7.312  -39.539  55.966 0.0000000000
45530  10.631  -39.113  49.433 0.0000000000
46597  10.073  -38.180  50.373 0.0000000000
46767  20.784  -36.440  39.676 0.0000000000
47887  28.332  -36.410  41.470 0.0000000000
49069  25.706  -36.206  39.099 0.0000000000
50095  17.378  -34.727  43.445 0.0000000000
50096  17.297  -34.977  43.281 0.0000000000
50108  17.422  -35.019  43.012 0.0000000000
50194  24.821  -34.931  37.942 0.0000000000
50196  23.533  -34.539  38.216 0.0000000000
52343  22.668  -31.876  41.726 0.0000000000
53419  22.738  -30.969  42.159 0.0000000000
53429  27.947  -32.527  40.158 0.0000000000
54600  31.895  -31.277  42.066 0.0000000000
54634  30.363  -30.757  40.029 0.0000000000
54651  29.801  -30.753  39.214 0.0000000000
54668  29.683  -30.603  38.733 0.0000000000
55793  22.786  -28.766  42.837 0.0000000000
55804  22.559  -29.584  41.985 0.0000000000
55860  26.313  -29.372  36.802 0.0000000000
57014  27.836  -27.180  39.742 0.0000000000
57018  23.989  -27.694  38.555 0.0000000000
57028  32.628  -28.994  37.843 0.0000000000
58213  33.500  -27.862  37.469 0.0000000000
58237  25.806  -28.202  37.561 0.0000000000
59375  33.510  -26.559  37.036 0.0000000000
60496  28.789  -25.335  40.751 0.0000000000
60507  33.333  -25.124  37.102 0.0000000000
60510  27.606  -24.915  37.207 0.0000000000
60544  29.387  -25.163  35.606 0.0000000000
60564  30.724  -25.026  35.357 0.0000000000
60566  29.765  -24.781  35.529 0.0000000000
61648  28.902  -25.142  41.071 0.0000000000
61657  33.453  -24.940  37.380 0.0000000000
61675  27.728  -24.524  36.749 0.0000000000
61676  27.413  -24.244  37.239 0.0000000000
61689  31.732  -25.021  35.738 0.0000000000
61692  29.230  -24.543  35.683 0.0000000000
61710  30.655  -24.604  35.450 0.0000000000
61711  30.188  -24.550  35.487 0.0000000000
61712  29.812  -24.539  35.540 0.0000000000
62840  33.663  -23.431  38.472 0.0000000000
62872  31.930  -24.028  36.401 0.0000000000
62877  27.321  -23.794  37.213 0.0000000000
62892  29.093  -23.683  35.754 0.0000000000
62894  27.654  -23.741  36.664 0.0000000000
62910  30.520  -24.397  35.491 0.0000000000
62911  30.307  -24.216  35.543 0.0000000000
64107  27.426  -23.413  36.785 0.0000000000
64125  32.267  -22.755  35.210 0.0000000000
65352  31.396  -20.974  35.976 0.0000000000
65356  26.611  -21.266  36.739 0.0000000000
65433  28.058  -21.289  33.916 0.0000000000
65445  29.052  -21.344  33.147 0.0000000000
66484  26.928  -20.389  39.901 0.0000000000
66567  30.537  -20.957  35.754 0.0000000000
66644  39.115  -20.896  29.502 0.0000000000
66665  35.664  -20.602  28.742 0.0000000000
67725  26.496  -19.963  37.063 0.0000000000
67745  26.890  -19.451  36.543 0.0000000000
67769  27.923  -18.971  35.030 0.0000000000
67876  34.756  -19.647  28.506 0.0000000000
67890  35.322  -19.093  28.037 0.0000000000
69052  34.343  -18.279  28.500 0.0000000000
70147  29.871  -16.504  35.074 0.0000000000
71234  29.625  -16.516  35.891 0.0000000000
71334  32.914  -16.819  29.720 0.0000000000
71372  41.524  -15.614  26.481 0.0000000000
72417  33.318  -14.516  31.552 0.0000000000
72418  33.302  -14.551  31.272 0.0000000000
72511  42.869  -15.237  25.712 0.0000000000
73438  33.499  -14.261  31.691 0.0000000000
73446  33.486  -14.401  31.040 0.0000000000
74506  38.851  -14.073  27.075 0.0000000000
75535  35.183  -12.880  30.342 0.0000000000
75556  38.516  -13.142  26.943 0.0000000000
76627  35.935  -11.435  31.271 0.0000000000
76634  35.692  -11.852  30.612 0.0000000000
76719  42.836  -11.726  23.580 0.0000000000
77733  37.308  -10.548  29.328 0.0000000000
79958  40.141  -8.320  27.481 0.0000000000
79965  41.819  -8.444  25.845 0.0000000000
79969  43.943  -8.190  23.669 0.0000000000
80001  47.805  -8.764  18.705 0.0000000000
82092  48.417  -6.863  20.888 0.0000000000
