#!ascii label  , from subject 4012 vox2ras=TkReg
779
78345  17.224  -10.736  -17.839 0.0000000000
82691  26.707  -6.218  -23.656 0.0000000000
95279  24.254  5.738  -20.792 0.0000000000
92170  16.756  2.750  -19.238 0.0000000000
72024  18.438  -16.665  -16.905 0.0000000000
74068  22.633  -15.279  -20.340 0.0000000000
80557  22.563  -8.837  -20.032 0.0000000000
87111  18.621  -2.520  -21.475 0.0000000000
90232  26.549  0.212  -21.176 0.0000000000
92254  24.684  2.786  -28.551 0.0000000000
100974  25.239  11.539  -23.514 0.0000000000
75097  18.343  -13.826  -16.963 0.0000000000
72037  20.206  -16.537  -18.662 0.0000000000
76172  20.141  -13.209  -18.871 0.0000000000
85976  17.412  -3.929  -19.671 0.0000000000
88109  15.899  -1.399  -18.158 0.0000000000
94312  20.141  3.961  -23.626 0.0000000000
91230  21.235  1.708  -22.677 0.0000000000
92178  25.756  2.675  -20.489 0.0000000000
91257  26.802  1.396  -25.874 0.0000000000
94319  27.158  4.437  -24.296 0.0000000000
101928  22.648  12.010  -22.897 0.0000000000
135224  21.951  10.066  -23.198 0.0000000000
101963  23.442  12.887  -24.179 0.0000000000
82649  25.149  -7.222  -20.863 0.0000000000
78411  24.540  -11.193  -22.417 0.0000000000
78433  27.743  -10.076  -24.721 0.0000000000
96226  20.485  6.382  -22.126 0.0000000000
135008  27.994  -4.193  -26.327 0.0000000000
81604  16.888  -7.908  -18.483 0.0000000000
79450  19.265  -9.390  -19.944 0.0000000000
82637  18.088  -6.605  -19.894 0.0000000000
83734  20.541  -5.594  -21.766 0.0000000000
84865  23.737  -4.230  -21.097 0.0000000000
89211  17.973  0.096  -21.106 0.0000000000
88143  22.857  -1.324  -22.098 0.0000000000
88138  27.435  -2.476  -21.712 0.0000000000
88186  27.825  -1.413  -25.449 0.0000000000
98097  21.202  8.281  -21.885 0.0000000000
99043  25.081  8.637  -21.687 0.0000000000
102952  25.652  14.403  -26.055 0.0000000000
100997  27.271  11.196  -25.280 0.0000000000
97185  27.355  7.382  -24.232 0.0000000000
97215  25.278  7.021  -28.511 0.0000000000
77301  22.761  -11.993  -20.082 0.0000000000
79410  16.191  -9.934  -16.810 0.0000000000
77279  16.728  -11.153  -17.027 0.0000000000
76175  17.746  -11.800  -17.924 0.0000000000
75109  19.320  -13.044  -18.169 0.0000000000
77293  18.186  -11.228  -18.360 0.0000000000
94289  22.311  4.620  -22.603 0.0000000000
92181  23.077  3.398  -21.557 0.0000000000
94276  25.565  4.408  -20.615 0.0000000000
94286  27.138  4.086  -21.885 0.0000000000
95308  26.843  5.349  -22.152 0.0000000000
103793  23.394  14.443  -24.017 0.0000000000
101944  23.283  12.394  -23.589 0.0000000000
103805  23.692  14.877  -24.955 0.0000000000
82664  26.120  -6.592  -21.761 0.0000000000
80596  25.943  -8.495  -23.261 0.0000000000
80605  26.828  -8.187  -24.310 0.0000000000
96194  18.310  6.001  -20.172 0.0000000000
96211  18.378  6.877  -19.858 0.0000000000
73065  17.649  -15.627  -16.843 0.0000000000
72008  17.861  -16.733  -16.634 0.0000000000
70830  19.091  -17.977  -16.727 0.0000000000
72006  19.412  -17.053  -16.740 0.0000000000
72042  21.547  -16.274  -19.932 0.0000000000
73076  20.911  -16.481  -17.804 0.0000000000
81621  17.253  -7.258  -18.977 0.0000000000
83702  16.896  -5.634  -19.093 0.0000000000
87095  18.349  -3.310  -20.930 0.0000000000
84870  19.128  -4.941  -21.359 0.0000000000
84880  20.381  -4.145  -22.225 0.0000000000
84866  22.761  -4.480  -21.276 0.0000000000
84878  21.355  -3.572  -22.383 0.0000000000
90215  16.128  1.108  -18.885 0.0000000000
91207  17.268  1.650  -19.857 0.0000000000
90235  23.367  0.655  -22.043 0.0000000000
89219  22.216  -0.234  -22.640 0.0000000000
90223  24.609  -0.351  -20.888 0.0000000000
88130  25.013  -1.843  -20.704 0.0000000000
89204  27.566  -1.346  -21.717 0.0000000000
88165  28.103  -1.804  -23.645 0.0000000000
89230  27.828  -0.665  -23.811 0.0000000000
91258  26.095  1.947  -26.519 0.0000000000
90283  26.518  1.103  -27.448 0.0000000000
135209  23.204  10.563  -23.686 0.0000000000
98107  21.150  8.978  -23.253 0.0000000000
97175  22.170  8.960  -23.516 0.0000000000
96235  22.950  8.209  -23.181 0.0000000000
99056  24.999  10.089  -22.905 0.0000000000
99089  27.310  9.377  -25.150 0.0000000000
98141  26.982  8.685  -26.636 0.0000000000
97195  26.806  7.306  -26.161 0.0000000000
80537  20.899  -9.087  -19.910 0.0000000000
77291  20.860  -10.260  -18.869 0.0000000000
79447  22.904  -9.938  -20.103 0.0000000000
77324  26.074  -12.534  -22.801 0.0000000000
76199  24.633  -13.071  -21.996 0.0000000000
75084  16.912  -13.870  -16.385 0.0000000000
74051  18.247  -15.169  -17.215 0.0000000000
72022  19.635  -16.625  -18.016 0.0000000000
74049  19.628  -14.551  -18.017 0.0000000000
74061  20.547  -14.651  -19.289 0.0000000000
75116  21.430  -14.189  -19.545 0.0000000000
87062  16.106  -3.497  -17.650 0.0000000000
88107  17.076  -2.631  -18.904 0.0000000000
88131  17.569  -1.453  -20.436 0.0000000000
93176  18.694  3.414  -21.493 0.0000000000
92207  18.850  2.445  -21.806 0.0000000000
92204  20.720  2.690  -23.062 0.0000000000
92192  23.653  2.171  -21.299 0.0000000000
91215  26.329  1.503  -21.216 0.0000000000
91241  28.054  1.029  -22.776 0.0000000000
92215  27.676  2.499  -22.753 0.0000000000
93205  27.029  3.454  -24.050 0.0000000000
93222  26.215  3.690  -26.427 0.0000000000
135218  21.991  10.592  -21.660 0.0000000000
135219  22.252  11.021  -22.929 0.0000000000
135222  23.056  11.509  -23.591 0.0000000000
100986  24.483  11.989  -23.846 0.0000000000
81632  24.111  -7.894  -20.269 0.0000000000
79465  23.736  -9.891  -20.743 0.0000000000
80574  24.842  -8.991  -21.555 0.0000000000
78423  26.103  -10.157  -23.323 0.0000000000
94266  16.872  4.217  -19.203 0.0000000000
95284  18.318  4.852  -20.682 0.0000000000
95299  20.036  5.264  -22.594 0.0000000000
95296  22.565  5.716  -22.605 0.0000000000
72005  20.150  -16.687  -17.364 0.0000000000
135015  26.763  -5.188  -25.580 0.0000000000
81681  27.929  -7.382  -24.501 0.0000000000
79431  16.974  -9.643  -18.078 0.0000000000
78366  18.563  -10.271  -18.832 0.0000000000
79452  18.176  -8.989  -19.322 0.0000000000
80560  19.377  -8.455  -20.292 0.0000000000
81636  20.194  -7.990  -21.086 0.0000000000
83717  17.796  -5.473  -20.379 0.0000000000
82669  19.535  -6.431  -21.294 0.0000000000
82653  21.654  -6.527  -20.740 0.0000000000
83713  23.495  -5.739  -20.550 0.0000000000
83731  24.866  -5.659  -21.163 0.0000000000
83729  26.611  -5.524  -21.688 0.0000000000
89190  16.711  -0.399  -19.568 0.0000000000
88144  18.485  -1.427  -21.575 0.0000000000
90253  19.522  0.709  -21.912 0.0000000000
89222  19.792  -0.214  -22.176 0.0000000000
87123  21.436  -2.174  -22.714 0.0000000000
87108  23.793  -2.421  -21.466 0.0000000000
85999  26.143  -3.370  -21.256 0.0000000000
135025  27.440  -4.723  -23.422 0.0000000000
135029  28.000  -3.728  -24.579 0.0000000000
87161  28.217  -2.366  -26.081 0.0000000000
90269  27.594  0.344  -25.125 0.0000000000
97156  21.111  7.323  -21.903 0.0000000000
96224  21.702  6.971  -22.879 0.0000000000
96222  23.974  6.872  -21.532 0.0000000000
102931  24.768  13.657  -24.841 0.0000000000
102930  26.082  13.619  -24.827 0.0000000000
101980  26.789  12.416  -25.743 0.0000000000
100973  26.297  11.528  -23.500 0.0000000000
100038  26.918  10.141  -22.632 0.0000000000
98105  27.260  8.352  -22.519 0.0000000000
97165  26.841  6.851  -22.043 0.0000000000
96248  27.165  6.416  -24.837 0.0000000000
95334  26.434  5.461  -26.326 0.0000000000
97222  24.491  4.516  -29.188 0.0000000000
77304  19.784  -11.082  -19.136 0.0000000000
77302  21.518  -11.758  -19.558 0.0000000000
76182  22.955  -13.269  -20.435 0.0000000000
78391  23.623  -10.884  -21.180 0.0000000000
77300  23.590  -12.565  -20.699 0.0000000000
78346  16.701  -10.422  -17.384 0.0000000000
78347  16.408  -10.378  -16.833 0.0000000000
77278  17.187  -11.390  -17.492 0.0000000000
76174  18.566  -12.437  -18.117 0.0000000000
94288  23.005  4.770  -21.917 0.0000000000
94278  23.682  4.756  -21.063 0.0000000000
95278  25.202  5.323  -20.510 0.0000000000
95277  25.999  5.219  -20.864 0.0000000000
96204  25.538  5.712  -20.768 0.0000000000
82680  26.584  -6.476  -22.588 0.0000000000
81674  26.279  -7.312  -23.372 0.0000000000
81683  26.602  -7.118  -24.132 0.0000000000
73066  17.156  -15.969  -16.456 0.0000000000
70831  18.282  -17.840  -16.577 0.0000000000
72007  18.697  -17.158  -16.732 0.0000000000
72023  18.851  -16.662  -17.262 0.0000000000
73104  22.570  -16.140  -20.833 0.0000000000
73089  21.673  -15.972  -19.285 0.0000000000
73088  22.382  -15.810  -19.766 0.0000000000
74059  22.944  -14.414  -19.641 0.0000000000
82639  16.769  -6.436  -18.770 0.0000000000
83693  16.493  -5.654  -18.290 0.0000000000
87110  19.328  -3.159  -21.926 0.0000000000
86005  18.981  -3.818  -21.452 0.0000000000
86016  20.092  -3.413  -22.347 0.0000000000
84879  20.887  -3.854  -22.252 0.0000000000
86015  21.013  -3.176  -22.858 0.0000000000
91195  16.365  1.794  -19.200 0.0000000000
91194  16.936  2.187  -19.489 0.0000000000
90233  25.364  0.305  -20.919 0.0000000000
90234  24.165  0.272  -21.296 0.0000000000
89206  25.922  -0.536  -21.002 0.0000000000
90231  27.367  -0.044  -21.843 0.0000000000
89217  27.782  -0.922  -22.731 0.0000000000
92242  25.069  2.874  -27.647 0.0000000000
91265  25.827  1.867  -27.429 0.0000000000
97174  22.648  9.436  -23.676 0.0000000000
135208  23.299  9.962  -23.101 0.0000000000
99097  27.222  9.411  -26.178 0.0000000000
99098  26.817  9.393  -27.131 0.0000000000
98142  26.501  8.287  -27.448 0.0000000000
80558  21.370  -8.403  -20.036 0.0000000000
80536  21.620  -9.305  -19.941 0.0000000000
80535  22.182  -9.582  -20.163 0.0000000000
78399  26.709  -11.477  -22.144 0.0000000000
77317  26.070  -12.649  -21.682 0.0000000000
76159  17.578  -12.632  -17.190 0.0000000000
76144  17.136  -13.170  -16.679 0.0000000000
75083  17.510  -13.608  -16.822 0.0000000000
74039  17.658  -14.530  -16.744 0.0000000000
74050  19.202  -14.613  -17.354 0.0000000000
74038  19.485  -13.902  -17.208 0.0000000000
75108  19.866  -13.804  -18.442 0.0000000000
75107  20.485  -13.726  -19.103 0.0000000000
87078  16.070  -2.287  -17.949 0.0000000000
88108  16.673  -1.919  -18.671 0.0000000000
88120  17.336  -1.978  -19.495 0.0000000000
88121  16.783  -1.269  -19.340 0.0000000000
93175  19.481  3.750  -22.051 0.0000000000
93188  19.225  3.115  -22.165 0.0000000000
93198  20.223  3.528  -23.352 0.0000000000
92180  23.474  3.054  -21.093 0.0000000000
92193  22.737  2.785  -21.771 0.0000000000
92179  24.574  2.519  -20.781 0.0000000000
92191  24.250  1.836  -21.143 0.0000000000
91203  26.103  2.187  -20.780 0.0000000000
91229  26.736  1.946  -21.870 0.0000000000
92189  26.900  2.873  -21.284 0.0000000000
94309  27.231  4.403  -23.373 0.0000000000
93214  26.842  3.827  -25.816 0.0000000000
94325  27.115  4.547  -25.237 0.0000000000
135216  22.786  11.726  -22.226 0.0000000000
135221  22.393  11.423  -22.671 0.0000000000
101943  23.446  11.935  -23.644 0.0000000000
101962  23.889  12.549  -24.107 0.0000000000
81631  24.881  -8.161  -20.829 0.0000000000
80554  24.786  -8.787  -21.083 0.0000000000
81650  25.559  -7.934  -21.402 0.0000000000
79506  26.318  -9.591  -23.780 0.0000000000
79507  25.631  -9.477  -23.075 0.0000000000
79505  26.984  -10.001  -23.905 0.0000000000
78422  26.659  -10.596  -23.565 0.0000000000
94224  16.445  4.357  -17.439 0.0000000000
94244  16.685  4.486  -18.482 0.0000000000
94265  17.562  4.431  -19.638 0.0000000000
94243  17.179  4.779  -19.027 0.0000000000
95282  19.372  5.912  -21.684 0.0000000000
95283  18.620  5.304  -21.117 0.0000000000
95297  21.596  5.467  -23.271 0.0000000000
95298  20.821  5.963  -23.369 0.0000000000
72021  20.447  -16.613  -18.369 0.0000000000
73064  20.583  -16.054  -16.749 0.0000000000
135004  27.252  -5.339  -26.359 0.0000000000
80518  16.580  -8.479  -17.690 0.0000000000
80517  17.128  -8.798  -18.536 0.0000000000
79430  17.949  -9.453  -18.787 0.0000000000
81620  18.174  -7.366  -19.483 0.0000000000
80561  18.840  -7.738  -19.955 0.0000000000
80576  19.802  -8.137  -21.035 0.0000000000
81637  19.131  -7.464  -20.496 0.0000000000
85977  16.879  -4.030  -19.166 0.0000000000
84842  17.012  -4.934  -19.348 0.0000000000
84841  17.429  -4.646  -19.934 0.0000000000
83736  19.177  -5.746  -21.218 0.0000000000
83735  19.742  -5.617  -21.528 0.0000000000
81651  20.517  -6.999  -21.406 0.0000000000
82667  20.988  -6.540  -21.554 0.0000000000
82652  22.496  -6.502  -19.919 0.0000000000
83714  22.532  -5.528  -20.682 0.0000000000
84850  23.559  -4.974  -20.780 0.0000000000
84849  24.245  -4.983  -20.950 0.0000000000
83730  25.647  -5.595  -21.412 0.0000000000
84864  24.799  -4.539  -21.215 0.0000000000
89198  16.861  0.335  -20.036 0.0000000000
89197  17.387  -0.375  -20.373 0.0000000000
88145  17.981  -0.906  -21.056 0.0000000000
89210  18.495  -0.461  -21.660 0.0000000000
91232  19.835  1.642  -22.364 0.0000000000
91233  19.184  1.599  -21.843 0.0000000000
90251  20.933  0.722  -22.520 0.0000000000
89209  22.747  -0.620  -22.335 0.0000000000
89220  21.358  -0.202  -22.929 0.0000000000
88153  21.783  -1.174  -22.815 0.0000000000
88155  19.918  -1.214  -22.748 0.0000000000
87122  22.349  -2.044  -22.620 0.0000000000
87109  23.011  -2.223  -21.925 0.0000000000
88128  26.307  -2.402  -21.114 0.0000000000
87094  25.387  -2.605  -20.807 0.0000000000
87104  27.341  -3.177  -21.627 0.0000000000
84861  27.473  -4.119  -21.766 0.0000000000
87121  27.819  -3.585  -22.393 0.0000000000
135026  27.883  -4.252  -23.677 0.0000000000
87135  28.157  -3.043  -23.563 0.0000000000
88176  27.935  -1.544  -24.653 0.0000000000
87153  27.960  -2.347  -25.320 0.0000000000
87162  28.068  -2.267  -25.742 0.0000000000
88193  27.890  -1.348  -26.230 0.0000000000
91249  27.594  1.324  -24.756 0.0000000000
90262  27.808  0.426  -24.019 0.0000000000
91256  27.457  0.939  -25.452 0.0000000000
100028  20.898  9.934  -21.334 0.0000000000
99058  21.110  9.573  -21.878 0.0000000000
98096  21.119  8.570  -22.704 0.0000000000
99046  20.210  8.869  -20.742 0.0000000000
98098  20.677  8.171  -21.177 0.0000000000
98085  19.776  8.339  -20.686 0.0000000000
97157  20.135  7.414  -21.282 0.0000000000
135210  24.340  8.648  -21.934 0.0000000000
96234  23.483  7.485  -22.342 0.0000000000
96223  23.010  6.818  -22.426 0.0000000000
97154  24.671  7.582  -21.511 0.0000000000
103812  25.160  15.601  -26.444 0.0000000000
101979  27.156  11.822  -26.006 0.0000000000
101959  27.077  11.919  -25.156 0.0000000000
100985  26.690  11.702  -24.012 0.0000000000
100984  27.170  11.406  -24.319 0.0000000000
100051  26.636  10.773  -23.125 0.0000000000
100050  27.305  10.392  -23.446 0.0000000000
98126  27.440  8.375  -24.686 0.0000000000
99068  27.334  9.315  -23.124 0.0000000000
98116  27.478  8.372  -23.624 0.0000000000
98093  27.122  7.842  -22.025 0.0000000000
97173  27.556  7.339  -23.226 0.0000000000
96232  27.631  6.283  -22.952 0.0000000000
97214  25.742  7.383  -27.743 0.0000000000
96257  26.437  6.385  -26.707 0.0000000000
95344  25.667  5.971  -27.716 0.0000000000
135115  25.803  5.385  -27.384 0.0000000000
135116  25.356  5.702  -28.187 0.0000000000
78382  18.960  -10.188  -19.283 0.0000000000
78365  19.078  -10.510  -19.140 0.0000000000
78381  19.580  -10.278  -19.517 0.0000000000
78379  22.053  -10.958  -19.534 0.0000000000
76183  22.082  -13.073  -19.645 0.0000000000
79493  24.249  -10.448  -22.120 0.0000000000
78401  24.065  -11.245  -21.943 0.0000000000
76190  24.528  -12.732  -21.236 0.0000000000
76191  24.100  -12.760  -21.314 0.0000000000
76181  23.673  -13.036  -20.489 0.0000000000
76158  18.436  -13.043  -17.380 0.0000000000
75096  19.186  -13.501  -17.535 0.0000000000
76173  19.673  -12.586  -18.654 0.0000000000
94301  20.484  4.385  -23.452 0.0000000000
94310  20.993  3.736  -23.355 0.0000000000
93172  22.729  3.853  -21.920 0.0000000000
93161  23.973  3.700  -20.551 0.0000000000
93160  25.108  3.550  -20.502 0.0000000000
93171  26.636  3.500  -21.046 0.0000000000
94275  26.245  4.284  -20.938 0.0000000000
94299  26.827  4.689  -21.884 0.0000000000
95307  27.289  5.329  -22.783 0.0000000000
102899  23.191  13.224  -22.611 0.0000000000
102912  23.144  13.353  -23.536 0.0000000000
102932  23.511  13.677  -24.651 0.0000000000
81649  25.873  -7.379  -21.736 0.0000000000
81665  25.814  -7.925  -22.003 0.0000000000
81664  25.976  -7.631  -22.515 0.0000000000
79517  26.337  -8.759  -24.134 0.0000000000
79516  27.123  -9.455  -24.468 0.0000000000
96195  17.988  6.495  -19.574 0.0000000000
96210  18.679  6.463  -20.528 0.0000000000
74040  17.343  -15.026  -16.099 0.0000000000
74025  16.633  -14.515  -15.676 0.0000000000
72009  16.871  -16.806  -16.219 0.0000000000
69677  19.101  -18.444  -16.248 0.0000000000
70813  19.464  -17.711  -15.964 0.0000000000
72036  20.844  -16.192  -19.148 0.0000000000
72020  21.110  -16.305  -18.762 0.0000000000
81605  16.253  -7.416  -17.866 0.0000000000
81622  16.522  -7.134  -18.565 0.0000000000
82638  17.464  -6.410  -19.440 0.0000000000
85988  17.811  -3.837  -20.414 0.0000000000
84852  18.537  -4.427  -20.859 0.0000000000
85987  18.456  -3.840  -20.884 0.0000000000
84869  19.836  -4.543  -21.998 0.0000000000
84868  20.814  -4.656  -21.954 0.0000000000
83732  22.142  -4.964  -21.410 0.0000000000
84867  21.716  -4.234  -21.935 0.0000000000
86003  22.374  -3.593  -21.905 0.0000000000
91208  16.681  1.268  -19.629 0.0000000000
90224  17.373  0.746  -20.551 0.0000000000
90236  22.807  1.126  -22.267 0.0000000000
90250  21.731  0.781  -22.311 0.0000000000
90248  22.973  0.633  -22.439 0.0000000000
89208  23.448  -0.470  -22.000 0.0000000000
89207  24.199  -0.820  -21.476 0.0000000000
88142  23.658  -1.504  -21.826 0.0000000000
89196  24.721  -1.069  -20.846 0.0000000000
88140  26.155  -1.255  -21.015 0.0000000000
88151  28.010  -2.172  -22.519 0.0000000000
89238  27.683  -0.554  -24.812 0.0000000000
91264  26.439  1.363  -26.885 0.0000000000
90295  26.368  1.290  -27.869 0.0000000000
135215  22.703  10.604  -23.606 0.0000000000
99069  21.480  9.587  -22.955 0.0000000000
135211  22.191  9.675  -23.618 0.0000000000
97166  22.060  8.370  -23.340 0.0000000000
96236  22.064  7.896  -23.180 0.0000000000
135212  24.084  8.973  -22.483 0.0000000000
101003  27.179  11.093  -26.198 0.0000000000
100062  27.253  10.366  -24.610 0.0000000000
100073  27.150  10.302  -25.642 0.0000000000
98134  27.231  8.350  -25.812 0.0000000000
97194  27.131  7.374  -25.224 0.0000000000
98135  26.776  7.998  -26.587 0.0000000000
79468  19.826  -9.534  -20.250 0.0000000000
78380  20.399  -10.151  -19.721 0.0000000000
79449  21.063  -9.729  -19.691 0.0000000000
79427  21.501  -10.328  -19.977 0.0000000000
78378  22.722  -10.817  -20.043 0.0000000000
77325  25.271  -12.147  -22.472 0.0000000000
77326  24.818  -12.005  -22.257 0.0000000000
76206  25.419  -13.080  -22.477 0.0000000000
76198  25.604  -13.100  -21.837 0.0000000000
73079  18.209  -16.206  -17.225 0.0000000000
73078  18.840  -15.944  -17.675 0.0000000000
73077  19.536  -15.611  -18.154 0.0000000000
73091  20.105  -16.108  -18.769 0.0000000000
75095  19.583  -13.893  -17.841 0.0000000000
74062  20.022  -15.120  -18.730 0.0000000000
73090  20.682  -15.617  -19.404 0.0000000000
74079  21.811  -15.763  -20.518 0.0000000000
74069  21.978  -15.169  -20.366 0.0000000000
87085  16.920  -3.467  -18.989 0.0000000000
87077  16.567  -3.179  -18.471 0.0000000000
87084  17.218  -3.177  -19.388 0.0000000000
87096  17.735  -2.590  -20.547 0.0000000000
93177  18.145  3.091  -20.827 0.0000000000
92197  17.761  2.471  -20.441 0.0000000000
92206  19.493  2.505  -22.332 0.0000000000
93185  21.174  3.310  -23.258 0.0000000000
92182  22.081  2.418  -22.814 0.0000000000
91220  21.909  1.788  -22.552 0.0000000000
91217  23.839  1.292  -21.334 0.0000000000
91216  24.852  1.376  -20.993 0.0000000000
91214  27.134  0.797  -21.415 0.0000000000
91227  27.830  0.833  -22.661 0.0000000000
91228  27.440  1.331  -22.243 0.0000000000
91242  28.033  1.463  -23.350 0.0000000000
92224  27.609  2.497  -23.847 0.0000000000
93184  27.441  3.446  -22.237 0.0000000000
92233  27.040  2.480  -24.920 0.0000000000
92234  26.678  2.794  -26.034 0.0000000000
92241  25.621  2.743  -26.707 0.0000000000
93223  25.257  3.731  -27.045 0.0000000000
100040  21.579  10.228  -22.089 0.0000000000
135225  22.801  11.844  -23.390 0.0000000000
135220  22.638  11.411  -23.385 0.0000000000
100987  23.761  11.210  -23.586 0.0000000000
81633  23.228  -7.716  -19.723 0.0000000000
79466  23.258  -9.418  -20.188 0.0000000000
80556  23.644  -8.868  -20.194 0.0000000000
80575  24.689  -9.340  -21.290 0.0000000000
79492  24.942  -9.851  -22.233 0.0000000000
80597  25.552  -8.831  -23.048 0.0000000000
78410  25.799  -10.915  -22.753 0.0000000000
93150  16.587  3.591  -18.897 0.0000000000
93164  17.772  3.452  -20.164 0.0000000000
94280  18.050  4.368  -20.429 0.0000000000
94292  19.155  4.387  -21.641 0.0000000000
95264  18.009  5.355  -20.232 0.0000000000
95300  19.360  5.063  -21.931 0.0000000000
94291  19.492  4.430  -22.548 0.0000000000
95310  20.956  4.957  -23.271 0.0000000000
95295  23.403  5.775  -21.751 0.0000000000
82699  27.007  -5.841  -24.704 0.0000000000
81682  27.191  -7.193  -24.503 0.0000000000
82698  27.597  -6.183  -24.984 0.0000000000
79409  16.422  -9.382  -17.228 0.0000000000
78368  17.102  -10.313  -17.929 0.0000000000
78367  17.624  -10.410  -18.301 0.0000000000
79429  18.465  -9.731  -18.951 0.0000000000
79451  18.722  -9.542  -19.375 0.0000000000
80540  17.676  -8.349  -19.125 0.0000000000
80539  18.585  -8.490  -19.618 0.0000000000
80538  18.951  -9.000  -19.883 0.0000000000
80559  20.318  -8.584  -20.442 0.0000000000
83701  17.333  -5.541  -19.766 0.0000000000
82655  17.696  -6.102  -20.102 0.0000000000
84853  17.962  -4.765  -20.553 0.0000000000
83716  18.572  -5.414  -20.813 0.0000000000
82670  18.948  -6.296  -20.951 0.0000000000
81652  19.935  -7.379  -21.349 0.0000000000
81635  20.860  -7.456  -20.787 0.0000000000
81634  22.258  -7.420  -20.096 0.0000000000
82622  23.042  -6.704  -18.811 0.0000000000
82651  23.488  -6.537  -19.937 0.0000000000
82650  24.324  -6.818  -20.601 0.0000000000
84851  23.037  -5.097  -20.702 0.0000000000
83712  24.243  -5.730  -20.743 0.0000000000
82665  25.506  -6.701  -21.265 0.0000000000
82679  27.064  -5.957  -22.979 0.0000000000
89182  15.980  -0.535  -18.341 0.0000000000
89181  16.337  -0.945  -18.875 0.0000000000
89189  17.175  -1.081  -19.837 0.0000000000
87112  17.991  -1.789  -21.097 0.0000000000
87126  18.935  -1.804  -21.807 0.0000000000
91222  17.758  1.641  -20.877 0.0000000000
90239  17.898  0.945  -21.286 0.0000000000
90238  18.625  0.627  -21.648 0.0000000000
90252  20.276  0.712  -22.196 0.0000000000
89223  19.062  -0.082  -21.987 0.0000000000
88156  19.170  -1.060  -22.016 0.0000000000
87125  19.534  -2.197  -22.068 0.0000000000
86014  21.860  -3.145  -22.552 0.0000000000
86013  22.515  -2.851  -22.141 0.0000000000
86001  24.146  -3.392  -21.134 0.0000000000
87107  24.571  -2.563  -20.876 0.0000000000
86000  25.214  -3.443  -20.994 0.0000000000
84862  26.763  -4.351  -21.541 0.0000000000
83728  27.286  -4.947  -22.004 0.0000000000
83762  26.943  -5.584  -23.667 0.0000000000
135030  27.123  -5.067  -24.092 0.0000000000
135023  26.692  -4.784  -25.883 0.0000000000
135013  26.901  -4.546  -26.268 0.0000000000
87143  27.979  -2.676  -24.688 0.0000000000
86053  27.395  -3.901  -25.865 0.0000000000
86052  28.276  -3.231  -26.107 0.0000000000
90247  27.683  0.303  -22.927 0.0000000000
90276  27.537  0.485  -25.941 0.0000000000
88205  28.025  -0.917  -26.902 0.0000000000
99045  20.738  9.165  -21.255 0.0000000000
96209  19.542  6.764  -21.261 0.0000000000
97155  21.371  7.669  -22.611 0.0000000000
95281  20.987  6.737  -23.914 0.0000000000
95280  21.144  6.512  -23.662 0.0000000000
96206  24.540  6.394  -20.959 0.0000000000
102954  23.833  14.806  -25.400 0.0000000000
102953  24.454  14.631  -25.545 0.0000000000
101961  25.243  12.545  -24.277 0.0000000000
102951  26.349  13.257  -25.866 0.0000000000
102929  26.327  13.180  -25.051 0.0000000000
101941  26.357  11.951  -23.992 0.0000000000
100052  25.885  10.883  -23.102 0.0000000000
100039  26.164  10.338  -22.682 0.0000000000
99055  26.246  9.446  -22.241 0.0000000000
99078  27.357  9.384  -24.080 0.0000000000
99054  27.042  9.377  -22.504 0.0000000000
98094  26.525  8.269  -21.786 0.0000000000
98095  25.851  7.875  -21.597 0.0000000000
97152  26.299  7.180  -21.649 0.0000000000
96220  25.843  6.177  -21.152 0.0000000000
96233  27.197  6.196  -22.299 0.0000000000
95325  27.310  5.429  -24.567 0.0000000000
96256  26.769  6.414  -25.744 0.0000000000
95333  26.935  5.481  -25.453 0.0000000000
135114  25.911  4.544  -26.711 0.0000000000
94335  25.407  4.446  -27.365 0.0000000000
93230  24.766  4.190  -28.411 0.0000000000
98156  24.806  7.037  -29.621 0.0000000000
97221  24.830  5.996  -29.167 0.0000000000
97226  24.608  4.996  -29.648 0.0000000000
135119  24.172  3.659  -30.058 0.0000000000
77292  19.204  -11.242  -18.798 0.0000000000
76185  19.930  -11.752  -19.120 0.0000000000
77303  20.549  -11.000  -18.895 0.0000000000
76184  20.714  -12.682  -19.189 0.0000000000
75115  22.478  -14.262  -20.115 0.0000000000
79446  23.331  -10.129  -20.394 0.0000000000
78377  23.259  -10.504  -20.505 0.0000000000
78392  23.314  -11.344  -20.601 0.0000000000
77319  24.212  -11.912  -21.735 0.0000000000
77311  23.484  -11.960  -20.615 0.0000000000
75114  23.104  -14.127  -20.361 0.0000000000
74067  23.094  -14.485  -20.170 0.0000000000
80604  27.556  -8.433  -24.634 0.0000000000
72035  21.402  -16.185  -19.552 0.0000000000
72043  21.289  -16.206  -19.779 0.0000000000
73095  22.671  -16.039  -20.469 0.0000000000
73096  22.024  -16.259  -20.166 0.0000000000
73097  21.400  -16.084  -20.094 0.0000000000
73103  22.878  -15.938  -20.782 0.0000000000
73105  22.045  -16.148  -20.669 0.0000000000
74037  19.555  -14.074  -17.495 0.0000000000
74060  22.458  -14.964  -19.343 0.0000000000
74070  21.146  -15.251  -20.170 0.0000000000
74077  22.683  -15.849  -20.970 0.0000000000
74078  22.344  -15.817  -20.818 0.0000000000
75081  19.565  -13.849  -17.596 0.0000000000
75082  19.424  -13.711  -17.445 0.0000000000
76197  26.018  -13.126  -22.207 0.0000000000
76200  24.252  -12.482  -21.709 0.0000000000
76205  25.997  -13.193  -22.459 0.0000000000
76207  24.872  -12.666  -22.354 0.0000000000
77290  21.436  -10.682  -18.960 0.0000000000
77294  17.569  -11.126  -18.016 0.0000000000
77310  23.930  -11.901  -21.205 0.0000000000
77316  26.286  -12.657  -22.273 0.0000000000
77318  24.478  -11.997  -22.068 0.0000000000
78328  16.505  -10.748  -16.805 0.0000000000
78363  21.559  -10.399  -19.564 0.0000000000
78364  21.181  -10.034  -19.259 0.0000000000
78393  20.122  -9.870  -20.160 0.0000000000
78394  19.956  -10.051  -20.085 0.0000000000
78400  24.316  -11.448  -22.190 0.0000000000
78412  24.166  -10.876  -22.215 0.0000000000
79428  21.370  -10.180  -19.818 0.0000000000
79448  21.789  -10.221  -20.109 0.0000000000
79464  24.348  -9.692  -20.962 0.0000000000
79467  20.401  -9.556  -20.125 0.0000000000
79479  24.731  -9.527  -21.804 0.0000000000
79480  24.483  -9.756  -21.484 0.0000000000
79481  23.975  -10.471  -21.663 0.0000000000
79494  24.064  -10.719  -22.044 0.0000000000
80555  24.495  -9.111  -20.853 0.0000000000
80577  19.503  -7.749  -20.939 0.0000000000
80585  25.867  -8.274  -22.744 0.0000000000
80586  25.578  -8.620  -22.446 0.0000000000
80606  26.442  -7.995  -23.810 0.0000000000
81602  22.799  -7.040  -18.692 0.0000000000
81603  22.830  -6.813  -18.768 0.0000000000
81618  22.794  -7.297  -19.004 0.0000000000
81619  22.478  -6.918  -19.037 0.0000000000
81638  18.634  -7.012  -20.112 0.0000000000
81653  19.276  -7.059  -21.039 0.0000000000
81654  18.878  -6.816  -20.631 0.0000000000
82621  23.047  -6.931  -18.710 0.0000000000
82635  23.215  -6.842  -19.143 0.0000000000
82636  22.753  -6.657  -19.003 0.0000000000
82654  18.328  -6.261  -20.475 0.0000000000
82666  24.840  -6.424  -20.915 0.0000000000
82668  20.215  -6.434  -21.494 0.0000000000
82690  26.997  -5.752  -23.351 0.0000000000
82706  26.733  -5.320  -26.040 0.0000000000
83715  21.893  -5.880  -20.546 0.0000000000
83733  21.552  -5.527  -21.431 0.0000000000
83748  27.324  -5.214  -23.006 0.0000000000
83749  27.169  -5.743  -22.322 0.0000000000
83763  26.825  -5.663  -24.058 0.0000000000
84863  25.872  -4.484  -21.337 0.0000000000
84877  27.617  -4.420  -22.403 0.0000000000
85985  25.939  -3.042  -21.205 0.0000000000
85986  25.726  -3.037  -21.084 0.0000000000
85997  27.486  -3.606  -21.731 0.0000000000
85998  27.004  -3.574  -21.466 0.0000000000
86002  23.119  -3.266  -21.484 0.0000000000
86004  19.512  -3.762  -22.036 0.0000000000
87076  17.031  -2.991  -18.870 0.0000000000
87092  26.309  -2.649  -21.182 0.0000000000
87093  26.044  -2.759  -21.118 0.0000000000
87105  26.608  -2.792  -21.310 0.0000000000
87106  26.248  -2.965  -21.260 0.0000000000
87124  20.542  -2.218  -22.448 0.0000000000
88129  25.902  -1.985  -20.766 0.0000000000
88139  26.682  -1.850  -21.281 0.0000000000
88141  24.301  -1.696  -21.221 0.0000000000
88152  22.329  -1.089  -22.433 0.0000000000
88154  20.909  -1.221  -22.887 0.0000000000
89195  25.475  -1.190  -20.768 0.0000000000
89205  26.775  -0.791  -21.278 0.0000000000
89218  22.924  0.093  -22.419 0.0000000000
89221  20.505  -0.249  -22.716 0.0000000000
90214  16.461  0.686  -19.329 0.0000000000
90222  25.196  -0.548  -20.743 0.0000000000
90225  16.753  0.968  -20.027 0.0000000000
90237  22.247  1.251  -22.210 0.0000000000
90246  27.931  0.730  -22.880 0.0000000000
90249  22.507  0.605  -22.406 0.0000000000
90261  28.040  0.776  -23.164 0.0000000000
90268  27.558  0.556  -25.182 0.0000000000
90275  27.534  0.648  -25.412 0.0000000000
90282  27.022  0.542  -26.910 0.0000000000
91204  25.544  2.026  -20.846 0.0000000000
91205  22.184  2.356  -22.573 0.0000000000
91206  22.116  2.139  -22.613 0.0000000000
91218  23.068  1.636  -21.753 0.0000000000
91219  22.395  1.975  -22.269 0.0000000000
91221  18.386  1.612  -21.497 0.0000000000
91231  20.500  1.686  -22.663 0.0000000000
91248  27.593  0.802  -25.197 0.0000000000
92183  21.957  2.218  -22.793 0.0000000000
92184  17.351  2.638  -19.699 0.0000000000
92190  26.512  2.604  -20.794 0.0000000000
92194  22.198  2.706  -22.691 0.0000000000
92195  21.687  2.485  -23.074 0.0000000000
92196  18.218  2.444  -21.218 0.0000000000
92202  27.088  2.566  -21.968 0.0000000000
92203  26.714  2.288  -21.441 0.0000000000
92205  20.088  2.682  -22.740 0.0000000000
92216  20.398  3.248  -23.094 0.0000000000
92217  20.264  3.171  -22.896 0.0000000000
92266  24.107  2.989  -29.834 0.0000000000
93149  17.148  3.511  -19.459 0.0000000000
93159  26.111  3.487  -20.520 0.0000000000
93162  23.302  3.920  -21.343 0.0000000000
93163  18.289  3.723  -20.754 0.0000000000
93170  27.074  3.471  -21.598 0.0000000000
93173  22.093  3.612  -22.405 0.0000000000
93174  21.764  3.414  -23.137 0.0000000000
93186  20.061  3.405  -22.966 0.0000000000
93187  19.690  3.515  -22.789 0.0000000000
93196  27.459  3.487  -23.116 0.0000000000
93197  20.653  3.409  -23.269 0.0000000000
93199  19.925  3.728  -23.405 0.0000000000
93213  27.065  3.564  -25.081 0.0000000000
93231  24.313  4.109  -28.974 0.0000000000
93238  24.277  3.183  -28.991 0.0000000000
93239  24.188  3.638  -29.529 0.0000000000
93244  24.546  3.470  -30.089 0.0000000000
93245  24.170  3.173  -30.091 0.0000000000
94277  24.584  4.582  -20.462 0.0000000000
94279  18.556  4.343  -20.999 0.0000000000
94287  26.670  4.301  -21.430 0.0000000000
94290  21.698  4.323  -23.020 0.0000000000
94298  27.168  4.406  -22.485 0.0000000000
94300  21.153  4.099  -23.357 0.0000000000
94302  19.855  4.376  -23.327 0.0000000000
94311  20.600  3.849  -23.490 0.0000000000
94326  26.602  4.588  -25.998 0.0000000000
94340  24.457  4.257  -28.849 0.0000000000
95263  18.398  5.773  -20.515 0.0000000000
95276  26.385  4.788  -21.120 0.0000000000
95293  26.448  5.296  -21.400 0.0000000000
95294  26.120  5.571  -21.122 0.0000000000
95309  21.360  4.720  -23.270 0.0000000000
95311  20.457  4.981  -23.133 0.0000000000
95317  27.407  5.364  -23.626 0.0000000000
96205  25.062  6.125  -20.584 0.0000000000
96207  21.240  6.828  -23.913 0.0000000000
96208  21.247  6.837  -23.713 0.0000000000
96219  26.593  6.177  -21.779 0.0000000000
96221  24.900  6.815  -21.066 0.0000000000
96225  21.148  6.748  -23.103 0.0000000000
96241  27.514  6.369  -23.901 0.0000000000
96267  25.900  6.501  -27.477 0.0000000000
96268  25.541  6.274  -27.916 0.0000000000
96279  25.504  6.746  -27.967 0.0000000000
97142  19.161  7.597  -20.535 0.0000000000
97144  18.197  7.240  -19.560 0.0000000000
97151  26.867  7.479  -21.932 0.0000000000
97153  25.442  7.403  -21.376 0.0000000000
97164  27.281  7.195  -22.383 0.0000000000
97167  21.442  8.087  -23.251 0.0000000000
97176  21.609  8.755  -23.423 0.0000000000
97204  26.497  7.290  -27.075 0.0000000000
98106  26.874  8.927  -22.098 0.0000000000
98117  21.690  9.344  -23.415 0.0000000000
99044  21.165  8.987  -22.040 0.0000000000
99057  21.155  9.344  -22.566 0.0000000000
100037  27.316  9.868  -22.825 0.0000000000
100972  26.966  11.239  -23.593 0.0000000000
101942  25.981  12.147  -23.824 0.0000000000
101960  26.497  12.490  -24.646 0.0000000000
101989  27.194  11.662  -26.627 0.0000000000
103827  23.896  15.646  -26.113 0.0000000000
135003  27.514  -4.865  -26.374 0.0000000000
135006  26.907  -4.874  -26.542 0.0000000000
135007  27.159  -4.525  -26.336 0.0000000000
135009  26.835  -4.739  -26.245 0.0000000000
135010  26.821  -4.963  -26.357 0.0000000000
135014  26.995  -4.711  -26.433 0.0000000000
135016  26.740  -4.623  -26.063 0.0000000000
135020  27.551  -4.468  -24.775 0.0000000000
135024  26.934  -4.888  -25.260 0.0000000000
135027  27.679  -4.406  -22.905 0.0000000000
135028  27.793  -4.151  -22.547 0.0000000000
135110  24.468  3.936  -29.975 0.0000000000
135117  25.305  6.379  -28.373 0.0000000000
135120  24.245  4.031  -29.919 0.0000000000
135121  24.548  4.518  -29.866 0.0000000000
135122  24.368  4.336  -29.735 0.0000000000
135207  24.067  8.055  -22.121 0.0000000000
135213  22.829  11.660  -21.996 0.0000000000
135217  22.434  11.191  -21.918 0.0000000000
135223  22.799  11.278  -23.528 0.0000000000
135226  22.878  11.658  -23.470 0.0000000000
