#!ascii label  , from subject 3803 vox2ras=TkReg
325
26721  44.320  -60.906  21.329 0.0000000000
20089  42.077  -66.364  14.500 0.0000000000
27966  50.642  -59.737  18.644 0.0000000000
28039  45.183  -60.615  15.646 0.0000000000
20068  48.584  -67.108  15.809 0.0000000000
23368  50.003  -63.721  17.721 0.0000000000
18907  49.915  -67.234  18.252 0.0000000000
23398  43.731  -63.559  15.790 0.0000000000
29301  40.953  -60.428  16.025 0.0000000000
26765  47.711  -60.136  19.880 0.0000000000
28010  47.759  -59.916  16.469 0.0000000000
23382  46.539  -63.417  16.507 0.0000000000
20072  44.639  -66.830  15.319 0.0000000000
16625  45.795  -69.750  14.975 0.0000000000
29121  43.094  -59.152  23.945 0.0000000000
29143  47.348  -58.843  22.857 0.0000000000
29174  50.145  -59.028  21.206 0.0000000000
27993  41.537  -60.234  17.423 0.0000000000
21111  51.515  -65.042  18.587 0.0000000000
21189  42.740  -65.591  15.571 0.0000000000
24459  41.421  -62.714  15.445 0.0000000000
27937  49.120  -59.809  19.653 0.0000000000
27986  49.044  -60.236  17.778 0.0000000000
21170  49.544  -65.618  16.669 0.0000000000
23380  48.346  -63.519  17.210 0.0000000000
21172  47.639  -65.498  16.459 0.0000000000
21174  45.506  -65.692  16.255 0.0000000000
20070  46.706  -67.083  15.427 0.0000000000
16627  44.032  -69.089  14.587 0.0000000000
29115  48.672  -58.261  23.960 0.0000000000
27853  48.458  -59.282  22.218 0.0000000000
29114  49.758  -58.656  23.582 0.0000000000
28013  44.695  -60.457  16.434 0.0000000000
28014  43.549  -60.618  16.606 0.0000000000
29302  38.935  -58.937  15.193 0.0000000000
28017  39.509  -59.157  16.160 0.0000000000
25571  52.121  -61.505  18.503 0.0000000000
25579  50.553  -61.346  18.015 0.0000000000
23366  51.467  -63.915  17.963 0.0000000000
21168  50.943  -65.091  17.087 0.0000000000
20052  49.601  -66.504  16.675 0.0000000000
25624  44.594  -61.996  14.728 0.0000000000
28060  43.898  -60.796  15.567 0.0000000000
25626  42.924  -61.679  15.296 0.0000000000
26870  40.939  -60.980  15.254 0.0000000000
20109  41.288  -66.463  12.945 0.0000000000
26742  46.140  -60.619  20.883 0.0000000000
27989  46.342  -60.407  17.064 0.0000000000
28038  46.407  -60.461  15.937 0.0000000000
25581  49.114  -61.952  17.465 0.0000000000
25596  47.748  -61.476  16.297 0.0000000000
24455  46.240  -61.821  15.555 0.0000000000
24443  44.678  -63.120  16.029 0.0000000000
21187  44.477  -65.699  15.938 0.0000000000
20074  43.227  -66.293  15.112 0.0000000000
18945  47.215  -67.986  14.787 0.0000000000
18959  45.333  -67.996  14.401 0.0000000000
18960  44.212  -67.569  14.203 0.0000000000
18970  43.251  -67.480  13.626 0.0000000000
29145  41.717  -59.412  23.257 0.0000000000
27858  43.916  -59.908  22.608 0.0000000000
27836  45.456  -59.445  23.311 0.0000000000
26694  45.409  -60.222  22.201 0.0000000000
27887  47.133  -59.456  21.563 0.0000000000
29199  49.386  -59.188  20.779 0.0000000000
29216  50.483  -59.327  20.023 0.0000000000
29195  52.774  -59.187  21.073 0.0000000000
27964  52.376  -60.048  19.317 0.0000000000
29266  41.364  -60.082  16.813 0.0000000000
27891  43.537  -60.571  21.653 0.0000000000
27892  42.236  -60.509  21.666 0.0000000000
26745  43.640  -61.209  21.090 0.0000000000
21190  41.880  -65.749  15.277 0.0000000000
22343  41.383  -64.259  15.416 0.0000000000
27967  49.563  -59.771  18.617 0.0000000000
27985  49.979  -60.114  18.140 0.0000000000
20053  48.958  -66.409  16.313 0.0000000000
21171  48.590  -65.525  16.539 0.0000000000
20054  48.156  -66.365  16.083 0.0000000000
20055  47.204  -66.426  16.117 0.0000000000
20069  47.717  -67.142  15.546 0.0000000000
15440  43.670  -70.446  15.378 0.0000000000
28040  44.172  -60.491  15.830 0.0000000000
29290  38.880  -58.444  15.599 0.0000000000
24414  51.645  -62.369  18.335 0.0000000000
23352  52.052  -63.596  18.320 0.0000000000
21139  50.715  -66.021  18.291 0.0000000000
21138  51.394  -65.161  18.151 0.0000000000
21159  50.696  -65.799  17.553 0.0000000000
20051  50.218  -66.334  17.122 0.0000000000
20039  49.688  -66.935  17.152 0.0000000000
23424  44.226  -62.316  14.953 0.0000000000
25637  43.808  -61.570  15.159 0.0000000000
23415  43.213  -62.609  15.336 0.0000000000
25627  41.448  -61.817  15.308 0.0000000000
25628  40.243  -61.591  14.924 0.0000000000
26871  39.914  -60.692  14.719 0.0000000000
26767  45.709  -61.030  19.796 0.0000000000
26766  46.804  -60.539  19.822 0.0000000000
28011  46.877  -60.213  16.374 0.0000000000
28037  47.281  -60.073  15.945 0.0000000000
24425  50.675  -62.343  18.182 0.0000000000
25580  49.560  -61.475  17.512 0.0000000000
24426  49.716  -62.712  17.771 0.0000000000
23381  47.491  -63.386  16.657 0.0000000000
24439  47.968  -62.355  16.767 0.0000000000
24440  46.987  -62.153  16.165 0.0000000000
24454  46.729  -61.466  15.778 0.0000000000
24441  45.984  -62.639  15.971 0.0000000000
24456  45.322  -62.149  15.331 0.0000000000
23383  45.600  -63.538  16.489 0.0000000000
21175  44.907  -65.147  16.327 0.0000000000
21188  43.553  -65.605  15.759 0.0000000000
13228  45.225  -72.070  16.796 0.0000000000
15438  45.532  -70.537  15.586 0.0000000000
15437  46.371  -70.164  15.719 0.0000000000
15457  46.218  -69.924  15.239 0.0000000000
17778  46.397  -69.014  14.676 0.0000000000
18957  46.781  -68.560  14.654 0.0000000000
17779  45.586  -68.831  14.460 0.0000000000
17781  43.698  -68.420  14.093 0.0000000000
17780  44.581  -68.471  14.232 0.0000000000
17790  44.003  -68.049  13.853 0.0000000000
18969  43.747  -67.796  13.754 0.0000000000
17791  43.434  -68.051  13.524 0.0000000000
29123  41.053  -59.266  24.060 0.0000000000
29144  42.529  -59.384  23.464 0.0000000000
27859  42.741  -59.731  22.692 0.0000000000
27839  42.978  -59.436  23.368 0.0000000000
29117  47.109  -58.592  23.553 0.0000000000
29118  46.050  -58.880  23.895 0.0000000000
27835  46.318  -59.263  23.219 0.0000000000
27856  45.945  -59.745  22.554 0.0000000000
27888  46.507  -59.634  21.946 0.0000000000
27855  46.840  -59.230  22.561 0.0000000000
27852  49.256  -59.322  22.064 0.0000000000
27885  48.929  -59.296  21.207 0.0000000000
29175  49.553  -59.106  21.015 0.0000000000
29198  49.885  -59.189  20.499 0.0000000000
29197  50.778  -59.152  20.649 0.0000000000
29194  53.383  -59.266  21.395 0.0000000000
27909  53.106  -59.641  20.531 0.0000000000
27910  52.594  -59.402  20.306 0.0000000000
28061  42.696  -60.665  15.621 0.0000000000
28042  42.002  -60.335  16.256 0.0000000000
29288  41.259  -60.262  16.423 0.0000000000
29269  39.336  -58.528  16.543 0.0000000000
22341  43.126  -64.580  16.040 0.0000000000
23399  42.916  -63.402  15.768 0.0000000000
27938  48.342  -60.023  19.588 0.0000000000
27969  48.033  -60.160  19.201 0.0000000000
27968  48.523  -60.142  18.614 0.0000000000
28009  48.427  -60.120  16.936 0.0000000000
22309  49.795  -64.324  17.489 0.0000000000
23369  49.259  -63.588  17.542 0.0000000000
22323  49.050  -64.679  17.238 0.0000000000
22324  48.038  -64.512  16.751 0.0000000000
22325  47.091  -64.480  16.599 0.0000000000
22326  46.093  -64.540  16.608 0.0000000000
21173  46.640  -65.562  16.509 0.0000000000
20056  46.318  -66.401  16.048 0.0000000000
20071  45.601  -66.833  15.516 0.0000000000
16626  44.942  -69.412  14.565 0.0000000000
16605  44.343  -69.773  15.144 0.0000000000
16606  43.530  -69.599  15.049 0.0000000000
29142  47.981  -58.557  23.048 0.0000000000
27854  47.601  -59.202  22.308 0.0000000000
29141  49.005  -58.732  22.823 0.0000000000
29140  50.171  -58.878  22.286 0.0000000000
27992  42.788  -60.645  17.456 0.0000000000
28063  40.362  -60.315  15.485 0.0000000000
29289  40.531  -60.047  16.270 0.0000000000
28018  39.299  -58.799  15.961 0.0000000000
30536  38.819  -57.638  15.993 0.0000000000
26808  51.553  -60.868  18.490 0.0000000000
26809  50.755  -60.580  18.240 0.0000000000
25578  51.304  -61.401  18.323 0.0000000000
24415  51.220  -62.709  18.335 0.0000000000
23367  50.721  -63.504  18.009 0.0000000000
22320  51.136  -64.844  17.250 0.0000000000
22308  50.474  -64.366  17.475 0.0000000000
22322  50.124  -64.925  17.000 0.0000000000
26866  44.447  -61.200  14.829 0.0000000000
28059  44.494  -61.006  15.234 0.0000000000
26878  44.381  -61.256  14.589 0.0000000000
26868  43.279  -60.944  15.429 0.0000000000
26869  42.329  -61.035  15.293 0.0000000000
25612  42.204  -62.194  15.393 0.0000000000
28064  39.189  -59.544  14.731 0.0000000000
20099  41.667  -66.399  13.705 0.0000000000
26744  44.050  -61.240  20.563 0.0000000000
26743  45.018  -61.202  20.704 0.0000000000
28012  45.830  -60.408  16.370 0.0000000000
26833  48.237  -60.283  16.301 0.0000000000
24427  48.783  -62.541  17.358 0.0000000000
25595  48.600  -61.348  16.826 0.0000000000
25607  47.920  -60.819  16.101 0.0000000000
26851  46.876  -60.550  15.753 0.0000000000
25609  46.481  -61.124  15.582 0.0000000000
26853  45.107  -61.082  15.252 0.0000000000
25623  45.021  -61.631  15.106 0.0000000000
24457  44.695  -62.728  15.575 0.0000000000
23397  44.342  -63.538  15.957 0.0000000000
22327  45.229  -64.521  16.466 0.0000000000
22339  44.570  -64.531  16.312 0.0000000000
22340  43.919  -64.600  16.177 0.0000000000
20088  42.939  -66.554  14.422 0.0000000000
17764  48.861  -67.921  16.240 0.0000000000
14332  45.388  -71.563  16.296 0.0000000000
17766  47.672  -68.772  15.509 0.0000000000
18944  48.193  -67.870  15.486 0.0000000000
18946  46.062  -67.595  14.814 0.0000000000
18947  45.048  -67.429  14.839 0.0000000000
18948  44.502  -67.284  14.774 0.0000000000
20086  44.171  -67.054  14.794 0.0000000000
20097  43.252  -66.945  13.998 0.0000000000
20098  42.587  -66.797  13.736 0.0000000000
18971  42.458  -67.313  13.229 0.0000000000
29146  40.487  -59.245  22.912 0.0000000000
27860  41.460  -59.812  22.405 0.0000000000
27890  44.384  -60.298  21.960 0.0000000000
29096  45.647  -58.509  24.684 0.0000000000
29120  44.081  -59.167  24.068 0.0000000000
27837  44.482  -59.528  23.359 0.0000000000
27857  44.900  -60.060  22.613 0.0000000000
27889  44.775  -60.315  22.103 0.0000000000
26719  46.025  -60.209  21.820 0.0000000000
26718  46.616  -59.904  21.362 0.0000000000
26741  47.223  -59.899  20.661 0.0000000000
27886  47.953  -59.462  21.453 0.0000000000
27914  47.579  -59.600  21.010 0.0000000000
27913  48.170  -59.676  20.456 0.0000000000
26764  49.118  -59.683  19.927 0.0000000000
27936  50.002  -59.455  19.465 0.0000000000
27935  51.018  -59.428  19.440 0.0000000000
29196  51.849  -59.171  20.686 0.0000000000
27934  52.010  -59.443  19.725 0.0000000000
27965  51.615  -59.842  19.042 0.0000000000
28041  43.134  -60.475  16.054 0.0000000000
28015  42.477  -60.375  16.781 0.0000000000
29251  41.282  -59.945  17.034 0.0000000000
29268  40.120  -59.415  16.646 0.0000000000
29252  40.813  -59.597  17.146 0.0000000000
15458  46.001  -70.125  15.330 0.0000000000
16603  45.498  -70.047  15.292 0.0000000000
16624  46.614  -69.561  15.122 0.0000000000
17743  48.851  -67.818  16.457 0.0000000000
17744  48.613  -68.033  16.667 0.0000000000
17777  47.079  -68.909  14.853 0.0000000000
18935  49.092  -67.526  16.617 0.0000000000
18958  46.268  -68.313  14.526 0.0000000000
18961  43.629  -67.196  14.016 0.0000000000
20013  50.306  -66.720  18.451 0.0000000000
20038  50.216  -66.732  17.746 0.0000000000
20073  43.919  -66.485  15.275 0.0000000000
20075  42.556  -66.233  15.047 0.0000000000
20087  43.647  -66.868  14.489 0.0000000000
20108  42.021  -66.848  13.240 0.0000000000
21112  51.226  -65.433  18.801 0.0000000000
21158  51.090  -65.149  17.335 0.0000000000
21169  50.464  -65.539  16.963 0.0000000000
21186  45.036  -66.310  15.755 0.0000000000
22263  52.223  -64.114  18.486 0.0000000000
22306  51.504  -64.530  17.799 0.0000000000
22307  51.070  -64.387  17.525 0.0000000000
22321  50.812  -64.898  17.095 0.0000000000
22342  42.151  -64.610  15.684 0.0000000000
23353  51.389  -63.214  18.287 0.0000000000
23354  51.001  -62.957  18.328 0.0000000000
23365  51.700  -64.003  17.994 0.0000000000
23384  44.860  -63.644  16.314 0.0000000000
23413  44.247  -62.788  15.344 0.0000000000
23414  43.774  -62.613  15.184 0.0000000000
23425  44.045  -62.220  14.774 0.0000000000
24424  51.068  -61.839  18.248 0.0000000000
24442  45.112  -62.848  16.077 0.0000000000
24458  42.499  -62.696  15.420 0.0000000000
24471  45.108  -61.984  15.144 0.0000000000
24472  44.659  -62.132  15.037 0.0000000000
24473  43.586  -62.158  15.100 0.0000000000
24474  43.092  -62.203  15.295 0.0000000000
24483  44.338  -62.103  14.765 0.0000000000
24484  43.876  -62.003  14.771 0.0000000000
25594  48.976  -61.152  17.171 0.0000000000
25608  47.224  -61.040  15.854 0.0000000000
25610  45.663  -61.395  15.355 0.0000000000
25611  42.695  -62.177  15.360 0.0000000000
25625  43.371  -62.014  15.190 0.0000000000
25635  44.579  -61.675  14.625 0.0000000000
25636  44.297  -61.566  14.573 0.0000000000
25638  43.646  -61.358  15.338 0.0000000000
26695  45.019  -60.325  22.167 0.0000000000
26720  45.121  -60.576  21.672 0.0000000000
26722  43.907  -61.109  21.233 0.0000000000
26738  49.456  -59.535  19.895 0.0000000000
26739  49.383  -59.545  20.046 0.0000000000
26740  47.686  -59.856  20.354 0.0000000000
26763  49.466  -59.555  19.727 0.0000000000
26793  51.354  -60.275  18.611 0.0000000000
26850  47.614  -60.309  15.828 0.0000000000
26852  45.966  -60.810  15.570 0.0000000000
26867  44.255  -61.030  14.560 0.0000000000
26877  44.422  -61.300  14.397 0.0000000000
26879  43.986  -61.201  15.380 0.0000000000
26880  43.307  -61.200  15.346 0.0000000000
27838  43.549  -59.496  23.354 0.0000000000
27884  49.595  -59.166  21.518 0.0000000000
27911  49.642  -59.466  20.012 0.0000000000
27912  49.212  -59.475  20.349 0.0000000000
28016  41.763  -60.182  16.955 0.0000000000
28036  47.802  -59.870  15.940 0.0000000000
28043  41.520  -60.413  16.097 0.0000000000
28044  39.751  -59.686  15.867 0.0000000000
28045  39.272  -59.101  15.587 0.0000000000
28058  44.839  -60.986  15.216 0.0000000000
28062  41.522  -60.593  15.691 0.0000000000
28073  44.155  -60.848  14.661 0.0000000000
28074  44.457  -61.179  15.064 0.0000000000
29215  51.245  -59.292  20.086 0.0000000000
29217  50.157  -59.308  20.023 0.0000000000
29267  40.925  -59.838  16.776 0.0000000000
29287  41.592  -60.211  16.646 0.0000000000
29291  38.599  -58.112  15.159 0.0000000000
29300  41.260  -60.470  15.987 0.0000000000
30537  38.607  -57.705  15.391 0.0000000000
