#!ascii label  , from subject 3389 vox2ras=TkReg
1741
48756  -51.304  -53.442  18.997 0.0000000000
31401  -40.886  -64.368  25.583 0.0000000000
68140  -49.456  -38.317  9.401 0.0000000000
53963  -46.416  -49.887  8.053 0.0000000000
58905  -52.493  -45.622  14.832 0.0000000000
41831  -45.753  -57.903  21.419 0.0000000000
35916  -38.932  -62.918  13.523 0.0000000000
46102  -41.886  -55.303  11.735 0.0000000000
28299  -30.664  -67.815  24.089 0.0000000000
75923  -58.298  -31.687  14.095 0.0000000000
38816  -30.388  -60.358  13.043 0.0000000000
51435  -49.598  -51.658  12.532 0.0000000000
55132  -47.508  -48.751  13.482 0.0000000000
53815  -51.108  -49.631  17.689 0.0000000000
43367  -49.834  -57.561  20.383 0.0000000000
40331  -46.640  -60.235  16.572 0.0000000000
47475  -46.152  -54.247  15.703 0.0000000000
51462  -43.106  -51.477  11.093 0.0000000000
75992  -60.161  -32.211  10.650 0.0000000000
28296  -35.473  -66.898  24.908 0.0000000000
31507  -31.129  -64.738  19.036 0.0000000000
34454  -35.791  -63.055  20.425 0.0000000000
62799  -53.250  -42.254  11.547 0.0000000000
38647  -40.062  -60.228  23.139 0.0000000000
33039  -40.215  -63.927  19.058 0.0000000000
34512  -44.269  -63.374  17.188 0.0000000000
43457  -40.323  -57.965  14.382 0.0000000000
23628  -26.532  -70.212  25.707 0.0000000000
62710  -57.262  -42.075  16.389 0.0000000000
68066  -55.120  -38.719  13.653 0.0000000000
74668  -55.049  -32.689  17.213 0.0000000000
73511  -53.007  -34.405  12.206 0.0000000000
74801  -54.572  -33.329  7.575 0.0000000000
28364  -27.387  -67.179  18.541 0.0000000000
37351  -35.788  -61.116  14.435 0.0000000000
50119  -50.998  -52.636  15.367 0.0000000000
52622  -50.450  -50.989  15.306 0.0000000000
51332  -51.575  -51.353  18.461 0.0000000000
45990  -50.305  -55.304  20.347 0.0000000000
44771  -49.213  -56.543  17.916 0.0000000000
47449  -49.857  -54.677  16.898 0.0000000000
50132  -48.055  -52.835  14.617 0.0000000000
68193  -47.292  -38.528  5.543 0.0000000000
72274  -48.509  -36.052  7.556 0.0000000000
31397  -37.854  -65.607  25.675 0.0000000000
31466  -36.221  -65.303  22.665 0.0000000000
32962  -38.342  -64.404  23.558 0.0000000000
55228  -46.483  -48.978  6.719 0.0000000000
57673  -49.605  -46.647  14.711 0.0000000000
58952  -47.551  -45.922  12.189 0.0000000000
58955  -50.386  -45.098  12.897 0.0000000000
62796  -50.481  -43.125  11.377 0.0000000000
60188  -52.845  -44.109  13.327 0.0000000000
41828  -42.564  -57.966  21.880 0.0000000000
38693  -40.923  -60.858  19.726 0.0000000000
40289  -44.354  -59.185  17.867 0.0000000000
43460  -43.866  -57.382  14.188 0.0000000000
40357  -43.308  -59.474  15.130 0.0000000000
44822  -40.991  -56.782  12.973 0.0000000000
52710  -45.085  -49.926  9.658 0.0000000000
65305  -57.000  -40.234  14.787 0.0000000000
74694  -54.108  -33.587  15.218 0.0000000000
75938  -55.414  -31.928  13.377 0.0000000000
74756  -53.781  -33.675  9.639 0.0000000000
74738  -56.340  -33.223  11.149 0.0000000000
77206  -57.428  -31.267  7.027 0.0000000000
25203  -28.622  -69.401  24.816 0.0000000000
25243  -27.064  -69.131  22.120 0.0000000000
28319  -29.134  -67.523  21.611 0.0000000000
34521  -31.244  -62.761  16.393 0.0000000000
33092  -29.147  -64.035  16.180 0.0000000000
37370  -28.499  -61.906  13.028 0.0000000000
34524  -39.634  -63.536  16.198 0.0000000000
35853  -37.912  -61.917  16.931 0.0000000000
34560  -37.293  -63.134  13.940 0.0000000000
51484  -48.096  -51.037  9.922 0.0000000000
53926  -47.477  -49.450  9.715 0.0000000000
53892  -49.192  -49.988  12.593 0.0000000000
53841  -48.983  -49.617  15.129 0.0000000000
56365  -51.471  -47.314  17.012 0.0000000000
41833  -47.588  -58.282  21.268 0.0000000000
40292  -47.191  -60.335  18.517 0.0000000000
40312  -49.001  -59.626  18.147 0.0000000000
43418  -45.760  -57.104  16.193 0.0000000000
47490  -43.783  -54.675  13.721 0.0000000000
48872  -41.846  -53.033  10.914 0.0000000000
50144  -44.861  -52.598  13.563 0.0000000000
51433  -46.734  -51.528  12.297 0.0000000000
75957  -59.453  -32.564  12.548 0.0000000000
78372  -61.790  -30.695  13.832 0.0000000000
28294  -33.357  -67.298  24.424 0.0000000000
29877  -30.813  -66.528  21.595 0.0000000000
29880  -33.333  -66.019  22.225 0.0000000000
33037  -33.529  -64.048  19.495 0.0000000000
35851  -33.276  -61.882  17.464 0.0000000000
56447  -45.786  -47.855  10.558 0.0000000000
62835  -50.645  -41.634  8.703 0.0000000000
66767  -52.194  -39.978  9.793 0.0000000000
37166  -40.634  -62.415  25.172 0.0000000000
34412  -40.836  -63.863  22.279 0.0000000000
35758  -41.569  -62.392  21.443 0.0000000000
33058  -41.688  -63.875  18.381 0.0000000000
34540  -41.297  -63.557  15.519 0.0000000000
35875  -46.001  -62.626  16.633 0.0000000000
37337  -42.307  -61.913  15.482 0.0000000000
38812  -39.442  -61.089  14.807 0.0000000000
50011  -51.893  -51.735  21.354 0.0000000000
34345  -40.433  -63.394  27.291 0.0000000000
41781  -42.682  -58.059  25.603 0.0000000000
43323  -44.646  -57.524  24.350 0.0000000000
53782  -52.845  -49.834  20.350 0.0000000000
56330  -53.877  -47.879  19.372 0.0000000000
57648  -54.644  -46.007  17.058 0.0000000000
58880  -56.998  -45.043  18.220 0.0000000000
60160  -55.233  -44.525  15.658 0.0000000000
62759  -55.155  -42.327  13.644 0.0000000000
65341  -54.105  -40.326  12.254 0.0000000000
68088  -52.650  -38.336  11.986 0.0000000000
70805  -55.136  -36.504  15.467 0.0000000000
70836  -53.868  -36.801  13.192 0.0000000000
70861  -50.937  -36.269  11.168 0.0000000000
73564  -51.518  -34.475  8.426 0.0000000000
76003  -57.729  -33.273  9.355 0.0000000000
25214  -24.826  -68.934  23.313 0.0000000000
29940  -25.145  -66.271  15.604 0.0000000000
31494  -29.035  -65.981  19.345 0.0000000000
29942  -26.795  -65.646  15.679 0.0000000000
35790  -38.625  -62.359  20.647 0.0000000000
37290  -35.421  -61.161  17.481 0.0000000000
38819  -33.343  -60.160  13.558 0.0000000000
38872  -34.263  -61.010  9.507 0.0000000000
48766  -51.398  -53.400  17.849 0.0000000000
50101  -51.210  -52.576  16.898 0.0000000000
50054  -51.374  -52.475  18.669 0.0000000000
47396  -50.839  -54.278  19.439 0.0000000000
46034  -51.207  -55.537  18.024 0.0000000000
47451  -51.218  -54.424  17.036 0.0000000000
48813  -50.782  -53.395  15.680 0.0000000000
66799  -49.564  -39.548  7.957 0.0000000000
68176  -48.374  -38.330  7.499 0.0000000000
70909  -47.458  -36.981  6.744 0.0000000000
69544  -48.657  -37.425  8.304 0.0000000000
31399  -39.295  -65.322  25.667 0.0000000000
32945  -37.883  -64.862  24.263 0.0000000000
32947  -39.967  -64.760  24.461 0.0000000000
53984  -45.153  -49.160  7.026 0.0000000000
53986  -46.569  -49.322  7.303 0.0000000000
57675  -51.120  -45.974  14.875 0.0000000000
58935  -50.122  -45.729  13.629 0.0000000000
58936  -51.224  -45.361  13.357 0.0000000000
58957  -51.802  -44.673  12.776 0.0000000000
60172  -52.669  -44.785  13.749 0.0000000000
41829  -43.578  -57.745  21.697 0.0000000000
41865  -42.805  -57.791  19.903 0.0000000000
41867  -44.946  -58.028  19.454 0.0000000000
44834  -42.467  -55.883  12.493 0.0000000000
43473  -43.129  -57.109  13.562 0.0000000000
46090  -41.740  -55.675  12.026 0.0000000000
44841  -39.840  -55.653  11.852 0.0000000000
53941  -45.658  -49.957  8.700 0.0000000000
53939  -43.536  -49.487  9.203 0.0000000000
53961  -44.120  -49.149  8.079 0.0000000000
75920  -55.347  -31.829  14.485 0.0000000000
77099  -56.947  -31.602  13.782 0.0000000000
75975  -55.940  -32.607  11.828 0.0000000000
75955  -57.656  -32.358  12.582 0.0000000000
26703  -29.516  -68.821  24.537 0.0000000000
26717  -28.594  -68.722  23.374 0.0000000000
26735  -29.715  -68.279  23.348 0.0000000000
35901  -30.538  -61.951  15.020 0.0000000000
34550  -29.932  -62.354  15.022 0.0000000000
37359  -29.603  -61.461  13.608 0.0000000000
37380  -29.319  -61.556  11.355 0.0000000000
38836  -29.631  -60.819  10.936 0.0000000000
34538  -39.462  -63.467  15.162 0.0000000000
34537  -38.678  -63.228  15.381 0.0000000000
34562  -38.479  -63.193  13.357 0.0000000000
51466  -49.104  -51.379  11.069 0.0000000000
52696  -48.792  -50.713  10.541 0.0000000000
52678  -50.219  -50.291  12.227 0.0000000000
52610  -50.432  -50.724  16.402 0.0000000000
52621  -49.603  -50.392  15.363 0.0000000000
53828  -49.978  -49.648  16.561 0.0000000000
56363  -49.636  -47.946  15.930 0.0000000000
55100  -51.170  -48.195  17.470 0.0000000000
41835  -49.142  -58.380  21.003 0.0000000000
41871  -48.505  -59.385  19.388 0.0000000000
41872  -49.740  -58.597  19.467 0.0000000000
46052  -47.660  -55.547  17.139 0.0000000000
44790  -47.340  -57.060  17.215 0.0000000000
46050  -45.722  -55.276  16.025 0.0000000000
46073  -44.623  -55.447  14.914 0.0000000000
47486  -44.771  -54.499  14.778 0.0000000000
48845  -44.375  -53.491  13.995 0.0000000000
48830  -45.343  -53.341  14.499 0.0000000000
50164  -48.661  -52.290  12.695 0.0000000000
51418  -47.242  -51.812  13.261 0.0000000000
50173  -48.268  -51.964  11.790 0.0000000000
51464  -47.593  -51.221  10.339 0.0000000000
28295  -34.422  -67.363  24.715 0.0000000000
29863  -33.325  -66.501  23.308 0.0000000000
29865  -34.605  -66.377  23.593 0.0000000000
33007  -35.548  -64.365  21.365 0.0000000000
33006  -34.673  -64.800  21.384 0.0000000000
33038  -34.264  -63.599  19.678 0.0000000000
34492  -33.096  -63.203  18.327 0.0000000000
35807  -34.487  -62.338  18.681 0.0000000000
55165  -47.222  -49.103  10.894 0.0000000000
55180  -46.546  -48.908  10.021 0.0000000000
55147  -46.504  -47.919  12.057 0.0000000000
58971  -48.004  -45.184  11.834 0.0000000000
58969  -46.442  -45.819  11.300 0.0000000000
60232  -46.897  -44.838  10.496 0.0000000000
62798  -52.270  -42.531  11.649 0.0000000000
62823  -50.459  -42.052  9.515 0.0000000000
64097  -51.921  -41.592  10.025 0.0000000000
64111  -51.635  -41.029  9.058 0.0000000000
64085  -52.998  -41.185  10.133 0.0000000000
38630  -39.890  -60.955  23.641 0.0000000000
35746  -41.082  -62.652  23.280 0.0000000000
37210  -41.119  -61.543  21.664 0.0000000000
35834  -42.529  -62.222  17.841 0.0000000000
34480  -41.682  -62.907  18.951 0.0000000000
33073  -42.647  -63.688  17.502 0.0000000000
33084  -41.820  -64.400  16.593 0.0000000000
33095  -42.601  -64.231  16.073 0.0000000000
37299  -47.808  -61.577  17.393 0.0000000000
37298  -46.992  -61.960  17.735 0.0000000000
38767  -46.406  -61.244  16.425 0.0000000000
40378  -41.607  -59.066  14.963 0.0000000000
38792  -42.824  -60.807  15.435 0.0000000000
40355  -41.184  -60.051  15.417 0.0000000000
38790  -40.780  -61.018  15.529 0.0000000000
50171  -42.772  -52.495  11.364 0.0000000000
41792  -43.236  -57.999  24.667 0.0000000000
43327  -48.324  -57.421  23.925 0.0000000000
52543  -52.926  -50.465  21.375 0.0000000000
55055  -55.028  -48.543  20.611 0.0000000000
56332  -55.348  -47.524  19.575 0.0000000000
57616  -54.500  -46.846  18.291 0.0000000000
57618  -55.682  -46.326  18.526 0.0000000000
61398  -57.124  -43.444  17.035 0.0000000000
60148  -56.054  -44.436  16.562 0.0000000000
61417  -56.074  -43.309  15.736 0.0000000000
61432  -54.774  -43.554  14.395 0.0000000000
62733  -56.190  -42.477  15.006 0.0000000000
66713  -56.203  -39.483  14.241 0.0000000000
65319  -55.377  -40.427  13.136 0.0000000000
66734  -54.998  -39.454  13.166 0.0000000000
66732  -53.622  -39.475  12.359 0.0000000000
68090  -53.752  -38.656  12.923 0.0000000000
73473  -54.783  -34.410  16.435 0.0000000000
73500  -53.187  -34.287  13.301 0.0000000000
73492  -53.712  -34.593  14.572 0.0000000000
73512  -53.035  -34.744  12.796 0.0000000000
70848  -52.469  -36.264  12.390 0.0000000000
73521  -51.558  -35.202  10.981 0.0000000000
72248  -50.908  -35.073  9.823 0.0000000000
73533  -52.249  -34.321  9.860 0.0000000000
74780  -54.632  -33.692  9.088 0.0000000000
73566  -53.305  -34.266  8.110 0.0000000000
73575  -53.447  -33.932  7.699 0.0000000000
75991  -59.317  -32.651  10.946 0.0000000000
74761  -58.420  -33.066  10.788 0.0000000000
76014  -58.689  -32.582  9.430 0.0000000000
26779  -27.057  -68.224  20.137 0.0000000000
26767  -26.329  -68.318  20.444 0.0000000000
28349  -26.364  -67.745  19.499 0.0000000000
29923  -25.390  -66.923  17.895 0.0000000000
28373  -26.363  -67.358  17.990 0.0000000000
31481  -31.274  -65.639  20.559 0.0000000000
29905  -30.006  -65.844  20.355 0.0000000000
31506  -30.100  -64.919  18.770 0.0000000000
33078  -28.183  -64.563  16.270 0.0000000000
31539  -28.003  -65.376  12.198 0.0000000000
34434  -40.542  -63.546  21.379 0.0000000000
34433  -39.770  -63.302  21.306 0.0000000000
35812  -39.474  -62.770  19.723 0.0000000000
37333  -36.802  -62.031  15.407 0.0000000000
37292  -37.427  -61.510  16.957 0.0000000000
38809  -35.390  -60.663  15.325 0.0000000000
38787  -34.781  -60.440  15.839 0.0000000000
38820  -34.326  -60.485  13.804 0.0000000000
38854  -32.687  -60.045  9.911 0.0000000000
51407  -50.711  -52.074  14.296 0.0000000000
52652  -50.227  -50.976  13.653 0.0000000000
51392  -51.178  -51.431  15.146 0.0000000000
51376  -50.852  -51.662  16.116 0.0000000000
52594  -51.331  -50.567  17.770 0.0000000000
44743  -49.960  -56.483  20.647 0.0000000000
41891  -50.291  -57.816  18.954 0.0000000000
44762  -50.442  -56.629  18.556 0.0000000000
47421  -49.598  -55.123  17.269 0.0000000000
48785  -48.370  -53.975  16.378 0.0000000000
50118  -47.543  -52.985  15.133 0.0000000000
48833  -48.570  -53.321  14.972 0.0000000000
48847  -49.835  -53.132  14.244 0.0000000000
72287  -49.022  -35.202  6.102 0.0000000000
29845  -36.987  -66.139  25.024 0.0000000000
31415  -35.810  -65.702  23.997 0.0000000000
31417  -37.289  -65.630  24.652 0.0000000000
31467  -36.970  -64.835  22.911 0.0000000000
33009  -37.347  -63.853  21.804 0.0000000000
56384  -48.389  -47.440  14.194 0.0000000000
56416  -47.059  -47.450  12.642 0.0000000000
57688  -48.489  -46.614  13.679 0.0000000000
58954  -49.421  -45.415  12.830 0.0000000000
60204  -49.592  -44.797  12.373 0.0000000000
61502  -49.414  -43.353  11.145 0.0000000000
60205  -50.524  -44.341  12.344 0.0000000000
61468  -51.673  -43.577  12.458 0.0000000000
61469  -52.672  -43.215  12.576 0.0000000000
41814  -41.480  -58.514  22.850 0.0000000000
38680  -40.930  -60.306  21.273 0.0000000000
40251  -41.325  -58.880  20.556 0.0000000000
40287  -41.657  -59.662  18.455 0.0000000000
37295  -43.648  -61.661  17.575 0.0000000000
41941  -44.593  -58.651  15.429 0.0000000000
40359  -45.154  -59.941  15.631 0.0000000000
41964  -43.524  -58.289  14.609 0.0000000000
41977  -42.389  -57.799  13.981 0.0000000000
41975  -41.232  -57.658  13.880 0.0000000000
43469  -39.295  -57.171  13.552 0.0000000000
44820  -39.634  -56.520  13.059 0.0000000000
52692  -44.359  -50.388  10.478 0.0000000000
52730  -42.048  -49.906  9.067 0.0000000000
63994  -58.181  -41.047  16.269 0.0000000000
63993  -57.435  -41.359  15.776 0.0000000000
66667  -57.636  -39.574  15.864 0.0000000000
68025  -57.095  -38.874  15.612 0.0000000000
69467  -56.260  -38.221  14.601 0.0000000000
74669  -55.460  -32.353  17.004 0.0000000000
74687  -54.537  -33.291  16.167 0.0000000000
75905  -55.001  -32.103  15.513 0.0000000000
75937  -54.519  -32.500  13.875 0.0000000000
74722  -54.185  -32.866  12.282 0.0000000000
74735  -52.897  -33.764  10.261 0.0000000000
74737  -54.959  -32.929  11.178 0.0000000000
74757  -54.794  -33.325  9.981 0.0000000000
74781  -55.653  -33.613  9.434 0.0000000000
77193  -60.370  -31.245  8.848 0.0000000000
77192  -59.144  -32.093  8.995 0.0000000000
77200  -59.634  -31.250  8.139 0.0000000000
23638  -27.125  -69.873  25.263 0.0000000000
25216  -26.756  -69.566  23.620 0.0000000000
25230  -27.416  -69.242  22.854 0.0000000000
26769  -27.818  -68.257  21.212 0.0000000000
28337  -28.050  -67.785  20.582 0.0000000000
33068  -31.474  -63.785  17.895 0.0000000000
33066  -29.975  -64.354  17.356 0.0000000000
34520  -30.165  -63.490  16.508 0.0000000000
35899  -28.885  -62.522  14.485 0.0000000000
34559  -27.881  -63.067  13.451 0.0000000000
33109  -28.557  -64.429  11.846 0.0000000000
35928  -28.441  -62.800  12.266 0.0000000000
33056  -40.413  -64.036  18.231 0.0000000000
35833  -39.193  -62.367  18.339 0.0000000000
34523  -38.944  -63.016  16.563 0.0000000000
35887  -37.707  -62.583  15.314 0.0000000000
35915  -36.620  -62.656  13.647 0.0000000000
52732  -47.069  -50.464  8.484 0.0000000000
53964  -47.136  -49.684  8.221 0.0000000000
52734  -47.919  -50.065  9.124 0.0000000000
53928  -48.512  -49.973  10.743 0.0000000000
53891  -48.075  -49.621  12.653 0.0000000000
53858  -49.781  -50.917  13.787 0.0000000000
53857  -49.089  -50.311  14.232 0.0000000000
55119  -47.847  -48.829  14.248 0.0000000000
55121  -49.128  -48.122  15.052 0.0000000000
56376  -50.214  -47.030  15.527 0.0000000000
57659  -51.729  -45.893  15.498 0.0000000000
41832  -46.722  -58.076  21.360 0.0000000000
41868  -45.904  -58.387  19.561 0.0000000000
41870  -47.935  -59.239  19.476 0.0000000000
38727  -48.407  -60.633  18.339 0.0000000000
40310  -47.983  -60.012  17.270 0.0000000000
43399  -48.635  -57.705  17.813 0.0000000000
43420  -47.446  -58.317  17.002 0.0000000000
41943  -46.095  -58.689  16.527 0.0000000000
43439  -44.358  -57.268  15.051 0.0000000000
46086  -43.802  -55.751  13.780 0.0000000000
47494  -42.726  -54.769  12.452 0.0000000000
48859  -41.583  -54.043  11.272 0.0000000000
48854  -42.944  -53.603  12.345 0.0000000000
50172  -43.121  -52.706  11.925 0.0000000000
51430  -43.955  -51.716  12.123 0.0000000000
50146  -46.808  -52.092  13.729 0.0000000000
51432  -45.632  -51.567  12.575 0.0000000000
51444  -44.319  -51.271  11.697 0.0000000000
52676  -45.725  -50.644  10.856 0.0000000000
52694  -46.244  -50.718  9.973 0.0000000000
75941  -58.556  -32.106  13.314 0.0000000000
77102  -60.348  -31.656  14.339 0.0000000000
75944  -60.923  -32.111  13.283 0.0000000000
75980  -61.001  -31.738  11.724 0.0000000000
77167  -61.337  -31.366  10.471 0.0000000000
77182  -61.927  -30.940  9.950 0.0000000000
28292  -31.500  -67.665  24.577 0.0000000000
28300  -31.464  -67.386  23.665 0.0000000000
28311  -32.225  -66.651  22.801 0.0000000000
29879  -32.412  -66.059  22.010 0.0000000000
31482  -32.059  -65.491  20.826 0.0000000000
31465  -35.082  -65.732  22.896 0.0000000000
31483  -33.199  -65.181  20.994 0.0000000000
33036  -32.607  -64.558  19.524 0.0000000000
34491  -32.574  -63.475  18.165 0.0000000000
34522  -31.940  -62.602  16.679 0.0000000000
37329  -32.187  -61.262  15.542 0.0000000000
55192  -46.669  -49.100  8.538 0.0000000000
55206  -45.910  -48.526  8.039 0.0000000000
56415  -46.496  -47.172  12.133 0.0000000000
65420  -50.761  -40.192  8.347 0.0000000000
66765  -51.016  -39.556  9.380 0.0000000000
34384  -42.135  -63.957  25.308 0.0000000000
32948  -41.031  -64.268  24.264 0.0000000000
34398  -41.260  -63.638  23.618 0.0000000000
34413  -41.412  -63.311  22.327 0.0000000000
33011  -41.178  -63.324  20.696 0.0000000000
37221  -41.502  -61.815  20.371 0.0000000000
34461  -41.517  -62.956  19.967 0.0000000000
33041  -41.275  -63.924  19.385 0.0000000000
33071  -41.056  -64.353  17.311 0.0000000000
33083  -40.785  -64.140  16.139 0.0000000000
34555  -39.787  -63.121  14.608 0.0000000000
40290  -45.466  -59.594  18.071 0.0000000000
37297  -45.940  -62.150  17.521 0.0000000000
34513  -45.123  -63.302  17.100 0.0000000000
38794  -44.810  -60.912  15.549 0.0000000000
37339  -44.424  -61.899  15.520 0.0000000000
34543  -44.213  -63.557  16.061 0.0000000000
35890  -41.791  -62.840  15.505 0.0000000000
37355  -40.466  -62.303  15.188 0.0000000000
48871  -41.339  -53.485  10.737 0.0000000000
47384  -50.673  -53.757  20.460 0.0000000000
50020  -50.910  -52.586  20.286 0.0000000000
23630  -28.150  -69.806  26.114 0.0000000000
26705  -31.411  -68.223  25.154 0.0000000000
26695  -33.141  -68.249  25.651 0.0000000000
26696  -33.857  -67.835  25.352 0.0000000000
28251  -37.756  -66.206  26.788 0.0000000000
31364  -38.968  -65.449  26.649 0.0000000000
31366  -40.397  -64.565  26.925 0.0000000000
32906  -42.133  -64.037  26.989 0.0000000000
35715  -40.822  -63.391  26.091 0.0000000000
37165  -40.298  -61.436  25.306 0.0000000000
40184  -40.699  -59.765  25.216 0.0000000000
40185  -41.085  -59.479  25.810 0.0000000000
41790  -41.310  -58.944  24.731 0.0000000000
41802  -42.260  -58.126  23.720 0.0000000000
41803  -43.325  -57.994  23.568 0.0000000000
41805  -45.470  -57.811  23.254 0.0000000000
41806  -46.235  -57.931  23.081 0.0000000000
43339  -47.535  -57.609  23.107 0.0000000000
43340  -48.208  -57.476  22.754 0.0000000000
47363  -50.478  -54.217  21.199 0.0000000000
51317  -51.595  -51.743  19.406 0.0000000000
51318  -52.179  -51.028  19.302 0.0000000000
53805  -52.204  -49.487  18.965 0.0000000000
53770  -54.362  -49.427  21.502 0.0000000000
53792  -53.406  -49.003  20.012 0.0000000000
55088  -52.247  -48.205  18.468 0.0000000000
56352  -52.398  -47.525  17.872 0.0000000000
56367  -53.310  -46.535  16.824 0.0000000000
57661  -53.718  -46.050  15.842 0.0000000000
58878  -55.547  -45.587  17.602 0.0000000000
58892  -54.692  -45.637  16.371 0.0000000000
58906  -53.457  -45.684  15.000 0.0000000000
60174  -53.975  -43.870  14.175 0.0000000000
61450  -53.966  -43.411  13.181 0.0000000000
62781  -54.011  -42.298  12.336 0.0000000000
64029  -55.869  -41.354  13.691 0.0000000000
64028  -54.854  -41.510  13.075 0.0000000000
62800  -53.812  -41.691  11.713 0.0000000000
65360  -53.548  -40.461  11.462 0.0000000000
66756  -52.631  -39.700  10.510 0.0000000000
68125  -51.344  -38.611  10.599 0.0000000000
70806  -55.729  -36.803  15.625 0.0000000000
69465  -54.869  -37.542  14.562 0.0000000000
73483  -54.358  -34.741  15.761 0.0000000000
72190  -54.259  -35.797  14.715 0.0000000000
70837  -54.350  -37.403  13.455 0.0000000000
69487  -53.483  -37.697  12.791 0.0000000000
69499  -51.787  -37.801  11.738 0.0000000000
69530  -50.042  -37.728  10.484 0.0000000000
72246  -49.441  -36.168  8.954 0.0000000000
72265  -49.912  -35.195  8.344 0.0000000000
73580  -50.431  -34.718  6.857 0.0000000000
73547  -52.367  -34.285  8.935 0.0000000000
73573  -51.555  -34.518  7.537 0.0000000000
73587  -50.476  -34.303  6.092 0.0000000000
74740  -57.998  -33.262  11.375 0.0000000000
74783  -57.552  -33.632  9.933 0.0000000000
74803  -56.037  -33.223  8.272 0.0000000000
76021  -57.744  -32.537  8.460 0.0000000000
76019  -56.242  -32.690  7.553 0.0000000000
76018  -55.325  -32.813  7.392 0.0000000000
25228  -25.718  -69.073  22.754 0.0000000000
29876  -30.036  -66.725  21.453 0.0000000000
28338  -28.757  -67.026  20.430 0.0000000000
29915  -28.179  -66.624  18.733 0.0000000000
31513  -29.324  -64.854  17.584 0.0000000000
31512  -28.273  -65.611  17.523 0.0000000000
29925  -26.906  -66.760  17.596 0.0000000000
29941  -26.136  -66.204  15.412 0.0000000000
32988  -39.822  -63.812  22.901 0.0000000000
34431  -37.925  -63.383  21.719 0.0000000000
34455  -36.697  -62.664  20.750 0.0000000000
35832  -38.044  -61.609  18.411 0.0000000000
35810  -37.270  -61.433  19.287 0.0000000000
37247  -35.722  -61.612  18.745 0.0000000000
37289  -34.446  -61.512  17.566 0.0000000000
38785  -33.033  -60.407  15.298 0.0000000000
38805  -31.845  -60.374  13.931 0.0000000000
34574  -36.451  -63.112  12.423 0.0000000000
37382  -35.272  -62.016  11.897 0.0000000000
38840  -34.211  -60.779  11.740 0.0000000000
38839  -33.419  -60.377  11.158 0.0000000000
40398  -31.933  -59.409  11.442 0.0000000000
40409  -30.515  -59.815  10.953 0.0000000000
47404  -51.373  -54.387  18.483 0.0000000000
48787  -51.250  -53.698  16.746 0.0000000000
68157  -49.408  -38.830  8.757 0.0000000000
68177  -48.729  -38.759  7.764 0.0000000000
69559  -48.808  -38.107  8.306 0.0000000000
69558  -48.428  -37.745  7.746 0.0000000000
69545  -48.892  -37.699  9.050 0.0000000000
31400  -40.102  -64.842  25.384 0.0000000000
31420  -39.663  -65.114  25.129 0.0000000000
32930  -40.549  -64.616  24.760 0.0000000000
53985  -46.056  -49.497  7.114 0.0000000000
58904  -51.696  -45.664  14.663 0.0000000000
58919  -51.023  -45.735  14.170 0.0000000000
58920  -52.068  -45.339  13.976 0.0000000000
58921  -52.990  -45.133  14.345 0.0000000000
41830  -44.696  -57.765  21.509 0.0000000000
41848  -43.727  -57.595  20.667 0.0000000000
41849  -44.964  -57.686  20.401 0.0000000000
46091  -42.276  -55.372  12.077 0.0000000000
44833  -42.131  -56.094  12.396 0.0000000000
53962  -45.411  -49.429  7.984 0.0000000000
53983  -44.412  -48.978  7.323 0.0000000000
77089  -57.808  -31.745  15.253 0.0000000000
75921  -56.539  -31.703  14.530 0.0000000000
77100  -57.444  -31.632  13.717 0.0000000000
77138  -57.218  -31.852  12.768 0.0000000000
75940  -57.869  -31.760  13.495 0.0000000000
26704  -30.296  -68.541  24.782 0.0000000000
26719  -30.066  -68.266  23.755 0.0000000000
37347  -30.981  -61.388  14.366 0.0000000000
37346  -30.246  -61.557  14.223 0.0000000000
37372  -29.796  -60.775  13.133 0.0000000000
38826  -29.569  -60.812  11.720 0.0000000000
38827  -29.976  -60.453  12.354 0.0000000000
34554  -39.269  -63.207  14.269 0.0000000000
34553  -38.621  -63.336  14.323 0.0000000000
51449  -49.251  -51.742  11.932 0.0000000000
52677  -49.639  -50.943  11.582 0.0000000000
52664  -49.598  -51.344  12.132 0.0000000000
53814  -50.486  -49.677  17.175 0.0000000000
55099  -50.534  -48.518  16.935 0.0000000000
55086  -50.873  -48.903  17.557 0.0000000000
43366  -49.518  -57.765  21.038 0.0000000000
41854  -49.494  -58.497  20.165 0.0000000000
41855  -50.025  -58.046  19.851 0.0000000000
47446  -46.793  -54.320  16.100 0.0000000000
46051  -46.430  -55.073  16.368 0.0000000000
46075  -45.814  -54.926  15.936 0.0000000000
47474  -45.381  -54.109  15.214 0.0000000000
48808  -45.956  -53.516  15.150 0.0000000000
50165  -49.410  -52.269  12.856 0.0000000000
50174  -48.664  -52.120  12.011 0.0000000000
51448  -48.587  -51.719  11.459 0.0000000000
28303  -34.314  -66.680  24.036 0.0000000000
29842  -34.920  -66.584  24.260 0.0000000000
34429  -36.161  -63.529  21.147 0.0000000000
33023  -35.377  -63.711  20.712 0.0000000000
34453  -35.030  -63.411  19.996 0.0000000000
34475  -34.548  -62.846  19.291 0.0000000000
34476  -35.462  -62.609  19.716 0.0000000000
55148  -47.119  -48.717  12.234 0.0000000000
60220  -48.589  -44.651  11.703 0.0000000000
60219  -47.840  -44.910  11.568 0.0000000000
62811  -51.501  -42.131  10.500 0.0000000000
62812  -52.448  -41.992  10.830 0.0000000000
64084  -52.455  -41.532  10.277 0.0000000000
62813  -52.908  -41.630  10.775 0.0000000000
38646  -39.894  -60.189  23.902 0.0000000000
37197  -40.535  -61.520  22.830 0.0000000000
35856  -43.083  -62.656  17.614 0.0000000000
34495  -42.388  -62.923  17.994 0.0000000000
33074  -43.569  -63.591  17.259 0.0000000000
33085  -42.804  -64.340  16.851 0.0000000000
33086  -43.821  -63.886  16.956 0.0000000000
38768  -47.145  -61.083  16.754 0.0000000000
37322  -47.099  -61.812  16.531 0.0000000000
41961  -41.028  -58.207  14.446 0.0000000000
40377  -40.535  -59.305  15.120 0.0000000000
41960  -39.971  -58.662  14.642 0.0000000000
51461  -42.652  -51.710  10.785 0.0000000000
51481  -42.244  -51.313  10.297 0.0000000000
56343  -55.434  -46.682  18.623 0.0000000000
62687  -57.605  -42.402  17.111 0.0000000000
62671  -57.873  -42.643  17.840 0.0000000000
62686  -57.090  -42.773  16.539 0.0000000000
61397  -56.649  -43.409  16.427 0.0000000000
62709  -56.734  -42.427  15.886 0.0000000000
61434  -55.776  -43.060  15.038 0.0000000000
68067  -55.811  -38.748  14.040 0.0000000000
66712  -55.619  -39.495  13.675 0.0000000000
68091  -54.425  -38.702  13.356 0.0000000000
74667  -54.571  -33.183  17.245 0.0000000000
73463  -54.670  -34.217  16.923 0.0000000000
73499  -53.111  -34.055  12.700 0.0000000000
73510  -52.311  -34.977  11.928 0.0000000000
73522  -52.195  -34.446  11.070 0.0000000000
74793  -54.463  -33.838  8.233 0.0000000000
73567  -53.922  -34.093  7.971 0.0000000000
73576  -54.052  -33.804  7.803 0.0000000000
76006  -59.632  -32.345  10.331 0.0000000000
76005  -59.120  -32.458  9.925 0.0000000000
25200  -26.142  -69.744  24.702 0.0000000000
28350  -27.363  -67.709  19.563 0.0000000000
26778  -26.797  -68.081  19.876 0.0000000000
28363  -26.707  -67.465  18.710 0.0000000000
28374  -26.860  -67.271  18.173 0.0000000000
31496  -31.053  -65.495  19.796 0.0000000000
31533  -27.132  -65.247  12.680 0.0000000000
34459  -40.454  -63.645  20.462 0.0000000000
34458  -39.879  -63.417  20.302 0.0000000000
34478  -40.037  -63.674  19.586 0.0000000000
37352  -36.440  -61.951  14.589 0.0000000000
37332  -36.095  -61.120  15.501 0.0000000000
37350  -35.122  -60.938  13.897 0.0000000000
50135  -50.758  -52.489  14.815 0.0000000000
51408  -50.949  -51.561  14.709 0.0000000000
50136  -51.121  -52.082  15.191 0.0000000000
51352  -51.278  -51.570  17.284 0.0000000000
52611  -50.975  -50.987  16.926 0.0000000000
44753  -50.578  -56.105  19.459 0.0000000000
43391  -50.495  -57.102  19.064 0.0000000000
46055  -50.538  -54.989  17.247 0.0000000000
46032  -49.997  -55.462  17.414 0.0000000000
47448  -48.784  -54.536  16.822 0.0000000000
47477  -49.075  -54.131  16.329 0.0000000000
48811  -48.873  -53.751  15.883 0.0000000000
47478  -49.481  -54.179  16.236 0.0000000000
48835  -50.211  -53.124  14.651 0.0000000000
48848  -50.094  -52.994  14.057 0.0000000000
68181  -47.514  -38.633  6.386 0.0000000000
70899  -48.178  -36.711  7.467 0.0000000000
72280  -48.467  -35.837  7.021 0.0000000000
32961  -37.483  -64.739  23.479 0.0000000000
32986  -37.663  -64.221  22.497 0.0000000000
33008  -36.689  -64.191  21.752 0.0000000000
55250  -46.260  -48.984  6.529 0.0000000000
57672  -48.869  -46.750  14.410 0.0000000000
57689  -49.376  -46.302  13.993 0.0000000000
60203  -48.979  -45.132  12.361 0.0000000000
60221  -49.681  -44.293  11.843 0.0000000000
60207  -52.106  -44.176  12.849 0.0000000000
61449  -53.390  -43.521  13.080 0.0000000000
41827  -41.676  -58.348  21.890 0.0000000000
41846  -41.913  -58.154  21.301 0.0000000000
41885  -43.019  -58.125  19.009 0.0000000000
40271  -42.139  -58.498  19.425 0.0000000000
40288  -42.664  -59.265  18.141 0.0000000000
38739  -42.531  -60.540  17.678 0.0000000000
40307  -43.782  -60.056  17.657 0.0000000000
41965  -44.060  -58.070  14.848 0.0000000000
44823  -41.877  -56.689  12.907 0.0000000000
43472  -42.346  -57.237  13.489 0.0000000000
43471  -41.483  -57.274  13.451 0.0000000000
41976  -41.771  -57.758  13.906 0.0000000000
44821  -40.179  -56.719  13.222 0.0000000000
52709  -43.869  -50.033  9.836 0.0000000000
65274  -58.337  -40.291  16.703 0.0000000000
65289  -58.022  -40.361  15.995 0.0000000000
69457  -57.345  -38.461  16.411 0.0000000000
68046  -56.486  -38.765  14.653 0.0000000000
69455  -56.364  -38.011  15.273 0.0000000000
77064  -56.194  -31.397  16.768 0.0000000000
77055  -56.011  -31.453  17.269 0.0000000000
75882  -55.597  -32.146  16.858 0.0000000000
75892  -54.758  -32.586  16.334 0.0000000000
75893  -55.676  -31.840  16.110 0.0000000000
75952  -54.733  -32.463  12.918 0.0000000000
74711  -53.766  -33.041  13.254 0.0000000000
75974  -55.064  -32.494  12.116 0.0000000000
74758  -55.906  -33.544  10.326 0.0000000000
25202  -27.736  -69.527  24.754 0.0000000000
25217  -27.548  -69.432  23.813 0.0000000000
25231  -28.035  -69.103  23.312 0.0000000000
26752  -28.810  -68.193  22.280 0.0000000000
26733  -28.241  -68.693  22.672 0.0000000000
26751  -28.183  -68.349  21.815 0.0000000000
28318  -28.258  -67.959  21.307 0.0000000000
34506  -31.030  -63.449  17.147 0.0000000000
34505  -30.455  -63.670  17.108 0.0000000000
35913  -29.223  -61.971  13.747 0.0000000000
34549  -29.287  -62.627  15.071 0.0000000000
34548  -28.226  -63.239  14.614 0.0000000000
35921  -28.228  -62.573  12.894 0.0000000000
35922  -28.554  -62.165  12.473 0.0000000000
35949  -29.527  -62.040  10.278 0.0000000000
35936  -29.292  -62.475  10.718 0.0000000000
33070  -40.222  -64.076  16.915 0.0000000000
34510  -39.559  -63.305  17.456 0.0000000000
34552  -37.933  -63.123  14.532 0.0000000000
34536  -38.189  -62.931  15.109 0.0000000000
34551  -37.485  -62.984  14.394 0.0000000000
35903  -37.131  -62.614  14.629 0.0000000000
51482  -47.218  -50.810  8.995 0.0000000000
51501  -47.360  -50.537  8.776 0.0000000000
52714  -48.105  -50.379  9.649 0.0000000000
53929  -49.120  -50.388  11.112 0.0000000000
53946  -48.597  -50.274  10.486 0.0000000000
53910  -48.754  -50.093  11.727 0.0000000000
53909  -47.927  -49.557  11.381 0.0000000000
52653  -50.725  -51.078  14.656 0.0000000000
53859  -50.046  -50.978  13.501 0.0000000000
52639  -50.764  -50.935  14.320 0.0000000000
53827  -49.494  -49.601  15.887 0.0000000000
52637  -49.339  -50.336  14.884 0.0000000000
53856  -48.333  -49.431  14.363 0.0000000000
53840  -48.557  -49.062  14.915 0.0000000000
55120  -48.504  -48.386  14.629 0.0000000000
55109  -49.310  -48.579  15.567 0.0000000000
56364  -50.344  -47.435  16.142 0.0000000000
57644  -51.255  -46.594  16.148 0.0000000000
57658  -50.741  -46.539  15.422 0.0000000000
57645  -52.199  -46.345  16.340 0.0000000000
41851  -46.841  -58.386  20.386 0.0000000000
41852  -47.783  -58.561  20.263 0.0000000000
40275  -49.291  -59.422  19.069 0.0000000000
40274  -48.674  -59.759  19.060 0.0000000000
38728  -48.930  -59.999  18.522 0.0000000000
38744  -48.291  -60.723  17.482 0.0000000000
40311  -48.596  -59.811  17.681 0.0000000000
43390  -50.136  -57.406  18.673 0.0000000000
43400  -49.375  -57.746  18.373 0.0000000000
44789  -46.537  -56.425  16.659 0.0000000000
43398  -47.985  -57.697  17.399 0.0000000000
43419  -46.547  -57.831  16.632 0.0000000000
43440  -45.132  -57.771  15.774 0.0000000000
46081  -44.309  -55.336  14.410 0.0000000000
44807  -44.492  -56.047  14.980 0.0000000000
46085  -43.316  -55.508  13.061 0.0000000000
47489  -43.276  -54.456  12.962 0.0000000000
50143  -44.177  -52.803  13.362 0.0000000000
48844  -43.635  -53.575  13.226 0.0000000000
50160  -43.746  -52.465  12.550 0.0000000000
50161  -44.676  -52.150  12.991 0.0000000000
50131  -47.051  -52.486  14.521 0.0000000000
51416  -46.205  -51.657  12.920 0.0000000000
51445  -45.299  -51.063  11.670 0.0000000000
52675  -44.824  -50.659  11.089 0.0000000000
51463  -46.995  -50.858  9.795 0.0000000000
52712  -46.643  -50.872  9.017 0.0000000000
77103  -61.276  -31.566  14.258 0.0000000000
75959  -60.985  -31.943  12.426 0.0000000000
77121  -61.751  -31.360  13.042 0.0000000000
77157  -61.459  -31.390  11.274 0.0000000000
77168  -61.964  -30.971  10.739 0.0000000000
77181  -61.088  -31.294  9.628 0.0000000000
28293  -32.399  -67.379  24.429 0.0000000000
28301  -32.561  -66.840  23.526 0.0000000000
29871  -33.653  -66.268  22.826 0.0000000000
29870  -32.800  -66.391  22.711 0.0000000000
31472  -32.317  -65.736  21.508 0.0000000000
31473  -32.904  -65.655  21.592 0.0000000000
31444  -35.964  -65.583  23.500 0.0000000000
31475  -35.350  -65.209  21.959 0.0000000000
33022  -34.516  -64.257  20.436 0.0000000000
31484  -34.021  -64.952  20.946 0.0000000000
33021  -33.443  -64.681  20.268 0.0000000000
33069  -32.203  -63.677  18.196 0.0000000000
33054  -32.768  -63.907  18.715 0.0000000000
35828  -33.412  -62.464  18.103 0.0000000000
34508  -32.886  -62.586  17.766 0.0000000000
35870  -32.464  -62.007  16.636 0.0000000000
35885  -32.268  -61.565  15.980 0.0000000000
53965  -47.795  -49.877  8.900 0.0000000000
53943  -47.406  -49.481  9.005 0.0000000000
55179  -45.899  -48.272  9.902 0.0000000000
55191  -45.867  -48.481  9.180 0.0000000000
57707  -47.513  -46.493  12.541 0.0000000000
57706  -46.870  -46.686  12.321 0.0000000000
58984  -46.157  -45.474  10.544 0.0000000000
61503  -50.102  -43.328  11.308 0.0000000000
62810  -50.172  -42.798  10.671 0.0000000000
64109  -50.607  -41.175  8.359 0.0000000000
65408  -51.913  -40.479  9.318 0.0000000000
65421  -51.258  -40.264  8.612 0.0000000000
66802  -51.412  -39.982  8.826 0.0000000000
66782  -51.365  -39.807  9.072 0.0000000000
68160  -51.644  -39.881  9.302 0.0000000000
35736  -41.485  -63.605  25.062 0.0000000000
34383  -41.411  -63.811  24.660 0.0000000000
35735  -40.942  -63.097  24.441 0.0000000000
35757  -41.391  -62.402  22.249 0.0000000000
34414  -41.593  -62.824  21.799 0.0000000000
34435  -41.013  -63.387  21.249 0.0000000000
34436  -41.457  -63.010  21.066 0.0000000000
38692  -40.833  -60.460  20.376 0.0000000000
37220  -41.211  -61.299  20.850 0.0000000000
37232  -41.156  -61.278  20.206 0.0000000000
33059  -41.912  -63.412  18.365 0.0000000000
33042  -41.549  -63.488  19.212 0.0000000000
33057  -41.204  -64.307  18.454 0.0000000000
33072  -41.885  -64.226  17.514 0.0000000000
33094  -41.635  -64.146  15.832 0.0000000000
33093  -41.001  -63.939  15.618 0.0000000000
34539  -40.297  -63.457  15.247 0.0000000000
41889  -46.861  -59.721  18.714 0.0000000000
41888  -46.153  -59.251  18.721 0.0000000000
40291  -46.292  -60.310  18.238 0.0000000000
35860  -47.005  -62.421  17.096 0.0000000000
38743  -46.462  -61.659  17.733 0.0000000000
35859  -45.967  -62.665  17.179 0.0000000000
35858  -45.089  -62.821  17.302 0.0000000000
34514  -45.529  -63.100  16.933 0.0000000000
40358  -44.301  -59.766  15.357 0.0000000000
37338  -43.378  -61.901  15.449 0.0000000000
35892  -43.908  -62.882  15.576 0.0000000000
35891  -42.845  -62.894  15.406 0.0000000000
38789  -40.025  -61.146  15.316 0.0000000000
37335  -40.444  -61.709  15.327 0.0000000000
37354  -39.902  -61.993  14.782 0.0000000000
48860  -42.231  -53.595  11.464 0.0000000000
23619  -27.831  -70.452  26.760 0.0000000000
26694  -32.233  -68.593  25.743 0.0000000000
28250  -36.829  -66.613  26.483 0.0000000000
34346  -41.140  -63.792  27.114 0.0000000000
34357  -41.534  -63.599  26.692 0.0000000000
34356  -40.763  -63.528  26.767 0.0000000000
38615  -40.450  -60.381  25.294 0.0000000000
38616  -40.651  -60.174  25.878 0.0000000000
41771  -42.245  -58.428  26.388 0.0000000000
40177  -41.706  -58.995  26.582 0.0000000000
41780  -41.721  -58.675  25.533 0.0000000000
41779  -41.280  -59.139  25.259 0.0000000000
41791  -42.009  -58.254  24.696 0.0000000000
43308  -44.220  -57.583  24.953 0.0000000000
41793  -43.945  -57.672  24.187 0.0000000000
41804  -44.409  -57.691  23.494 0.0000000000
43325  -46.459  -57.692  23.987 0.0000000000
43338  -46.898  -57.698  23.329 0.0000000000
41819  -46.628  -57.903  22.407 0.0000000000
44696  -48.627  -57.052  23.499 0.0000000000
43341  -48.604  -57.325  22.496 0.0000000000
47364  -50.698  -53.647  21.064 0.0000000000
51300  -51.364  -51.946  20.270 0.0000000000
51285  -51.874  -51.695  20.900 0.0000000000
52554  -52.775  -50.325  20.790 0.0000000000
52564  -52.435  -50.325  19.979 0.0000000000
52577  -52.309  -50.275  19.214 0.0000000000
53791  -52.792  -49.404  19.793 0.0000000000
55066  -54.745  -48.173  20.064 0.0000000000
55054  -54.432  -48.725  20.464 0.0000000000
55079  -53.465  -48.113  19.401 0.0000000000
55078  -52.702  -48.412  19.125 0.0000000000
56340  -52.730  -47.834  18.549 0.0000000000
56341  -53.669  -47.391  18.620 0.0000000000
57632  -54.315  -46.529  17.748 0.0000000000
56353  -53.387  -46.752  17.465 0.0000000000
57647  -53.878  -46.325  16.740 0.0000000000
57646  -53.167  -46.409  16.308 0.0000000000
57662  -54.266  -45.920  16.287 0.0000000000
61367  -57.819  -43.835  18.443 0.0000000000
58864  -56.660  -45.434  18.533 0.0000000000
58879  -56.195  -45.383  17.965 0.0000000000
60147  -55.447  -44.992  16.255 0.0000000000
58908  -55.067  -45.321  16.070 0.0000000000
58907  -54.395  -45.416  15.512 0.0000000000
58922  -53.850  -44.923  14.544 0.0000000000
60159  -54.457  -44.306  14.925 0.0000000000
61452  -55.345  -43.011  14.092 0.0000000000
61451  -54.541  -43.193  13.586 0.0000000000
61471  -54.198  -42.927  12.908 0.0000000000
62758  -54.525  -42.394  13.053 0.0000000000
64008  -56.949  -41.010  14.971 0.0000000000
64007  -56.395  -41.619  14.530 0.0000000000
65304  -56.477  -40.545  14.340 0.0000000000
64049  -54.764  -40.756  12.598 0.0000000000
64048  -54.396  -41.348  12.128 0.0000000000
65361  -54.089  -40.823  11.772 0.0000000000
64069  -53.910  -41.137  11.571 0.0000000000
68108  -52.917  -39.104  11.531 0.0000000000
66745  -52.840  -39.427  11.175 0.0000000000
68107  -52.384  -38.734  11.265 0.0000000000
68126  -52.007  -39.357  10.218 0.0000000000
72182  -55.320  -35.731  16.022 0.0000000000
72183  -55.952  -36.563  15.996 0.0000000000
70816  -55.307  -37.233  15.107 0.0000000000
70815  -54.657  -36.762  14.952 0.0000000000
73472  -54.695  -34.047  15.857 0.0000000000
72198  -53.675  -35.701  13.786 0.0000000000
70825  -54.436  -37.056  13.997 0.0000000000
70835  -52.936  -36.645  12.779 0.0000000000
72221  -51.347  -35.799  11.245 0.0000000000
70833  -51.881  -37.062  12.238 0.0000000000
70846  -51.487  -36.627  11.686 0.0000000000
69514  -50.791  -37.845  10.764 0.0000000000
70860  -50.415  -36.683  10.757 0.0000000000
70872  -49.825  -36.689  10.091 0.0000000000
72235  -50.203  -36.076  10.265 0.0000000000
73563  -50.650  -34.756  8.827 0.0000000000
73545  -50.737  -34.934  9.387 0.0000000000
72276  -49.799  -34.955  7.438 0.0000000000
73572  -50.651  -34.730  7.879 0.0000000000
74736  -53.820  -33.390  10.626 0.0000000000
74755  -52.979  -34.040  9.376 0.0000000000
73574  -52.526  -34.155  7.466 0.0000000000
73565  -52.434  -34.423  8.144 0.0000000000
73581  -51.479  -34.212  6.685 0.0000000000
75942  -59.358  -32.364  13.281 0.0000000000
75956  -58.701  -32.550  12.634 0.0000000000
74724  -58.781  -32.630  12.063 0.0000000000
74784  -58.027  -33.366  10.288 0.0000000000
74796  -57.167  -33.601  9.309 0.0000000000
74795  -56.435  -33.511  8.898 0.0000000000
77199  -58.258  -31.858  8.019 0.0000000000
77191  -58.569  -32.260  8.611 0.0000000000
77197  -56.445  -32.239  7.217 0.0000000000
76026  -55.765  -32.484  7.082 0.0000000000
25229  -26.546  -69.232  22.594 0.0000000000
28335  -25.771  -67.791  19.996 0.0000000000
26748  -25.479  -68.447  21.387 0.0000000000
28347  -24.751  -67.036  19.244 0.0000000000
29933  -25.010  -66.513  16.782 0.0000000000
28321  -31.098  -66.766  21.999 0.0000000000
28320  -30.479  -67.075  22.005 0.0000000000
29889  -29.503  -66.557  20.827 0.0000000000
29904  -28.990  -66.407  19.882 0.0000000000
28351  -28.349  -67.098  19.662 0.0000000000
29916  -28.710  -66.259  19.210 0.0000000000
33080  -29.525  -64.204  16.785 0.0000000000
31519  -29.066  -64.607  16.912 0.0000000000
31517  -27.567  -65.262  16.359 0.0000000000
31511  -27.458  -66.013  17.176 0.0000000000
29926  -27.804  -66.345  17.881 0.0000000000
29935  -26.806  -66.111  16.455 0.0000000000
33115  -28.872  -63.884  11.454 0.0000000000
32965  -41.078  -64.082  23.530 0.0000000000
32964  -40.532  -64.143  23.348 0.0000000000
32989  -40.402  -63.894  22.684 0.0000000000
35769  -38.929  -62.675  21.188 0.0000000000
34432  -38.878  -63.003  21.722 0.0000000000
34457  -38.401  -62.843  21.269 0.0000000000
34456  -37.715  -62.795  21.023 0.0000000000
35789  -37.584  -62.102  20.277 0.0000000000
35854  -38.436  -62.257  17.206 0.0000000000
37265  -37.820  -61.626  17.591 0.0000000000
37291  -36.394  -61.109  17.305 0.0000000000
37264  -37.116  -61.341  18.181 0.0000000000
37263  -36.037  -61.220  18.193 0.0000000000
37248  -36.448  -61.414  18.811 0.0000000000
37262  -35.196  -61.631  18.267 0.0000000000
38807  -33.618  -60.300  14.655 0.0000000000
38786  -33.771  -60.398  15.854 0.0000000000
38806  -32.611  -60.275  14.416 0.0000000000
38818  -32.287  -59.772  13.217 0.0000000000
35931  -35.856  -62.640  11.676 0.0000000000
35930  -35.471  -62.298  11.168 0.0000000000
37381  -35.056  -61.789  11.259 0.0000000000
38856  -34.327  -60.903  10.669 0.0000000000
38870  -32.260  -60.279  9.114 0.0000000000
40411  -32.233  -59.657  10.611 0.0000000000
38853  -31.786  -59.830  9.805 0.0000000000
40410  -31.250  -59.565  10.595 0.0000000000
40424  -30.931  -59.736  9.683 0.0000000000
48814  -51.183  -53.386  16.107 0.0000000000
50120  -51.217  -52.624  15.838 0.0000000000
50077  -51.324  -52.283  17.810 0.0000000000
46002  -50.619  -55.058  19.502 0.0000000000
44764  -50.941  -55.636  18.620 0.0000000000
46016  -51.352  -55.134  18.272 0.0000000000
47422  -51.100  -54.722  17.208 0.0000000000
47450  -50.781  -54.408  16.778 0.0000000000
47479  -50.217  -54.116  16.164 0.0000000000
48786  -51.001  -53.699  16.332 0.0000000000
66813  -48.729  -39.414  7.247 0.0000000000
68182  -48.153  -38.748  7.155 0.0000000000
69568  -47.687  -37.837  6.920 0.0000000000
69576  -47.442  -37.690  6.036 0.0000000000
69557  -47.997  -37.505  7.361 0.0000000000
70885  -48.523  -37.091  7.976 0.0000000000
70886  -48.821  -36.565  8.426 0.0000000000
31398  -38.599  -65.488  25.729 0.0000000000
31418  -38.340  -65.413  24.902 0.0000000000
31419  -39.153  -65.193  25.061 0.0000000000
32946  -38.841  -64.755  24.374 0.0000000000
32963  -39.429  -64.339  23.603 0.0000000000
57674  -50.441  -46.242  14.649 0.0000000000
57690  -50.039  -46.237  14.166 0.0000000000
58918  -50.410  -45.970  14.149 0.0000000000
58956  -51.304  -44.854  12.803 0.0000000000
58937  -52.176  -45.014  13.025 0.0000000000
41847  -42.488  -57.858  20.880 0.0000000000
41866  -43.900  -57.747  19.613 0.0000000000
41886  -44.008  -58.268  18.582 0.0000000000
44825  -43.564  -56.576  13.583 0.0000000000
43474  -43.561  -57.190  13.764 0.0000000000
44824  -42.744  -56.376  12.950 0.0000000000
44832  -41.391  -56.183  12.456 0.0000000000
44831  -40.212  -56.117  12.449 0.0000000000
46089  -41.081  -55.680  12.074 0.0000000000
46100  -40.425  -55.289  11.672 0.0000000000
53940  -44.651  -49.557  8.943 0.0000000000
75894  -56.669  -31.593  15.880 0.0000000000
75906  -56.058  -31.717  15.319 0.0000000000
77098  -56.140  -31.623  13.765 0.0000000000
77118  -56.022  -31.676  13.235 0.0000000000
75953  -55.607  -32.191  12.546 0.0000000000
75954  -56.565  -32.266  12.436 0.0000000000
75976  -56.904  -32.977  11.921 0.0000000000
25219  -29.058  -69.037  24.447 0.0000000000
25218  -28.358  -69.025  24.078 0.0000000000
26718  -29.341  -68.611  23.896 0.0000000000
26734  -29.190  -68.361  22.954 0.0000000000
28308  -29.335  -67.976  22.425 0.0000000000
34535  -30.980  -62.481  15.759 0.0000000000
34534  -30.313  -62.716  15.600 0.0000000000
35900  -29.540  -62.076  14.379 0.0000000000
37358  -28.924  -61.732  13.366 0.0000000000
37371  -29.081  -61.335  12.528 0.0000000000
37390  -29.509  -61.557  10.563 0.0000000000
34561  -37.796  -63.361  13.557 0.0000000000
51465  -48.401  -51.329  10.603 0.0000000000
52695  -48.369  -50.869  10.138 0.0000000000
53911  -49.700  -50.519  12.114 0.0000000000
52609  -49.819  -50.465  16.029 0.0000000000
55098  -49.769  -48.601  16.279 0.0000000000
41834  -48.438  -58.327  21.289 0.0000000000
41853  -48.651  -58.769  20.134 0.0000000000
40253  -49.059  -59.209  19.592 0.0000000000
40294  -49.196  -59.440  18.575 0.0000000000
46030  -48.357  -55.713  17.408 0.0000000000
44770  -48.275  -56.525  17.612 0.0000000000
44788  -45.660  -55.926  16.185 0.0000000000
46074  -45.162  -55.213  15.461 0.0000000000
46082  -44.673  -55.139  14.879 0.0000000000
47485  -44.322  -54.408  14.295 0.0000000000
48829  -44.622  -53.919  14.475 0.0000000000
48846  -45.057  -52.888  13.968 0.0000000000
50148  -48.788  -52.586  13.586 0.0000000000
50147  -47.840  -52.121  13.447 0.0000000000
51434  -47.440  -51.741  12.647 0.0000000000
51447  -47.710  -51.708  11.504 0.0000000000
51446  -46.560  -51.083  11.132 0.0000000000
28302  -33.652  -66.799  23.964 0.0000000000
29864  -34.000  -66.462  23.444 0.0000000000
29881  -34.006  -66.037  22.439 0.0000000000
31476  -36.102  -64.763  22.033 0.0000000000
33055  -33.258  -63.645  18.919 0.0000000000
34474  -33.716  -63.320  19.108 0.0000000000
34493  -33.870  -62.694  18.630 0.0000000000
35829  -34.083  -62.042  18.097 0.0000000000
55181  -47.294  -49.321  10.205 0.0000000000
55164  -46.470  -48.516  11.314 0.0000000000
56448  -46.088  -48.299  10.878 0.0000000000
58953  -48.294  -45.694  12.447 0.0000000000
58970  -47.272  -45.504  11.544 0.0000000000
58985  -47.048  -45.121  10.823 0.0000000000
62797  -51.154  -42.897  11.625 0.0000000000
62824  -51.389  -41.625  9.375 0.0000000000
62836  -51.191  -41.378  8.736 0.0000000000
62825  -51.546  -41.308  9.088 0.0000000000
64098  -52.204  -41.170  9.575 0.0000000000
65393  -52.549  -40.572  9.828 0.0000000000
37183  -40.328  -61.793  24.219 0.0000000000
37249  -41.432  -61.306  18.519 0.0000000000
37233  -41.343  -61.542  19.483 0.0000000000
35813  -41.730  -62.143  18.538 0.0000000000
37269  -47.872  -61.364  18.084 0.0000000000
38725  -46.841  -61.085  18.055 0.0000000000
35861  -47.405  -62.096  16.866 0.0000000000
35876  -47.002  -62.214  16.675 0.0000000000
37341  -45.923  -61.903  16.244 0.0000000000
40379  -42.544  -58.926  14.766 0.0000000000
40356  -42.225  -59.816  15.373 0.0000000000
38791  -41.757  -60.922  15.560 0.0000000000
40354  -40.216  -60.319  15.419 0.0000000000
50188  -42.233  -52.571  10.877 0.0000000000
35714  -40.399  -62.856  26.843 0.0000000000
37134  -40.401  -61.790  27.251 0.0000000000
43293  -43.401  -57.757  25.397 0.0000000000
43326  -47.520  -57.655  24.074 0.0000000000
51272  -52.544  -51.338  22.428 0.0000000000
51286  -52.469  -51.098  21.465 0.0000000000
51287  -52.877  -50.936  22.157 0.0000000000
52544  -53.274  -50.400  21.937 0.0000000000
53769  -53.660  -49.769  21.503 0.0000000000
55067  -55.219  -48.015  20.346 0.0000000000
56331  -54.423  -47.729  19.382 0.0000000000
56342  -54.829  -47.080  18.648 0.0000000000
56354  -55.103  -46.626  18.260 0.0000000000
57633  -54.992  -46.315  17.877 0.0000000000
61381  -57.922  -42.974  18.199 0.0000000000
61380  -57.696  -43.498  17.862 0.0000000000
60133  -56.941  -44.468  17.467 0.0000000000
60149  -56.685  -43.953  16.892 0.0000000000
60161  -55.735  -43.977  15.821 0.0000000000
61415  -54.937  -43.727  15.081 0.0000000000
61416  -55.446  -43.555  15.389 0.0000000000
61453  -55.766  -42.859  14.545 0.0000000000
62760  -55.796  -42.295  14.253 0.0000000000
66692  -56.674  -39.753  14.581 0.0000000000
65320  -55.904  -40.262  13.851 0.0000000000
65342  -54.761  -40.081  12.733 0.0000000000
66733  -54.253  -39.469  12.854 0.0000000000
68089  -53.104  -38.676  12.133 0.0000000000
72171  -55.373  -35.521  16.735 0.0000000000
73484  -54.833  -34.975  16.155 0.0000000000
74701  -53.850  -33.416  14.226 0.0000000000
72211  -53.128  -35.456  12.956 0.0000000000
72210  -52.525  -35.563  12.327 0.0000000000
72222  -51.962  -35.518  11.770 0.0000000000
72236  -50.797  -35.597  10.562 0.0000000000
73532  -51.541  -34.857  10.271 0.0000000000
73546  -51.381  -34.509  9.385 0.0000000000
74779  -53.605  -33.977  8.734 0.0000000000
74792  -53.838  -34.081  8.247 0.0000000000
73582  -52.292  -33.770  6.797 0.0000000000
75978  -59.586  -32.562  11.894 0.0000000000
74762  -58.754  -32.800  11.237 0.0000000000
75990  -58.754  -32.798  10.398 0.0000000000
76004  -58.346  -33.080  9.862 0.0000000000
25199  -24.989  -69.420  24.355 0.0000000000
26768  -27.242  -68.377  20.821 0.0000000000
26749  -26.532  -68.842  21.712 0.0000000000
28361  -25.307  -67.194  18.797 0.0000000000
28362  -25.871  -67.425  18.522 0.0000000000
28372  -25.882  -67.344  17.889 0.0000000000
29924  -25.942  -66.998  17.423 0.0000000000
29891  -31.207  -65.860  21.202 0.0000000000
29890  -30.328  -66.046  21.102 0.0000000000
29906  -30.807  -65.789  20.540 0.0000000000
31495  -29.645  -65.657  19.521 0.0000000000
33091  -28.492  -64.039  15.840 0.0000000000
33090  -27.648  -64.365  15.653 0.0000000000
31532  -26.573  -65.371  13.345 0.0000000000
34411  -40.172  -63.698  22.141 0.0000000000
35791  -39.361  -62.862  20.757 0.0000000000
37320  -37.244  -62.017  15.983 0.0000000000
37319  -36.610  -61.389  16.296 0.0000000000
37318  -35.644  -60.861  16.556 0.0000000000
38765  -35.049  -60.603  16.375 0.0000000000
38788  -35.374  -60.690  16.011 0.0000000000
38808  -34.714  -60.447  14.829 0.0000000000
38888  -33.849  -60.853  8.220 0.0000000000
38871  -33.241  -60.492  9.204 0.0000000000
51436  -50.010  -51.924  13.155 0.0000000000
52651  -50.025  -51.378  13.377 0.0000000000
51419  -50.499  -51.677  13.902 0.0000000000
51409  -51.478  -51.163  14.480 0.0000000000
52623  -51.464  -50.958  14.762 0.0000000000
51375  -50.670  -51.299  15.698 0.0000000000
52593  -50.778  -50.375  17.249 0.0000000000
44742  -49.650  -57.158  20.891 0.0000000000
43380  -50.262  -57.257  19.789 0.0000000000
44772  -50.123  -56.438  18.126 0.0000000000
44773  -50.735  -56.029  18.174 0.0000000000
46031  -49.022  -55.511  17.415 0.0000000000
47447  -47.610  -54.203  16.400 0.0000000000
47476  -47.048  -53.825  15.837 0.0000000000
48809  -46.864  -53.147  15.314 0.0000000000
48810  -47.881  -53.350  15.538 0.0000000000
48832  -48.179  -53.187  15.024 0.0000000000
48812  -49.873  -53.697  15.520 0.0000000000
48834  -49.435  -53.370  14.782 0.0000000000
50133  -49.013  -53.052  14.292 0.0000000000
50149  -49.646  -52.790  13.789 0.0000000000
50166  -49.897  -52.405  13.383 0.0000000000
69586  -47.229  -37.548  4.977 0.0000000000
28297  -36.123  -66.526  25.008 0.0000000000
29843  -35.680  -66.135  24.384 0.0000000000
29844  -36.528  -66.109  24.785 0.0000000000
31416  -36.296  -65.606  24.237 0.0000000000
31445  -36.795  -65.237  23.626 0.0000000000
32944  -37.327  -65.050  24.037 0.0000000000
32985  -36.734  -64.692  22.360 0.0000000000
55133  -47.909  -48.146  14.069 0.0000000000
56398  -47.243  -48.107  12.999 0.0000000000
56399  -47.694  -47.486  13.424 0.0000000000
57708  -48.048  -46.621  12.962 0.0000000000
58933  -48.456  -46.196  13.114 0.0000000000
58934  -48.965  -45.872  13.386 0.0000000000
61484  -49.227  -44.013  11.380 0.0000000000
60222  -50.168  -44.019  11.875 0.0000000000
61486  -50.569  -43.600  11.808 0.0000000000
60206  -51.437  -44.288  12.578 0.0000000000
61467  -51.084  -43.862  12.268 0.0000000000
61487  -51.187  -43.428  12.076 0.0000000000
62779  -51.808  -42.959  12.240 0.0000000000
61488  -52.922  -42.744  11.942 0.0000000000
40222  -40.637  -59.257  22.980 0.0000000000
38665  -40.617  -60.352  22.230 0.0000000000
40236  -40.948  -59.164  21.940 0.0000000000
38707  -40.957  -59.974  19.561 0.0000000000
40252  -42.088  -58.162  20.167 0.0000000000
40270  -41.494  -59.256  19.080 0.0000000000
38722  -41.306  -59.990  18.835 0.0000000000
38723  -41.686  -60.408  18.203 0.0000000000
37267  -42.877  -61.780  17.715 0.0000000000
35857  -43.955  -62.604  17.417 0.0000000000
41942  -45.472  -58.974  16.089 0.0000000000
40330  -45.855  -60.185  16.220 0.0000000000
41940  -43.933  -58.813  15.145 0.0000000000
43459  -43.357  -57.590  14.024 0.0000000000
41963  -42.852  -58.146  14.331 0.0000000000
40380  -43.089  -58.710  14.673 0.0000000000
41962  -42.046  -58.317  14.377 0.0000000000
43456  -39.641  -57.888  14.284 0.0000000000
43470  -40.553  -57.443  13.761 0.0000000000
44830  -38.828  -56.614  12.669 0.0000000000
52691  -43.220  -50.824  10.658 0.0000000000
52690  -42.578  -51.030  10.428 0.0000000000
52708  -42.451  -50.434  9.713 0.0000000000
53960  -42.724  -49.341  8.759 0.0000000000
63977  -58.301  -41.296  17.014 0.0000000000
63976  -57.767  -41.615  16.499 0.0000000000
65288  -57.397  -40.348  15.382 0.0000000000
68026  -57.932  -38.895  16.467 0.0000000000
66693  -57.063  -39.487  15.004 0.0000000000
66714  -56.579  -39.160  14.551 0.0000000000
68068  -56.311  -38.745  14.374 0.0000000000
69478  -55.979  -38.347  14.371 0.0000000000
74678  -55.281  -32.555  16.970 0.0000000000
74677  -54.758  -32.940  16.867 0.0000000000
75881  -55.113  -32.581  16.721 0.0000000000
75891  -54.447  -32.894  16.052 0.0000000000
75904  -54.441  -32.830  15.694 0.0000000000
75919  -54.422  -32.642  14.855 0.0000000000
74710  -53.336  -33.568  12.590 0.0000000000
74721  -53.615  -33.277  11.663 0.0000000000
73523  -52.911  -33.591  11.184 0.0000000000
74794  -55.446  -33.559  8.635 0.0000000000
77180  -59.877  -31.854  9.814 0.0000000000
77179  -59.366  -32.144  9.572 0.0000000000
77207  -58.372  -30.821  7.174 0.0000000000
23637  -26.704  -69.835  25.060 0.0000000000
25201  -27.008  -69.766  24.489 0.0000000000
26732  -27.627  -68.828  22.208 0.0000000000
26750  -27.404  -68.673  21.628 0.0000000000
28336  -27.431  -68.067  20.253 0.0000000000
33052  -30.873  -64.309  18.350 0.0000000000
33067  -30.592  -64.010  17.551 0.0000000000
33081  -30.103  -63.911  17.100 0.0000000000
34519  -29.503  -63.805  16.297 0.0000000000
34533  -29.208  -63.466  15.685 0.0000000000
34532  -28.470  -63.624  15.356 0.0000000000
34566  -28.057  -63.485  12.495 0.0000000000
34572  -28.559  -63.391  11.762 0.0000000000
35929  -28.792  -62.394  11.691 0.0000000000
34573  -28.956  -63.342  11.140 0.0000000000
34494  -39.997  -63.269  18.736 0.0000000000
34509  -38.980  -62.882  17.193 0.0000000000
35873  -38.303  -62.733  16.039 0.0000000000
35872  -37.835  -62.179  16.399 0.0000000000
37334  -37.214  -62.291  15.483 0.0000000000
37364  -36.230  -61.913  13.868 0.0000000000
53944  -47.903  -49.762  9.440 0.0000000000
52715  -48.465  -50.288  10.136 0.0000000000
53945  -48.351  -49.975  9.916 0.0000000000
53927  -47.903  -49.577  10.260 0.0000000000
52666  -50.152  -50.320  12.636 0.0000000000
53894  -50.298  -50.021  12.719 0.0000000000
53893  -49.954  -50.296  12.610 0.0000000000
52638  -49.822  -50.765  14.674 0.0000000000
53874  -49.473  -50.221  13.259 0.0000000000
53873  -48.701  -49.845  13.444 0.0000000000
53872  -47.944  -49.496  13.653 0.0000000000
56385  -49.010  -47.441  14.773 0.0000000000
56375  -49.636  -47.450  15.378 0.0000000000
57657  -50.092  -46.706  15.188 0.0000000000
41850  -45.875  -58.083  20.488 0.0000000000
41869  -47.018  -59.025  19.409 0.0000000000
40272  -47.483  -59.758  18.920 0.0000000000
40273  -47.981  -59.980  18.930 0.0000000000
38726  -47.782  -60.729  18.525 0.0000000000
37270  -48.339  -61.154  17.936 0.0000000000
38769  -47.748  -60.936  17.060 0.0000000000
40332  -47.350  -60.156  16.901 0.0000000000
41890  -49.804  -58.492  18.850 0.0000000000
41905  -48.859  -58.802  17.994 0.0000000000
41904  -48.143  -58.834  17.481 0.0000000000
41924  -47.558  -59.312  17.073 0.0000000000
41923  -46.843  -59.146  16.727 0.0000000000
41922  -46.138  -59.457  16.483 0.0000000000
44814  -44.103  -56.437  14.241 0.0000000000
46092  -42.718  -55.609  12.588 0.0000000000
47502  -41.872  -54.701  11.530 0.0000000000
47493  -42.374  -54.568  11.843 0.0000000000
48853  -42.566  -54.158  12.016 0.0000000000
48861  -42.755  -53.110  11.776 0.0000000000
51442  -42.983  -51.877  11.208 0.0000000000
51443  -43.444  -51.783  11.610 0.0000000000
48831  -46.261  -52.996  14.748 0.0000000000
50130  -46.215  -52.591  14.240 0.0000000000
50145  -45.770  -52.242  13.576 0.0000000000
50162  -45.226  -52.101  13.221 0.0000000000
51431  -44.563  -51.602  12.363 0.0000000000
52674  -43.874  -50.911  11.206 0.0000000000
52693  -45.400  -50.414  10.200 0.0000000000
52711  -45.919  -50.554  9.144 0.0000000000
53942  -46.150  -50.311  8.561 0.0000000000
75924  -59.167  -31.725  13.971 0.0000000000
75943  -60.165  -32.349  13.220 0.0000000000
75926  -60.634  -32.021  13.788 0.0000000000
75958  -60.298  -32.449  12.529 0.0000000000
75979  -60.355  -32.312  11.607 0.0000000000
77156  -60.749  -31.678  11.045 0.0000000000
77139  -61.586  -31.467  12.084 0.0000000000
77166  -60.610  -31.630  10.332 0.0000000000
77194  -61.261  -30.786  8.940 0.0000000000
78447  -61.880  -30.608  9.245 0.0000000000
78465  -61.117  -30.504  8.347 0.0000000000
28310  -31.434  -66.870  22.658 0.0000000000
29869  -32.086  -66.466  22.415 0.0000000000
29878  -31.577  -66.394  21.898 0.0000000000
29892  -31.904  -65.871  21.524 0.0000000000
31497  -31.977  -64.949  20.042 0.0000000000
29866  -35.117  -66.180  23.654 0.0000000000
31464  -34.405  -65.895  22.522 0.0000000000
31474  -34.114  -65.517  21.880 0.0000000000
33020  -32.653  -64.932  20.348 0.0000000000
33035  -31.731  -64.788  19.428 0.0000000000
33053  -31.865  -64.288  18.706 0.0000000000
34507  -32.221  -63.083  17.382 0.0000000000
35884  -31.505  -61.935  15.704 0.0000000000
35902  -31.188  -61.572  14.959 0.0000000000
37361  -31.270  -60.751  14.010 0.0000000000
35926  -38.301  -62.779  12.844 0.0000000000
55207  -46.709  -49.009  7.464 0.0000000000
56433  -46.087  -47.528  11.434 0.0000000000
56432  -45.711  -47.200  11.028 0.0000000000
57719  -46.500  -46.418  11.707 0.0000000000
57718  -45.893  -46.747  11.271 0.0000000000
64110  -51.186  -40.848  8.591 0.0000000000
64121  -50.564  -40.630  8.226 0.0000000000
65419  -50.117  -40.186  7.918 0.0000000000
66800  -50.421  -39.830  8.327 0.0000000000
66780  -50.036  -39.480  8.570 0.0000000000
68158  -50.100  -39.246  8.992 0.0000000000
31421  -42.159  -64.354  25.099 0.0000000000
32931  -40.999  -64.483  25.010 0.0000000000
34397  -41.081  -63.874  23.010 0.0000000000
34460  -40.773  -63.493  20.843 0.0000000000
33024  -40.713  -63.913  20.144 0.0000000000
37211  -41.576  -61.913  21.032 0.0000000000
35792  -41.581  -62.312  19.696 0.0000000000
35771  -41.585  -62.418  20.640 0.0000000000
33026  -41.334  -63.440  20.127 0.0000000000
33040  -40.608  -64.036  19.552 0.0000000000
34525  -40.120  -63.681  15.796 0.0000000000
35906  -39.408  -62.799  14.221 0.0000000000
43379  -45.414  -58.067  19.729 0.0000000000
41887  -45.179  -58.679  18.609 0.0000000000
38724  -46.357  -60.827  17.950 0.0000000000
38742  -45.784  -61.057  17.693 0.0000000000
40308  -44.922  -60.150  17.645 0.0000000000
37296  -44.833  -61.903  17.342 0.0000000000
34526  -44.562  -63.617  16.979 0.0000000000
38795  -45.591  -61.050  15.925 0.0000000000
37340  -45.310  -61.868  15.745 0.0000000000
38793  -43.859  -60.801  15.433 0.0000000000
35893  -44.971  -62.706  16.151 0.0000000000
33097  -44.206  -63.756  16.543 0.0000000000
34542  -43.289  -63.705  15.688 0.0000000000
34541  -42.260  -63.646  15.624 0.0000000000
37336  -41.189  -61.958  15.477 0.0000000000
35889  -40.855  -62.865  15.291 0.0000000000
35907  -40.152  -62.799  14.808 0.0000000000
35905  -38.956  -62.574  13.876 0.0000000000
48742  -50.761  -53.264  19.848 0.0000000000
48727  -50.762  -53.022  20.584 0.0000000000
50010  -51.288  -52.362  21.144 0.0000000000
49997  -51.884  -51.784  21.926 0.0000000000
23629  -27.350  -70.244  25.977 0.0000000000
23639  -27.628  -69.771  25.519 0.0000000000
25187  -28.158  -69.564  25.351 0.0000000000
25188  -28.864  -69.571  25.531 0.0000000000
25204  -29.460  -69.194  25.007 0.0000000000
25205  -30.041  -68.982  25.452 0.0000000000
26693  -31.182  -68.755  25.815 0.0000000000
28291  -30.913  -67.969  24.702 0.0000000000
26706  -32.311  -67.891  25.164 0.0000000000
26707  -33.170  -67.690  25.007 0.0000000000
26708  -33.756  -67.629  24.833 0.0000000000
28274  -35.269  -67.335  25.583 0.0000000000
28275  -36.137  -66.746  25.662 0.0000000000
28276  -36.949  -66.450  25.846 0.0000000000
29799  -37.589  -66.016  26.259 0.0000000000
31380  -38.069  -65.662  26.281 0.0000000000
31381  -38.683  -65.560  26.318 0.0000000000
31382  -39.422  -65.236  26.206 0.0000000000
31384  -41.127  -64.260  26.244 0.0000000000
31367  -41.569  -64.296  26.972 0.0000000000
31385  -42.315  -64.342  26.231 0.0000000000
34371  -42.952  -63.835  26.028 0.0000000000
35725  -41.710  -63.711  25.702 0.0000000000
37150  -40.707  -62.805  25.657 0.0000000000
37149  -40.481  -62.043  26.142 0.0000000000
37182  -40.114  -61.069  24.847 0.0000000000
38629  -40.042  -60.615  24.446 0.0000000000
40205  -40.150  -59.987  24.321 0.0000000000
40195  -40.922  -59.454  24.969 0.0000000000
40206  -40.538  -59.494  24.083 0.0000000000
41801  -41.337  -58.706  23.847 0.0000000000
41815  -42.482  -58.180  22.753 0.0000000000
41816  -43.495  -57.963  22.646 0.0000000000
41817  -44.546  -57.829  22.490 0.0000000000
41818  -45.568  -57.913  22.363 0.0000000000
43324  -45.420  -57.555  24.161 0.0000000000
41820  -47.490  -57.901  22.150 0.0000000000
41821  -48.043  -57.900  21.883 0.0000000000
43350  -48.421  -57.657  22.007 0.0000000000
43351  -48.953  -57.604  21.798 0.0000000000
44715  -48.897  -56.728  22.891 0.0000000000
44726  -49.522  -56.782  21.693 0.0000000000
47383  -50.491  -54.532  20.040 0.0000000000
50035  -51.103  -52.548  19.554 0.0000000000
51301  -52.126  -51.185  20.289 0.0000000000
51333  -52.132  -50.820  18.813 0.0000000000
52576  -51.925  -50.378  18.545 0.0000000000
53804  -51.646  -49.588  18.310 0.0000000000
53783  -53.607  -49.384  20.674 0.0000000000
53784  -54.759  -49.067  20.915 0.0000000000
55077  -51.980  -48.813  18.668 0.0000000000
55087  -51.558  -48.552  18.035 0.0000000000
56351  -51.599  -47.832  17.660 0.0000000000
56366  -52.679  -46.797  16.949 0.0000000000
57660  -52.856  -46.049  15.589 0.0000000000
57619  -56.147  -46.009  18.723 0.0000000000
57634  -55.545  -46.068  18.155 0.0000000000
57649  -55.127  -45.873  17.560 0.0000000000
58894  -55.835  -45.113  17.306 0.0000000000
58893  -55.273  -45.400  16.859 0.0000000000
60173  -53.332  -44.441  13.957 0.0000000000
60189  -53.610  -43.827  13.557 0.0000000000
61470  -53.622  -42.984  12.636 0.0000000000
62780  -53.552  -42.563  12.197 0.0000000000
63992  -56.684  -41.758  15.256 0.0000000000
64027  -54.450  -41.924  12.651 0.0000000000
64068  -53.388  -41.282  11.063 0.0000000000
65379  -53.048  -40.512  10.431 0.0000000000
65378  -52.562  -40.184  10.135 0.0000000000
65340  -53.578  -39.990  11.973 0.0000000000
66757  -53.103  -39.916  10.991 0.0000000000
68142  -51.347  -39.465  9.817 0.0000000000
68141  -50.325  -38.806  9.704 0.0000000000
70817  -56.034  -37.541  15.114 0.0000000000
69466  -55.635  -37.852  14.611 0.0000000000
69477  -55.022  -38.031  14.159 0.0000000000
72181  -54.722  -35.915  15.415 0.0000000000
69476  -54.702  -37.632  14.236 0.0000000000
69489  -54.519  -38.052  13.681 0.0000000000
69488  -54.094  -37.822  13.275 0.0000000000
69486  -52.697  -37.765  12.474 0.0000000000
70834  -52.352  -36.952  12.505 0.0000000000
69485  -52.220  -37.555  12.228 0.0000000000
69500  -52.360  -38.071  11.956 0.0000000000
69515  -51.309  -38.076  11.287 0.0000000000
68124  -50.558  -38.329  10.529 0.0000000000
69529  -49.532  -37.678  9.793 0.0000000000
70871  -49.351  -36.686  9.355 0.0000000000
72264  -49.436  -35.812  8.611 0.0000000000
72247  -50.087  -35.642  9.442 0.0000000000
72275  -49.021  -35.633  7.793 0.0000000000
72281  -49.135  -35.077  6.756 0.0000000000
73579  -49.727  -34.794  6.622 0.0000000000
73548  -52.968  -34.293  8.552 0.0000000000
75977  -57.636  -33.153  11.891 0.0000000000
74739  -57.264  -33.352  11.252 0.0000000000
74760  -57.706  -33.410  10.664 0.0000000000
74759  -56.919  -33.679  10.511 0.0000000000
74782  -56.628  -33.824  9.722 0.0000000000
74802  -55.398  -33.363  7.891 0.0000000000
76013  -58.241  -32.652  8.917 0.0000000000
77198  -56.931  -32.070  7.455 0.0000000000
76020  -57.172  -32.519  8.123 0.0000000000
76012  -57.326  -33.080  8.747 0.0000000000
76011  -56.645  -33.006  8.326 0.0000000000
25215  -25.832  -69.386  23.532 0.0000000000
26731  -26.147  -69.003  22.308 0.0000000000
29911  -23.993  -66.498  18.367 0.0000000000
29912  -24.833  -66.809  18.526 0.0000000000
29922  -24.425  -66.439  17.657 0.0000000000
28309  -30.179  -67.761  22.916 0.0000000000
28365  -27.881  -67.244  19.069 0.0000000000
31505  -28.865  -65.662  18.673 0.0000000000
31518  -28.577  -64.950  16.811 0.0000000000
31504  -28.276  -66.067  18.205 0.0000000000
29914  -27.592  -66.769  18.168 0.0000000000
29934  -26.017  -66.569  16.511 0.0000000000
33108  -27.605  -64.422  12.547 0.0000000000
32987  -38.833  -63.852  22.947 0.0000000000
34410  -39.353  -63.435  22.289 0.0000000000
34409  -38.494  -63.516  22.302 0.0000000000
34430  -37.111  -63.470  21.324 0.0000000000
35811  -38.511  -61.827  19.525 0.0000000000
35831  -37.487  -61.368  18.664 0.0000000000
35788  -36.779  -62.155  19.933 0.0000000000
35808  -35.214  -62.096  18.901 0.0000000000
37261  -34.610  -61.787  18.099 0.0000000000
37288  -33.815  -61.554  17.374 0.0000000000
38764  -34.416  -60.620  16.367 0.0000000000
37316  -33.714  -61.190  16.709 0.0000000000
37315  -33.034  -61.453  16.575 0.0000000000
37349  -32.474  -60.729  15.244 0.0000000000
38817  -31.226  -60.065  13.278 0.0000000000
34569  -37.538  -63.254  12.499 0.0000000000
34568  -36.915  -63.235  12.955 0.0000000000
34575  -36.731  -63.398  12.069 0.0000000000
35924  -36.557  -62.960  13.036 0.0000000000
35914  -36.265  -62.206  13.396 0.0000000000
37363  -35.760  -61.664  13.395 0.0000000000
37373  -34.849  -61.402  12.210 0.0000000000
37362  -34.928  -61.178  13.094 0.0000000000
38831  -34.048  -60.742  12.814 0.0000000000
38830  -33.154  -59.969  12.314 0.0000000000
40412  -32.893  -60.056  10.644 0.0000000000
40399  -32.673  -59.797  11.372 0.0000000000
38829  -32.441  -59.657  12.493 0.0000000000
40391  -31.866  -59.563  12.365 0.0000000000
40390  -31.289  -59.773  12.634 0.0000000000
38828  -30.709  -60.049  12.514 0.0000000000
38837  -30.129  -60.147  11.451 0.0000000000
38851  -29.673  -60.892  10.105 0.0000000000
25242  -26.747  -69.089  22.128 0.0000000000
28348  -25.561  -67.444  19.348 0.0000000000
28352  -28.686  -66.853  19.987 0.0000000000
29818  -36.687  -66.400  25.297 0.0000000000
29819  -37.279  -66.117  25.451 0.0000000000
29872  -34.377  -66.142  22.976 0.0000000000
29873  -34.800  -66.115  23.267 0.0000000000
29903  -28.551  -66.617  19.370 0.0000000000
29913  -25.373  -67.136  18.415 0.0000000000
31368  -42.139  -64.197  26.684 0.0000000000
31383  -40.135  -64.634  26.224 0.0000000000
31386  -43.041  -64.414  26.075 0.0000000000
31402  -41.929  -64.394  25.486 0.0000000000
31403  -42.806  -64.669  25.584 0.0000000000
31422  -42.495  -64.598  25.207 0.0000000000
31443  -35.510  -65.855  23.687 0.0000000000
31514  -30.195  -64.526  17.890 0.0000000000
32905  -41.649  -64.011  27.265 0.0000000000
32917  -42.342  -64.091  26.396 0.0000000000
32918  -42.914  -64.146  26.216 0.0000000000
32932  -41.433  -64.374  25.251 0.0000000000
32933  -43.109  -64.198  25.720 0.0000000000
32949  -41.774  -64.203  25.055 0.0000000000
32950  -42.655  -64.273  25.227 0.0000000000
33010  -40.970  -63.434  20.779 0.0000000000
33025  -40.971  -63.709  20.374 0.0000000000
33079  -28.846  -64.422  16.456 0.0000000000
33082  -40.219  -63.879  16.257 0.0000000000
33087  -44.405  -63.690  16.800 0.0000000000
33096  -43.561  -64.091  16.300 0.0000000000
34347  -41.945  -63.686  27.109 0.0000000000
34358  -42.211  -63.828  26.372 0.0000000000
34359  -42.652  -63.970  26.264 0.0000000000
34370  -42.495  -63.828  25.766 0.0000000000
34385  -42.889  -63.901  25.529 0.0000000000
34477  -36.159  -62.463  20.071 0.0000000000
34479  -40.216  -63.810  19.980 0.0000000000
34511  -43.337  -63.187  17.442 0.0000000000
34527  -44.899  -63.363  16.690 0.0000000000
34528  -45.478  -63.071  16.700 0.0000000000
34563  -38.977  -63.159  13.686 0.0000000000
34567  -36.531  -63.053  12.783 0.0000000000
35716  -41.592  -63.680  26.237 0.0000000000
35724  -41.004  -63.249  25.312 0.0000000000
35770  -39.258  -62.921  21.270 0.0000000000
35809  -36.108  -61.833  19.462 0.0000000000
35830  -34.715  -61.972  18.428 0.0000000000
35835  -43.236  -62.204  17.656 0.0000000000
35850  -32.699  -62.405  17.308 0.0000000000
35852  -33.886  -61.721  17.659 0.0000000000
35855  -39.079  -62.697  17.534 0.0000000000
35869  -31.784  -62.354  16.372 0.0000000000
35871  -33.104  -61.620  16.859 0.0000000000
35874  -45.368  -62.980  16.621 0.0000000000
35877  -47.329  -62.027  16.661 0.0000000000
35883  -30.853  -62.338  15.503 0.0000000000
35886  -37.199  -62.402  15.203 0.0000000000
35888  -38.236  -62.887  15.438 0.0000000000
35894  -45.585  -62.314  16.169 0.0000000000
35904  -37.579  -62.837  14.669 0.0000000000
35912  -28.686  -62.406  13.734 0.0000000000
35917  -39.173  -63.080  13.835 0.0000000000
35923  -36.231  -62.569  12.822 0.0000000000
37246  -35.372  -61.763  18.659 0.0000000000
37266  -42.068  -61.433  17.790 0.0000000000
37268  -47.422  -61.348  18.106 0.0000000000
37293  -37.915  -61.794  17.173 0.0000000000
37294  -42.844  -61.268  17.563 0.0000000000
37300  -48.321  -61.046  17.713 0.0000000000
37317  -34.775  -60.859  16.911 0.0000000000
37321  -46.587  -62.047  16.418 0.0000000000
37323  -47.463  -61.689  16.821 0.0000000000
37330  -32.889  -61.011  16.061 0.0000000000
37331  -33.435  -60.804  16.245 0.0000000000
37348  -31.755  -61.028  14.768 0.0000000000
37360  -30.493  -60.895  13.700 0.0000000000
37374  -35.480  -61.935  12.497 0.0000000000
37399  -29.633  -61.612  9.932 0.0000000000
38708  -41.075  -60.721  18.993 0.0000000000
38709  -47.920  -60.384  18.704 0.0000000000
38710  -48.265  -60.284  18.694 0.0000000000
38711  -48.705  -60.023  18.706 0.0000000000
38740  -43.360  -60.770  17.524 0.0000000000
38741  -44.387  -60.939  17.542 0.0000000000
38745  -48.704  -60.455  17.989 0.0000000000
38746  -48.990  -59.937  18.288 0.0000000000
38766  -35.329  -60.709  16.339 0.0000000000
38838  -30.459  -60.104  12.009 0.0000000000
38855  -33.524  -60.410  10.171 0.0000000000
38867  -29.769  -61.092  9.594 0.0000000000
40186  -41.713  -58.900  26.096 0.0000000000
40194  -40.436  -59.901  24.741 0.0000000000
40254  -49.396  -58.947  19.559 0.0000000000
40293  -47.664  -60.235  18.701 0.0000000000
40306  -43.052  -60.125  17.627 0.0000000000
40309  -45.637  -60.279  17.867 0.0000000000
40383  -31.367  -59.780  12.966 0.0000000000
40384  -31.619  -59.704  12.919 0.0000000000
40392  -32.422  -59.613  12.008 0.0000000000
40396  -30.523  -59.884  11.380 0.0000000000
40397  -30.968  -59.784  11.711 0.0000000000
41873  -50.212  -57.954  19.328 0.0000000000
41906  -49.262  -58.870  18.428 0.0000000000
43364  -45.414  -57.913  20.219 0.0000000000
43365  -45.572  -58.057  19.990 0.0000000000
43378  -45.264  -57.864  19.942 0.0000000000
43441  -45.791  -58.068  16.227 0.0000000000
43458  -42.853  -57.571  13.855 0.0000000000
44714  -48.542  -57.118  22.925 0.0000000000
44754  -50.801  -55.475  19.086 0.0000000000
44763  -50.701  -56.222  18.695 0.0000000000
44774  -50.900  -55.832  18.346 0.0000000000
44808  -45.109  -56.571  15.556 0.0000000000
46003  -50.982  -54.979  18.867 0.0000000000
46033  -50.819  -55.311  17.544 0.0000000000
46053  -48.455  -55.288  17.283 0.0000000000
46054  -50.338  -54.853  17.129 0.0000000000
47395  -50.621  -54.632  19.620 0.0000000000
47420  -49.341  -54.922  17.171 0.0000000000
47423  -51.378  -54.667  17.575 0.0000000000
48784  -48.182  -53.686  16.152 0.0000000000
50117  -47.386  -52.757  14.965 0.0000000000
50134  -49.514  -53.108  14.250 0.0000000000
50150  -50.344  -52.511  13.912 0.0000000000
50163  -48.116  -52.054  12.298 0.0000000000
50175  -49.036  -52.228  12.294 0.0000000000
51391  -51.052  -51.490  15.133 0.0000000000
51393  -51.782  -51.199  14.440 0.0000000000
51417  -46.716  -51.700  13.114 0.0000000000
51420  -50.760  -51.232  14.423 0.0000000000
51421  -51.223  -51.095  14.517 0.0000000000
51483  -47.603  -50.763  9.537 0.0000000000
51502  -47.494  -50.566  9.026 0.0000000000
52555  -53.268  -50.090  21.248 0.0000000000
52624  -51.974  -50.886  14.652 0.0000000000
52640  -51.618  -50.897  14.413 0.0000000000
52665  -49.819  -51.052  12.666 0.0000000000
52673  -43.392  -51.235  11.157 0.0000000000
52679  -50.975  -50.029  12.219 0.0000000000
52713  -47.708  -50.451  9.224 0.0000000000
52731  -46.474  -50.476  8.598 0.0000000000
52733  -47.661  -50.230  8.819 0.0000000000
53855  -47.742  -49.217  14.041 0.0000000000
53875  -49.993  -50.553  13.084 0.0000000000
53876  -49.913  -50.315  13.331 0.0000000000
53895  -50.209  -50.187  12.844 0.0000000000
53912  -50.483  -49.926  12.215 0.0000000000
53913  -50.633  -49.956  12.510 0.0000000000
53966  -48.051  -49.990  9.326 0.0000000000
55064  -53.239  -48.663  19.697 0.0000000000
55065  -53.951  -48.522  19.838 0.0000000000
55108  -48.833  -48.737  15.158 0.0000000000
56344  -55.760  -46.464  18.742 0.0000000000
56355  -55.255  -46.422  18.217 0.0000000000
56417  -47.594  -47.025  12.870 0.0000000000
57617  -54.840  -46.663  18.137 0.0000000000
57635  -55.911  -45.831  18.274 0.0000000000
57720  -47.117  -46.146  12.112 0.0000000000
60132  -56.272  -44.842  17.339 0.0000000000
60190  -54.027  -43.581  13.612 0.0000000000
61433  -55.392  -43.305  14.683 0.0000000000
61485  -49.870  -43.781  11.542 0.0000000000
61489  -53.245  -42.759  12.181 0.0000000000
62778  -51.457  -43.199  12.135 0.0000000000
62837  -51.395  -41.201  8.838 0.0000000000
64083  -52.102  -41.803  10.391 0.0000000000
64099  -52.784  -40.952  9.804 0.0000000000
64122  -50.964  -40.458  8.441 0.0000000000
65394  -52.958  -40.818  9.957 0.0000000000
65407  -51.526  -40.533  8.877 0.0000000000
65422  -51.572  -40.219  8.942 0.0000000000
66746  -53.273  -39.566  11.631 0.0000000000
66766  -51.373  -39.690  9.402 0.0000000000
66781  -50.665  -39.557  8.899 0.0000000000
66783  -51.726  -40.109  9.215 0.0000000000
66801  -51.053  -39.925  8.613 0.0000000000
66811  -47.448  -39.116  5.938 0.0000000000
68024  -56.537  -38.481  15.035 0.0000000000
68045  -56.394  -38.509  14.524 0.0000000000
68106  -51.724  -38.349  11.227 0.0000000000
68143  -51.784  -39.771  9.620 0.0000000000
68159  -51.578  -39.769  9.446 0.0000000000
68183  -48.571  -38.998  7.362 0.0000000000
69468  -56.504  -38.458  14.232 0.0000000000
69479  -56.460  -38.393  14.234 0.0000000000
69498  -51.208  -37.456  11.480 0.0000000000
69569  -48.124  -38.040  7.340 0.0000000000
70826  -54.493  -37.640  13.770 0.0000000000
70845  -50.848  -36.945  11.344 0.0000000000
70847  -52.088  -36.353  12.159 0.0000000000
70898  -47.706  -37.233  7.186 0.0000000000
70900  -48.586  -36.204  7.842 0.0000000000
72209  -52.302  -35.354  11.991 0.0000000000
72223  -52.356  -35.939  12.077 0.0000000000
72282  -49.773  -34.805  6.926 0.0000000000
73454  -54.664  -33.751  17.240 0.0000000000
73585  -48.940  -35.186  5.851 0.0000000000
74686  -54.460  -33.411  15.960 0.0000000000
74723  -58.247  -32.984  12.053 0.0000000000
74725  -59.161  -32.523  12.037 0.0000000000
74741  -58.515  -32.934  11.530 0.0000000000
74742  -58.970  -32.639  11.620 0.0000000000
74778  -52.932  -34.212  8.960 0.0000000000
75908  -57.976  -31.834  14.842 0.0000000000
75922  -57.485  -31.707  14.300 0.0000000000
75925  -59.960  -31.892  13.734 0.0000000000
75939  -56.025  -31.896  12.859 0.0000000000
77119  -56.658  -31.579  12.972 0.0000000000
77120  -57.365  -31.652  13.171 0.0000000000
77137  -57.029  -32.042  12.644 0.0000000000
77158  -62.030  -30.999  11.589 0.0000000000
