#!ascii label  , from subject 3389 vox2ras=TkReg
1205
29758  -12.168  -63.784  29.886 0.0000000000
142004  -35.916  -50.498  13.821 0.0000000000
62695  -34.974  -44.081  16.213 0.0000000000
48703  -27.702  -52.769  21.246 0.0000000000
75969  -39.451  -31.774  12.776 0.0000000000
68078  -36.545  -38.047  12.536 0.0000000000
50030  -36.743  -50.377  18.947 0.0000000000
50091  -32.160  -51.821  16.670 0.0000000000
77071  -44.493  -31.064  17.134 0.0000000000
79730  -47.210  -28.294  14.450 0.0000000000
82250  -50.438  -26.540  12.242 0.0000000000
63867  -36.093  -41.211  22.519 0.0000000000
65268  -32.902  -39.530  15.776 0.0000000000
66539  -38.968  -37.877  19.942 0.0000000000
67990  -41.749  -37.444  17.060 0.0000000000
40261  -22.686  -56.492  19.521 0.0000000000
31240  -11.287  -64.200  34.141 0.0000000000
57667  -38.633  -46.812  14.519 0.0000000000
61343  -38.465  -43.936  21.105 0.0000000000
43413  -24.890  -56.740  15.871 0.0000000000
48820  -27.359  -53.262  14.528 0.0000000000
85903  -52.452  -23.565  6.563 0.0000000000
83431  -54.190  -25.296  9.985 0.0000000000
69508  -38.841  -36.048  11.454 0.0000000000
70821  -42.701  -35.951  16.875 0.0000000000
32910  -13.870  -62.545  26.973 0.0000000000
26577  -5.235  -67.385  31.090 0.0000000000
79690  -45.812  -29.202  16.212 0.0000000000
66512  -36.960  -39.069  21.440 0.0000000000
41858  -19.387  -57.758  19.123 0.0000000000
29727  -11.826  -64.341  31.909 0.0000000000
56410  -35.870  -48.125  11.385 0.0000000000
55128  -37.609  -48.042  14.309 0.0000000000
44766  -26.502  -54.807  18.272 0.0000000000
44803  -26.083  -55.152  15.792 0.0000000000
48761  -27.210  -52.660  17.989 0.0000000000
51386  -33.939  -51.587  15.481 0.0000000000
51385  -31.950  -50.685  14.629 0.0000000000
141995  -32.879  -49.957  13.068 0.0000000000
45961  -27.523  -54.940  22.100 0.0000000000
41881  -26.100  -56.525  20.048 0.0000000000
83425  -45.470  -25.494  9.440 0.0000000000
84705  -50.249  -24.431  7.685 0.0000000000
82267  -51.897  -24.968  11.495 0.0000000000
68036  -33.749  -37.692  14.600 0.0000000000
68080  -38.345  -37.264  12.683 0.0000000000
68039  -43.083  -37.376  15.371 0.0000000000
38633  -17.587  -59.600  23.505 0.0000000000
35729  -16.879  -60.785  25.424 0.0000000000
34350  -16.652  -62.192  27.508 0.0000000000
34376  -14.728  -61.361  25.229 0.0000000000
28180  -7.155  -66.896  29.827 0.0000000000
50096  -36.579  -50.475  16.914 0.0000000000
52603  -38.216  -48.741  17.480 0.0000000000
51312  -38.858  -49.310  19.475 0.0000000000
48719  -30.452  -52.346  21.415 0.0000000000
50025  -29.421  -51.981  19.258 0.0000000000
50042  -32.355  -51.396  18.386 0.0000000000
50067  -34.183  -51.666  17.585 0.0000000000
75932  -42.320  -31.917  14.410 0.0000000000
78380  -43.264  -29.552  14.068 0.0000000000
79785  -45.656  -26.856  12.054 0.0000000000
81126  -46.997  -26.287  10.688 0.0000000000
82320  -49.529  -25.302  9.738 0.0000000000
79749  -49.001  -27.439  13.080 0.0000000000
63948  -35.005  -42.724  19.285 0.0000000000
65284  -33.871  -41.812  15.560 0.0000000000
65218  -33.995  -39.705  19.184 0.0000000000
67939  -35.546  -37.746  18.580 0.0000000000
66625  -37.058  -37.276  17.190 0.0000000000
66683  -38.893  -37.170  14.967 0.0000000000
66566  -40.341  -37.340  18.698 0.0000000000
40230  -22.388  -57.449  22.318 0.0000000000
40227  -19.049  -58.079  21.555 0.0000000000
88164  -55.669  -22.158  7.499 0.0000000000
35640  -9.763  -62.780  33.738 0.0000000000
57715  -37.068  -46.698  11.356 0.0000000000
60156  -37.920  -44.857  14.950 0.0000000000
57641  -39.692  -46.980  17.291 0.0000000000
60126  -37.878  -45.987  17.777 0.0000000000
62665  -37.077  -44.102  19.159 0.0000000000
62619  -36.625  -43.534  21.658 0.0000000000
52586  -28.856  -49.778  16.713 0.0000000000
38702  -26.083  -57.583  20.887 0.0000000000
40298  -23.750  -56.822  17.844 0.0000000000
83446  -51.170  -24.969  9.344 0.0000000000
83463  -53.333  -24.769  8.739 0.0000000000
85893  -54.877  -23.739  7.769 0.0000000000
84695  -56.208  -23.767  9.974 0.0000000000
31355  -10.309  -64.198  27.277 0.0000000000
29756  -9.464  -64.322  29.463 0.0000000000
73528  -38.690  -34.324  12.600 0.0000000000
66728  -40.328  -36.576  14.428 0.0000000000
69494  -41.079  -35.674  13.866 0.0000000000
73506  -41.505  -33.854  14.398 0.0000000000
73477  -43.794  -33.730  16.333 0.0000000000
31338  -12.470  -63.472  28.476 0.0000000000
29736  -9.747  -64.664  30.927 0.0000000000
29712  -8.870  -64.889  31.489 0.0000000000
32814  -6.964  -64.345  30.912 0.0000000000
29748  -11.957  -63.926  30.589 0.0000000000
53886  -36.042  -50.040  13.030 0.0000000000
55144  -36.783  -49.029  12.610 0.0000000000
53867  -36.875  -49.107  14.764 0.0000000000
47388  -27.146  -54.107  19.792 0.0000000000
47408  -27.410  -53.934  18.100 0.0000000000
50022  -27.275  -52.521  19.607 0.0000000000
51404  -35.159  -51.082  14.389 0.0000000000
51403  -34.177  -51.179  14.591 0.0000000000
52646  -34.394  -50.143  12.883 0.0000000000
53866  -33.466  -49.448  12.002 0.0000000000
47354  -28.848  -53.615  22.487 0.0000000000
45962  -28.250  -54.683  22.517 0.0000000000
47353  -27.734  -53.866  21.892 0.0000000000
44746  -27.219  -55.458  20.542 0.0000000000
84688  -48.851  -25.148  7.961 0.0000000000
60166  -36.157  -43.836  13.492 0.0000000000
61425  -35.297  -43.317  13.887 0.0000000000
68055  -34.651  -37.439  13.584 0.0000000000
69491  -35.433  -37.736  10.740 0.0000000000
68079  -37.658  -37.748  12.755 0.0000000000
35751  -15.985  -60.229  23.065 0.0000000000
37168  -17.933  -60.211  24.829 0.0000000000
35741  -16.485  -60.258  24.195 0.0000000000
34390  -15.128  -60.728  24.635 0.0000000000
34389  -14.182  -61.429  23.615 0.0000000000
50070  -36.955  -50.544  17.715 0.0000000000
50072  -37.958  -49.785  18.232 0.0000000000
51325  -37.818  -49.976  19.040 0.0000000000
48734  -31.522  -51.921  20.527 0.0000000000
48749  -31.618  -51.819  19.362 0.0000000000
48750  -32.168  -51.440  19.352 0.0000000000
50029  -35.957  -50.457  18.800 0.0000000000
50044  -34.463  -50.762  18.041 0.0000000000
50045  -35.518  -50.568  18.040 0.0000000000
50095  -36.115  -51.506  16.681 0.0000000000
75915  -43.162  -31.970  16.186 0.0000000000
77133  -42.616  -30.372  14.293 0.0000000000
78366  -43.670  -29.956  14.895 0.0000000000
81061  -46.614  -28.416  14.710 0.0000000000
81083  -45.485  -28.589  14.355 0.0000000000
81085  -46.340  -28.198  13.723 0.0000000000
81110  -46.548  -26.694  11.424 0.0000000000
79768  -47.302  -27.262  12.598 0.0000000000
79769  -47.934  -27.095  12.210 0.0000000000
79748  -48.205  -27.613  12.888 0.0000000000
63914  -34.821  -41.838  20.646 0.0000000000
63947  -34.367  -41.875  18.862 0.0000000000
65177  -35.040  -40.602  21.124 0.0000000000
66523  -37.571  -38.166  21.143 0.0000000000
66536  -36.158  -38.389  19.935 0.0000000000
66563  -37.177  -37.376  19.339 0.0000000000
67963  -36.395  -37.582  17.858 0.0000000000
66593  -37.486  -37.105  18.201 0.0000000000
66594  -38.644  -36.731  18.078 0.0000000000
66565  -39.323  -37.440  18.833 0.0000000000
38699  -24.029  -57.657  20.932 0.0000000000
38670  -23.683  -57.826  22.470 0.0000000000
40244  -22.505  -56.876  21.108 0.0000000000
40241  -18.663  -58.013  20.396 0.0000000000
88151  -56.771  -22.021  9.140 0.0000000000
89319  -56.945  -21.721  8.535 0.0000000000
32781  -10.122  -63.507  33.900 0.0000000000
56394  -37.770  -47.708  12.952 0.0000000000
56428  -36.261  -47.489  11.035 0.0000000000
57703  -37.609  -46.674  12.511 0.0000000000
60184  -37.328  -45.156  13.040 0.0000000000
58899  -38.160  -45.869  15.466 0.0000000000
53811  -39.202  -48.147  18.490 0.0000000000
55094  -38.879  -47.646  17.477 0.0000000000
57628  -39.544  -47.098  18.506 0.0000000000
61332  -39.410  -44.422  20.874 0.0000000000
60114  -39.211  -46.286  19.336 0.0000000000
61352  -38.219  -44.919  20.316 0.0000000000
61371  -37.040  -45.026  18.382 0.0000000000
61351  -37.617  -44.414  20.119 0.0000000000
62645  -37.088  -43.452  20.157 0.0000000000
62635  -37.748  -43.870  21.060 0.0000000000
47463  -26.306  -53.483  15.340 0.0000000000
50040  -30.990  -51.948  18.206 0.0000000000
51324  -28.764  -50.861  18.082 0.0000000000
51343  -30.098  -50.484  16.984 0.0000000000
51384  -31.367  -49.936  13.836 0.0000000000
38690  -27.244  -57.780  21.674 0.0000000000
41918  -25.256  -56.384  17.852 0.0000000000
40300  -24.841  -56.881  18.583 0.0000000000
41916  -24.435  -56.791  16.744 0.0000000000
41914  -22.915  -57.409  16.071 0.0000000000
81113  -50.235  -26.357  10.930 0.0000000000
82321  -50.451  -25.430  9.801 0.0000000000
82282  -50.829  -26.248  10.484 0.0000000000
82307  -53.408  -25.429  10.385 0.0000000000
83448  -52.620  -25.061  9.639 0.0000000000
83449  -53.655  -25.106  9.256 0.0000000000
84722  -54.043  -24.010  7.844 0.0000000000
83465  -54.866  -24.996  8.339 0.0000000000
85878  -54.979  -23.821  8.358 0.0000000000
84675  -54.876  -24.269  9.908 0.0000000000
65283  -33.432  -41.250  15.201 0.0000000000
64002  -33.183  -42.342  14.469 0.0000000000
72229  -37.838  -35.254  10.249 0.0000000000
70855  -38.667  -35.670  11.984 0.0000000000
66657  -40.368  -36.744  15.898 0.0000000000
66684  -39.836  -36.688  15.008 0.0000000000
66658  -41.139  -36.960  15.939 0.0000000000
68062  -43.435  -36.872  16.128 0.0000000000
68060  -42.572  -37.177  14.640 0.0000000000
69482  -43.236  -35.986  15.081 0.0000000000
72204  -41.320  -34.683  13.935 0.0000000000
72192  -42.242  -34.991  15.809 0.0000000000
73494  -42.816  -34.164  15.709 0.0000000000
73488  -43.575  -34.517  16.562 0.0000000000
32925  -15.160  -62.276  27.050 0.0000000000
32911  -14.774  -62.597  27.393 0.0000000000
31359  -14.211  -63.276  28.462 0.0000000000
32895  -13.464  -62.713  27.418 0.0000000000
31374  -11.627  -63.282  26.312 0.0000000000
32908  -12.178  -63.043  25.832 0.0000000000
29769  -8.528  -65.416  28.290 0.0000000000
29746  -9.497  -64.494  30.289 0.0000000000
28182  -7.900  -65.926  29.459 0.0000000000
28177  -6.397  -66.879  30.493 0.0000000000
31293  -7.650  -65.766  30.630 0.0000000000
29721  -7.042  -65.871  31.238 0.0000000000
31265  -7.672  -64.424  31.236 0.0000000000
29709  -5.868  -65.856  31.440 0.0000000000
50026  -33.020  -50.446  19.406 0.0000000000
77061  -45.738  -30.948  18.156 0.0000000000
79688  -44.968  -30.208  16.635 0.0000000000
78315  -45.946  -30.324  17.506 0.0000000000
65179  -36.588  -39.774  22.056 0.0000000000
41879  -21.743  -56.537  18.454 0.0000000000
41859  -20.574  -57.050  19.561 0.0000000000
29707  -13.280  -63.890  33.007 0.0000000000
31271  -11.875  -64.403  33.015 0.0000000000
55159  -35.517  -48.508  11.123 0.0000000000
56393  -37.224  -48.336  12.644 0.0000000000
56380  -38.276  -47.417  14.181 0.0000000000
61308  -38.299  -44.316  22.643 0.0000000000
43415  -25.648  -55.786  17.379 0.0000000000
43436  -25.750  -55.862  15.332 0.0000000000
46045  -26.295  -54.412  17.320 0.0000000000
46044  -26.148  -53.939  16.371 0.0000000000
48777  -26.997  -52.282  16.681 0.0000000000
51364  -32.614  -51.611  16.119 0.0000000000
51363  -32.028  -51.387  15.760 0.0000000000
141993  -33.161  -51.335  15.172 0.0000000000
50126  -32.634  -50.748  14.482 0.0000000000
50156  -32.397  -50.609  11.436 0.0000000000
43359  -27.636  -56.362  22.377 0.0000000000
41841  -27.010  -56.709  21.614 0.0000000000
43374  -26.795  -55.981  21.224 0.0000000000
41901  -25.963  -56.031  18.784 0.0000000000
82297  -43.926  -26.075  9.608 0.0000000000
85889  -50.793  -23.793  7.370 0.0000000000
83388  -50.555  -26.078  12.656 0.0000000000
82266  -51.240  -26.254  11.414 0.0000000000
68011  -32.890  -38.197  15.513 0.0000000000
68117  -37.637  -36.822  10.682 0.0000000000
68118  -38.498  -36.327  11.075 0.0000000000
66630  -42.727  -37.483  17.681 0.0000000000
66660  -42.518  -37.478  16.705 0.0000000000
66661  -43.455  -37.408  16.959 0.0000000000
38635  -19.157  -58.765  24.176 0.0000000000
38618  -18.800  -59.521  24.512 0.0000000000
34365  -18.209  -61.224  26.886 0.0000000000
34364  -17.124  -61.553  26.288 0.0000000000
34363  -15.614  -61.960  26.525 0.0000000000
34361  -13.797  -62.038  25.404 0.0000000000
32938  -12.873  -62.419  24.781 0.0000000000
34374  -12.907  -62.730  23.975 0.0000000000
51368  -36.439  -50.942  15.459 0.0000000000
52615  -37.313  -48.594  16.382 0.0000000000
51370  -37.663  -49.043  17.454 0.0000000000
52589  -38.940  -48.915  18.237 0.0000000000
48718  -29.820  -52.552  21.363 0.0000000000
50015  -28.157  -52.334  20.218 0.0000000000
48732  -29.994  -52.294  19.734 0.0000000000
48748  -31.033  -52.188  19.157 0.0000000000
50041  -31.663  -51.637  18.351 0.0000000000
50043  -33.039  -50.707  18.341 0.0000000000
50066  -33.141  -51.315  17.427 0.0000000000
50093  -33.936  -52.166  16.538 0.0000000000
51367  -35.748  -52.011  15.833 0.0000000000
47355  -30.046  -53.483  22.111 0.0000000000
75970  -40.551  -31.785  13.519 0.0000000000
77148  -40.247  -30.717  12.634 0.0000000000
77149  -41.066  -30.321  13.283 0.0000000000
78395  -42.060  -29.128  12.787 0.0000000000
79765  -43.245  -27.833  12.658 0.0000000000
78348  -44.349  -29.382  15.070 0.0000000000
79766  -44.637  -27.985  13.108 0.0000000000
79802  -44.302  -26.518  11.490 0.0000000000
81125  -45.571  -26.369  11.108 0.0000000000
82299  -46.159  -25.803  10.099 0.0000000000
82300  -47.442  -25.317  9.901 0.0000000000
82319  -48.516  -24.951  9.546 0.0000000000
81127  -48.050  -26.133  10.521 0.0000000000
81096  -49.027  -26.647  11.690 0.0000000000
82249  -49.601  -26.883  12.378 0.0000000000
79713  -48.740  -27.785  14.599 0.0000000000
82245  -50.220  -26.478  12.826 0.0000000000
62679  -35.407  -43.593  17.439 0.0000000000
63987  -34.380  -43.123  16.220 0.0000000000
63959  -34.735  -41.818  17.635 0.0000000000
65255  -34.431  -40.802  16.985 0.0000000000
65254  -33.652  -39.703  17.566 0.0000000000
66521  -35.589  -39.210  20.638 0.0000000000
66534  -34.261  -38.809  18.944 0.0000000000
66591  -33.936  -38.700  17.379 0.0000000000
68013  -34.729  -37.398  16.061 0.0000000000
69449  -35.885  -37.271  15.792 0.0000000000
66681  -36.916  -37.347  14.641 0.0000000000
66703  -37.490  -37.677  14.051 0.0000000000
66655  -38.327  -36.501  15.840 0.0000000000
66627  -39.007  -36.759  16.884 0.0000000000
66596  -40.743  -37.304  17.566 0.0000000000
66542  -41.794  -37.716  19.650 0.0000000000
67943  -42.296  -37.463  18.338 0.0000000000
38653  -21.087  -58.176  23.506 0.0000000000
40243  -20.873  -56.831  21.200 0.0000000000
40228  -20.220  -57.571  21.904 0.0000000000
38652  -19.925  -58.405  23.435 0.0000000000
38650  -17.596  -59.277  22.767 0.0000000000
60167  -36.851  -44.256  14.031 0.0000000000
61405  -36.073  -44.601  16.033 0.0000000000
53835  -37.923  -47.961  16.208 0.0000000000
55115  -38.670  -47.752  15.606 0.0000000000
57653  -39.382  -46.929  16.257 0.0000000000
58873  -38.915  -46.615  18.151 0.0000000000
58887  -38.239  -46.115  16.292 0.0000000000
60141  -37.158  -45.674  16.432 0.0000000000
61386  -36.452  -44.727  17.149 0.0000000000
62680  -36.112  -43.989  17.752 0.0000000000
63961  -35.462  -43.401  18.853 0.0000000000
63939  -36.288  -42.993  20.359 0.0000000000
63891  -36.072  -42.435  22.284 0.0000000000
61318  -37.189  -43.700  22.870 0.0000000000
62603  -36.358  -43.274  22.959 0.0000000000
51304  -27.885  -51.613  18.988 0.0000000000
51340  -27.409  -50.511  17.287 0.0000000000
51359  -27.203  -50.366  15.963 0.0000000000
52601  -30.488  -49.279  14.569 0.0000000000
53846  -29.278  -48.791  13.953 0.0000000000
38687  -25.336  -58.174  21.355 0.0000000000
40263  -24.471  -57.144  20.234 0.0000000000
40265  -25.988  -57.108  20.421 0.0000000000
40281  -24.518  -56.927  19.509 0.0000000000
40279  -22.679  -56.481  18.671 0.0000000000
41896  -22.185  -56.911  17.092 0.0000000000
84689  -49.815  -25.069  8.177 0.0000000000
84690  -50.671  -24.489  8.549 0.0000000000
85877  -51.850  -23.915  8.398 0.0000000000
82323  -51.758  -25.285  9.954 0.0000000000
83462  -52.498  -24.563  9.070 0.0000000000
84707  -52.867  -23.791  8.279 0.0000000000
84721  -53.690  -23.675  7.534 0.0000000000
85905  -54.078  -23.356  7.010 0.0000000000
87049  -54.683  -22.880  6.974 0.0000000000
87039  -54.946  -23.079  7.568 0.0000000000
87029  -56.027  -22.505  8.943 0.0000000000
32860  -10.922  -63.754  28.456 0.0000000000
29757  -10.862  -63.859  29.633 0.0000000000
29783  -9.749  -64.618  27.593 0.0000000000
62718  -34.090  -42.403  13.959 0.0000000000
73516  -38.940  -33.659  12.407 0.0000000000
66725  -38.312  -37.474  13.153 0.0000000000
68081  -39.046  -36.904  13.049 0.0000000000
68082  -39.848  -36.731  13.551 0.0000000000
66708  -41.792  -37.277  14.880 0.0000000000
68083  -40.736  -36.269  14.389 0.0000000000
69510  -39.853  -35.688  12.924 0.0000000000
70839  -40.081  -35.267  13.223 0.0000000000
72217  -40.443  -34.605  13.520 0.0000000000
74732  -40.372  -32.783  13.711 0.0000000000
74717  -41.845  -33.031  14.406 0.0000000000
74698  -43.061  -33.018  15.736 0.0000000000
74681  -44.380  -32.955  17.243 0.0000000000
31306  -13.488  -63.337  30.436 0.0000000000
31340  -14.391  -63.466  29.130 0.0000000000
31321  -12.534  -63.674  29.244 0.0000000000
32894  -11.623  -63.512  28.124 0.0000000000
31373  -10.559  -64.087  26.087 0.0000000000
29747  -10.787  -64.247  30.447 0.0000000000
29737  -10.840  -64.549  31.111 0.0000000000
29715  -10.808  -64.854  32.430 0.0000000000
29744  -8.068  -65.769  30.146 0.0000000000
29724  -9.162  -64.989  31.362 0.0000000000
31268  -9.879  -64.961  32.779 0.0000000000
31250  -9.039  -64.115  32.336 0.0000000000
34282  -8.157  -63.228  32.006 0.0000000000
28173  -5.170  -66.976  31.489 0.0000000000
31279  -5.452  -65.389  31.162 0.0000000000
29749  -12.915  -63.391  30.745 0.0000000000
141997  -35.439  -50.214  13.227 0.0000000000
47372  -27.141  -53.610  20.461 0.0000000000
48715  -27.120  -53.189  20.313 0.0000000000
50003  -27.339  -52.852  20.753 0.0000000000
48704  -28.622  -52.748  21.944 0.0000000000
47352  -27.299  -53.496  21.162 0.0000000000
47373  -27.283  -54.186  20.783 0.0000000000
61404  -35.643  -44.119  15.342 0.0000000000
61426  -36.040  -43.498  14.303 0.0000000000
62720  -35.015  -43.886  14.846 0.0000000000
68056  -36.145  -37.955  13.893 0.0000000000
68077  -35.351  -37.570  12.434 0.0000000000
68096  -35.861  -37.697  11.400 0.0000000000
68097  -36.728  -37.298  11.661 0.0000000000
35740  -15.240  -60.454  23.563 0.0000000000
50047  -37.282  -50.315  18.566 0.0000000000
48720  -31.799  -52.032  20.803 0.0000000000
48735  -32.027  -51.590  20.229 0.0000000000
50046  -36.431  -50.512  18.267 0.0000000000
50069  -36.094  -50.717  17.484 0.0000000000
48721  -32.108  -52.034  20.978 0.0000000000
77086  -43.811  -31.035  16.397 0.0000000000
77095  -43.253  -30.863  15.570 0.0000000000
81075  -46.543  -28.343  14.077 0.0000000000
79747  -46.975  -27.900  13.486 0.0000000000
79731  -48.005  -28.033  13.977 0.0000000000
63890  -35.589  -41.889  21.942 0.0000000000
65197  -35.032  -41.229  21.130 0.0000000000
65178  -35.560  -40.653  21.787 0.0000000000
66524  -38.398  -37.992  20.814 0.0000000000
66537  -36.950  -37.816  20.323 0.0000000000
66538  -37.899  -37.737  20.174 0.0000000000
67941  -36.902  -37.005  18.748 0.0000000000
66564  -38.266  -37.519  19.045 0.0000000000
40245  -23.554  -57.315  20.971 0.0000000000
88146  -56.817  -22.021  9.522 0.0000000000
88152  -57.156  -21.840  9.318 0.0000000000
31241  -12.155  -64.187  34.113 0.0000000000
32782  -10.759  -63.805  34.244 0.0000000000
32804  -10.496  -64.146  33.904 0.0000000000
57684  -38.092  -46.700  13.486 0.0000000000
58913  -38.081  -45.918  14.267 0.0000000000
58914  -38.660  -46.362  15.067 0.0000000000
55083  -39.386  -47.862  18.700 0.0000000000
56337  -39.582  -47.377  18.940 0.0000000000
61345  -39.090  -44.793  20.354 0.0000000000
61344  -38.763  -44.149  20.688 0.0000000000
62647  -38.108  -44.272  20.792 0.0000000000
62646  -37.619  -44.020  20.481 0.0000000000
43412  -24.183  -56.932  15.574 0.0000000000
43434  -24.723  -56.993  14.686 0.0000000000
50064  -31.583  -51.769  17.419 0.0000000000
50063  -30.707  -51.204  17.204 0.0000000000
50090  -31.453  -51.428  16.440 0.0000000000
41917  -25.071  -56.844  17.073 0.0000000000
43411  -23.572  -57.356  15.524 0.0000000000
81098  -50.509  -26.463  11.286 0.0000000000
81129  -50.279  -26.089  10.583 0.0000000000
81114  -50.898  -26.398  10.912 0.0000000000
82308  -54.014  -25.582  10.499 0.0000000000
83450  -54.312  -24.777  9.113 0.0000000000
83415  -54.573  -24.733  10.674 0.0000000000
65282  -33.141  -39.900  15.155 0.0000000000
65299  -32.600  -40.715  14.298 0.0000000000
69525  -38.361  -36.100  10.446 0.0000000000
70854  -38.407  -35.732  10.840 0.0000000000
66629  -40.847  -37.054  16.580 0.0000000000
68015  -41.332  -37.307  16.407 0.0000000000
69472  -43.459  -36.436  16.445 0.0000000000
70820  -42.473  -35.650  16.081 0.0000000000
70829  -42.709  -35.341  14.936 0.0000000000
73495  -42.911  -34.496  16.467 0.0000000000
72186  -43.288  -34.768  17.009 0.0000000000
32924  -14.574  -62.338  26.557 0.0000000000
32896  -14.112  -62.844  27.803 0.0000000000
32909  -12.755  -62.680  26.654 0.0000000000
29755  -8.374  -65.428  29.128 0.0000000000
26580  -5.852  -67.503  30.579 0.0000000000
29732  -6.844  -66.339  30.975 0.0000000000
28175  -6.060  -66.675  31.084 0.0000000000
28172  -6.412  -66.140  31.354 0.0000000000
28171  -5.930  -66.307  31.386 0.0000000000
65158  -37.053  -40.292  23.024 0.0000000000
41878  -20.799  -57.196  18.432 0.0000000000
29728  -12.738  -64.070  32.024 0.0000000000
29718  -13.373  -63.914  32.699 0.0000000000
29717  -12.585  -64.186  32.518 0.0000000000
29705  -12.464  -64.265  32.865 0.0000000000
141998  -35.620  -49.431  11.914 0.0000000000
55127  -37.435  -48.582  13.417 0.0000000000
55114  -38.284  -47.773  14.967 0.0000000000
43416  -26.039  -55.596  17.752 0.0000000000
44786  -26.075  -55.168  17.377 0.0000000000
48762  -27.329  -53.391  18.397 0.0000000000
47434  -26.712  -53.850  17.275 0.0000000000
47407  -27.163  -53.256  17.469 0.0000000000
47433  -26.526  -53.202  16.341 0.0000000000
51365  -33.222  -51.637  15.925 0.0000000000
52632  -33.281  -50.542  13.813 0.0000000000
50109  -31.689  -50.582  13.299 0.0000000000
52662  -32.799  -49.564  12.536 0.0000000000
141996  -33.134  -50.444  11.327 0.0000000000
45963  -29.242  -54.376  23.026 0.0000000000
44719  -27.801  -55.439  22.379 0.0000000000
44720  -28.347  -55.554  22.886 0.0000000000
44736  -27.723  -55.875  22.393 0.0000000000
43358  -27.313  -56.403  21.784 0.0000000000
44735  -27.362  -55.723  21.790 0.0000000000
44756  -26.931  -55.178  19.351 0.0000000000
43395  -26.009  -55.507  18.594 0.0000000000
43394  -25.836  -55.954  18.369 0.0000000000
83424  -44.598  -25.597  9.451 0.0000000000
68035  -32.887  -38.598  14.388 0.0000000000
68054  -33.592  -37.993  13.414 0.0000000000
68098  -37.528  -36.919  11.818 0.0000000000
68099  -38.357  -36.638  12.024 0.0000000000
66600  -43.990  -37.821  18.552 0.0000000000
66631  -43.344  -37.528  17.701 0.0000000000
69450  -44.322  -36.684  16.610 0.0000000000
38634  -18.214  -59.372  23.872 0.0000000000
35742  -17.326  -60.381  24.828 0.0000000000
35730  -17.865  -60.618  25.496 0.0000000000
34378  -16.715  -61.208  25.754 0.0000000000
34377  -16.028  -61.128  25.547 0.0000000000
34362  -14.336  -62.054  25.679 0.0000000000
34375  -13.619  -62.035  24.686 0.0000000000
51369  -37.089  -49.482  16.848 0.0000000000
51344  -37.574  -49.848  17.407 0.0000000000
51326  -38.240  -49.634  18.766 0.0000000000
51327  -38.668  -49.186  18.564 0.0000000000
48717  -28.779  -52.445  20.587 0.0000000000
48733  -30.762  -51.991  20.592 0.0000000000
50027  -33.815  -50.097  18.532 0.0000000000
48751  -32.434  -51.012  19.482 0.0000000000
47375  -30.811  -52.465  21.618 0.0000000000
47374  -30.362  -52.833  21.556 0.0000000000
48705  -29.364  -53.058  22.093 0.0000000000
75948  -41.303  -31.952  13.874 0.0000000000
77131  -41.538  -31.127  13.642 0.0000000000
78379  -42.646  -29.365  13.616 0.0000000000
79764  -42.521  -28.025  12.012 0.0000000000
78396  -43.241  -28.693  13.395 0.0000000000
79689  -45.366  -29.746  16.487 0.0000000000
79708  -44.686  -29.801  16.379 0.0000000000
79709  -45.071  -29.093  15.726 0.0000000000
79746  -45.865  -28.049  13.509 0.0000000000
79745  -45.047  -28.576  13.920 0.0000000000
79784  -44.277  -26.927  12.278 0.0000000000
79803  -44.976  -26.780  11.665 0.0000000000
81095  -48.593  -26.981  12.164 0.0000000000
82263  -49.039  -26.795  12.008 0.0000000000
82264  -49.456  -26.688  11.939 0.0000000000
81077  -49.138  -27.233  12.616 0.0000000000
81078  -49.681  -27.262  13.601 0.0000000000
63960  -34.892  -43.014  18.262 0.0000000000
63973  -34.752  -43.042  17.089 0.0000000000
65219  -34.215  -40.606  19.681 0.0000000000
65241  -33.951  -40.642  18.355 0.0000000000
65240  -33.867  -39.531  18.486 0.0000000000
66511  -35.973  -39.433  21.435 0.0000000000
67925  -35.660  -38.066  19.338 0.0000000000
67924  -34.957  -38.276  19.088 0.0000000000
66561  -34.145  -38.815  18.070 0.0000000000
67961  -34.508  -38.021  17.530 0.0000000000
67986  -34.068  -37.992  16.691 0.0000000000
67962  -35.351  -37.550  17.676 0.0000000000
67988  -36.073  -37.173  16.667 0.0000000000
68014  -36.330  -37.112  15.848 0.0000000000
68038  -36.146  -37.031  15.144 0.0000000000
66654  -36.961  -36.500  15.815 0.0000000000
66626  -37.914  -36.639  16.999 0.0000000000
66595  -39.698  -36.975  17.838 0.0000000000
66628  -40.030  -36.918  16.761 0.0000000000
65223  -42.310  -38.026  20.425 0.0000000000
66543  -42.597  -38.201  19.638 0.0000000000
66568  -42.257  -37.633  18.876 0.0000000000
66569  -43.008  -37.960  19.048 0.0000000000
40214  -22.374  -57.918  22.713 0.0000000000
38654  -22.330  -58.081  23.289 0.0000000000
40213  -21.743  -57.971  22.699 0.0000000000
41839  -20.768  -56.774  20.493 0.0000000000
40259  -19.651  -57.681  20.003 0.0000000000
40242  -19.748  -57.386  20.981 0.0000000000
40211  -19.538  -58.281  22.508 0.0000000000
38651  -18.998  -59.198  23.034 0.0000000000
40210  -18.388  -58.683  22.196 0.0000000000
35656  -9.626  -62.503  33.246 0.0000000000
58948  -36.755  -45.438  11.744 0.0000000000
60168  -37.555  -45.026  13.604 0.0000000000
60155  -37.119  -44.404  15.594 0.0000000000
52602  -37.530  -48.759  17.158 0.0000000000
52616  -37.858  -48.414  16.935 0.0000000000
56360  -39.414  -47.216  17.031 0.0000000000
55106  -38.834  -47.502  16.847 0.0000000000
56373  -39.289  -47.322  16.477 0.0000000000
56372  -39.234  -47.409  15.760 0.0000000000
57654  -39.583  -47.101  16.786 0.0000000000
60113  -38.522  -46.172  19.124 0.0000000000
58858  -39.258  -46.525  18.977 0.0000000000
58888  -38.616  -46.849  16.959 0.0000000000
60142  -37.918  -46.230  16.844 0.0000000000
61370  -36.394  -44.476  18.036 0.0000000000
62663  -35.526  -43.702  18.275 0.0000000000
62664  -36.285  -43.937  18.715 0.0000000000
62634  -37.083  -43.251  20.791 0.0000000000
63916  -36.193  -42.702  21.301 0.0000000000
60067  -38.478  -44.653  23.505 0.0000000000
61319  -37.640  -44.224  22.238 0.0000000000
60066  -37.953  -44.161  23.904 0.0000000000
62586  -36.701  -42.469  24.068 0.0000000000
43452  -26.118  -56.445  13.982 0.0000000000
48731  -29.203  -52.275  19.755 0.0000000000
50024  -28.592  -51.961  19.519 0.0000000000
51305  -28.443  -51.377  18.727 0.0000000000
51342  -29.241  -50.426  17.100 0.0000000000
51341  -28.293  -50.216  17.532 0.0000000000
52585  -28.112  -49.762  16.846 0.0000000000
52598  -27.677  -49.488  16.178 0.0000000000
51362  -31.400  -50.781  15.382 0.0000000000
38688  -26.162  -58.177  21.371 0.0000000000
38700  -24.637  -57.605  20.730 0.0000000000
38701  -25.402  -57.617  20.707 0.0000000000
41862  -26.433  -56.418  20.739 0.0000000000
40266  -26.291  -56.883  20.780 0.0000000000
40284  -25.838  -56.685  19.854 0.0000000000
40299  -24.212  -57.128  18.133 0.0000000000
40282  -25.142  -56.903  19.479 0.0000000000
40280  -23.490  -56.666  18.665 0.0000000000
41880  -22.654  -56.451  17.999 0.0000000000
41897  -23.242  -56.638  17.295 0.0000000000
82301  -48.711  -25.405  10.317 0.0000000000
83444  -49.246  -25.354  8.834 0.0000000000
83428  -50.878  -25.019  9.177 0.0000000000
83445  -50.412  -25.264  9.032 0.0000000000
84673  -50.893  -24.873  8.973 0.0000000000
85876  -51.365  -23.808  8.314 0.0000000000
84691  -51.637  -24.359  8.764 0.0000000000
82284  -51.653  -25.040  10.922 0.0000000000
82283  -51.322  -25.968  10.688 0.0000000000
84720  -53.241  -23.453  7.245 0.0000000000
84709  -54.655  -24.750  7.783 0.0000000000
85906  -54.461  -23.434  7.386 0.0000000000
87048  -54.357  -23.199  6.725 0.0000000000
84694  -55.499  -23.807  9.572 0.0000000000
85879  -55.431  -23.309  8.889 0.0000000000
85880  -56.033  -23.449  9.609 0.0000000000
87030  -56.245  -22.884  9.589 0.0000000000
85868  -56.481  -23.282  10.152 0.0000000000
32892  -10.630  -64.039  27.979 0.0000000000
31336  -10.514  -64.090  28.296 0.0000000000
63986  -34.230  -42.420  15.534 0.0000000000
62719  -34.707  -42.827  14.293 0.0000000000
64003  -33.944  -42.471  14.781 0.0000000000
72230  -37.984  -35.080  11.444 0.0000000000
73527  -38.640  -33.985  11.800 0.0000000000
66682  -37.844  -37.287  14.912 0.0000000000
66704  -38.289  -37.516  13.847 0.0000000000
66706  -40.145  -36.911  14.506 0.0000000000
66727  -39.768  -37.267  13.750 0.0000000000
68100  -39.193  -36.441  12.535 0.0000000000
66688  -43.056  -37.615  15.989 0.0000000000
66687  -42.203  -37.498  15.649 0.0000000000
66709  -42.591  -37.479  15.230 0.0000000000
68084  -41.918  -36.457  13.997 0.0000000000
68102  -40.848  -35.876  14.136 0.0000000000
68101  -39.796  -35.983  13.443 0.0000000000
69493  -40.271  -35.524  13.730 0.0000000000
70840  -40.713  -35.262  13.603 0.0000000000
72203  -40.944  -34.482  13.720 0.0000000000
73505  -40.914  -34.056  13.903 0.0000000000
73518  -40.195  -33.545  13.705 0.0000000000
74716  -41.039  -32.881  14.079 0.0000000000
73487  -43.611  -33.819  16.091 0.0000000000
74707  -42.423  -33.054  15.130 0.0000000000
74689  -43.731  -33.217  16.538 0.0000000000
31339  -13.437  -63.471  28.860 0.0000000000
31322  -13.730  -63.534  29.728 0.0000000000
32878  -11.905  -63.711  28.724 0.0000000000
29726  -10.867  -64.658  31.789 0.0000000000
29725  -9.919  -64.873  31.634 0.0000000000
26588  -7.022  -68.026  29.558 0.0000000000
28181  -7.371  -66.655  29.485 0.0000000000
31281  -7.750  -65.459  30.925 0.0000000000
31282  -8.352  -65.213  31.123 0.0000000000
29723  -8.593  -65.090  31.313 0.0000000000
29713  -9.372  -64.819  31.865 0.0000000000
31267  -9.319  -64.566  32.125 0.0000000000
31251  -9.773  -64.360  32.993 0.0000000000
31266  -8.553  -64.460  31.625 0.0000000000
32800  -8.150  -63.774  31.572 0.0000000000
32815  -7.712  -63.696  31.343 0.0000000000
35654  -7.722  -62.931  32.130 0.0000000000
28176  -4.966  -67.024  31.120 0.0000000000
29719  -5.239  -66.152  31.444 0.0000000000
29738  -11.871  -64.156  31.289 0.0000000000
46005  -27.388  -54.549  18.864 0.0000000000
47399  -27.486  -53.809  18.960 0.0000000000
48745  -27.013  -53.052  19.017 0.0000000000
50037  -27.163  -52.195  18.672 0.0000000000
51387  -34.922  -51.992  15.355 0.0000000000
52633  -34.238  -50.685  13.904 0.0000000000
45982  -27.511  -54.892  21.155 0.0000000000
45993  -27.318  -54.779  20.043 0.0000000000
83441  -45.832  -25.481  8.542 0.0000000000
84704  -49.212  -24.620  7.232 0.0000000000
60182  -36.006  -44.187  12.611 0.0000000000
68095  -34.860  -38.021  11.161 0.0000000000
37202  -17.097  -59.721  23.192 0.0000000000
37187  -17.417  -59.877  24.091 0.0000000000
37186  -16.658  -59.999  23.345 0.0000000000
35728  -15.935  -60.541  24.743 0.0000000000
50097  -37.179  -50.103  17.343 0.0000000000
50071  -37.610  -50.072  17.904 0.0000000000
50048  -37.796  -49.969  18.499 0.0000000000
47389  -31.044  -51.837  21.102 0.0000000000
50068  -35.279  -51.311  17.473 0.0000000000
47390  -31.250  -52.017  21.300 0.0000000000
75933  -42.461  -31.837  15.205 0.0000000000
77112  -42.437  -31.190  14.349 0.0000000000
77113  -42.819  -30.570  14.787 0.0000000000
79710  -46.064  -28.664  15.847 0.0000000000
81073  -45.528  -28.622  14.954 0.0000000000
81074  -46.044  -28.453  14.493 0.0000000000
79767  -46.231  -27.384  12.854 0.0000000000
79786  -46.903  -26.822  12.118 0.0000000000
79787  -47.542  -26.936  12.075 0.0000000000
81111  -48.015  -26.869  11.325 0.0000000000
63938  -35.225  -42.567  20.175 0.0000000000
63937  -34.345  -41.960  19.975 0.0000000000
65196  -34.638  -40.968  20.603 0.0000000000
66522  -36.588  -38.699  20.809 0.0000000000
66562  -36.460  -37.517  19.721 0.0000000000
67940  -36.197  -37.090  19.006 0.0000000000
67964  -36.784  -37.158  18.349 0.0000000000
66592  -36.924  -37.230  17.860 0.0000000000
38671  -24.408  -58.016  22.206 0.0000000000
38685  -23.760  -57.518  21.625 0.0000000000
38684  -23.097  -57.467  22.058 0.0000000000
40226  -17.780  -58.672  21.153 0.0000000000
88157  -56.191  -22.130  8.236 0.0000000000
89327  -56.423  -21.561  7.314 0.0000000000
89320  -57.519  -21.268  8.125 0.0000000000
34267  -9.933  -63.116  33.846 0.0000000000
56411  -36.694  -47.787  11.765 0.0000000000
56412  -37.307  -47.232  12.225 0.0000000000
58949  -37.398  -46.068  12.080 0.0000000000
58930  -37.439  -45.664  12.830 0.0000000000
53810  -39.013  -48.374  18.140 0.0000000000
53823  -38.706  -48.297  17.470 0.0000000000
55082  -39.132  -47.713  18.105 0.0000000000
56347  -39.238  -47.124  17.659 0.0000000000
57627  -39.571  -46.738  18.095 0.0000000000
58843  -40.258  -45.623  19.795 0.0000000000
60103  -39.166  -45.508  19.824 0.0000000000
60102  -38.486  -45.459  19.683 0.0000000000
61360  -37.930  -45.332  19.370 0.0000000000
61372  -37.841  -45.629  18.705 0.0000000000
61359  -37.517  -44.620  19.573 0.0000000000
62653  -36.740  -43.523  19.573 0.0000000000
62620  -37.280  -44.157  21.614 0.0000000000
60054  -38.061  -44.238  24.540 0.0000000000
46069  -26.037  -54.262  15.410 0.0000000000
50039  -30.044  -51.938  18.441 0.0000000000
50038  -29.181  -51.459  18.709 0.0000000000
50062  -29.699  -51.031  17.798 0.0000000000
51360  -29.858  -49.983  16.554 0.0000000000
38689  -26.792  -57.876  21.516 0.0000000000
41900  -25.669  -56.311  18.752 0.0000000000
40302  -25.557  -56.569  19.277 0.0000000000
40326  -25.049  -56.747  17.968 0.0000000000
40325  -24.722  -57.079  17.643 0.0000000000
41898  -23.978  -56.726  17.297 0.0000000000
41915  -23.722  -56.871  16.398 0.0000000000
43410  -23.219  -57.618  15.482 0.0000000000
82302  -49.748  -25.705  10.473 0.0000000000
82303  -50.638  -25.795  10.234 0.0000000000
82322  -51.190  -25.407  9.839 0.0000000000
82306  -52.505  -25.136  10.266 0.0000000000
83430  -53.196  -25.262  9.888 0.0000000000
84708  -53.872  -24.568  7.972 0.0000000000
83464  -54.177  -25.107  8.406 0.0000000000
84710  -55.125  -24.571  8.101 0.0000000000
84693  -54.715  -24.047  8.886 0.0000000000
84676  -56.014  -24.101  10.217 0.0000000000
31372  -9.764  -64.838  26.039 0.0000000000
31354  -9.407  -64.921  26.811 0.0000000000
65270  -34.166  -41.338  15.992 0.0000000000
63985  -33.663  -42.164  15.216 0.0000000000
64001  -32.776  -41.784  14.330 0.0000000000
72231  -38.590  -34.842  12.597 0.0000000000
66656  -39.433  -36.636  15.863 0.0000000000
66685  -40.721  -36.659  15.258 0.0000000000
66707  -40.982  -36.629  14.931 0.0000000000
68040  -43.372  -37.127  16.070 0.0000000000
68061  -43.332  -36.773  15.420 0.0000000000
68085  -42.850  -36.562  14.536 0.0000000000
69495  -41.792  -35.885  13.823 0.0000000000
70841  -41.323  -35.341  13.815 0.0000000000
70828  -41.975  -35.365  14.238 0.0000000000
72205  -42.134  -34.593  14.777 0.0000000000
73507  -42.112  -33.654  14.865 0.0000000000
73478  -43.919  -34.032  16.662 0.0000000000
34349  -15.985  -62.127  27.226 0.0000000000
32912  -15.657  -62.355  27.551 0.0000000000
32898  -15.774  -62.449  28.336 0.0000000000
32897  -15.109  -63.086  28.199 0.0000000000
31358  -13.101  -63.002  27.924 0.0000000000
31357  -12.091  -63.388  27.557 0.0000000000
31375  -12.437  -63.208  27.118 0.0000000000
32921  -11.670  -63.240  25.023 0.0000000000
29745  -8.486  -65.300  29.853 0.0000000000
28178  -6.832  -67.003  30.136 0.0000000000
29743  -7.615  -66.361  30.010 0.0000000000
29733  -7.059  -66.407  30.580 0.0000000000
31280  -7.303  -65.799  31.068 0.0000000000
29722  -7.949  -65.191  31.190 0.0000000000
29711  -7.866  -64.890  31.308 0.0000000000
29710  -6.707  -65.546  31.300 0.0000000000
31264  -6.409  -65.102  31.224 0.0000000000
48736  -32.453  -51.291  20.296 0.0000000000
50028  -34.965  -50.213  18.507 0.0000000000
77059  -44.753  -31.507  17.793 0.0000000000
78328  -44.486  -30.452  16.508 0.0000000000
78314  -45.290  -30.576  16.937 0.0000000000
78329  -45.689  -30.186  16.755 0.0000000000
78330  -46.240  -29.647  16.633 0.0000000000
79711  -46.996  -28.474  15.585 0.0000000000
79712  -47.902  -28.142  15.122 0.0000000000
65157  -36.295  -40.450  22.381 0.0000000000
65180  -37.973  -39.097  21.862 0.0000000000
65220  -39.610  -37.986  20.234 0.0000000000
41860  -21.621  -56.519  19.675 0.0000000000
43385  -21.107  -56.957  19.062 0.0000000000
31254  -12.292  -64.339  33.351 0.0000000000
31270  -11.474  -64.564  33.037 0.0000000000
55143  -36.206  -48.653  11.556 0.0000000000
61320  -38.408  -44.418  21.943 0.0000000000
43414  -25.375  -56.438  16.397 0.0000000000
44785  -25.792  -55.263  16.789 0.0000000000
46070  -25.972  -54.623  16.486 0.0000000000
46019  -26.927  -54.357  17.940 0.0000000000
48794  -26.862  -52.480  15.090 0.0000000000
141994  -32.600  -51.289  15.348 0.0000000000
141992  -33.423  -51.142  14.663 0.0000000000
52661  -32.655  -49.962  11.786 0.0000000000
41842  -27.746  -56.992  21.895 0.0000000000
43387  -26.607  -55.785  19.996 0.0000000000
41882  -26.114  -56.103  19.502 0.0000000000
41919  -25.391  -56.139  18.033 0.0000000000
81123  -43.170  -26.648  10.475 0.0000000000
85902  -51.470  -23.644  6.442 0.0000000000
82251  -51.400  -25.913  12.143 0.0000000000
82287  -54.478  -25.122  10.892 0.0000000000
66652  -32.690  -38.714  15.763 0.0000000000
66680  -32.360  -39.461  14.690 0.0000000000
67991  -42.267  -37.455  17.109 0.0000000000
68016  -41.766  -37.443  16.646 0.0000000000
66689  -43.558  -37.276  16.524 0.0000000000
68018  -43.907  -37.120  16.554 0.0000000000
68041  -43.885  -36.868  16.418 0.0000000000
69461  -44.095  -36.544  16.530 0.0000000000
70822  -43.490  -35.949  16.850 0.0000000000
72187  -43.872  -35.222  16.639 0.0000000000
37188  -18.224  -59.831  24.523 0.0000000000
37169  -18.771  -60.085  25.176 0.0000000000
32923  -13.428  -62.061  25.813 0.0000000000
32922  -12.403  -62.587  25.355 0.0000000000
25064  -5.422  -67.924  30.680 0.0000000000
51345  -38.057  -49.399  17.849 0.0000000000
52604  -38.838  -48.767  17.746 0.0000000000
53800  -39.019  -48.639  18.663 0.0000000000
51311  -38.286  -49.794  19.810 0.0000000000
48716  -28.042  -52.468  20.697 0.0000000000
48747  -30.563  -52.141  18.878 0.0000000000
50065  -32.350  -51.618  17.531 0.0000000000
50092  -32.920  -51.812  16.736 0.0000000000
50111  -34.397  -52.163  15.858 0.0000000000
50094  -35.093  -52.182  16.658 0.0000000000
51366  -35.198  -52.322  15.958 0.0000000000
51388  -35.609  -51.565  15.236 0.0000000000
77132  -42.286  -30.365  13.775 0.0000000000
77150  -41.755  -30.233  13.419 0.0000000000
78415  -41.357  -28.960  11.961 0.0000000000
78347  -44.159  -30.070  15.775 0.0000000000
78367  -44.301  -29.296  14.304 0.0000000000
79729  -44.909  -28.849  14.708 0.0000000000
78381  -44.220  -28.833  13.785 0.0000000000
78397  -43.855  -28.794  13.556 0.0000000000
79783  -43.164  -27.191  11.500 0.0000000000
79801  -43.675  -26.487  11.128 0.0000000000
81124  -44.265  -26.187  10.730 0.0000000000
82298  -44.982  -25.680  10.197 0.0000000000
81109  -45.962  -26.615  11.531 0.0000000000
83426  -46.399  -25.395  9.339 0.0000000000
83442  -47.054  -24.999  8.509 0.0000000000
82318  -47.795  -24.767  9.251 0.0000000000
83443  -48.250  -24.807  8.685 0.0000000000
82280  -48.903  -25.986  10.868 0.0000000000
82281  -49.464  -26.074  10.816 0.0000000000
81112  -49.333  -26.329  11.163 0.0000000000
81097  -49.796  -26.463  11.480 0.0000000000
82265  -50.184  -26.558  11.787 0.0000000000
79732  -48.796  -27.760  13.616 0.0000000000
81088  -49.784  -27.128  12.889 0.0000000000
62694  -34.588  -43.377  15.440 0.0000000000
63972  -34.680  -42.009  16.512 0.0000000000
65269  -33.452  -40.077  16.256 0.0000000000
66510  -35.192  -39.939  21.159 0.0000000000
66520  -34.867  -39.984  20.472 0.0000000000
66535  -34.896  -39.062  19.764 0.0000000000
66624  -33.348  -38.955  16.879 0.0000000000
66623  -32.726  -39.003  16.188 0.0000000000
67985  -33.183  -38.272  16.268 0.0000000000
68012  -33.839  -37.575  15.739 0.0000000000
67987  -35.156  -37.727  16.674 0.0000000000
69434  -35.111  -37.197  16.273 0.0000000000
68037  -35.231  -37.589  15.079 0.0000000000
142191  -35.623  -37.358  15.187 0.0000000000
66702  -36.947  -37.839  14.014 0.0000000000
68057  -37.123  -38.012  13.437 0.0000000000
67965  -41.314  -37.431  17.408 0.0000000000
66540  -39.916  -37.737  19.613 0.0000000000
66541  -40.841  -37.607  19.606 0.0000000000
65222  -41.286  -38.013  20.444 0.0000000000
66567  -41.372  -37.357  18.570 0.0000000000
66597  -41.204  -37.474  17.843 0.0000000000
69420  -41.974  -37.427  17.460 0.0000000000
66598  -42.651  -37.581  18.379 0.0000000000
66599  -43.264  -37.721  18.441 0.0000000000
41840  -21.287  -56.637  20.467 0.0000000000
40229  -21.415  -57.250  22.127 0.0000000000
40212  -20.672  -57.963  22.708 0.0000000000
40209  -17.353  -58.623  22.016 0.0000000000
38649  -16.703  -58.753  22.053 0.0000000000
89316  -57.530  -21.679  9.204 0.0000000000
60183  -36.902  -44.824  12.682 0.0000000000
61427  -36.510  -43.871  15.139 0.0000000000
53834  -37.337  -48.375  15.746 0.0000000000
53849  -37.632  -48.121  15.308 0.0000000000
53822  -38.394  -48.187  16.968 0.0000000000
55105  -38.806  -47.772  16.390 0.0000000000
53850  -38.123  -47.821  15.554 0.0000000000
56381  -38.970  -47.433  14.938 0.0000000000
57668  -39.133  -46.864  15.341 0.0000000000
58874  -39.669  -46.311  18.239 0.0000000000
58889  -39.361  -46.949  17.667 0.0000000000
57640  -39.368  -47.078  17.002 0.0000000000
58900  -38.989  -46.273  15.854 0.0000000000
60125  -37.028  -45.645  17.505 0.0000000000
61387  -36.667  -45.409  17.374 0.0000000000
60140  -36.608  -45.026  16.230 0.0000000000
62696  -36.060  -43.920  16.853 0.0000000000
63949  -35.852  -43.220  19.504 0.0000000000
63915  -35.500  -42.031  21.093 0.0000000000
61330  -38.014  -44.325  21.439 0.0000000000
62604  -36.841  -44.010  22.265 0.0000000000
61294  -37.547  -43.714  24.255 0.0000000000
61306  -37.091  -43.356  23.709 0.0000000000
63868  -36.429  -41.767  23.277 0.0000000000
50014  -27.637  -52.563  20.409 0.0000000000
51303  -27.422  -51.935  19.127 0.0000000000
51322  -27.332  -51.397  18.421 0.0000000000
51323  -27.919  -50.886  18.283 0.0000000000
50061  -26.899  -51.637  17.696 0.0000000000
50088  -27.111  -51.234  16.652 0.0000000000
50105  -27.250  -51.352  15.561 0.0000000000
50089  -30.924  -51.061  16.158 0.0000000000
51361  -30.610  -50.203  15.840 0.0000000000
52600  -29.647  -49.342  15.904 0.0000000000
53820  -29.140  -48.734  15.318 0.0000000000
53830  -28.239  -49.210  14.997 0.0000000000
50106  -27.976  -51.207  14.437 0.0000000000
38672  -25.094  -58.501  22.034 0.0000000000
38686  -24.557  -57.971  21.448 0.0000000000
40262  -23.817  -56.884  20.314 0.0000000000
40267  -26.764  -56.982  21.415 0.0000000000
38703  -26.397  -57.353  21.091 0.0000000000
40283  -25.545  -56.807  19.691 0.0000000000
40264  -25.544  -57.177  20.237 0.0000000000
38717  -25.100  -57.202  20.042 0.0000000000
41895  -21.095  -57.641  17.175 0.0000000000
41913  -21.937  -58.133  16.157 0.0000000000
85875  -50.759  -23.844  8.150 0.0000000000
85890  -51.570  -23.721  7.447 0.0000000000
85891  -52.098  -23.699  7.942 0.0000000000
82304  -51.249  -25.729  10.240 0.0000000000
83447  -51.832  -24.919  9.573 0.0000000000
82324  -52.098  -25.172  10.079 0.0000000000
83461  -51.887  -24.636  9.135 0.0000000000
84706  -52.261  -24.332  8.822 0.0000000000
85904  -53.544  -23.574  6.551 0.0000000000
85915  -54.094  -23.790  5.853 0.0000000000
87050  -55.273  -22.566  7.322 0.0000000000
85894  -55.139  -23.453  8.215 0.0000000000
87040  -55.256  -22.820  7.967 0.0000000000
87019  -56.632  -22.287  9.565 0.0000000000
87020  -56.743  -22.521  10.287 0.0000000000
31320  -11.469  -63.811  29.161 0.0000000000
31337  -10.886  -63.833  28.907 0.0000000000
29771  -10.663  -63.866  29.032 0.0000000000
29770  -9.729  -64.390  28.486 0.0000000000
31353  -9.053  -65.305  26.748 0.0000000000
29782  -8.726  -65.432  27.027 0.0000000000
65298  -31.630  -40.127  14.192 0.0000000000
74730  -39.170  -32.950  12.153 0.0000000000
68058  -37.653  -37.747  13.496 0.0000000000
66705  -39.394  -37.397  14.211 0.0000000000
66726  -38.882  -37.337  13.438 0.0000000000
68119  -39.307  -36.085  12.191 0.0000000000
66659  -41.707  -37.428  16.078 0.0000000000
66686  -41.432  -37.150  15.404 0.0000000000
66729  -41.136  -36.660  14.705 0.0000000000
68059  -41.684  -36.895  14.416 0.0000000000
69509  -39.382  -35.867  12.280 0.0000000000
70856  -39.409  -35.433  12.673 0.0000000000
72216  -39.550  -34.880  13.032 0.0000000000
72218  -40.976  -34.942  13.596 0.0000000000
73517  -38.994  -33.963  13.123 0.0000000000
74731  -39.748  -32.814  13.266 0.0000000000
74706  -42.198  -32.515  14.579 0.0000000000
74718  -42.138  -33.091  14.725 0.0000000000
75900  -43.748  -32.022  17.067 0.0000000000
73489  -44.109  -34.845  16.617 0.0000000000
29759  -12.990  -63.591  29.980 0.0000000000
32862  -11.893  -63.803  29.008 0.0000000000
32877  -11.243  -63.677  28.442 0.0000000000
32893  -10.842  -63.666  27.961 0.0000000000
31356  -10.964  -63.266  27.287 0.0000000000
31269  -10.689  -64.945  33.038 0.0000000000
28184  -7.291  -67.448  28.785 0.0000000000
29735  -8.929  -65.213  30.759 0.0000000000
31304  -7.883  -65.660  30.262 0.0000000000
29734  -8.534  -65.330  30.388 0.0000000000
29714  -9.976  -65.079  32.243 0.0000000000
31252  -10.574  -64.490  33.682 0.0000000000
32802  -9.683  -63.561  33.129 0.0000000000
31249  -8.409  -63.937  31.751 0.0000000000
32801  -8.712  -63.638  32.266 0.0000000000
34283  -9.140  -63.045  32.599 0.0000000000
35655  -8.338  -62.591  32.426 0.0000000000
25063  -5.064  -67.871  31.064 0.0000000000
26576  -5.130  -67.645  31.481 0.0000000000
28174  -5.365  -66.984  31.609 0.0000000000
29720  -5.382  -66.465  31.503 0.0000000000
31263  -5.644  -65.553  31.356 0.0000000000
32813  -5.980  -64.906  31.067 0.0000000000
26579  -5.137  -68.026  31.190 0.0000000000
28185  -7.516  -66.431  28.962 0.0000000000
29706  -12.913  -64.052  33.004 0.0000000000
29708  -5.462  -66.037  31.473 0.0000000000
29716  -11.804  -64.427  32.621 0.0000000000
31239  -10.854  -64.243  34.079 0.0000000000
31248  -8.028  -63.985  31.392 0.0000000000
31253  -11.410  -64.536  33.606 0.0000000000
31255  -13.268  -64.249  33.457 0.0000000000
31283  -8.755  -65.331  30.988 0.0000000000
31292  -7.018  -66.163  30.972 0.0000000000
31294  -8.350  -65.398  30.564 0.0000000000
31295  -8.700  -65.312  30.774 0.0000000000
31305  -8.123  -65.566  30.348 0.0000000000
31318  -10.689  -64.028  28.466 0.0000000000
31319  -10.971  -63.793  28.678 0.0000000000
31335  -10.400  -64.209  28.483 0.0000000000
31360  -14.741  -63.280  28.722 0.0000000000
32780  -9.922  -63.388  33.641 0.0000000000
32803  -10.213  -64.020  33.680 0.0000000000
32824  -7.399  -66.214  31.111 0.0000000000
32825  -7.480  -65.801  30.828 0.0000000000
32834  -7.231  -66.266  30.869 0.0000000000
32835  -7.358  -66.040  30.801 0.0000000000
32859  -10.619  -64.177  28.281 0.0000000000
32861  -11.430  -63.750  28.777 0.0000000000
32875  -10.469  -64.367  28.320 0.0000000000
32876  -10.731  -63.972  28.345 0.0000000000
34284  -9.639  -62.987  33.317 0.0000000000
34294  -7.533  -63.045  31.762 0.0000000000
38669  -22.914  -57.837  22.662 0.0000000000
38716  -24.840  -57.305  20.260 0.0000000000
40225  -17.031  -58.672  21.647 0.0000000000
40246  -26.825  -57.395  21.469 0.0000000000
40247  -27.492  -57.498  21.748 0.0000000000
40260  -20.331  -57.087  20.486 0.0000000000
40301  -25.299  -56.608  18.752 0.0000000000
40324  -24.345  -56.882  17.440 0.0000000000
41857  -19.223  -58.194  19.004 0.0000000000
41861  -26.275  -56.626  20.556 0.0000000000
41899  -25.411  -56.444  18.436 0.0000000000
43370  -19.273  -57.939  18.968 0.0000000000
43372  -21.199  -56.793  19.343 0.0000000000
43373  -21.420  -56.751  19.082 0.0000000000
43383  -19.338  -58.108  18.800 0.0000000000
43386  -21.292  -56.864  18.788 0.0000000000
43431  -23.024  -57.897  15.342 0.0000000000
44804  -25.875  -55.024  16.608 0.0000000000
47387  -27.161  -53.489  19.649 0.0000000000
47398  -27.254  -53.459  19.132 0.0000000000
48702  -27.095  -53.074  20.894 0.0000000000
48730  -27.162  -53.051  19.787 0.0000000000
48746  -27.293  -53.431  18.879 0.0000000000
50002  -27.146  -52.972  20.621 0.0000000000
50013  -27.242  -52.852  20.286 0.0000000000
50023  -27.775  -52.079  19.721 0.0000000000
50112  -34.743  -52.301  16.084 0.0000000000
51346  -38.683  -49.185  18.036 0.0000000000
51381  -27.656  -50.382  14.785 0.0000000000
52587  -29.424  -49.855  16.595 0.0000000000
52588  -38.643  -49.044  17.795 0.0000000000
52599  -28.594  -49.121  16.204 0.0000000000
52613  -27.647  -49.668  15.304 0.0000000000
52628  -28.213  -49.623  14.553 0.0000000000
52629  -28.997  -49.370  13.862 0.0000000000
52644  -29.362  -48.958  13.625 0.0000000000
53818  -27.946  -49.340  15.517 0.0000000000
53819  -28.396  -49.059  15.521 0.0000000000
53821  -29.832  -48.959  14.790 0.0000000000
53831  -28.847  -48.727  14.754 0.0000000000
53832  -29.591  -48.699  14.343 0.0000000000
53833  -30.412  -48.536  14.004 0.0000000000
53845  -28.677  -49.083  14.387 0.0000000000
53847  -29.951  -48.612  13.465 0.0000000000
53864  -29.571  -48.761  13.598 0.0000000000
55093  -38.661  -47.843  17.044 0.0000000000
56348  -39.390  -47.291  18.295 0.0000000000
60199  -36.489  -45.082  12.076 0.0000000000
61307  -37.868  -43.870  23.280 0.0000000000
61353  -38.794  -45.096  20.198 0.0000000000
62636  -38.323  -44.006  20.875 0.0000000000
62654  -37.339  -43.943  19.813 0.0000000000
65297  -31.406  -40.020  14.080 0.0000000000
65300  -32.913  -41.608  14.628 0.0000000000
65313  -31.565  -40.109  13.922 0.0000000000
65314  -31.886  -40.358  13.662 0.0000000000
66509  -34.898  -40.351  20.865 0.0000000000
66622  -32.727  -38.694  16.003 0.0000000000
66653  -32.582  -39.029  15.384 0.0000000000
66678  -31.580  -39.821  14.106 0.0000000000
66679  -31.793  -39.754  14.319 0.0000000000
66699  -31.501  -39.902  13.884 0.0000000000
66700  -31.687  -39.801  13.682 0.0000000000
67926  -35.991  -37.572  19.615 0.0000000000
67938  -34.717  -38.114  18.375 0.0000000000
67942  -41.977  -37.376  18.271 0.0000000000
67966  -41.690  -37.412  17.711 0.0000000000
67967  -42.228  -37.403  17.781 0.0000000000
67984  -32.831  -38.475  16.049 0.0000000000
67989  -41.277  -37.363  16.926 0.0000000000
68010  -32.784  -38.488  15.816 0.0000000000
68017  -42.074  -37.462  16.862 0.0000000000
68103  -41.545  -36.030  13.886 0.0000000000
68120  -39.682  -35.906  12.629 0.0000000000
69419  -41.806  -37.451  17.296 0.0000000000
69435  -35.514  -37.231  16.270 0.0000000000
69436  -42.024  -37.453  17.139 0.0000000000
69437  -42.180  -37.449  17.332 0.0000000000
69448  -35.378  -37.388  15.797 0.0000000000
69460  -35.621  -37.369  15.427 0.0000000000
69462  -43.989  -36.228  16.559 0.0000000000
69471  -43.115  -36.125  16.012 0.0000000000
69473  -43.619  -36.204  16.639 0.0000000000
69481  -42.512  -35.960  14.306 0.0000000000
70812  -44.446  -35.875  16.569 0.0000000000
72193  -42.715  -34.991  16.759 0.0000000000
72194  -43.014  -35.534  17.241 0.0000000000
75949  -42.042  -31.983  13.897 0.0000000000
77072  -45.210  -30.909  17.449 0.0000000000
77073  -45.527  -30.808  17.722 0.0000000000
78313  -44.906  -30.570  16.770 0.0000000000
79671  -45.146  -30.439  16.755 0.0000000000
79672  -45.317  -30.260  16.716 0.0000000000
79750  -49.398  -27.342  13.048 0.0000000000
81059  -45.686  -28.669  15.413 0.0000000000
81060  -46.151  -28.478  15.155 0.0000000000
81076  -48.947  -27.176  12.465 0.0000000000
81084  -45.909  -28.435  13.944 0.0000000000
81086  -48.907  -27.269  12.663 0.0000000000
81087  -49.346  -27.237  12.749 0.0000000000
81128  -49.824  -26.164  10.777 0.0000000000
82243  -49.153  -27.097  12.423 0.0000000000
82244  -49.339  -27.125  12.517 0.0000000000
82246  -50.883  -26.188  12.443 0.0000000000
82248  -49.116  -26.935  12.249 0.0000000000
82286  -53.690  -25.580  10.902 0.0000000000
82305  -51.628  -25.213  10.370 0.0000000000
83427  -50.680  -25.109  9.054 0.0000000000
83429  -52.751  -25.211  9.914 0.0000000000
84650  -54.650  -23.920  11.001 0.0000000000
84651  -54.983  -24.174  10.829 0.0000000000
84661  -54.622  -24.015  10.717 0.0000000000
84662  -54.617  -24.238  10.608 0.0000000000
84671  -44.388  -25.640  9.208 0.0000000000
84674  -51.142  -24.830  9.087 0.0000000000
84692  -52.171  -23.897  8.391 0.0000000000
85848  -54.771  -23.827  10.710 0.0000000000
85858  -54.844  -23.938  10.394 0.0000000000
85859  -55.360  -24.202  10.106 0.0000000000
85866  -55.589  -24.153  9.793 0.0000000000
85867  -55.833  -24.118  9.834 0.0000000000
85892  -54.402  -23.832  7.646 0.0000000000
87004  -54.915  -23.620  10.777 0.0000000000
87005  -55.066  -23.752  10.699 0.0000000000
87010  -54.952  -23.759  10.552 0.0000000000
87011  -55.181  -23.869  10.546 0.0000000000
87027  -50.966  -23.723  8.198 0.0000000000
87028  -51.155  -23.757  8.281 0.0000000000
87037  -50.853  -23.697  7.961 0.0000000000
87038  -51.093  -23.627  7.990 0.0000000000
88147  -57.006  -21.921  9.718 0.0000000000
89315  -57.149  -21.821  9.069 0.0000000000
89326  -55.741  -21.862  7.124 0.0000000000
142189  -35.815  -37.263  15.308 0.0000000000
142190  -35.845  -37.216  15.434 0.0000000000
