#!ascii label  , from subject 3389 vox2ras=TkReg
1343
112782  -56.972  -0.991  19.445 0.0000000000
127142  -45.548  13.992  12.862 0.0000000000
119541  -45.051  5.902  22.074 0.0000000000
121488  -52.241  7.880  17.854 0.0000000000
126235  -51.751  12.606  10.594 0.0000000000
127049  -51.625  13.009  18.996 0.0000000000
125144  -49.741  11.510  15.217 0.0000000000
119587  -47.533  5.512  15.032 0.0000000000
106709  -51.514  -7.166  18.206 0.0000000000
111589  -52.574  -2.155  20.859 0.0000000000
131046  -48.609  17.959  20.221 0.0000000000
131902  -50.146  19.853  12.890 0.0000000000
143024  -52.155  14.116  5.977 0.0000000000
115988  -50.335  1.431  18.579 0.0000000000
124083  -45.443  10.272  20.561 0.0000000000
121452  -51.589  7.206  20.870 0.0000000000
116954  -54.006  2.676  14.405 0.0000000000
116969  -51.734  2.637  12.753 0.0000000000
116095  -45.362  1.356  11.431 0.0000000000
112790  -56.099  -1.189  17.753 0.0000000000
124233  -52.412  10.618  9.441 0.0000000000
125186  -52.124  11.968  12.729 0.0000000000
125183  -49.696  11.424  12.619 0.0000000000
124151  -47.528  10.462  14.129 0.0000000000
109026  -52.551  -4.801  18.438 0.0000000000
111604  -50.195  -2.186  19.942 0.0000000000
129539  -46.833  16.556  22.217 0.0000000000
131162  -50.238  17.816  10.195 0.0000000000
115969  -48.640  1.374  19.552 0.0000000000
118626  -47.983  4.478  18.424 0.0000000000
128857  -42.822  15.215  13.787 0.0000000000
126144  -45.661  12.392  16.641 0.0000000000
124087  -52.049  10.395  20.438 0.0000000000
124062  -51.891  10.581  22.500 0.0000000000
121479  -53.973  7.792  19.623 0.0000000000
119577  -51.899  5.343  16.376 0.0000000000
119590  -53.335  6.425  14.829 0.0000000000
116986  -54.040  2.990  12.125 0.0000000000
119643  -52.155  5.457  12.006 0.0000000000
117850  -47.153  3.561  11.404 0.0000000000
127163  -48.414  13.345  11.371 0.0000000000
127085  -48.540  13.114  15.507 0.0000000000
127133  -51.779  13.482  14.112 0.0000000000
126148  -52.370  12.636  17.202 0.0000000000
123210  -49.826  9.602  19.004 0.0000000000
120570  -50.097  6.700  16.081 0.0000000000
123227  -47.734  9.203  16.966 0.0000000000
121492  -45.931  7.486  15.829 0.0000000000
105621  -54.341  -7.795  19.251 0.0000000000
109011  -55.251  -5.277  19.710 0.0000000000
111567  -56.131  -2.051  21.377 0.0000000000
129571  -41.677  16.907  19.305 0.0000000000
131079  -43.905  18.135  17.126 0.0000000000
130303  -46.007  17.743  15.185 0.0000000000
130330  -48.404  17.057  12.657 0.0000000000
129634  -50.692  16.230  10.448 0.0000000000
127211  -53.131  13.531  8.529 0.0000000000
124282  -51.596  10.813  6.696 0.0000000000
125311  -50.583  12.517  4.474 0.0000000000
113872  -49.778  -0.797  22.391 0.0000000000
114940  -52.567  0.467  22.081 0.0000000000
114994  -54.001  0.643  19.781 0.0000000000
121385  -45.568  7.520  23.578 0.0000000000
125107  -48.169  11.669  19.093 0.0000000000
123155  -48.301  8.821  23.428 0.0000000000
121423  -48.076  7.092  21.860 0.0000000000
118628  -49.858  4.606  18.112 0.0000000000
116005  -52.743  1.568  16.965 0.0000000000
116002  -56.148  1.303  17.196 0.0000000000
115039  -55.448  0.985  15.535 0.0000000000
116025  -52.676  1.283  14.715 0.0000000000
115033  -49.335  0.571  15.345 0.0000000000
118692  -49.651  4.141  11.819 0.0000000000
116082  -48.088  2.112  12.585 0.0000000000
113958  -46.429  -0.672  15.046 0.0000000000
111607  -57.623  -2.539  19.443 0.0000000000
111609  -57.173  -1.896  18.373 0.0000000000
112791  -56.776  -1.399  18.081 0.0000000000
124232  -51.274  10.854  9.522 0.0000000000
124214  -51.057  11.006  10.746 0.0000000000
125217  -49.094  11.496  10.740 0.0000000000
125200  -48.470  11.562  11.528 0.0000000000
119556  -45.749  5.552  19.854 0.0000000000
128027  -44.510  14.993  13.104 0.0000000000
122333  -51.922  8.712  19.910 0.0000000000
122334  -52.781  8.362  20.074 0.0000000000
122361  -53.749  8.289  18.724 0.0000000000
120574  -53.422  6.850  16.538 0.0000000000
121521  -53.345  7.289  15.077 0.0000000000
119633  -52.567  5.746  12.946 0.0000000000
121520  -52.847  7.332  14.824 0.0000000000
126233  -49.902  12.950  10.220 0.0000000000
127146  -49.512  13.187  12.975 0.0000000000
126200  -51.513  12.837  12.856 0.0000000000
125154  -50.755  11.813  14.565 0.0000000000
125156  -52.288  12.262  15.346 0.0000000000
125135  -51.063  11.595  16.668 0.0000000000
125109  -51.084  11.505  18.644 0.0000000000
125126  -50.155  11.242  17.411 0.0000000000
123228  -48.774  9.593  17.623 0.0000000000
124131  -48.328  9.907  16.754 0.0000000000
123239  -46.155  9.245  15.437 0.0000000000
110265  -53.011  -3.367  19.746 0.0000000000
109010  -54.292  -4.856  19.637 0.0000000000
110251  -54.317  -3.386  20.505 0.0000000000
110252  -55.352  -3.360  20.680 0.0000000000
111591  -54.675  -2.631  21.234 0.0000000000
130252  -47.833  17.165  21.602 0.0000000000
130280  -44.982  17.586  19.418 0.0000000000
131059  -46.094  17.932  19.084 0.0000000000
131091  -44.309  18.197  16.191 0.0000000000
131071  -47.971  18.697  17.735 0.0000000000
132591  -50.058  20.066  15.369 0.0000000000
131105  -49.013  18.370  14.808 0.0000000000
130321  -50.046  18.063  13.330 0.0000000000
129619  -50.113  16.963  11.905 0.0000000000
130333  -51.084  17.876  11.920 0.0000000000
129668  -51.256  16.113  8.127 0.0000000000
129670  -53.082  16.288  8.272 0.0000000000
143016  -52.746  13.533  7.029 0.0000000000
125260  -52.713  11.735  7.602 0.0000000000
126314  -52.208  13.054  6.109 0.0000000000
124300  -50.512  10.689  5.577 0.0000000000
126329  -51.462  13.269  5.310 0.0000000000
114985  -44.928  0.145  19.924 0.0000000000
113904  -45.309  -0.915  21.086 0.0000000000
113905  -46.111  -0.375  21.234 0.0000000000
113870  -48.006  -1.142  22.068 0.0000000000
114948  -48.008  0.127  21.672 0.0000000000
115970  -49.709  1.278  19.564 0.0000000000
114970  -49.983  0.622  20.530 0.0000000000
114972  -51.763  1.058  20.517 0.0000000000
114973  -53.255  0.787  21.095 0.0000000000
114993  -53.040  0.886  19.623 0.0000000000
124081  -43.949  9.812  20.309 0.0000000000
121448  -44.277  7.687  20.855 0.0000000000
123174  -45.784  9.045  21.394 0.0000000000
127068  -49.881  12.963  16.876 0.0000000000
126126  -47.686  12.003  17.702 0.0000000000
126085  -49.862  12.157  19.751 0.0000000000
122301  -51.797  8.177  22.515 0.0000000000
124060  -49.749  10.067  22.587 0.0000000000
121389  -50.088  7.839  23.102 0.0000000000
121388  -48.701  7.623  23.165 0.0000000000
121425  -49.629  7.277  21.633 0.0000000000
121464  -48.704  6.848  20.101 0.0000000000
120548  -50.777  6.465  19.436 0.0000000000
117805  -52.048  3.584  15.097 0.0000000000
117804  -51.111  3.478  15.811 0.0000000000
116918  -53.156  2.092  16.124 0.0000000000
116006  -53.864  1.943  17.007 0.0000000000
116920  -55.426  2.312  15.845 0.0000000000
116009  -56.242  1.590  16.115 0.0000000000
116939  -56.221  2.227  14.833 0.0000000000
116970  -52.844  2.534  12.345 0.0000000000
116049  -53.420  1.402  13.903 0.0000000000
116048  -52.220  1.607  14.083 0.0000000000
115035  -51.256  0.666  15.443 0.0000000000
116066  -50.766  2.172  13.790 0.0000000000
120569  -48.994  6.453  16.194 0.0000000000
119632  -50.036  5.457  13.155 0.0000000000
119613  -48.727  5.473  13.861 0.0000000000
116109  -46.409  2.306  10.695 0.0000000000
117009  -47.909  2.865  10.675 0.0000000000
116081  -47.190  1.878  12.294 0.0000000000
116065  -47.877  1.808  13.385 0.0000000000
115072  -46.136  0.514  13.848 0.0000000000
113957  -45.563  -0.480  14.575 0.0000000000
107868  -57.850  -5.835  18.581 0.0000000000
112788  -54.894  -1.768  17.410 0.0000000000
125219  -53.466  11.721  10.604 0.0000000000
126201  -52.560  12.417  12.292 0.0000000000
124181  -52.800  11.179  12.188 0.0000000000
125185  -51.596  11.482  12.783 0.0000000000
125153  -49.590  11.307  14.227 0.0000000000
124145  -48.303  10.945  15.006 0.0000000000
124166  -48.696  11.316  13.526 0.0000000000
107850  -52.375  -5.999  18.459 0.0000000000
109025  -51.557  -4.322  18.033 0.0000000000
111605  -51.257  -2.352  20.061 0.0000000000
130999  -49.294  18.511  21.873 0.0000000000
131138  -50.276  18.800  11.410 0.0000000000
128940  -50.039  14.792  8.068 0.0000000000
126300  -50.115  14.145  6.368 0.0000000000
114988  -47.619  0.870  20.104 0.0000000000
116908  -48.030  2.737  18.703 0.0000000000
116909  -48.896  2.710  18.721 0.0000000000
125104  -45.538  11.223  18.772 0.0000000000
126078  -52.373  12.317  20.396 0.0000000000
126069  -51.199  12.248  20.861 0.0000000000
124073  -52.548  10.719  21.470 0.0000000000
122303  -53.041  8.147  21.601 0.0000000000
121468  -52.425  7.421  20.236 0.0000000000
120549  -51.951  6.804  19.640 0.0000000000
120564  -53.079  6.415  17.395 0.0000000000
119578  -52.790  5.936  16.107 0.0000000000
117820  -53.109  3.543  14.091 0.0000000000
117833  -55.065  3.091  13.413 0.0000000000
117831  -53.284  3.778  12.889 0.0000000000
117841  -53.249  3.747  11.981 0.0000000000
117854  -51.998  3.860  11.591 0.0000000000
119638  -47.816  4.074  12.862 0.0000000000
118555  -43.801  5.181  23.159 0.0000000000
128043  -46.914  14.425  11.879 0.0000000000
127128  -46.587  13.066  13.587 0.0000000000
127130  -48.717  13.156  13.561 0.0000000000
127119  -49.852  13.168  14.602 0.0000000000
127088  -51.312  13.438  16.554 0.0000000000
126185  -52.487  12.948  13.649 0.0000000000
127107  -52.285  13.208  16.254 0.0000000000
127058  -52.727  13.189  17.986 0.0000000000
125110  -52.162  11.991  18.860 0.0000000000
123212  -51.229  9.783  20.031 0.0000000000
122346  -50.607  8.337  18.814 0.0000000000
120571  -51.156  6.779  16.012 0.0000000000
121486  -49.793  7.734  17.764 0.0000000000
121485  -48.805  7.759  17.459 0.0000000000
120568  -47.914  6.437  16.252 0.0000000000
123236  -47.757  9.695  16.121 0.0000000000
122365  -46.801  8.283  16.481 0.0000000000
107851  -53.207  -5.933  18.793 0.0000000000
107840  -54.851  -5.980  19.339 0.0000000000
107841  -55.837  -5.908  19.348 0.0000000000
109013  -56.935  -4.744  20.044 0.0000000000
110254  -56.976  -3.022  20.272 0.0000000000
112773  -56.944  -1.520  20.793 0.0000000000
129587  -40.332  16.890  17.222 0.0000000000
130277  -42.606  17.540  18.307 0.0000000000
130292  -41.219  17.171  16.199 0.0000000000
130307  -42.365  16.947  14.821 0.0000000000
130309  -44.110  17.314  14.496 0.0000000000
129610  -45.602  16.401  13.167 0.0000000000
131062  -49.802  19.326  18.558 0.0000000000
131083  -48.458  18.735  16.364 0.0000000000
130312  -48.123  17.926  14.406 0.0000000000
128869  -46.927  15.627  12.141 0.0000000000
129623  -47.925  15.730  11.468 0.0000000000
128889  -49.599  15.373  10.198 0.0000000000
127194  -51.253  13.272  9.401 0.0000000000
130354  -51.524  17.338  10.296 0.0000000000
128909  -52.406  15.528  9.054 0.0000000000
127196  -52.842  13.512  8.978 0.0000000000
124235  -53.511  11.201  8.932 0.0000000000
124248  -51.630  10.660  8.372 0.0000000000
123320  -49.587  9.540  6.487 0.0000000000
123348  -49.502  9.998  4.968 0.0000000000
127249  -50.936  14.281  4.533 0.0000000000
112745  -49.665  -1.855  22.006 0.0000000000
112747  -51.135  -1.574  21.896 0.0000000000
114950  -49.585  0.207  21.351 0.0000000000
113873  -50.724  -0.385  22.352 0.0000000000
112749  -53.162  -1.150  22.119 0.0000000000
112750  -54.378  -0.761  22.245 0.0000000000
113890  -55.449  -0.160  21.555 0.0000000000
114977  -56.383  0.182  20.077 0.0000000000
119507  -45.450  6.131  24.045 0.0000000000
126158  -46.970  12.891  15.608 0.0000000000
125125  -46.720  11.683  18.091 0.0000000000
125077  -46.721  11.104  19.544 0.0000000000
125051  -50.116  11.307  21.369 0.0000000000
124085  -47.849  10.606  21.121 0.0000000000
124068  -47.043  9.601  21.525 0.0000000000
122279  -46.915  8.348  23.389 0.0000000000
120468  -47.127  6.822  24.248 0.0000000000
120517  -45.907  6.397  21.882 0.0000000000
120545  -47.664  6.178  19.711 0.0000000000
119567  -48.491  5.250  18.622 0.0000000000
116911  -50.286  2.677  17.937 0.0000000000
119573  -51.185  5.294  17.553 0.0000000000
117790  -50.496  3.534  17.333 0.0000000000
115997  -51.132  1.706  17.652 0.0000000000
115999  -53.411  1.228  17.889 0.0000000000
115976  -55.400  1.206  18.997 0.0000000000
115012  -56.346  0.680  18.214 0.0000000000
115017  -56.283  0.700  17.106 0.0000000000
115025  -55.626  0.446  16.299 0.0000000000
115024  -54.747  0.336  16.029 0.0000000000
116050  -54.680  1.643  13.969 0.0000000000
115059  -54.353  1.137  14.486 0.0000000000
113936  -52.761  -0.467  16.354 0.0000000000
113935  -51.610  -0.627  16.317 0.0000000000
113934  -50.628  -0.328  16.182 0.0000000000
120602  -51.517  6.604  14.443 0.0000000000
119651  -50.925  4.964  11.995 0.0000000000
117863  -50.423  3.262  11.047 0.0000000000
118700  -48.364  4.090  10.960 0.0000000000
117010  -49.268  2.980  10.947 0.0000000000
116982  -49.856  2.220  11.966 0.0000000000
116950  -48.540  2.038  14.023 0.0000000000
115032  -48.326  0.670  15.482 0.0000000000
112786  -57.408  -1.767  19.024 0.0000000000
111610  -57.646  -2.730  18.493 0.0000000000
112785  -56.934  -1.110  18.596 0.0000000000
124246  -49.005  10.619  8.261 0.0000000000
124231  -49.740  11.117  9.686 0.0000000000
124230  -48.361  11.015  9.076 0.0000000000
119547  -45.504  5.922  20.873 0.0000000000
128028  -45.036  14.553  13.077 0.0000000000
128021  -44.632  14.097  13.477 0.0000000000
127127  -45.201  13.444  13.429 0.0000000000
122347  -51.846  8.332  18.848 0.0000000000
122348  -52.996  8.357  19.054 0.0000000000
121489  -53.485  8.079  18.078 0.0000000000
121508  -53.393  7.318  16.139 0.0000000000
121499  -53.150  7.664  16.904 0.0000000000
121507  -52.963  7.524  15.752 0.0000000000
126250  -50.911  12.679  9.907 0.0000000000
126218  -50.560  12.744  11.718 0.0000000000
126219  -51.741  12.745  11.619 0.0000000000
125145  -50.953  11.684  15.638 0.0000000000
125134  -49.992  11.323  16.304 0.0000000000
124132  -48.982  10.780  17.018 0.0000000000
124139  -49.008  11.108  15.822 0.0000000000
106710  -52.524  -7.168  18.546 0.0000000000
110250  -53.268  -2.962  20.400 0.0000000000
110266  -53.754  -3.887  20.081 0.0000000000
111590  -53.616  -2.468  21.089 0.0000000000
131022  -49.165  17.871  20.910 0.0000000000
131045  -47.054  17.905  19.786 0.0000000000
131060  -47.503  18.456  18.954 0.0000000000
131070  -46.681  18.540  17.899 0.0000000000
131877  -49.322  19.854  14.815 0.0000000000
132579  -49.179  20.185  15.730 0.0000000000
131890  -50.210  19.333  13.745 0.0000000000
131107  -50.315  19.134  14.690 0.0000000000
130322  -50.526  18.271  12.835 0.0000000000
131127  -50.745  18.410  12.345 0.0000000000
128942  -51.468  14.799  7.382 0.0000000000
128943  -52.454  15.285  7.487 0.0000000000
143021  -52.353  14.119  6.596 0.0000000000
143019  -52.480  13.591  6.559 0.0000000000
127250  -51.595  13.985  5.692 0.0000000000
115004  -44.553  0.371  18.852 0.0000000000
115005  -45.307  0.522  19.177 0.0000000000
114966  -45.606  0.012  20.586 0.0000000000
114967  -46.562  0.267  20.596 0.0000000000
113906  -46.915  -0.199  21.212 0.0000000000
115987  -49.312  1.835  18.838 0.0000000000
115971  -50.362  0.897  19.764 0.0000000000
114991  -51.144  0.713  19.579 0.0000000000
115972  -52.384  1.131  20.192 0.0000000000
115007  -51.695  0.721  18.932 0.0000000000
124124  -44.412  10.727  19.306 0.0000000000
124082  -44.550  10.112  20.434 0.0000000000
123191  -44.500  9.324  20.518 0.0000000000
123192  -45.200  9.418  20.843 0.0000000000
126128  -50.385  12.904  17.737 0.0000000000
126104  -50.036  12.623  18.676 0.0000000000
126086  -50.959  12.819  19.557 0.0000000000
121427  -51.860  7.714  22.034 0.0000000000
121390  -50.917  7.818  23.264 0.0000000000
121426  -50.701  7.352  21.817 0.0000000000
121401  -49.779  7.626  22.457 0.0000000000
121451  -50.460  6.896  20.970 0.0000000000
121466  -50.121  6.812  20.076 0.0000000000
120537  -51.114  6.717  20.250 0.0000000000
117819  -52.596  3.050  14.710 0.0000000000
116935  -52.491  2.589  15.311 0.0000000000
116936  -53.614  2.396  15.234 0.0000000000
116919  -54.322  1.999  15.951 0.0000000000
116937  -54.733  2.437  15.105 0.0000000000
116938  -55.592  2.408  14.961 0.0000000000
116955  -54.985  2.691  14.325 0.0000000000
116984  -51.818  3.015  12.055 0.0000000000
116068  -52.651  2.125  13.274 0.0000000000
116067  -51.555  2.165  13.566 0.0000000000
116968  -50.634  2.424  12.918 0.0000000000
120580  -48.381  5.970  15.169 0.0000000000
119612  -47.972  5.376  14.256 0.0000000000
116096  -46.301  1.837  11.268 0.0000000000
116080  -46.082  1.441  12.371 0.0000000000
116063  -45.809  0.943  13.171 0.0000000000
115071  -45.346  0.419  13.540 0.0000000000
116079  -45.191  1.039  12.460 0.0000000000
107855  -58.162  -5.159  19.240 0.0000000000
112789  -55.490  -1.672  17.454 0.0000000000
124216  -52.968  11.008  10.334 0.0000000000
124199  -53.324  11.285  11.057 0.0000000000
124198  -52.874  10.887  11.382 0.0000000000
124195  -50.174  11.253  11.629 0.0000000000
125203  -51.133  11.331  12.252 0.0000000000
125184  -50.571  11.461  12.830 0.0000000000
125167  -50.724  11.515  13.623 0.0000000000
125166  -49.749  11.362  13.426 0.0000000000
124153  -49.174  11.271  13.814 0.0000000000
125165  -49.115  11.388  13.105 0.0000000000
124179  -47.331  11.259  12.599 0.0000000000
109024  -50.596  -4.224  17.957 0.0000000000
130974  -48.612  18.262  22.753 0.0000000000
129665  -49.212  15.908  8.838 0.0000000000
128090  -48.708  14.862  8.160 0.0000000000
128089  -48.100  15.097  8.245 0.0000000000
118625  -46.954  4.603  18.732 0.0000000000
117785  -47.465  3.559  18.441 0.0000000000
117786  -48.445  3.634  18.452 0.0000000000
128010  -42.265  14.754  14.371 0.0000000000
126124  -45.369  12.086  17.425 0.0000000000
125063  -52.706  11.816  20.214 0.0000000000
125054  -52.326  11.515  21.026 0.0000000000
124088  -52.361  10.963  20.793 0.0000000000
122335  -53.281  8.086  20.239 0.0000000000
122320  -52.649  8.729  21.019 0.0000000000
122321  -53.153  8.149  21.194 0.0000000000
121454  -53.137  7.867  21.232 0.0000000000
121469  -53.292  7.739  20.356 0.0000000000
120550  -53.224  7.046  19.665 0.0000000000
120562  -53.810  7.224  19.035 0.0000000000
119579  -53.297  6.395  15.554 0.0000000000
119589  -52.752  5.623  15.122 0.0000000000
118648  -52.172  4.656  15.089 0.0000000000
118669  -52.466  4.742  14.436 0.0000000000
118676  -52.631  4.706  13.478 0.0000000000
120634  -52.298  6.239  12.742 0.0000000000
118695  -52.334  4.414  11.784 0.0000000000
119653  -51.960  4.888  11.628 0.0000000000
127162  -47.497  13.805  11.624 0.0000000000
127144  -47.259  13.509  12.367 0.0000000000
127145  -48.493  13.116  12.504 0.0000000000
127147  -50.573  13.190  13.281 0.0000000000
127131  -49.835  13.040  13.903 0.0000000000
126171  -50.321  13.232  14.413 0.0000000000
127087  -50.411  13.213  16.279 0.0000000000
127105  -51.026  13.429  15.647 0.0000000000
125169  -52.249  12.253  14.272 0.0000000000
125147  -52.269  12.372  16.266 0.0000000000
126160  -52.419  12.807  15.786 0.0000000000
126149  -52.436  12.875  16.773 0.0000000000
127090  -52.308  13.192  16.948 0.0000000000
126131  -52.649  12.866  17.634 0.0000000000
126107  -52.668  12.571  18.658 0.0000000000
126106  -52.328  12.382  18.366 0.0000000000
124128  -50.357  11.019  18.697 0.0000000000
124109  -50.554  10.650  19.326 0.0000000000
123211  -50.220  9.433  19.270 0.0000000000
122332  -51.057  8.812  19.537 0.0000000000
123220  -49.947  8.845  18.918 0.0000000000
121475  -50.293  7.921  18.343 0.0000000000
122345  -49.734  8.328  18.592 0.0000000000
122356  -48.306  8.568  17.405 0.0000000000
121495  -48.420  7.070  16.893 0.0000000000
123241  -47.812  10.187  15.493 0.0000000000
124144  -47.527  10.290  14.937 0.0000000000
123234  -46.347  8.666  15.941 0.0000000000
109012  -56.065  -5.030  19.868 0.0000000000
107842  -56.859  -5.508  19.716 0.0000000000
110233  -55.621  -2.605  21.193 0.0000000000
110253  -56.241  -2.984  20.645 0.0000000000
111592  -56.315  -2.446  21.021 0.0000000000
111594  -57.218  -2.355  20.216 0.0000000000
112772  -56.728  -1.728  21.068 0.0000000000
129555  -41.023  16.574  20.040 0.0000000000
128826  -39.351  16.035  19.678 0.0000000000
129569  -39.562  16.605  18.940 0.0000000000
129580  -39.295  16.494  17.981 0.0000000000
129582  -41.002  17.036  18.462 0.0000000000
129516  -45.889  16.179  23.054 0.0000000000
129560  -44.991  16.493  20.988 0.0000000000
131057  -44.063  18.034  18.426 0.0000000000
130279  -44.161  17.645  19.028 0.0000000000
130288  -43.165  17.903  17.715 0.0000000000
130287  -42.358  17.606  17.487 0.0000000000
130293  -42.226  17.487  16.462 0.0000000000
130300  -42.104  17.133  15.390 0.0000000000
131090  -43.665  17.995  16.412 0.0000000000
131092  -45.419  18.210  16.056 0.0000000000
130302  -44.768  17.729  15.289 0.0000000000
130310  -45.445  17.248  14.215 0.0000000000
129604  -44.752  16.811  13.782 0.0000000000
131072  -49.206  18.951  17.540 0.0000000000
131084  -49.785  18.821  16.461 0.0000000000
130313  -49.456  18.023  14.132 0.0000000000
130319  -47.504  17.296  13.256 0.0000000000
129611  -46.786  16.724  12.838 0.0000000000
130329  -47.712  16.938  12.650 0.0000000000
129617  -47.650  16.319  12.166 0.0000000000
129625  -49.678  16.382  10.882 0.0000000000
129633  -50.062  15.983  10.223 0.0000000000
128074  -50.480  14.284  9.574 0.0000000000
128907  -51.044  15.060  9.502 0.0000000000
131151  -50.574  18.255  10.834 0.0000000000
131152  -51.059  18.099  10.828 0.0000000000
130353  -51.046  17.819  10.120 0.0000000000
128928  -53.363  15.574  8.228 0.0000000000
128910  -52.836  15.746  8.649 0.0000000000
128091  -52.884  14.818  8.741 0.0000000000
128076  -52.407  14.462  9.016 0.0000000000
126253  -53.151  12.538  9.059 0.0000000000
126271  -53.347  12.644  8.305 0.0000000000
125279  -52.329  11.263  7.156 0.0000000000
124267  -52.915  10.911  7.714 0.0000000000
124266  -52.017  10.711  7.575 0.0000000000
124265  -50.688  10.274  7.123 0.0000000000
123321  -50.231  9.694  6.196 0.0000000000
125296  -50.482  11.532  4.944 0.0000000000
124299  -49.927  10.720  5.087 0.0000000000
125295  -49.814  11.201  4.830 0.0000000000
124314  -48.740  10.755  4.562 0.0000000000
125310  -49.636  11.781  4.461 0.0000000000
127242  -50.719  14.368  5.203 0.0000000000
111548  -47.784  -2.192  22.040 0.0000000000
113871  -48.849  -0.994  22.352 0.0000000000
111550  -49.412  -1.967  22.079 0.0000000000
112729  -49.441  -1.558  22.228 0.0000000000
112746  -50.146  -1.677  21.908 0.0000000000
112730  -50.434  -1.183  22.313 0.0000000000
115968  -47.623  1.316  19.656 0.0000000000
115950  -47.972  1.073  20.134 0.0000000000
114969  -48.902  0.646  20.548 0.0000000000
114951  -50.697  0.482  21.754 0.0000000000
114939  -51.713  0.350  22.182 0.0000000000
113874  -51.624  -0.247  22.462 0.0000000000
113875  -52.442  -0.021  22.503 0.0000000000
112733  -53.207  -0.472  22.413 0.0000000000
113876  -53.209  0.069  22.373 0.0000000000
114974  -53.817  0.637  20.768 0.0000000000
114955  -54.534  0.359  21.349 0.0000000000
114956  -55.314  0.374  20.958 0.0000000000
113907  -55.759  0.161  20.902 0.0000000000
114976  -55.790  0.527  20.181 0.0000000000
121396  -44.729  7.364  22.507 0.0000000000
120464  -44.270  6.408  24.125 0.0000000000
126167  -47.052  12.811  14.597 0.0000000000
126102  -48.023  11.783  18.568 0.0000000000
125106  -47.348  11.528  18.744 0.0000000000
125105  -46.356  11.393  18.745 0.0000000000
125078  -47.796  11.254  19.602 0.0000000000
125045  -51.363  11.167  22.252 0.0000000000
125060  -50.239  11.876  20.633 0.0000000000
124072  -50.652  11.199  22.017 0.0000000000
123165  -49.493  9.442  23.048 0.0000000000
124070  -48.779  10.210  21.979 0.0000000000
123177  -48.063  9.520  22.332 0.0000000000
124069  -47.633  9.875  21.628 0.0000000000
123176  -47.387  9.063  22.065 0.0000000000
122300  -46.825  8.593  22.243 0.0000000000
122280  -47.527  8.383  23.604 0.0000000000
120482  -48.250  7.084  22.885 0.0000000000
120481  -47.569  6.838  23.526 0.0000000000
120496  -47.731  6.866  22.428 0.0000000000
120495  -46.541  6.329  22.940 0.0000000000
120518  -46.843  6.642  21.682 0.0000000000
120534  -47.018  6.422  20.411 0.0000000000
120519  -47.770  6.882  21.290 0.0000000000
119568  -49.532  5.557  18.533 0.0000000000
119560  -48.854  5.828  19.061 0.0000000000
117787  -49.329  3.664  18.354 0.0000000000
119574  -51.785  5.410  17.232 0.0000000000
119570  -51.803  5.717  17.989 0.0000000000
118634  -51.313  4.747  16.840 0.0000000000
116917  -52.022  2.247  16.350 0.0000000000
117792  -50.702  3.397  16.511 0.0000000000
116914  -51.384  2.262  16.978 0.0000000000
116913  -50.764  2.623  17.226 0.0000000000
116004  -51.849  1.719  17.112 0.0000000000
115998  -52.205  1.177  17.882 0.0000000000
116001  -55.538  1.507  17.427 0.0000000000
116000  -54.583  1.540  17.821 0.0000000000
115994  -55.930  1.195  17.941 0.0000000000
115011  -55.923  1.086  18.414 0.0000000000
113930  -56.627  -0.328  17.937 0.0000000000
116028  -56.157  1.501  15.210 0.0000000000
115026  -56.138  0.958  16.176 0.0000000000
115040  -55.918  1.019  15.799 0.0000000000
113938  -54.929  -0.394  16.725 0.0000000000
117843  -54.805  3.172  12.869 0.0000000000
116972  -55.102  2.904  12.964 0.0000000000
116070  -54.619  2.433  13.118 0.0000000000
115058  -54.057  1.108  14.190 0.0000000000
115037  -53.531  0.932  14.935 0.0000000000
115023  -53.753  0.283  15.805 0.0000000000
115022  -52.894  0.350  15.761 0.0000000000
113947  -52.189  -0.027  15.908 0.0000000000
115036  -52.260  0.642  15.359 0.0000000000
116023  -50.764  1.245  15.005 0.0000000000
113945  -50.927  0.224  15.782 0.0000000000
115020  -49.616  0.221  16.024 0.0000000000
113944  -49.292  -0.794  15.873 0.0000000000
115019  -49.019  0.208  15.806 0.0000000000
120583  -51.651  6.724  15.267 0.0000000000
120582  -50.739  6.551  15.162 0.0000000000
119640  -49.540  4.980  12.615 0.0000000000
119641  -50.590  5.202  12.469 0.0000000000
118683  -50.063  4.478  12.390 0.0000000000
118693  -50.742  4.228  12.015 0.0000000000
117852  -50.091  3.712  11.411 0.0000000000
118689  -47.459  3.766  12.120 0.0000000000
117851  -47.749  3.751  11.235 0.0000000000
116996  -48.175  2.574  11.391 0.0000000000
116997  -49.033  2.617  11.347 0.0000000000
116998  -50.051  2.529  11.216 0.0000000000
116981  -48.767  2.366  12.173 0.0000000000
116967  -49.582  2.242  12.934 0.0000000000
116966  -48.707  2.125  13.165 0.0000000000
116043  -47.147  0.874  14.669 0.0000000000
116044  -47.924  1.439  14.610 0.0000000000
116019  -47.223  0.632  15.122 0.0000000000
113942  -47.861  -0.107  15.653 0.0000000000
110267  -58.137  -3.618  19.035 0.0000000000
111616  -57.646  -3.318  17.790 0.0000000000
124215  -52.170  10.710  10.599 0.0000000000
124213  -50.056  11.148  11.048 0.0000000000
125201  -49.531  11.432  11.732 0.0000000000
125182  -48.850  11.477  12.396 0.0000000000
118616  -46.177  5.066  19.213 0.0000000000
118617  -46.742  5.239  19.192 0.0000000000
128858  -43.360  15.552  13.619 0.0000000000
127126  -44.171  13.749  13.822 0.0000000000
126165  -45.496  12.565  15.053 0.0000000000
123194  -52.022  9.545  20.415 0.0000000000
122319  -52.250  8.935  20.610 0.0000000000
121490  -54.154  7.833  18.572 0.0000000000
120565  -53.952  6.932  17.896 0.0000000000
121500  -54.009  7.621  17.241 0.0000000000
120584  -53.614  6.934  15.381 0.0000000000
119615  -52.563  5.751  14.071 0.0000000000
120622  -53.288  6.986  14.049 0.0000000000
120621  -52.689  6.647  13.735 0.0000000000
121534  -52.507  7.132  14.087 0.0000000000
127180  -49.351  13.250  10.571 0.0000000000
126216  -49.093  12.922  11.691 0.0000000000
127165  -49.926  12.793  11.453 0.0000000000
126199  -50.217  12.955  12.471 0.0000000000
127148  -51.423  13.326  13.557 0.0000000000
125168  -51.685  11.714  13.857 0.0000000000
125155  -51.769  11.911  14.979 0.0000000000
125146  -51.972  11.674  16.000 0.0000000000
125136  -51.892  12.190  17.035 0.0000000000
125128  -51.805  12.153  18.071 0.0000000000
125127  -51.138  11.547  17.657 0.0000000000
125108  -50.435  11.209  18.181 0.0000000000
124127  -49.668  10.562  18.358 0.0000000000
123219  -49.544  9.369  18.669 0.0000000000
123247  -46.990  10.097  14.638 0.0000000000
105620  -53.553  -7.954  19.289 0.0000000000
110278  -52.946  -3.791  18.880 0.0000000000
109027  -53.447  -4.934  19.069 0.0000000000
110279  -53.521  -4.167  19.496 0.0000000000
109001  -55.114  -4.316  20.066 0.0000000000
111566  -55.110  -1.884  21.703 0.0000000000
129556  -41.680  16.366  20.490 0.0000000000
129562  -47.525  16.762  22.040 0.0000000000
130250  -45.730  16.994  21.031 0.0000000000
130268  -46.210  17.620  20.230 0.0000000000
131068  -44.474  18.346  17.869 0.0000000000
131069  -45.496  18.386  17.891 0.0000000000
131081  -46.020  18.488  16.920 0.0000000000
130295  -46.555  18.038  16.057 0.0000000000
132568  -49.357  20.365  16.601 0.0000000000
131085  -50.277  19.103  16.331 0.0000000000
131096  -50.350  19.376  15.717 0.0000000000
130314  -49.994  18.256  13.975 0.0000000000
129618  -49.061  16.620  11.980 0.0000000000
130331  -49.609  17.320  12.617 0.0000000000
129620  -50.610  17.138  11.999 0.0000000000
129626  -50.752  17.059  11.150 0.0000000000
130370  -50.840  16.981  8.493 0.0000000000
131175  -52.079  17.818  8.996 0.0000000000
129669  -51.917  16.461  8.215 0.0000000000
128944  -53.157  15.908  7.690 0.0000000000
127223  -53.252  13.614  7.873 0.0000000000
126288  -53.014  12.630  7.540 0.0000000000
125259  -52.257  12.292  7.194 0.0000000000
125278  -51.828  11.818  6.694 0.0000000000
124301  -50.884  10.910  6.205 0.0000000000
125297  -51.263  11.611  5.887 0.0000000000
126313  -51.223  12.587  5.118 0.0000000000
115003  -43.528  0.677  18.701 0.0000000000
113926  -43.700  -0.113  18.879 0.0000000000
113919  -44.068  -0.378  19.524 0.0000000000
114965  -45.060  -0.370  20.539 0.0000000000
112727  -47.536  -1.768  22.147 0.0000000000
113869  -47.279  -1.229  22.013 0.0000000000
113885  -47.550  -0.468  21.662 0.0000000000
113886  -48.363  -0.419  21.930 0.0000000000
114989  -49.418  0.940  20.002 0.0000000000
115952  -50.053  0.944  20.038 0.0000000000
114971  -50.879  0.766  20.584 0.0000000000
114952  -51.861  0.903  21.466 0.0000000000
114953  -52.828  0.768  21.491 0.0000000000
115939  -52.216  1.051  20.953 0.0000000000
115974  -53.246  0.814  20.361 0.0000000000
122317  -44.403  8.377  20.549 0.0000000000
122297  -44.876  8.339  20.981 0.0000000000
121422  -45.866  7.641  22.357 0.0000000000
126147  -49.159  12.706  16.644 0.0000000000
126146  -48.172  12.692  16.323 0.0000000000
126127  -49.208  12.442  17.499 0.0000000000
126103  -48.851  12.097  18.833 0.0000000000
126084  -49.201  11.973  19.433 0.0000000000
123167  -51.486  9.638  22.570 0.0000000000
124061  -50.812  10.396  22.396 0.0000000000
122289  -50.752  8.744  23.281 0.0000000000
123157  -49.921  8.817  23.278 0.0000000000
122282  -49.465  8.260  23.274 0.0000000000
122281  -48.414  8.240  23.526 0.0000000000
121400  -48.753  7.358  22.324 0.0000000000
121424  -48.615  7.152  21.428 0.0000000000
120520  -48.279  6.917  20.790 0.0000000000
121465  -49.163  7.061  19.901 0.0000000000
120547  -49.634  6.278  19.264 0.0000000000
120559  -50.304  6.013  18.757 0.0000000000
118647  -51.320  4.463  15.811 0.0000000000
116934  -51.644  2.879  15.691 0.0000000000
116007  -54.992  1.850  16.745 0.0000000000
116008  -55.946  1.970  16.519 0.0000000000
116921  -56.186  2.225  15.595 0.0000000000
116922  -56.441  1.986  15.285 0.0000000000
116052  -56.310  1.816  14.668 0.0000000000
116971  -53.656  2.575  12.178 0.0000000000
116069  -53.823  1.949  12.814 0.0000000000
116024  -51.745  1.240  14.872 0.0000000000
116046  -50.156  1.975  14.434 0.0000000000
120581  -49.679  6.124  15.251 0.0000000000
120600  -49.228  5.715  14.458 0.0000000000
119631  -49.023  5.330  13.103 0.0000000000
118682  -49.247  4.460  12.241 0.0000000000
117858  -46.440  2.682  10.589 0.0000000000
117859  -47.007  3.098  10.537 0.0000000000
116110  -47.072  2.543  10.655 0.0000000000
116097  -47.288  2.312  11.125 0.0000000000
116980  -47.890  2.316  11.904 0.0000000000
116064  -46.811  1.263  13.620 0.0000000000
115054  -46.250  0.013  14.471 0.0000000000
115053  -45.707  0.096  14.131 0.0000000000
113956  -45.015  -0.424  14.242 0.0000000000
106731  -57.439  -6.038  18.393 0.0000000000
126236  -52.649  12.465  10.325 0.0000000000
126220  -52.706  12.511  11.303 0.0000000000
125204  -53.523  11.819  11.450 0.0000000000
125187  -53.230  11.829  12.169 0.0000000000
124180  -52.304  11.130  12.530 0.0000000000
124197  -51.980  10.803  11.908 0.0000000000
124146  -48.957  11.357  15.215 0.0000000000
124152  -48.540  11.071  14.075 0.0000000000
125164  -48.436  11.437  12.971 0.0000000000
124165  -47.698  11.203  13.278 0.0000000000
107849  -51.854  -6.422  18.222 0.0000000000
107866  -51.123  -6.012  17.771 0.0000000000
109038  -52.032  -5.165  17.845 0.0000000000
110276  -50.773  -3.520  18.571 0.0000000000
110277  -51.878  -3.581  18.591 0.0000000000
110264  -52.120  -2.963  19.377 0.0000000000
111606  -52.277  -2.613  20.224 0.0000000000
129518  -48.175  16.573  23.701 0.0000000000
130237  -48.987  17.467  22.589 0.0000000000
130238  -49.334  18.052  22.057 0.0000000000
131023  -49.599  18.261  21.136 0.0000000000
131916  -50.153  19.239  12.158 0.0000000000
130361  -49.505  17.209  9.972 0.0000000000
129650  -50.184  16.584  8.854 0.0000000000
128941  -50.625  14.971  7.946 0.0000000000
127207  -50.762  14.056  7.241 0.0000000000
125258  -50.966  13.196  6.623 0.0000000000
127222  -50.160  13.895  7.216 0.0000000000
127232  -49.909  14.100  6.748 0.0000000000
116907  -47.018  2.427  18.918 0.0000000000
116899  -48.456  2.128  18.926 0.0000000000
115986  -48.814  1.960  18.880 0.0000000000
116910  -49.713  2.689  18.452 0.0000000000
125103  -44.696  11.018  18.600 0.0000000000
124125  -45.107  11.031  19.426 0.0000000000
126087  -51.889  13.028  19.765 0.0000000000
126077  -51.543  12.567  20.369 0.0000000000
126070  -51.774  12.109  20.957 0.0000000000
125053  -52.031  11.699  21.464 0.0000000000
124063  -52.530  10.667  22.159 0.0000000000
123195  -52.521  9.895  20.956 0.0000000000
123178  -52.643  9.782  21.708 0.0000000000
123168  -52.286  9.792  22.315 0.0000000000
122302  -52.436  8.623  21.966 0.0000000000
120538  -51.607  6.974  20.217 0.0000000000
120561  -52.948  6.300  18.584 0.0000000000
119571  -52.480  5.910  17.644 0.0000000000
120573  -52.994  6.288  16.734 0.0000000000
119588  -52.095  5.292  15.623 0.0000000000
117806  -52.539  4.136  14.757 0.0000000000
117821  -54.574  3.067  13.814 0.0000000000
117832  -54.237  3.282  13.230 0.0000000000
117842  -54.112  3.244  12.569 0.0000000000
118685  -52.601  4.610  12.464 0.0000000000
116985  -52.913  3.128  11.648 0.0000000000
117001  -52.364  3.537  11.663 0.0000000000
119629  -47.490  4.443  13.724 0.0000000000
118675  -47.347  3.982  13.218 0.0000000000
118680  -46.839  3.835  12.611 0.0000000000
117840  -46.895  3.774  12.051 0.0000000000
117849  -46.069  2.894  10.872 0.0000000000
117007  -45.893  2.322  10.480 0.0000000000
116108  -45.490  1.654  10.353 0.0000000000
115113  -45.016  1.088  10.873 0.0000000000
128030  -46.533  13.963  12.278 0.0000000000
127143  -46.103  13.607  12.686 0.0000000000
127129  -47.750  13.084  13.299 0.0000000000
127117  -48.385  13.185  14.548 0.0000000000
127118  -48.865  13.275  14.373 0.0000000000
127103  -49.139  13.216  15.114 0.0000000000
127086  -49.332  12.969  15.994 0.0000000000
127069  -50.785  13.353  17.146 0.0000000000
126129  -51.135  13.296  17.850 0.0000000000
126184  -51.975  13.325  13.532 0.0000000000
126172  -52.478  12.789  14.825 0.0000000000
127134  -52.287  13.197  14.582 0.0000000000
127121  -51.697  13.333  15.045 0.0000000000
127106  -51.822  13.394  15.941 0.0000000000
127070  -51.705  13.475  17.485 0.0000000000
127050  -52.210  13.093  18.866 0.0000000000
126088  -52.553  12.663  19.409 0.0000000000
125064  -53.077  12.168  19.788 0.0000000000
125062  -52.105  11.178  20.266 0.0000000000
125081  -51.512  11.436  19.408 0.0000000000
124110  -51.608  10.911  20.003 0.0000000000
122359  -51.292  8.053  18.322 0.0000000000
121498  -51.953  7.356  16.557 0.0000000000
121487  -50.944  7.807  17.758 0.0000000000
121497  -50.562  7.272  16.841 0.0000000000
122357  -49.116  8.552  17.948 0.0000000000
121496  -49.433  7.175  16.879 0.0000000000
124138  -48.341  10.427  16.042 0.0000000000
123240  -47.095  9.727  15.354 0.0000000000
123235  -46.990  9.104  16.194 0.0000000000
122355  -47.589  8.349  16.903 0.0000000000
106711  -53.007  -6.745  18.777 0.0000000000
106700  -53.702  -7.024  19.063 0.0000000000
107839  -53.973  -5.980  19.292 0.0000000000
106701  -54.482  -6.896  19.263 0.0000000000
106713  -55.681  -6.782  18.824 0.0000000000
106714  -56.586  -6.099  18.720 0.0000000000
106715  -57.071  -5.908  18.888 0.0000000000
107843  -57.693  -5.182  19.824 0.0000000000
109002  -56.104  -4.018  20.100 0.0000000000
109003  -56.869  -3.793  20.129 0.0000000000
109004  -57.264  -3.585  19.982 0.0000000000
110255  -57.544  -3.224  19.822 0.0000000000
112783  -57.243  -1.654  19.903 0.0000000000
129572  -42.583  16.859  19.817 0.0000000000
130266  -44.206  17.163  19.749 0.0000000000
130265  -43.405  17.272  19.391 0.0000000000
130263  -42.189  17.301  18.755 0.0000000000
130276  -41.831  17.363  18.301 0.0000000000
130291  -40.718  16.974  16.571 0.0000000000
129592  -40.518  16.611  16.091 0.0000000000
129598  -41.461  16.417  15.151 0.0000000000
129601  -42.013  16.049  14.561 0.0000000000
129602  -42.452  16.513  14.459 0.0000000000
130301  -43.370  17.716  15.655 0.0000000000
130308  -42.934  17.166  14.667 0.0000000000
129603  -43.595  16.527  13.920 0.0000000000
129608  -43.940  15.974  13.556 0.0000000000
128860  -44.957  15.773  13.166 0.0000000000
128867  -45.444  15.434  12.708 0.0000000000
131047  -49.604  18.840  19.799 0.0000000000
131061  -48.789  18.803  18.836 0.0000000000
131082  -47.183  18.503  16.804 0.0000000000
130296  -47.521  18.318  15.895 0.0000000000
131093  -48.549  18.470  15.433 0.0000000000
130305  -47.924  18.265  15.250 0.0000000000
130311  -46.753  17.453  14.330 0.0000000000
130318  -46.288  16.977  13.582 0.0000000000
129615  -45.932  15.864  12.634 0.0000000000
128868  -46.243  15.386  12.272 0.0000000000
128874  -46.729  15.162  11.889 0.0000000000
128875  -47.345  15.303  11.536 0.0000000000
128876  -48.262  15.127  11.008 0.0000000000
129624  -48.572  16.000  11.347 0.0000000000
128877  -48.951  15.630  10.693 0.0000000000
128060  -48.526  13.984  10.539 0.0000000000
127192  -49.797  13.294  9.899 0.0000000000
127193  -50.413  13.313  9.688 0.0000000000
131139  -50.759  18.431  11.573 0.0000000000
129627  -51.210  17.195  10.820 0.0000000000
129635  -51.603  16.579  10.420 0.0000000000
130364  -52.434  17.105  9.236 0.0000000000
129636  -52.200  16.377  9.681 0.0000000000
128892  -51.999  15.842  9.876 0.0000000000
128075  -51.463  14.324  9.197 0.0000000000
127195  -52.026  13.454  8.947 0.0000000000
126252  -52.535  12.611  9.235 0.0000000000
126237  -53.233  12.254  10.039 0.0000000000
125231  -53.383  11.606  9.629 0.0000000000
124234  -53.214  10.857  9.308 0.0000000000
125261  -53.252  11.694  8.059 0.0000000000
124249  -52.687  10.621  8.457 0.0000000000
124247  -50.309  10.807  8.288 0.0000000000
123334  -50.199  9.896  5.569 0.0000000000
123333  -49.537  9.557  5.667 0.0000000000
126328  -51.057  13.481  4.429 0.0000000000
111586  -49.437  -2.353  20.878 0.0000000000
112728  -48.421  -1.701  22.227 0.0000000000
111561  -49.641  -2.089  21.653 0.0000000000
111587  -50.432  -2.226  20.876 0.0000000000
111562  -50.645  -1.932  21.482 0.0000000000
112770  -51.374  -1.751  21.433 0.0000000000
112771  -51.905  -1.627  21.373 0.0000000000
114968  -47.719  0.546  20.863 0.0000000000
114949  -48.623  0.192  21.453 0.0000000000
113887  -49.208  -0.348  21.929 0.0000000000
113888  -50.025  -0.214  21.928 0.0000000000
112731  -51.396  -0.948  22.356 0.0000000000
112748  -52.134  -1.320  22.032 0.0000000000
111564  -52.901  -1.683  21.486 0.0000000000
111565  -53.978  -1.823  21.767 0.0000000000
114942  -54.022  0.315  21.891 0.0000000000
113889  -54.525  0.039  22.007 0.0000000000
112751  -55.691  -1.164  21.668 0.0000000000
113891  -56.328  -0.772  21.370 0.0000000000
113921  -57.023  -0.848  20.373 0.0000000000
113920  -56.720  -0.243  19.842 0.0000000000
120477  -43.719  6.556  23.697 0.0000000000
119506  -44.463  5.588  23.585 0.0000000000
119521  -45.437  5.846  23.151 0.0000000000
127116  -46.394  12.836  14.342 0.0000000000
126157  -46.036  12.470  15.746 0.0000000000
126145  -46.776  12.525  16.596 0.0000000000
126125  -46.333  12.104  17.422 0.0000000000
125124  -45.899  11.642  18.040 0.0000000000
125076  -45.976  11.207  19.329 0.0000000000
124106  -45.797  10.942  20.025 0.0000000000
126076  -50.676  12.379  20.390 0.0000000000
125080  -49.615  11.677  20.162 0.0000000000
125059  -49.335  11.283  20.657 0.0000000000
124071  -49.874  10.781  22.046 0.0000000000
125050  -49.385  10.839  21.378 0.0000000000
125058  -48.351  10.929  20.339 0.0000000000
125057  -47.317  10.762  20.249 0.0000000000
124084  -46.615  10.325  20.987 0.0000000000
123193  -45.889  9.701  21.081 0.0000000000
123175  -46.535  9.203  21.584 0.0000000000
122299  -46.226  8.129  21.915 0.0000000000
121398  -46.084  7.744  22.892 0.0000000000
121387  -47.419  7.429  23.913 0.0000000000
121380  -46.985  7.060  24.388 0.0000000000
121378  -45.638  7.308  24.163 0.0000000000
119508  -45.985  6.301  23.960 0.0000000000
120533  -46.282  6.313  21.028 0.0000000000
120544  -47.091  6.129  19.609 0.0000000000
119558  -47.266  5.560  19.209 0.0000000000
120546  -48.557  6.390  19.726 0.0000000000
119559  -48.117  5.655  19.252 0.0000000000
119566  -47.773  5.069  18.884 0.0000000000
120560  -51.466  6.105  18.738 0.0000000000
119569  -50.661  5.466  18.098 0.0000000000
118633  -50.711  4.151  16.611 0.0000000000
118630  -50.618  4.597  17.431 0.0000000000
117788  -50.102  3.653  18.033 0.0000000000
115996  -50.526  2.061  17.802 0.0000000000
115989  -51.362  1.087  18.369 0.0000000000
115990  -51.953  0.946  18.476 0.0000000000
115008  -52.583  0.871  18.763 0.0000000000
115010  -54.374  0.793  19.165 0.0000000000
115992  -54.659  1.193  18.730 0.0000000000
114995  -55.036  1.048  19.477 0.0000000000
114996  -55.767  0.903  19.010 0.0000000000
114997  -56.387  0.377  19.388 0.0000000000
113927  -56.727  -0.237  18.880 0.0000000000
113929  -56.102  -0.014  17.482 0.0000000000
115016  -55.949  0.446  16.858 0.0000000000
113939  -55.572  -0.306  17.214 0.0000000000
112798  -55.164  -1.111  17.169 0.0000000000
117822  -55.118  2.942  13.872 0.0000000000
116956  -55.223  2.373  14.146 0.0000000000
116027  -55.330  1.432  14.761 0.0000000000
116026  -54.750  1.349  14.590 0.0000000000
115038  -54.585  0.951  15.160 0.0000000000
112796  -53.129  -1.480  16.837 0.0000000000
113946  -51.477  0.064  15.806 0.0000000000
120572  -51.832  6.853  15.868 0.0000000000
121533  -52.029  6.941  14.087 0.0000000000
120620  -51.837  6.502  13.476 0.0000000000
120601  -50.489  5.953  14.099 0.0000000000
120619  -50.926  6.008  12.836 0.0000000000
119642  -51.367  5.487  12.057 0.0000000000
119652  -51.493  4.972  11.768 0.0000000000
117853  -51.084  3.626  11.566 0.0000000000
116999  -50.877  2.994  11.267 0.0000000000
119630  -48.147  5.109  13.242 0.0000000000
117860  -47.837  3.591  10.839 0.0000000000
117861  -48.695  3.548  10.800 0.0000000000
118701  -49.231  4.123  10.955 0.0000000000
117011  -50.164  2.974  10.912 0.0000000000
116983  -50.787  2.646  11.963 0.0000000000
116952  -50.098  2.429  13.653 0.0000000000
116951  -49.301  2.487  13.955 0.0000000000
116045  -49.057  1.536  14.611 0.0000000000
115056  -48.551  1.098  14.900 0.0000000000
115057  -48.904  0.810  14.896 0.0000000000
105622  -54.749  -7.339  19.277 0.0000000000
107844  -58.113  -4.853  19.678 0.0000000000
107852  -56.113  -6.002  18.942 0.0000000000
107853  -56.683  -5.866  19.191 0.0000000000
107854  -57.558  -5.696  19.104 0.0000000000
107867  -51.744  -5.750  17.956 0.0000000000
109000  -54.341  -4.167  20.137 0.0000000000
109014  -57.602  -4.230  19.719 0.0000000000
110234  -56.099  -2.532  21.104 0.0000000000
111549  -48.887  -2.122  22.142 0.0000000000
111563  -51.123  -1.826  21.468 0.0000000000
111568  -56.546  -1.844  21.193 0.0000000000
111588  -51.425  -1.965  20.925 0.0000000000
111593  -56.661  -2.230  20.845 0.0000000000
112732  -52.326  -0.698  22.360 0.0000000000
112734  -53.687  -0.262  22.376 0.0000000000
112752  -56.520  -1.408  21.301 0.0000000000
112753  -56.779  -1.196  21.161 0.0000000000
112799  -55.571  -1.046  17.444 0.0000000000
113877  -53.904  0.030  22.274 0.0000000000
113892  -56.651  -1.037  21.288 0.0000000000
113908  -56.354  -0.208  20.734 0.0000000000
113909  -56.831  -0.875  21.070 0.0000000000
113932  -49.230  -0.186  16.080 0.0000000000
113933  -49.781  -0.340  16.212 0.0000000000
113968  -45.227  -0.075  14.061 0.0000000000
114938  -51.175  0.116  22.274 0.0000000000
114941  -53.371  0.418  22.000 0.0000000000
114954  -53.631  0.543  21.449 0.0000000000
114975  -54.766  0.535  20.426 0.0000000000
114990  -49.806  0.961  20.023 0.0000000000
114992  -52.193  1.086  19.805 0.0000000000
115006  -51.042  0.716  18.777 0.0000000000
115009  -53.680  0.778  18.783 0.0000000000
115014  -52.825  0.894  18.174 0.0000000000
115015  -53.130  0.894  18.390 0.0000000000
115021  -50.096  0.086  16.175 0.0000000000
115031  -47.442  0.385  15.438 0.0000000000
115034  -50.315  0.507  15.671 0.0000000000
115055  -46.871  0.213  14.966 0.0000000000
115073  -46.665  0.541  14.287 0.0000000000
115086  -45.075  0.666  13.011 0.0000000000
115940  -52.398  0.937  21.224 0.0000000000
115951  -48.309  0.922  20.280 0.0000000000
115953  -50.331  0.777  20.233 0.0000000000
115954  -52.325  1.108  20.458 0.0000000000
115955  -52.767  0.965  20.860 0.0000000000
115956  -53.261  0.816  20.799 0.0000000000
115973  -52.654  1.051  20.239 0.0000000000
115975  -55.171  1.268  18.951 0.0000000000
115991  -54.105  1.237  18.320 0.0000000000
115993  -55.415  1.307  18.446 0.0000000000
116020  -47.538  0.924  15.203 0.0000000000
116021  -49.288  0.898  14.852 0.0000000000
116022  -49.830  1.105  14.976 0.0000000000
116047  -51.197  1.661  14.262 0.0000000000
116051  -55.930  1.700  14.286 0.0000000000
116062  -45.354  0.782  13.061 0.0000000000
116083  -54.243  2.480  12.425 0.0000000000
116084  -54.613  2.785  12.566 0.0000000000
116916  -51.120  2.740  16.332 0.0000000000
116940  -56.418  1.954  14.830 0.0000000000
116953  -53.100  2.769  14.672 0.0000000000
116957  -56.267  2.007  14.486 0.0000000000
116958  -56.403  2.015  14.596 0.0000000000
116987  -54.649  3.031  12.561 0.0000000000
117000  -51.827  3.428  11.733 0.0000000000
117008  -46.763  2.642  10.559 0.0000000000
117012  -50.515  3.013  10.958 0.0000000000
117855  -52.603  3.732  11.701 0.0000000000
117862  -49.634  3.425  10.949 0.0000000000
118627  -48.926  4.560  18.348 0.0000000000
118631  -51.265  4.961  17.288 0.0000000000
118646  -50.768  3.893  16.073 0.0000000000
118681  -47.237  3.874  12.901 0.0000000000
118684  -50.611  4.644  12.297 0.0000000000
118690  -48.015  3.865  11.694 0.0000000000
118694  -51.632  4.367  11.663 0.0000000000
118699  -47.939  3.973  11.076 0.0000000000
119494  -44.050  6.048  24.011 0.0000000000
119495  -44.650  6.218  24.161 0.0000000000
119505  -43.374  5.782  23.568 0.0000000000
119522  -46.011  6.210  23.634 0.0000000000
119548  -46.208  6.026  20.328 0.0000000000
119555  -44.958  5.452  20.079 0.0000000000
119557  -46.561  5.805  19.590 0.0000000000
119575  -52.561  5.841  16.923 0.0000000000
119614  -49.507  5.525  13.749 0.0000000000
119616  -53.221  6.587  14.392 0.0000000000
119637  -47.413  3.802  12.636 0.0000000000
119648  -47.605  3.791  12.470 0.0000000000
120467  -46.549  6.771  24.343 0.0000000000
120479  -46.080  6.448  24.200 0.0000000000
120480  -46.634  6.391  23.969 0.0000000000
120494  -45.722  6.139  22.572 0.0000000000
120497  -48.258  7.086  22.494 0.0000000000
120535  -47.975  6.533  20.403 0.0000000000
120536  -48.435  6.733  20.316 0.0000000000
120551  -53.743  7.442  19.706 0.0000000000
120558  -49.799  6.000  18.782 0.0000000000
120599  -48.567  5.632  14.442 0.0000000000
120603  -53.171  6.719  14.106 0.0000000000
120604  -53.484  6.953  14.505 0.0000000000
120632  -51.163  5.753  12.363 0.0000000000
120633  -51.666  6.129  12.352 0.0000000000
121377  -44.951  7.470  24.001 0.0000000000
121379  -46.505  7.194  24.341 0.0000000000
121384  -44.905  7.389  23.383 0.0000000000
121386  -46.553  7.737  23.662 0.0000000000
121391  -51.250  7.979  23.229 0.0000000000
121397  -45.436  7.501  22.814 0.0000000000
121399  -48.284  7.114  22.146 0.0000000000
121402  -50.842  7.492  22.788 0.0000000000
121403  -51.400  7.818  22.951 0.0000000000
121419  -43.867  7.444  21.351 0.0000000000
121420  -44.715  7.727  21.382 0.0000000000
121421  -45.472  7.630  21.949 0.0000000000
121428  -52.885  7.926  21.684 0.0000000000
121429  -53.181  7.979  21.468 0.0000000000
121449  -48.740  7.088  20.521 0.0000000000
121450  -49.464  7.110  20.760 0.0000000000
121453  -52.632  7.639  21.132 0.0000000000
121467  -51.848  7.206  20.177 0.0000000000
121476  -50.619  7.980  18.336 0.0000000000
121477  -52.795  8.234  18.445 0.0000000000
121478  -53.232  8.274  18.517 0.0000000000
121506  -52.353  7.066  15.482 0.0000000000
121519  -52.120  7.200  14.809 0.0000000000
121535  -53.162  7.218  14.276 0.0000000000
122283  -50.533  8.299  23.387 0.0000000000
122284  -51.058  8.091  23.347 0.0000000000
122287  -46.537  8.341  22.957 0.0000000000
122288  -47.129  8.693  22.962 0.0000000000
122290  -51.372  8.558  22.969 0.0000000000
122291  -51.874  9.157  22.364 0.0000000000
122298  -45.320  8.462  21.315 0.0000000000
122318  -44.861  8.814  20.843 0.0000000000
122349  -53.771  8.269  19.415 0.0000000000
122358  -50.863  8.027  18.313 0.0000000000
122360  -53.455  8.284  18.579 0.0000000000
122363  -45.582  7.745  15.693 0.0000000000
122364  -45.977  8.068  15.936 0.0000000000
123156  -49.044  8.845  23.347 0.0000000000
123158  -50.445  8.781  23.286 0.0000000000
123163  -47.839  9.018  22.977 0.0000000000
123164  -48.646  9.451  22.929 0.0000000000
123166  -50.523  9.336  23.002 0.0000000000
123190  -44.025  9.167  20.133 0.0000000000
123226  -47.282  8.739  16.639 0.0000000000
123347  -48.711  9.542  5.131 0.0000000000
123349  -50.073  10.226  5.262 0.0000000000
123360  -48.636  9.989  4.699 0.0000000000
123361  -49.062  10.316  4.643 0.0000000000
124059  -49.148  9.839  22.685 0.0000000000
124086  -48.719  10.804  21.094 0.0000000000
124105  -44.737  10.868  20.136 0.0000000000
124107  -46.589  10.763  20.178 0.0000000000
124108  -49.815  9.971  19.048 0.0000000000
124126  -45.586  11.129  19.418 0.0000000000
124167  -49.204  11.338  13.523 0.0000000000
124182  -53.269  11.338  11.712 0.0000000000
124196  -50.818  11.190  11.622 0.0000000000
124217  -53.297  11.310  10.589 0.0000000000
124250  -53.267  10.893  8.487 0.0000000000
124251  -53.380  11.300  8.482 0.0000000000
124268  -53.248  11.128  8.170 0.0000000000
124281  -50.637  10.335  6.251 0.0000000000
124283  -52.282  10.873  7.248 0.0000000000
124315  -49.411  10.757  4.708 0.0000000000
125046  -52.048  11.365  22.169 0.0000000000
125047  -52.428  11.259  21.757 0.0000000000
125052  -51.150  11.835  21.538 0.0000000000
125061  -50.807  12.153  20.904 0.0000000000
125079  -48.946  11.520  19.668 0.0000000000
125082  -52.405  11.644  19.658 0.0000000000
125083  -53.050  11.947  19.586 0.0000000000
125084  -53.093  12.192  19.496 0.0000000000
125111  -52.955  11.925  19.042 0.0000000000
125112  -53.095  12.033  19.320 0.0000000000
125123  -45.090  11.578  18.001 0.0000000000
125137  -52.286  12.525  16.797 0.0000000000
125143  -49.026  11.404  14.788 0.0000000000
125152  -48.818  11.250  14.467 0.0000000000
125180  -47.034  11.317  12.046 0.0000000000
125181  -47.866  11.480  12.340 0.0000000000
125202  -50.325  11.354  12.121 0.0000000000
125218  -53.290  11.349  10.228 0.0000000000
125230  -53.199  11.196  9.879 0.0000000000
125241  -50.959  12.968  7.216 0.0000000000
125242  -51.371  13.536  6.823 0.0000000000
125243  -53.409  11.798  8.760 0.0000000000
125257  -50.552  12.956  6.944 0.0000000000
126071  -52.078  11.937  21.022 0.0000000000
126075  -50.268  12.150  20.261 0.0000000000
126079  -52.860  12.395  20.000 0.0000000000
126089  -52.935  12.386  19.457 0.0000000000
126105  -50.984  13.019  18.538 0.0000000000
126108  -53.049  12.201  19.097 0.0000000000
126130  -52.388  12.508  17.820 0.0000000000
126159  -47.803  13.116  15.261 0.0000000000
126168  -47.932  13.014  14.518 0.0000000000
126169  -48.359  13.103  14.304 0.0000000000
126170  -50.085  13.083  14.280 0.0000000000
126179  -47.475  12.751  13.953 0.0000000000
126180  -48.139  12.883  13.941 0.0000000000
126181  -48.513  13.132  14.048 0.0000000000
126182  -50.325  13.189  14.162 0.0000000000
126183  -50.556  13.312  14.302 0.0000000000
126197  -48.776  13.003  11.918 0.0000000000
126198  -49.286  12.912  12.230 0.0000000000
126202  -53.283  12.253  11.710 0.0000000000
126217  -49.733  12.721  11.802 0.0000000000
126221  -53.300  12.245  10.966 0.0000000000
126234  -50.564  12.857  10.713 0.0000000000
126249  -50.211  12.824  9.963 0.0000000000
126251  -51.739  12.512  9.656 0.0000000000
126267  -50.563  13.369  7.188 0.0000000000
126268  -50.953  13.531  7.238 0.0000000000
126269  -51.864  12.694  9.193 0.0000000000
126270  -51.999  12.861  8.922 0.0000000000
126287  -50.552  13.681  6.684 0.0000000000
127051  -52.567  13.034  18.587 0.0000000000
127056  -51.718  13.364  18.338 0.0000000000
127057  -52.351  13.404  18.144 0.0000000000
127071  -52.334  13.341  17.470 0.0000000000
127072  -52.541  13.117  17.378 0.0000000000
127089  -52.017  13.416  16.774 0.0000000000
127102  -48.414  13.256  14.893 0.0000000000
127104  -50.085  13.193  15.384 0.0000000000
127115  -45.731  12.940  14.342 0.0000000000
127120  -50.777  13.384  14.677 0.0000000000
127122  -52.237  13.126  15.385 0.0000000000
127125  -43.641  14.182  13.902 0.0000000000
127132  -50.781  13.357  13.985 0.0000000000
127164  -49.396  12.957  11.295 0.0000000000
127179  -48.704  13.459  10.754 0.0000000000
127181  -49.970  12.905  11.112 0.0000000000
127208  -51.216  14.075  7.099 0.0000000000
127209  -51.579  12.842  9.327 0.0000000000
127210  -51.697  13.018  9.121 0.0000000000
128018  -42.599  15.036  13.966 0.0000000000
128019  -43.039  14.627  13.866 0.0000000000
128020  -44.064  14.641  13.470 0.0000000000
128029  -45.956  14.496  12.361 0.0000000000
128042  -46.397  14.883  11.986 0.0000000000
128044  -47.720  14.290  11.195 0.0000000000
128061  -49.479  14.180  9.941 0.0000000000
128062  -49.980  14.830  9.854 0.0000000000
128073  -50.000  13.754  9.704 0.0000000000
128077  -53.012  14.198  8.764 0.0000000000
128088  -47.843  15.230  8.299 0.0000000000
128092  -53.246  14.557  8.344 0.0000000000
128104  -49.413  14.489  7.458 0.0000000000
128105  -50.404  14.490  7.565 0.0000000000
128106  -52.982  14.683  7.651 0.0000000000
128851  -42.516  15.617  14.156 0.0000000000
128852  -42.951  16.095  13.975 0.0000000000
128859  -44.306  15.504  13.319 0.0000000000
128866  -44.832  15.272  13.021 0.0000000000
128888  -48.962  14.858  10.484 0.0000000000
128890  -50.462  15.384  9.950 0.0000000000
128891  -51.320  15.734  9.989 0.0000000000
128908  -51.721  15.243  9.316 0.0000000000
128922  -47.576  15.374  8.502 0.0000000000
128925  -50.264  15.412  8.370 0.0000000000
128926  -50.863  15.526  8.086 0.0000000000
128927  -53.038  15.263  8.572 0.0000000000
129519  -48.675  17.190  23.582 0.0000000000
129538  -45.614  16.508  21.844 0.0000000000
129540  -48.074  16.692  22.622 0.0000000000
129541  -48.614  16.876  23.192 0.0000000000
129561  -47.226  16.863  21.776 0.0000000000
129570  -40.381  16.567  19.483 0.0000000000
129581  -40.206  16.801  18.341 0.0000000000
129588  -40.715  16.984  17.847 0.0000000000
129593  -41.138  16.817  15.738 0.0000000000
129597  -40.535  15.915  15.558 0.0000000000
129599  -42.064  16.798  14.914 0.0000000000
129605  -45.352  16.859  13.682 0.0000000000
129609  -44.525  16.195  13.481 0.0000000000
129612  -47.382  16.874  12.684 0.0000000000
129616  -46.523  16.065  12.544 0.0000000000
129651  -52.504  16.192  9.013 0.0000000000
129652  -53.137  15.875  8.671 0.0000000000
129666  -49.898  15.983  8.706 0.0000000000
129667  -50.580  16.310  8.527 0.0000000000
129682  -51.944  15.898  7.628 0.0000000000
129683  -52.464  16.284  7.824 0.0000000000
129684  -52.754  16.452  7.997 0.0000000000
130222  -48.884  17.831  23.300 0.0000000000
130223  -49.306  18.084  22.601 0.0000000000
130234  -46.069  16.824  21.463 0.0000000000
130235  -46.300  16.707  21.689 0.0000000000
130236  -48.473  17.258  22.089 0.0000000000
130251  -46.687  17.086  21.342 0.0000000000
130253  -48.852  17.665  21.423 0.0000000000
130254  -49.270  17.859  21.830 0.0000000000
130264  -42.668  17.211  18.999 0.0000000000
130267  -45.072  16.987  20.210 0.0000000000
130269  -47.470  17.490  20.638 0.0000000000
130270  -48.230  17.544  20.947 0.0000000000
130278  -43.452  17.685  18.514 0.0000000000
130281  -45.550  17.589  19.744 0.0000000000
130285  -40.873  17.106  16.819 0.0000000000
130286  -41.289  17.282  17.347 0.0000000000
130294  -43.098  17.857  16.788 0.0000000000
130297  -48.078  18.493  15.717 0.0000000000
130299  -41.461  16.909  15.601 0.0000000000
130304  -47.138  17.880  15.211 0.0000000000
130317  -45.664  16.882  13.648 0.0000000000
130320  -48.898  17.587  13.421 0.0000000000
130332  -50.733  17.712  12.250 0.0000000000
130342  -50.863  17.449  11.685 0.0000000000
130343  -51.016  17.626  11.396 0.0000000000
130355  -52.011  16.886  9.966 0.0000000000
130362  -50.601  17.320  9.149 0.0000000000
130363  -51.899  17.492  9.248 0.0000000000
130365  -52.904  16.975  8.902 0.0000000000
130371  -51.652  17.165  8.756 0.0000000000
130372  -51.911  17.041  8.732 0.0000000000
130373  -52.634  16.569  8.706 0.0000000000
130386  -52.000  16.614  7.908 0.0000000000
130387  -52.064  16.719  8.200 0.0000000000
130975  -49.121  18.298  22.597 0.0000000000
130998  -48.810  18.644  21.941 0.0000000000
131044  -46.440  17.842  19.676 0.0000000000
131056  -43.742  17.980  18.334 0.0000000000
131058  -44.874  18.055  18.638 0.0000000000
131067  -43.733  18.200  18.051 0.0000000000
131073  -50.010  19.382  17.285 0.0000000000
131080  -44.924  18.349  16.987 0.0000000000
131094  -49.454  18.611  15.540 0.0000000000
131095  -50.234  18.847  15.578 0.0000000000
131104  -48.381  18.287  14.961 0.0000000000
131106  -50.006  18.557  14.513 0.0000000000
131116  -50.167  18.415  13.848 0.0000000000
131117  -50.471  18.716  13.511 0.0000000000
131128  -51.043  18.042  12.107 0.0000000000
131140  -51.053  18.086  11.764 0.0000000000
131163  -52.319  18.037  9.050 0.0000000000
131164  -52.758  18.056  9.146 0.0000000000
131165  -53.122  17.659  9.184 0.0000000000
131176  -52.424  17.802  8.890 0.0000000000
131177  -52.940  17.608  8.782 0.0000000000
131878  -50.154  19.824  15.032 0.0000000000
131889  -49.713  19.608  13.897 0.0000000000
131903  -50.625  19.240  12.752 0.0000000000
131917  -50.473  18.810  12.059 0.0000000000
132580  -49.884  20.130  15.801 0.0000000000
132590  -49.834  20.094  15.328 0.0000000000
143014  -51.818  14.409  6.766 0.0000000000
143015  -51.680  14.445  6.985 0.0000000000
143017  -50.499  14.291  5.927 0.0000000000
143018  -52.099  13.834  6.036 0.0000000000
143020  -52.574  12.916  6.979 0.0000000000
143022  -51.605  14.270  6.735 0.0000000000
143023  -51.929  14.142  6.033 0.0000000000
143025  -51.890  14.322  6.426 0.0000000000
